"LR - Additive","LR - Dominant","LR - Full","LR - D-Additive","LR - D-Dominant","LR - D-Full","DF - Additive","DF - Dominant","DF - Full","DF - D-Additive","DF - D-Dominant","DF - D-Full","P-Val - Additive","P-Val - Dominant","P-Val - Full","P-Val - Main","P-Val - Add-D","P-Val - Dom-D","P-Val - Full-D","P-Val - Diet"
6.627266560101,25.7550442541546,35.9482496281497,45.2736615969271,59.6241793533373,65.4499980996474,8,30,52,60,82,102,0.985534707677714,1.76578094557839,0.252679329405264,1.45391085174268,1.77358551549798,0.813620215243761,0.0326651647026244,0.745854098643354
6.62723694799281,25.754852808354,35.9496464244901,45.2751336583013,59.6257351360874,65.4516326259835,8,30,52,60,82,102,0.98552671937266,1.76574443434244,0.252833479124925,1.4541226943866,1.77360889533942,0.813634366807923,0.0326674821180382,0.745881071078426
6.62720034575171,25.7547220630998,35.9497963044881,45.2750781223702,59.6258753761872,65.451775823933,8,30,52,60,82,102,0.98551684539979,1.76572319488911,0.25286072092076,1.454145426456,1.77354508642226,0.813667459555724,0.0326675691694178,0.745880312938179
6.62717419190712,25.7544239364798,35.9512468449117,45.2768324063225,59.6275782898528,65.4534986780265,8,30,52,60,82,102,0.985509790046188,1.76566183602488,0.253030508599155,1.45436543555651,1.77363943928462,0.813658776191904,0.0326681560329064,0.745911209750832
6.62715200351422,25.7543000617196,35.9518224116838,45.2773379474189,59.6282310732555,65.4542030035749,8,30,52,60,82,102,0.985503804437539,1.76563889508641,0.253098438202611,1.45445273795257,1.77361768688219,0.813683665361712,0.0326696729946157,0.745925818989599
6.62712465012236,25.7540121495542,35.9528111610022,45.2784819887079,59.6294158652948,65.4553938869567,8,30,52,60,82,102,0.985496425516488,1.76558011221153,0.253222452303792,1.4546027174207,1.77366592602777,0.813690553738921,0.032669852275017,0.74594875382482
6.62708086122817,25.7538076926248,35.9539037384648,45.2795257351467,59.6305964033486,65.4565912085551,8,30,52,60,82,102,0.985484612943254,1.76554386532275,0.253348478530015,1.45476845386684,1.77365075736519,0.813713676735028,0.0326703462517808,0.74596063859578
6.62703329175348,25.7535722350082,35.9550550380193,45.2807465771237,59.6318881605493,65.4579145870173,8,30,52,60,82,102,0.985471780556901,1.76550147785982,0.253483259578206,1.4549431067932,1.77367235973726,0.813725664217543,0.032671276949102,0.745980163694239
6.62701199983316,25.7533303431163,35.9560679753292,45.2817882228005,59.6330228540381,65.4590795418659,8,30,52,60,82,102,0.985466036843,1.76545171105574,0.253605251222778,1.45509677749341,1.77368127760244,0.813741393095338,0.0326721676378051,0.745997412719139
6.62696948761459,25.7531017574208,35.9571327628761,45.2829092687264,59.6342745277786,65.4603713604416,8,30,52,60,82,102,0.985454568762995,1.76540973370385,0.253731022718773,1.455258321778,1.77369875353304,0.81376347473981,0.0326733492543096,0.746023173689741
6.6269392149678,25.7529349124254,35.9582341767131,45.2840698122365,59.6354950267754,65.4616148524661,8,30,52,60,82,102,0.985446402447191,1.7653789237974,0.253854384233962,1.45542543089701,1.7737171214328,0.813773609844623,0.0326740260404097,0.746039295373708
6.62691354466482,25.7526118705131,35.9595428800335,45.2855447669633,59.6369815588659,65.4631204915921,8,30,52,60,82,102,0.985439477668878,1.76531183915344,0.254013148418974,1.45562400114309,1.77376876558584,0.813775566932515,0.0326745884518876,0.746061642062545
6.62686394670914,25.7524460172349,35.9599437060894,45.2857467395701,59.6374173318279,65.4635924185743,8,30,52,60,82,102,0.98542609824388,1.76528561311689,0.25406829706536,1.45568482101131,1.77370699400752,0.813815089977737,0.0326756526557126,0.746069710103746
6.62681891214517,25.7521670829023,35.9615253128894,45.2875014239813,59.6392461754167,65.4654633677575,8,30,52,60,82,102,0.985413949870877,1.76523284806214,0.254249407782013,1.45592481880814,1.77376075858729,0.813827626465784,0.032676892075509,0.746102543117768
6.62679557599465,25.7518635525943,35.9630917655153,45.2892991011818,59.6410863214561,65.4673521048996,8,30,52,60,82,102,0.985407654805036,1.76516964022149,0.254431506760321,1.45616253375257,1.77383258639258,0.813834805789763,0.0326783224423888,0.746139115063363
6.62675630032069,25.7516997155765,35.9637394718158,45.2897557427256,59.6417558853426,65.468025051937,8,30,52,60,82,102,0.985397059982135,1.76514154118388,0.254510556441739,1.45626083041764,1.7737732338244,0.813870800540576,0.0326784220331317,0.74614197934879
6.62669841929075,25.751349073383,35.9655663503778,45.2917432305843,59.6438134408375,65.4701641589485,8,30,52,60,82,102,0.985381446321056,1.76507549955265,0.254722725877457,1.45653809494004,1.77382312564661,0.813882645693938,0.0326808227499886,0.746177411066999
6.6266710388863,25.7510987920345,35.9670463940219,45.2933900161315,59.6456321283375,65.4720080731514,8,30,52,60,82,102,0.98537406036041,1.76502521767372,0.254891389270216,1.45676273704622,1.77387492282067,0.813911706559947,0.0326815653989759,0.746218704180529
6.62663722656572,25.7508198325723,35.9685594022447,45.2950027456374,59.64743837436,65.4738718902985,8,30,52,60,82,102,0.985364939388313,1.76496991805659,0.255066123847886,1.45699239786167,1.77390590067323,0.813944421987864,0.0326832602784756,0.746258516084043
6.62660740690267,25.7504979358592,35.970312734582,45.2970036926453,59.6495591200926,65.4760312157577,8,30,52,60,82,102,0.98535689546613,1.76490403286868,0.25526855875391,1.45725855705555,1.77398282126373,0.813964675139524,0.0326843960894129,0.746304591924575
6.62656370261251,25.7502836633311,35.9713250067361,45.2979089082563,59.6507315221215,65.4772243494009,8,30,52,60,82,102,0.985345106166093,1.76486555736905,0.255388246144315,1.45741223137043,1.77394956445436,0.814009846380874,0.0326850064520043,0.746325118202984
6.62653365773088,25.7500508936555,35.9731334710361,45.3000141207736,59.6529741278409,65.4795048308217,8,30,52,60,82,102,0.985337001534755,1.76481982859662,0.255587497789274,1.45768679387704,1.77404174876366,0.814033074842578,0.0326861215762767,0.746378689536591
6.62649251292293,25.7497753783346,35.9744021045477,45.3013530539654,59.6544937655812,65.4810450198172,8,30,52,60,82,102,0.985325902718411,1.76476696196624,0.255738282159783,1.45787941204301,1.77406358738315,0.814063626180219,0.0326867266505742,0.746409510438853
6.62645011401176,25.7495036828198,35.9761879545126,45.3032768834725,59.656557531388,65.4831722623083,8,30,52,60,82,102,0.985314465642869,1.76471524035788,0.255939272555037,1.45815057826095,1.77410645093969,0.814087285242095,0.0326885955923082,0.746448258566789
6.62642364297403,25.7492353959852,35.9773935148215,45.304591106337,59.6580730504231,65.4847126564005,8,30,52,60,82,102,0.985307325117796,1.76466069538386,0.256083296210759,1.458333644598,1.77414020728316,0.814121318930611,0.0326893280075392,0.746486263235998
6.62639304058318,25.7489732446394,35.9788726052619,45.3062020833582,59.6598440063547,65.4865076424082,8,30,52,60,82,102,0.985299070183449,1.76460846676435,0.256253505008091,1.45855826036936,1.77418117842064,0.814148367418294,0.0326900355539429,0.746522119230744
6.62634954192106,25.7487268676445,35.9804231056947,45.3078967088013,59.6617165867905,65.4884103570939,8,30,52,60,82,102,0.98528733653756,1.76456270556513,0.256429215246237,1.4587937364005,1.77422595170749,0.814178455655327,0.0326909228475871,0.746562098606494
6.62632031949777,25.7484708064789,35.9818294417922,45.3094170987304,59.6634275690544,65.490155035067,8,30,52,60,82,102,0.985279453889466,1.76451154032556,0.256591832112013,1.45900733211324,1.77426138337383,0.814210681096898,0.0326919150266899,0.746600504337623
6.62628250255645,25.7482300149762,35.9833436099183,45.3110680696272,59.6652428218314,65.491992792677,8,30,52,60,82,102,0.985269252924968,1.76446575825363,0.256763562895354,1.45923732041355,1.77430388236328,0.814238458378296,0.0326925776988772,0.746637236409187
6.62624743307225,25.7479688897425,35.9844551216519,45.3121794745913,59.666592136852,65.4933956514312,8,30,52,60,82,102,0.985259793101197,1.76441477055074,0.256897924185709,1.45940615875561,1.77430384919433,0.814278685631937,0.0326941543721681,0.746670309255921
6.62619146118341,25.7476798568098,35.9862532065352,45.3141512846405,59.66865990163,65.4954760398225,8,30,52,60,82,102,0.985244695005617,1.76436220328872,0.257102294320102,1.45967930506804,1.77435781876139,0.81429491046363,0.0326945261003981,0.746702356196643
6.62612744439134,25.7474212790948,35.9878423932888,45.3156554449459,59.6703133554141,65.4971648095674,8,30,52,60,82,102,0.985227426920106,1.7643183201828,0.257283299024173,1.45992073595287,1.77433140434934,0.814320154525427,0.0326955660666851,0.746713660964906
6.62607119203757,25.747119835322,35.9898359599653,45.3177249474321,59.6725017581126,65.4993823215986,8,30,52,60,82,102,0.985212253305348,1.7642630179118,0.257508209528913,1.4602236247965,1.77435499464944,0.814340259616027,0.0326964232802833,0.746739083789561
6.62598789854146,25.7467554234402,35.9925614202661,45.3207308440314,59.6755194157057,65.5024432294673,8,30,52,60,82,102,0.985189785678238,1.76419961311542,0.257811181035451,1.46063775601134,1.7744421158643,0.814342248318739,0.0326976969455413,0.746777165413891
6.62590773731081,25.7463777908271,35.9941754137391,45.3222326119297,59.6771866495902,65.5041072180763,8,30,52,60,82,102,0.985168163080421,1.76413252080678,0.258006566309138,1.46088302452502,1.77440725140904,0.814370227685771,0.0326976013751584,0.746782841184337
6.62582320341478,25.7460405430634,35.996377666843,45.3244638576053,59.6795100248646,65.5064445271008,8,30,52,60,82,102,0.985145361143584,1.76407552386391,0.258255813855878,1.46121771558697,1.77441625834589,0.814385806454933,0.0326980117126357,0.746798173709894
6.62575312457201,25.745668137576,35.9980120938679,45.3259910563983,59.6812370305353,65.5081847942776,8,30,52,60,82,102,0.985126458380352,1.76400733808434,0.258452871241298,1.46146613153204,1.77438294648489,0.814419593471635,0.0326984022563297,0.746810189558047
6.62568709367704,25.7453117369773,36.0000411631544,45.3281317070879,59.6834578939098,65.5104073147176,8,30,52,60,82,102,0.985108647582542,1.7639418498563,0.258687211948746,1.46177455412425,1.77441761071858,0.814433157468914,0.032698451056173,0.746832151976104
6.62560318080556,25.744991251729,36.0020478215095,45.3300843620947,59.6855632511307,65.5125554725124,8,30,52,60,82,102,0.985086013527509,1.76388849534729,0.258915931396866,1.46207959757368,1.77440083384876,0.814458979733291,0.0326997115312679,0.746848216541598
6.62551843339123,25.744605513157,36.0043501310028,45.3325147802149,59.6880481617578,65.5150465499678,8,30,52,60,82,102,0.985063154511283,1.76382061315018,0.259180255127764,1.46242961813754,1.77444063257916,0.814468194612483,0.0326998931468219,0.746869647811538
6.62544866120454,25.7442971984428,36.0060278215861,45.3340713849747,59.6897722437496,65.5167743659478,8,30,52,60,82,102,0.985044334887609,1.76376681553674,0.259375636749866,1.46268470032416,1.77440301557563,0.814496515885821,0.0327000031145994,0.746875338716282
6.62536965970532,25.7439639619925,36.0080094208577,45.3360759919702,59.6918924489167,65.5189052265752,8,30,52,60,82,102,0.9850230259623,1.76370947946716,0.25960346693278,1.46298601439016,1.77441016323371,0.81451606437735,0.0327003169244939,0.746892284985797
6.62529524505906,25.7435943980405,36.0100167201692,45.3380782585024,59.6940220302547,65.5210509314124,8,30,52,60,82,102,0.985002954353928,1.76364291700495,0.259837512278094,1.4632912633478,1.77440859973279,0.814537594461733,0.0327007917754088,0.746907998916054
6.6252242723556,25.7432591441793,36.0121501050441,45.3403710317043,59.6963901471162,65.5234313093131,8,30,52,60,82,102,0.984983811231835,1.76358331667416,0.260080712890247,1.46361571590773,1.77445811601231,0.814550335866553,0.0327011528766902,0.7469360417779
6.62513536472627,25.742917724675,36.0140216587169,45.3421567681727,59.6983487654099,65.5254053798974,8,30,52,60,82,102,0.98495983075105,1.76352637115915,0.260298828788653,1.46390037358631,1.77443145562546,0.814579572312408,0.0327016079677512,0.746947681398484
6.62506368207827,25.7425669859064,36.0159149823646,45.3440305786543,59.7003181578874,65.5273716946997,8,30,52,60,82,102,0.984940496367955,1.76346344019532,0.260520107816689,1.46418836648467,1.77442539358294,0.814595736591586,0.0327015173256721,0.746955968762011
6.62498186808946,25.7422032671136,36.0179306805975,45.3460688462463,59.7024989016509,65.5295566439751,8,30,52,60,82,102,0.984918429465058,1.76339986756952,0.260754842452843,1.46449500035213,1.77443240507568,0.814619831591482,0.0327016411842506,0.746975185578223
6.62490478597336,25.7419089003415,36.0195131841296,45.3475377555063,59.7041117854179,65.5311745570738,8,30,52,60,82,102,0.984897638966862,1.76335086801381,0.26094007874392,1.46473575461071,1.77439711545693,0.814644180283622,0.0327017893059674,0.746979206022184
6.62483802035085,25.7414901079699,36.0220429482435,45.3503327783938,59.7069310011997,65.5339962935473,8,30,52,60,82,102,0.984879631116949,1.76327148391602,0.261231224935945,1.4651206555318,1.77447952196419,0.814648271769012,0.0327018635444709,0.747012357313619
6.62475147824051,25.741129414459,36.0241375976441,45.3523153614104,59.7091039894959,65.5362012605041,8,30,52,60,82,102,0.984856289336419,1.763209661986,0.261473801407941,1.4654393869136,1.77444470680882,0.814680473273981,0.0327028053783757,0.747024883240361
6.62466197229259,25.7408117234553,36.0261923336518,45.354276551728,59.711270013834,65.5383574149796,8,30,52,60,82,102,0.98483214831887,1.76315820614636,0.261708299368299,1.46575207367296,1.77441564550382,0.814715115568462,0.0327025146897115,0.747036398817621
6.62456190530638,25.7404208604,36.0284728259271,45.3566936577818,59.7137363614842,65.5408379731278,8,30,52,60,82,102,0.984805159029256,1.76309263221376,0.261972477464798,1.46609914906632,1.7744580865595,0.814723443582075,0.032702933219973,0.747059115587043
6.62442209812615,25.7397292756261,36.0300110791906,45.3581983717246,59.7155417005473,65.5428271474349,8,30,52,60,82,102,0.984767451657628,1.76296820968878,0.262193100617061,1.4663332805634,1.77444766706226,0.814774287744695,0.0327083478984948,0.74711031731475
6.62421405683634,25.738290792137,36.0312243137667,45.3593461194625,59.717558356885,65.5455929661866,8,30,52,60,82,102,0.984711341596667,1.76269076285352,0.262455593028578,1.46651795350689,1.77442732262272,0.814921252011739,0.0327304200121395,0.747286625205916
6.62400883440322,25.7368793025485,36.0323509439588,45.3603775434667,59.7194580410847,65.5483302308379,8,30,52,60,82,102,0.984655992644509,1.76241878117672,0.262706970518765,1.46668945282893,1.77439774552244,0.81506811757133,0.0327551091191999,0.747469546750957
6.62382711769682,25.7353679330713,36.0337759133806,45.3618434181271,59.7217416577184,65.551529196564,8,30,52,60,82,102,0.984606983940511,1.76211899537744,0.262997946736198,1.46690637859139,1.77441045327975,0.815206448030468,0.0327821050639644,0.747671046933499
6.62366262331465,25.7338921949028,36.0347841107789,45.36278791368,59.7236272049969,65.5544432093855,8,30,52,60,82,102,0.984562620637306,1.76182337664063,0.263244225056569,1.46705986664649,1.77439066346115,0.815365649778751,0.0328124551358718,0.747887549576314
6.6235288506903,25.7323815078726,36.0359217195544,45.3638893475666,59.7256612190006,65.5576246838237,8,30,52,60,82,102,0.98452654323454,1.76151297020399,0.263506933652421,1.46723306453728,1.77437942527539,0.815523431044183,0.032846339288099,0.748119769086227
6.62342734850395,25.7308583184886,36.0368393902044,45.3647503253498,59.7274800064412,65.5607322291018,8,30,52,60,82,102,0.984499169147841,1.76119248936626,0.263749187453676,1.4673727838011,1.77436181295116,0.815685493996688,0.0328844242544983,0.748368617105074
6.6233666653621,25.7292411373772,36.0376131065009,45.3654884286508,59.7292381126816,65.5639426414611,8,30,52,60,82,102,0.984482803632093,1.76084164124523,0.263986596546207,1.46749058981711,1.77435074936255,0.815858094808768,0.0329273782994196,0.748645560633791
6.62334218156493,25.7275311666059,36.038566733185,45.366408397404,59.7312197378586,65.5676227252117,8,30,52,60,82,102,0.98447620066635,1.7604617439999,0.264251216853037,1.46763579454002,1.77434029315076,0.81603776010962,0.0329776610040723,0.748955496698936
6.62337832589862,25.7257599094062,36.0389191670884,45.3667332432983,59.7326272747665,65.5709347273837,8,30,52,60,82,102,0.984485948333284,1.76005439822078,0.264462299454639,1.46768945972065,1.77433172263754,0.816221001980033,0.0330341045328511,0.749292003498805
6.62348099613299,25.7239129706736,36.0394082317962,45.3671692473834,59.7342743607476,65.5748396405678,8,30,52,60,82,102,0.984513637331277,1.75961503724767,0.264694587489995,1.46776393108951,1.77431523880624,0.816425993756743,0.0331011057924693,0.749680482219369
6.62367447288388,25.7217667231082,36.0398500723059,45.3675891641734,59.736025737608,65.5793206978941,8,30,52,60,82,102,0.984565816388191,1.75908780844481,0.264952068133915,1.46783121287388,1.77430842798536,0.816651385728866,0.0331822325217873,0.750139983135796
6.62398567925966,25.7194680889497,36.0398214965341,45.3675361045751,59.7373677361048,65.5839115933221,8,30,52,60,82,102,0.984649747702872,1.7584997739678,0.265178017833535,1.46782686142472,1.77430082184841,0.816887571307101,0.0332789663368519,0.750665663149759
6.62445831508294,25.7167933077789,36.0396136288162,45.3673068019816,59.7387456052619,65.5893381992158,8,30,52,60,82,102,0.984777219689713,1.75779070248579,0.265423676744281,1.46779520799896,1.77429416290318,0.817159703097402,0.033399782582149,0.751307091635955
6.62514189090039,25.7135492195221,36.0389099412895,45.3665886177364,59.7398784439246,65.5955507274429,8,30,52,60,82,102,0.9849615910085,1.75690598459876,0.265676779114298,1.46768805489573,1.77428965936453,0.817473171060191,0.0335517835252556,0.752094801179814
6.62578480990873,25.7044337247318,36.0335411959249,45.3612462098107,59.7341861359418,65.5966904111498,8,30,52,60,82,102,0.985135005033592,1.75470851249466,0.266050303420203,1.46687064617101,1.77429784133344,0.817413912196255,0.0337569581565624,0.752836436483087
6.62525129141217,25.6610254140037,36.0016363680974,45.3292990562243,59.6872814006833,65.5588823471597,8,30,52,60,82,102,0.984991098938711,1.74506446786616,0.267198848850539,1.4620170480032,1.77428469244897,0.814882367624374,0.0340314625421943,0.752163747772029
6.62611371985815,25.5933403449456,35.9516280859733,45.2789759286419,59.6154706867915,65.4985165605298,8,30,52,60,82,102,0.985223724833128,1.72968247638635,0.268968840916501,1.45442326223347,1.77418688347037,0.811251323597886,0.0343789720968987,0.750984196872968
6.62964920262051,25.4799277984022,35.86368242723,45.1893955617423,59.4918462414982,65.3902115440026,8,30,52,60,82,102,0.986177518037347,1.70354449637584,0.271529682133735,1.44110975796041,1.77367906805723,0.805512212496822,0.0348478742870081,0.748668246402853
6.64018030297956,25.2603386291202,35.669855544271,44.9887399070474,59.2271583552656,65.1532422831955,8,30,52,60,82,102,0.989020044135388,1.65250375616358,0.274133209408159,1.41195339712158,1.77155806986925,0.794763640787113,0.0357072488063232,0.743772256754199
6.6835013804058,24.8434615325112,34.9873119305479,44.2502763030665,58.3933184970638,63.0839734204736,8,30,52,60,82,101,1.0007362582016,1.55202458905171,0.247914056514191,1.31134267837092,1.75420969800438,0.778865381369777,0.0147550557269684,0.650745977182478
6.60861575217474,22.222772119603,31.4545831636025,37.884709037168,48.0644074515677,51.7348021544125,8,29,48,55,74,91,0.980506839450481,1.15526639983955,0.308303391849942,1.13697287930436,1.12155044033276,0.428000013933585,0.0093541552099737,0.238330969875554
6.60077176370117,22.2074525751614,31.4338699212136,37.8653673754759,48.0467086244728,51.7153625707152,8,29,48,55,74,91,0.978394340863636,1.15378886306707,0.307677131515131,1.13405920782039,1.1219512874675,0.428223668623212,0.00933007892091205,0.238414909265767
6.59247408962602,22.1936126812071,31.4146018639817,37.8474448604679,48.0304952219195,51.6971799949425,8,29,48,55,74,91,0.976161000305866,1.15269390250384,0.307047511885623,1.13135182662466,1.12234455775847,0.428456404213743,0.00930289773219684,0.238486460712995
6.58370242815787,22.1768639434101,31.3935067749782,37.828046156889,48.012799418813,51.6774676107367,8,29,48,55,74,91,0.973801587953155,1.15111857353511,0.306543837837447,1.12839104561919,1.12284041774284,0.428688352577781,0.00927512184706037,0.23857762244783
6.57443328819465,22.1603042701873,31.2719331126525,37.7077007830505,47.886880348941,51.5336505767483,8,29,47,54,73,90,0.971310045422083,1.14967952597265,0.355523320071388,1.1932931726682,1.12319948354597,0.427929389484398,0.00903123535372932,0.237113602235791
6.56476309739838,22.1442131383466,31.2483299543854,37.68526609055,47.865924741889,51.5109744019615,8,29,47,54,73,90,0.968712546859691,1.14841267878272,0.354561928965182,1.18987136080124,1.12354108657621,0.428130733494518,0.00900803857741812,0.237174508848152
6.55459458574667,22.1229948654825,31.2196585104672,37.6581803014946,47.8403310534035,51.4837486312975,8,29,47,54,73,90,0.965983233163075,1.14623378701739,0.353609305689752,1.18572061042777,1.12400469488111,0.428333894001771,0.00898607488430828,0.237269513874412
6.5437280777112,22.1016610036703,31.1903565188619,37.6305346422053,47.8141688239659,51.455834738488,8,29,47,54,73,90,0.963068886374495,1.14417116237233,0.352592225281301,1.18148518475462,1.12448901592946,0.428535918508524,0.00896254534207841,0.237360756358731
6.53204211056658,20.8884096309897,30.5463225824352,37.230091585725,47.4332183038394,51.1631409374226,8,28,46,53,72,89,0.959937440387123,1.02885549040039,0.42873114888834,1.17196942903086,1.19624326509288,0.431194683909179,0.0102049348890054,0.261119281078958
6.51951063319852,20.9473704953103,30.5827877079339,37.2487702217249,47.4550460754801,51.1767550938684,8,28,46,53,72,89,0.956582515853474,1.04268307660576,0.425590296712317,1.17726964660176,1.19096914451651,0.431624942474359,0.0100843399905044,0.259533784304568
6.50604412108349,21.0189677499875,30.6252180476164,37.2700578872191,47.4791295619178,51.1908862973898,8,28,46,53,72,89,0.952980838831533,1.0592262449306,0.421533898525062,1.18345014997144,1.18470684508204,0.432007096039807,0.00993960306515713,0.257578036400491
6.49159985311491,21.105062249276,30.6733336860322,37.2927285196624,47.5036070715868,51.2031563111452,8,28,46,53,72,89,0.949121786187752,1.07890498596469,0.416278933881391,1.19047598705543,1.17718037640694,0.432254157229742,0.00976412978087277,0.25511308673723
6.4761066304786,21.2060342229614,30.7234346218995,37.3127091796114,47.524249654865,51.208652445017,8,28,46,53,72,89,0.944987252920776,1.10187002562241,0.40928809979568,1.19781110410098,1.16828540981039,0.432344680984757,0.00954954606526769,0.252065054170495
6.45943318352061,21.325032563726,30.7733851267202,37.3270748269043,47.5373561996664,51.2028140931594,8,28,46,53,72,89,0.940543296191102,1.12884837315504,0.399887674028839,1.20514384499378,1.15779695925144,0.432172495375488,0.00928599180876052,0.248282805292397
6.44151650955119,21.4554231845823,30.8086308960378,37.3214042779738,47.5277346298751,51.1693126851935,8,28,46,53,72,89,0.935774400883856,1.15861401902694,0.387102068461461,1.21032971108445,1.14576448416324,0.431632390180115,0.00896136633995531,0.243667939347877
6.4222872008326,18.3423439466218,27.5552313378635,34.5209380978563,44.7566837511053,48.4058307787537,8,27,45,52,71,88,0.930663548190051,0.693881635826368,0.368603992459634,0.84272222148972,1.28054636681683,0.435661007775363,0.00906335096363658,0.277661914193832
6.40164045942833,18.3379186051356,27.5430913140277,34.5066640146345,44.7486254976659,48.3940258757531,8,27,45,52,71,88,0.925184563857833,0.696617205821835,0.367599460936042,0.841191999703113,1.27990341042406,0.436514533869118,0.00901276345073229,0.277686048730786
6.37949955551605,18.333050478947,27.5299259841797,34.4913177425287,44.7396658376775,48.3810717591428,8,27,45,52,71,88,0.919319020560917,0.699534997856508,0.366520537367659,0.839534024446685,1.27924640371623,0.437392319425078,0.00895905676504949,0.277701260381737
6.35570193485362,18.3278455268641,27.5157579240369,34.4749322663471,44.7298648456375,48.367021182191,8,27,45,52,71,88,0.913026116886792,0.702681410167045,0.36535672259656,0.837751496283936,1.27857848678361,0.438298158241196,0.00890217607268147,0.277709721769269
6.33021561713433,18.3222206348842,27.5005396992889,34.4574746004367,44.7191664094974,48.351794989048,8,27,45,52,71,88,0.906299991991063,0.706049001226545,0.364113033380973,0.83583883779206,1.27790401489021,0.439228942041119,0.00884186200979156,0.277709147863949
6.30289717537752,18.3161281095223,27.4841279125122,34.4387930807261,44.7074294870875,48.3352560774873,8,27,45,52,71,88,0.899105748324238,0.709655318965804,0.362777495057984,0.833778486110894,1.27722050113697,0.440186206231578,0.00877822089576973,0.277699992085975
6.27370622466971,18.3095258560555,27.4664797852611,34.4188759854944,44.6946437836156,48.3173670111005,8,27,45,52,71,88,0.891436107730674,0.713501522448388,0.361350516375527,0.831565606823209,1.27653729966751,0.441170224613153,0.00871095239553435,0.277682639649455
6.2425450153697,18.3024476180283,27.44759914156,34.3977347642405,44.6807764405983,48.2980895814933,8,27,45,52,71,88,0.883269147977387,0.717611615130091,0.359828776894915,0.829201265149261,1.27585670611096,0.442174953150026,0.00864005227434122,0.277654064486208
6.20933147773654,18.2947876535717,27.427377338323,34.3752934917964,44.665748479532,48.2773393360915,8,27,45,52,71,88,0.874587604253596,0.721983332364552,0.358212497960253,0.826672511423617,1.27518856825448,0.443200030958259,0.00856551994361137,0.277616010513025
6.17400884448208,18.2866002169824,27.4058335687875,34.3515662786571,44.6495522013641,48.2551156465909,8,27,45,52,71,88,0.865381370973462,0.726637602882841,0.356497819647251,0.823982471167455,1.27453135196137,0.444242498703764,0.0084875220652725,0.277567052787147
6.13658813295277,18.2778205064707,27.382896219716,34.3265354390771,44.6321258609539,48.2313491508226,8,27,45,52,71,88,0.85565847159031,0.73156348668532,0.354684579292657,0.821122992637914,1.27390128291602,0.445296299791866,0.00840603826185768,0.277507356684397
6.09706950611594,18.2684945002597,27.3586747914326,34.3003514400933,44.6135863327873,48.206171853381,8,27,45,52,71,88,0.845424472376454,0.736771013721965,0.35278164061725,0.818108555227315,1.27331067974268,0.446356804132368,0.00832134357862611,0.277438546095064
6.05552763802051,18.2585732342158,27.3331579011767,34.2730162594815,44.5938730630541,48.1795478927128,8,27,45,52,71,88,0.834704531167031,0.742241051863597,0.35079452291805,0.814938588160241,1.27276355020526,0.447415339984809,0.00823383120535987,0.277358863165763
6.01205848825635,18.2480570691783,27.306373953916,34.2446272908135,44.5730073445396,48.1515283722314,8,27,45,52,71,88,0.823529385014259,0.747959176374359,0.348727519139185,0.811617506400607,1.27228063785398,0.448461310056107,0.0081439513941979,0.277269946598865
5.95865023505954,18.2359818631368,27.2777008162086,34.2150809508218,44.5503423305572,48.1205841730423,8,27,45,52,71,88,0.809858730345913,0.755156741005594,0.346624633467709,0.808069323913919,1.27201792956105,0.449419020174567,0.00804083123466381,0.277106555072235
5.43707205294515,18.0925795610665,26.9653040900638,33.9383190219068,44.2744254400048,47.7760668396966,7,26,44,51,70,87,0.841023327977856,0.822297743685344,0.325564686564595,0.838509310744428,1.28274874406523,0.449536693618487,0.00722283167293837,0.274801565107099
5.43663501812357,18.0932423746593,26.9665042333665,33.9393639971494,44.2770148751684,47.7789096647533,7,26,44,51,70,87,0.840904515607514,0.822496344942329,0.325630629990263,0.838661796894999,1.28270197410646,0.449751799798037,0.00722573543220192,0.274919176093181
5.43619749936506,18.0938827673285,26.9676795279547,33.9403846646792,44.2795813699868,47.7817302838525,7,26,44,51,70,87,0.840785576137146,0.822691003526856,0.325696281949296,0.838811138500977,1.28265536759305,0.449967143984421,0.00722864847061957,0.275037005320123
5.43576230639325,18.0945142229369,26.9688748462403,33.9414257059769,44.2821578458963,47.7845610994217,7,26,44,51,70,87,0.840667273362485,0.822883646215537,0.325765495450866,0.838963037303533,1.2826088669728,0.450181087501566,0.00723156484375844,0.275154159565368
5.43532730742901,18.0951505991117,26.97005595551,33.9424583780925,44.2847419558331,47.7874058835443,7,26,44,51,70,87,0.840549027743184,0.823077160616578,0.32583236764275,0.839113143166736,1.28256412689256,0.450397308536415,0.00723455475040318,0.27527336168236
5.43489137097668,18.0957815317037,26.9712441928978,33.9434926273873,44.2873231983337,47.790251153976,7,26,44,51,70,87,0.840430531717022,0.823269879109069,0.325900790094721,0.839264167688217,1.28251771408634,0.450612957839603,0.00723758405199751,0.275392117439199
5.43445774039635,18.096396776953,26.972431479017,33.9445255228441,44.2898979534201,47.7930889619175,7,26,44,51,70,87,0.840312666872199,0.823459364821346,0.325971029051487,0.839415084079891,1.28247118032082,0.45082793892153,0.00724060309489984,0.275510435843894
5.43401857222178,18.0970328454259,26.9736125257665,33.9455498355961,44.2924698362721,47.7959360123737,7,26,44,51,70,87,0.840193301331167,0.823653630784135,0.326037951962995,0.839565220052744,1.28242394065411,0.451043763784541,0.00724376217034007,0.275629893721537
5.43358066550287,18.0976649821143,26.9748086067736,33.9465911811688,44.2950596390433,47.7988000444176,7,26,44,51,70,87,0.840074283135929,0.823846976570156,0.326107210956003,0.839717280075252,1.28237730373668,0.451259760056535,0.00724691148279478,0.275749521066719
5.43314527933399,18.0982999097739,26.9759987427419,33.9476291290133,44.2976454572543,47.8016622218333,7,26,44,51,70,87,0.839955954436984,0.824040389279722,0.32617540408484,0.83986859715634,1.28233143494313,0.451475722144055,0.00725008627569419,0.275869471745712
5.43270380875944,18.0989328549526,26.9771829736403,33.9486548905575,44.3002239263693,47.8045245463398,7,26,44,51,70,87,0.839835976645662,0.824234561399361,0.326243122315815,0.840019176185488,1.28228367340607,0.451692407009586,0.00725334825018482,0.275989886765655
5.43226244757274,18.0995732926023,26.9783866278466,33.9497118343244,44.3028299622575,47.8074163352829,7,26,44,51,70,87,0.839716033132381,0.824430086201427,0.326312313185426,0.840172237971434,1.2822394562771,0.451908635110313,0.00725663312332439,0.276111052798054
5.43180084437556,18.1001305148736,26.9793199544575,33.9504130022407,44.3050776546745,47.8099900019839,7,26,44,51,70,87,0.839590593554804,0.824614246036617,0.326358521404722,0.840290932783264,1.28216948655495,0.452124552413486,0.00726038169668844,0.276228817660344
5.49132342387657,18.1122087268956,26.9995788421391,33.9654115333134,44.3216373561386,47.8171210815717,8,27,45,52,71,88,0.693179692282433,0.816055731710443,0.327364390685067,0.774038215698231,1.28058431003379,0.452342562727783,0.0071525307506669,0.27528714268768
5.49394756289885,18.1280148585623,27.0274843253608,33.9945828881796,44.3431899581887,47.8323016773706,8,27,45,52,71,88,0.693819486801072,0.818430068941456,0.328854857301396,0.777421093786846,1.28096573266596,0.451279097566392,0.00708031495645478,0.274376134903163
5.49466870547154,18.1260585551333,27.0244074974135,33.991717174644,44.3408795048817,47.8301809456275,8,27,45,52,71,88,0.693995341079717,0.81794758547696,0.328716685963622,0.777047753982164,1.28102934649772,0.45135656467551,0.00708245733038538,0.274444523941428
5.49534176244855,18.1233635648818,27.0200816413556,33.9875134877649,44.3377209232216,47.8275067746733,8,27,45,52,71,88,0.694159481741969,0.817340814768639,0.328515635295766,0.776523003698691,1.28106615932213,0.451502389124975,0.00708792956079324,0.274562691184463
5.49598031830822,18.1206507140273,27.015823737597,33.9833694335986,44.3347502702951,47.8251099498841,8,27,45,52,71,88,0.694315219477653,0.816737220146091,0.328325218862179,0.776006662582897,1.28110046544687,0.451666140720908,0.0070944159427928,0.274695874264702
5.49655364270814,18.1179288284024,27.0116465774085,33.9792923704093,44.3320021764099,47.8230356004311,8,27,45,52,71,88,0.69445505698164,0.816143920038163,0.328145916207774,0.775500273186363,1.28113062769351,0.451851635368618,0.00710203733188126,0.27484640094954
5.49706306655705,18.1152228319881,27.0076300287592,33.9753449383449,44.3295546623904,47.8213426675038,8,27,45,52,71,88,0.694579315957421,0.815565151799791,0.327984485516971,0.775013504112709,1.28115145469912,0.452061032859712,0.00711058030648484,0.275012788829985
5.49746690249087,18.112566828705,27.0039071871977,33.9716615799227,44.3275804750153,47.8202152078761,8,27,45,52,71,88,0.69467782469601,0.815014539899315,0.327853103547902,0.774562460725348,1.28116335224752,0.452299697845146,0.00712017553232258,0.275198705660919
5.49782210176985,18.109913047566,27.0003726516546,33.9681233646502,44.3260069888241,47.8196256601828,8,27,45,52,71,88,0.694764472901756,0.814473224642814,0.327744657311238,0.774134348383752,1.28116224342485,0.452574120157262,0.00713133763068837,0.27540975360795
5.49814795834002,18.1071728719068,26.9970087736083,33.9646965530267,44.3249177378772,47.8197386964454,8,27,45,52,71,88,0.694843966079978,0.813921793418023,0.327667872171888,0.77372701212063,1.28114327951553,0.452900717438359,0.00714499424135854,0.275659041039061
5.49827053520063,18.1047585089254,26.9946471006945,33.9621651511332,44.3250844841765,47.82116507583,8,27,45,52,71,88,0.694873869601036,0.813465633087281,0.327674358602731,0.773441095683554,1.28109213503249,0.453277829977156,0.0071593228961141,0.275930784071215
5.49812525877478,18.1027409136358,26.993499243591,33.9606994373196,44.326720517321,47.8240821154475,8,27,45,52,71,88,0.694838428398317,0.813129041944083,0.327781437107833,0.773302148451396,1.28099635640647,0.453711531077266,0.00717391637973792,0.276222558334907
5.49766654255985,18.1013401807873,26.9939877006628,33.9607139022972,44.3302768498026,47.8288909642619,8,27,45,52,71,88,0.694726524989933,0.812959714440453,0.328014085040252,0.773361274343704,1.28085353304056,0.454207005616169,0.00718820647491022,0.276532866161257
5.49682395955237,18.1006853128945,26.9964653325595,33.96248981549,44.3360455033859,47.8358138217488,8,27,45,52,71,88,0.694520991984305,0.812993455111738,0.328400020253917,0.773661215816876,1.28064209760485,0.454765851761385,0.00720139346624625,0.276852349123649
5.43085132490057,18.0975702646769,26.9832424458961,33.9518896188272,44.3047955910193,47.7995576045058,7,26,44,51,70,87,0.839332579532493,0.824323102697607,0.32715549394416,0.84078985767687,1.281432382434,0.451879018794269,0.00714432424363155,0.275199217077078
5.43146580740655,18.0926483738899,26.965224468178,33.9368333524741,44.2671098490581,47.7670160307533,7,26,44,51,70,87,0.839499551167866,0.823322702219072,0.325546471165694,0.838499194718485,1.28232495437728,0.448725153739033,0.00720296977051764,0.274159766489111
5.43255237802674,18.0854417339638,26.9409795907946,33.9161044523488,44.2171954233594,47.7247171958753,7,26,44,51,70,87,0.839794823592494,0.821825056886398,0.323458908502393,0.83542153613931,1.28338474608181,0.444672644306983,0.00729044044220622,0.272870804594711
5.43439634369727,18.0748679381601,26.9073845997248,33.887066081179,44.1493102185598,47.6689409657912,7,26,44,51,70,87,0.840295979030236,0.819584601919853,0.320648741217197,0.831165782914223,1.28475850123258,0.439305041245233,0.00743112738496115,0.271291964349002
5.43757290059574,18.0591266281409,26.8590700005334,33.8454308504291,44.0538223780253,47.5943687455341,7,26,44,51,70,87,0.841159493994584,0.81617606195916,0.316693105719492,0.825063353219796,1.28677282791957,0.431914113984032,0.00767882123382644,0.269429795767464
5.44344272826483,18.0351975733106,26.7863292545575,33.7842397640355,43.9144805597077,47.494697371671,7,26,44,51,70,87,0.842755766534739,0.810818527782426,0.310810707985309,0.815915836611096,1.29025757184465,0.421292446828971,0.00816519184557227,0.267527584154268
5.45588318681533,17.9993899633914,26.6729574251538,33.6956618925664,43.7090675865401,47.3697985820884,7,26,44,51,69,86,0.846141542275069,0.802173950396995,0.301575295772901,0.801755112010028,1.29774545303991,0.479762524579545,0.00922106570016197,0.303264684403214
5.48932398029135,17.9677882298155,26.5062758134088,33.5995014551494,43.4634397077158,47.3077589436322,7,26,44,51,69,86,0.855260505028173,0.790579182643799,0.285822163391685,0.781149905937423,1.31909560307374,0.457988460655979,0.0119947151354351,0.311344842060556
5.61600887007033,19.0994272862252,26.3025768001933,33.6217128456205,44.1097750224369,48.2834504267929,7,25,43,50,68,85,0.890037469221362,1.09897996383418,0.153510098956628,0.825009046583661,1.38799955342446,0.551882439585011,0.0183876090145934,0.410656981050221
5.62574067618585,19.8287577989617,26.2630075836682,33.6688183322097,42.2795142425481,45.6897765525074,7,25,39,46,61,74,0.892723907187242,1.2507349538975,0.270103910404926,1.13934717782153,1.41463629647414,0.514558534014865,0.0404043616358503,0.522564864200922
5.63241069173026,19.2802756791465,25.5568342097856,32.9860803711138,41.5426081028273,44.9447570439351,7,24,38,45,60,73,0.894566359065025,1.26864681013823,0.250284416981466,1.12039583260614,1.42185705254975,0.505635272095234,0.0400275057400701,0.518221662451355
5.63430336781024,20.151262578309,26.6051090666471,34.0428044930578,42.5969442863363,46.0042865926681,7,25,39,46,61,74,0.895089350478996,1.31906556338467,0.272617718876216,1.19239656150364,1.42446230809904,0.505243422023963,0.0402684769231816,0.519478127363888
5.63621938705564,20.2589673973698,26.7030664765053,34.1455074282241,42.694193449344,46.0942188592085,7,25,39,46,61,74,0.895618872847905,1.34236992125176,0.271365954952413,1.20777610770368,1.42592599516248,0.504348965262512,0.0399292345580687,0.518582050658337
5.63766408624613,20.3143583774127,26.7368142047605,34.1810031863827,44.0615530177768,47.3596232216196,7,25,39,46,62,75,0.89601819208447,1.35430707589677,0.26859639755524,1.21309394991105,1.42646522999967,0.636061218272157,0.035387617714288,0.598625445727037
5.643966366816,20.3284069175826,26.7501485623049,34.189233369135,44.0466080518378,47.3496699632913,7,25,39,46,62,75,0.897760700629365,1.35602409305225,0.268505240195323,1.21519785764067,1.42489080869386,0.632003594095303,0.0356019696896688,0.595874273327839
5.65494518204415,20.3422650057373,26.7649060094812,34.1986829605332,44.0479109936431,47.3506561013917,7,25,39,46,62,75,0.900798308922957,1.35666249326035,0.268620035659465,1.21752810194733,1.42325395444113,0.630579750602478,0.0355883412897395,0.59425026642523
5.66624223408744,20.3534657889331,26.7775094889252,34.2056517088566,44.0482605242517,47.3506765938322,7,25,39,46,62,75,0.903926733603778,1.35664114662848,0.268799124820423,1.21951972475785,1.42151673736986,0.629423830800102,0.0355741900755133,0.592768293246105
5.67785292987265,20.273265907292,26.6695235573012,34.0558115016935,43.9480470027747,47.246443681049,7,24,38,45,61,74,0.907144929360464,1.48403929046484,0.265262227253091,1.29738084763619,1.40862708737443,0.638111211543045,0.0354016120313687,0.593210118784389
5.68979430906326,20.281775487692,26.6829651334872,34.0642060956127,43.9467331234156,47.2447016194237,7,24,38,45,61,74,0.910457855768456,1.48323940238753,0.265888378812884,1.29958516914758,1.4070744964256,0.63640788524175,0.0353832587260861,0.591423613768475
5.70204830980967,20.2893974319306,26.6747871337212,34.066590345229,43.9451127555873,47.240948691076,7,24,37,44,60,73,0.913860743318699,1.48215997705588,0.331922437450048,1.39845756155901,1.41032415581626,0.635705825094593,0.035291939811852,0.591943994352869
5.71463768663285,20.2964585162303,26.682150408805,34.0715949491108,43.9434771018439,47.2409374579908,7,24,37,44,60,73,0.917360159416007,1.4808720300497,0.331966713898317,1.39971578187342,1.40959833014567,0.634542398891996,0.0353614859875959,0.59107688988003
5.72754103139059,20.3031762434434,26.6891245468723,34.0762183230645,43.941213201339,47.2403775100539,7,24,37,44,60,73,0.920950407545103,1.47943137149856,0.332004284838689,1.40090792942984,1.40887501749121,0.633336610146928,0.0354345302819409,0.590191665915457
5.74077597438308,20.3094389741679,26.6954969599118,34.0803261039204,43.9380952492026,47.2390060355894,7,24,37,44,60,73,0.924636650947983,1.47780805361329,0.332020356769781,1.4019975780222,1.40817828236724,0.632072570135405,0.0355094965087442,0.589282469577608
5.75433261208425,20.3155322978494,26.7016071602685,34.0842145379074,43.9343940588309,47.2371112423924,7,24,37,44,60,73,0.928416397227926,1.47607103126347,0.332022829768009,1.403042711398,1.40749480722739,0.630745980852015,0.0355871401931199,0.588343340408257
5.76821254443279,20.3214001783701,26.7073667055481,34.0878448695637,43.929846819328,47.2343890096222,7,24,37,44,60,73,0.932290359739446,1.47420702879778,0.332006955170545,1.40402815446407,1.40683987067842,0.629317896618666,0.035665692704734,0.587349078309575
5.7824120817246,20.3271640591505,26.7128644136074,34.0913094021403,43.9248317530907,47.2312126095962,7,24,37,44,60,73,0.936257779690074,1.47224529674444,0.331967953756271,1.40496905878053,1.40621453614963,0.627838463023975,0.0357449439233171,0.586333124898348
5.79693173227004,20.332669036207,26.7180021026945,34.0945422084063,43.9188886339233,47.2271354892672,7,24,37,44,60,73,0.940319073232806,1.47014984570378,0.331914139643473,1.40584857799814,1.40562871421172,0.626239143244798,0.0358254869664718,0.585254788578885
5.81176777774404,20.3382967598857,26.7231050799362,34.0978654596097,43.9126286909707,47.2227425946435,7,24,37,44,60,73,0.944473477338706,1.46801037730659,0.331837261924392,1.40672237508588,1.40508143001536,0.624570617888895,0.0359061900064428,0.584144582479001
5.82539332170531,20.278967631203,26.659146903527,34.0450290813905,43.821080997992,47.1320081823848,7,23,36,43,59,72,0.948293006596809,1.6095988051579,0.33115943292835,1.50137981180692,1.4085022488095,0.61784915816375,0.0359413798950346,0.581019632883947
5.83372447650949,20.2780321378126,26.6582713265822,34.0452546708259,43.8140609648644,47.1245279224002,7,23,36,43,59,72,0.950630329653026,1.60733676200639,0.331168202474521,1.50122427009995,1.40884104036073,0.616594409373004,0.0359214636385011,0.580250094433957
5.84307053608924,20.2771103630216,26.6574277584849,34.0457966917045,43.8066544868188,47.1166436558159,7,23,36,43,59,72,0.953254118876413,1.60483146339635,0.331179649192223,1.50107442061872,1.40926736394726,0.615219144757811,0.0359007947810961,0.579430307029268
5.85353045774165,20.2764747699703,26.6568586135804,34.0468565661395,43.7992492363511,47.1087671340514,7,23,36,43,59,72,0.956192778073278,1.60212556377138,0.331189375010992,1.500973322375,1.40976862257074,0.613755878618717,0.0358804152187617,0.578580072449009
5.86484385216691,20.2757171859902,26.6561714880125,34.0478988739531,43.79141732387,47.1004719418452,7,23,36,43,59,72,0.959373785708427,1.5991833677278,0.331199687940953,1.50085127059512,1.41030082103145,0.61222343362698,0.0358603883691101,0.577695505298427
5.87710775555066,20.2751485451205,26.6556707671645,34.0492148843893,43.7835373691074,47.0921206980516,7,23,36,43,59,72,0.962825057272531,1.59605736969679,0.331209629466047,1.50076233172147,1.41085993008366,0.610637089380589,0.0358400225392447,0.576783447656009
5.89046470956415,20.2746296709177,26.6552218143718,34.0506848651203,43.7755021247539,47.0836108730956,7,23,36,43,59,72,0.966587480090745,1.59267934569751,0.331219864076866,1.50068258974638,1.41145054405896,0.608999175568271,0.0358195218581982,0.575847691265577
5.90558374234376,20.2743749866922,26.655037256067,34.0530377708244,43.7668986844436,47.0745294034172,7,23,36,43,59,72,0.970850698055192,1.5889392386749,0.33123012876557,1.50064980940498,1.41223161222708,0.607113455155639,0.03579887969281,0.574815752045706
5.92307037112703,20.2745155287019,26.6552315286526,34.0566645777307,43.7574217898532,47.0645793442338,7,23,36,43,59,72,0.975787390661536,1.5847225481204,0.331237993680971,1.50068431515715,1.41328834341217,0.60486131241353,0.0357784550027545,0.573640240500085
5.9426456547686,20.2749391265358,26.6557138995759,34.0608136131783,43.7473313368274,47.0540149065038,7,23,36,43,59,72,0.981321168594731,1.58007094567808,0.331246596800209,1.50076999289052,1.41441734043851,0.602417874284936,0.0357580022978457,0.572361501888911
5.96468331372699,20.2755608276045,26.6563862687221,34.0653132573494,43.7363138497634,47.0424870068955,7,23,36,43,59,72,0.987560387167432,1.57487439232557,0.331254013600364,1.5008894209416,1.41559599680607,0.599759846678479,0.0357359859771261,0.570950880210595
5.9888657976374,20.2770699958485,26.6578417878042,34.0722455937104,43.7236568418771,47.0293491503674,7,23,36,43,59,72,0.99441816787348,1.56937850992564,0.331246160430985,1.50114796708895,1.41728301563439,0.596411201905218,0.0357152527171347,0.569265820772805
6.01560574030265,20.2793959891377,26.6600053947682,34.0810519626006,43.70809656714,47.0133347341534,7,23,36,43,59,72,1.00201491798559,1.56346735702953,0.331222390816388,1.50153232450641,1.41932975631302,0.592256746993381,0.0356956780023102,0.567170294427313
6.04513035090704,20.2821624284574,26.662530113687,34.0897755078941,43.688137585468,46.9929291958608,7,23,36,43,59,72,1.01041940027754,1.55699655839971,0.331187009944789,1.5019808813634,1.42124028315477,0.587381877982103,0.0356764368300505,0.564532392462491
6.05798034232228,20.2854074933272,26.6640027241972,34.1046791817718,43.654549442969,46.9553131446376,7,23,36,43,59,72,1.01408269580943,1.55467587603243,0.330927625926604,1.50224253869677,1.42538172556355,0.579178348601832,0.035503179143961,0.560049662698681
6.04029739232385,20.2887029684588,26.6642372487905,34.1172396082517,43.5988920927934,46.8936565002914,7,23,36,43,59,72,1.00904246087684,1.55974593994086,0.330479896742041,1.50228421130869,1.42918465625212,0.567719286460704,0.0352461120007221,0.552988172883695
5.9725976176817,20.2866722822189,26.65756485335,34.0938689001915,43.4987937423708,46.7877913229914,7,23,36,43,59,72,0.989803460652784,1.57564984091241,0.329801469158021,1.50109877343068,1.42403321853506,0.554945610577334,0.0350001195442396,0.541763700551304
5.86068407127031,20.2679595717824,26.6316688938335,33.9949896185638,43.3608395911354,46.6490470768701,7,23,36,43,59,72,0.958203862601309,1.59830674861887,0.328752811785089,1.49650152154591,1.40156471193264,0.548487478671492,0.0349665018354348,0.529133733635582
5.86090703767389,20.2650705309339,26.6259813237466,33.9823840999427,43.3474841723664,46.6369168800434,7,23,36,43,59,72,0.958266561946422,1.59754862113923,0.328344672097272,1.49549256641579,1.39943895324899,0.548363850506222,0.0350186424827235,0.528417177267094
5.86069166851813,20.2605447612395,26.6186666612867,33.9655903285837,43.3299625486624,46.6222490604162,7,23,36,43,59,72,0.958205998970988,1.596498731336,0.327938165419446,1.49419536628098,1.3965273257376,0.548243868393733,0.0351402800557115,0.527599945867163
5.85979983311453,20.2505939778478,26.6065518230798,33.9397413673917,43.2279151537283,46.5239015496738,7,23,36,43,58,71,0.957955220298924,1.59429292358248,0.3276228912225,1.49204787058219,1.3923110376344,0.631569170759842,0.0352983778210878,0.578965843626404
5.85780058409137,20.2262024850633,26.5828706604293,33.8946194058987,43.1844044855363,46.4798059592157,7,23,36,43,58,71,0.957393103887076,1.58884455464874,0.327726361846449,1.48785363937022,1.38573435681288,0.63185902502066,0.0352733539217239,0.57656193078498
5.85380436088887,20.1508718890202,26.5218896527419,33.7954898933428,43.0890191580715,46.3885685787698,7,23,36,43,58,71,0.956269760402598,1.57152622345589,0.329819758936324,1.4770746739072,1.37404950060211,0.632532768976328,0.0354510523081209,0.573008105270605
5.84064569337664,18.6563594120933,24.9456901355855,32.1156921343915,40.1230466653746,43.4884211158071,7,22,35,42,56,69,0.952573198883037,1.37592533997982,0.317983401560353,1.30863048850411,1.34242659710725,0.505182173878322,0.0383469767424545,0.483330424369719
6.74211122942069,18.9384188521831,25.0245401942788,32.1158938927787,40.2729103863559,43.5400063684399,8,23,36,43,57,70,1.01664599497472,1.23122028459424,0.289397735494078,1.22243189616871,1.31852788017902,0.530803833646231,0.0340757965197247,0.480357435805721
6.56382426441307,18.8680009471367,24.9962637419787,32.9171924204288,42.1372507595076,45.5773690281669,8,23,36,44,57,70,0.968460468600429,1.25604515958583,0.29522394891812,1.21781410152804,1.34968890757442,0.849206584349974,0.0418101694069218,0.731114054578373
6.43898793466562,18.7025079970171,24.8345357936939,32.5930465353868,41.6415139785724,45.2240034673824,8,22,35,42,55,68,0.935101904982971,1.40302981213337,0.295747087142992,1.28979137328216,1.52411925145739,0.812836262664093,0.0489295547886708,0.78105133108847
6.43757968595234,18.565114112067,24.6844946997828,32.430405316225,41.4647937341224,45.0835013088246,8,21,34,41,54,67,0.934727426986966,1.53965458320685,0.293991482454784,1.36745062698802,1.52017873392646,0.809877194158618,0.0508513972438476,0.782382075368878
6.45665705981031,18.5286753209749,24.6491786841228,32.4108694640016,41.454707459299,45.0617341455211,8,21,34,41,54,67,0.939803937239333,1.52533652957629,0.294147143595717,1.36127555084572,1.52511409905658,0.811862841295731,0.0502266317586387,0.784274001593233
6.48844605674992,18.5057555507745,24.6314973457159,32.4095059894656,41.4636101982462,45.0567963865106,8,21,34,41,54,67,0.94827976116848,1.51126449341019,0.294873900974587,1.35818813537927,1.53022111509496,0.81402205038995,0.0494924500347221,0.786055378490549
6.52510204557421,18.495007467304,24.6301272835144,32.4361904198692,41.5042134372112,45.1635687229001,8,21,34,42,55,68,0.958079051977739,1.49910189395214,0.296177035824735,1.35794902002529,1.31622874106953,0.816952736812569,0.0530622681323743,0.724763277632002
6.54082976529111,18.4932709287379,24.6330653965688,32.4489622099553,41.5091229067281,45.1904457585705,8,21,34,42,55,68,0.962291977290856,1.49462822561029,0.296827598522186,1.35846182614913,1.31908539041584,0.815296818999513,0.0542809571430755,0.727949702397352
6.54647381279982,18.4932954666587,24.6346182120171,32.4537705869049,41.5113270270386,45.2006231625643,8,21,34,42,55,68,0.963805053579229,1.493189549851,0.297040428946708,1.35873287946004,1.3200314474884,0.814748588530913,0.0547274384684557,0.729099283557451
6.54989536520733,18.4936860572527,24.6357930029919,32.456728404777,41.5129985282665,45.2070629210524,8,21,34,42,55,68,0.964722630269786,1.49241374682606,0.297149665288923,1.35893796070353,1.32054965912927,0.814477850260471,0.054995504634245,0.729801471515716
6.55237710914293,18.49419438545,24.6367698278701,32.4588504189593,41.5143846229622,45.2118213657956,8,21,34,42,55,68,0.965388321850098,1.49190869556211,0.297214934060512,1.35910849278093,1.32088251800942,0.81432297155863,0.0551855724193415,0.730306019455599
6.55426152158485,18.4947765756741,24.6376184051284,32.4604586587244,41.5156033168217,45.2155311212994,8,21,34,42,55,68,0.965893871347531,1.49157544834484,0.297252048807409,1.35925664260628,1.32110333139878,0.814240993510774,0.0553262246256084,0.730687868717792
6.55573645329727,18.4954022942104,24.6383718753791,32.4616785043412,41.5166943976032,45.2185625696132,8,21,34,42,55,68,0.966289615684947,1.49135814076794,0.297269848752357,1.35938819348507,1.32123889851981,0.814213896220973,0.0554359329230203,0.730991951123372
6.55621238398373,18.4961888863162,24.6386506916798,32.461642407966,41.516696911112,45.2189750494105,8,21,34,42,55,68,0.966417323794153,1.49143763573575,0.297199102068702,1.3594368742429,1.32114735857437,0.814222021256652,0.0554591291884376,0.731009795402484
6.55597977665167,18.4967087666567,24.6387767907909,32.4609843123321,41.5165594585183,45.2192444189384,8,21,34,42,55,68,0.966354906900011,1.49163019446589,0.297144243209973,1.35945889111989,1.32091941264985,0.814331587813172,0.0554821533442974,0.731028922444662
6.55546173086115,18.496959749525,24.6389440581595,32.4605122237409,41.5162122106112,45.218881853925,8,21,34,42,55,68,0.966215900561737,1.49182699343345,0.297132581151573,1.35948809618579,1.32073357474684,0.814357860650225,0.0554812863659893,0.730958189348696
6.55370018576228,18.49598577774,24.6392747542343,32.4606856976074,41.5147168507468,45.2157653444082,8,21,34,42,55,68,0.965743268849967,1.49202854590499,0.297314353000274,1.35954583682207,1.32068787683726,0.814006677982217,0.0553895723391091,0.730498061972464
6.55174483363283,18.4975939020902,24.6409566111352,32.4620419626709,41.5143520451677,45.2137331502445,8,21,34,42,55,68,0.965218711323491,1.49294059476194,0.297324627261876,1.3598395098317,1.32059324213676,0.81364455924404,0.0552953379535986,0.730002467157527
6.54665680937674,18.506061753464,24.6470962182885,32.4670571001579,41.5145283659306,45.2118297018293,8,22,35,43,56,69,0.963854122774964,1.32913026775348,0.297000277143835,1.25827633452217,1.32026642259848,0.812626764096152,0.0551779331654405,0.728929755285366
6.53136662418738,18.5333107272297,24.665484378336,32.4840972645161,41.5177933729982,45.2105907388041,8,22,35,43,56,69,0.959756517699706,1.33939258920681,0.295767361880251,1.26135386889427,1.31987466232075,0.80973178675259,0.0549241965481271,0.726315141401216
6.46515375031063,18.5633612256075,24.7625299256812,32.5738233016716,41.5222395913016,45.1869632747125,8,22,35,43,57,70,0.942067345375626,1.36270582404652,0.305147751621651,1.27764695136769,1.31774792245712,0.67464837957563,0.0533585417199241,0.64024009700184
6.40102817535818,18.6294703501328,24.9042283452188,32.7127392965186,41.5667869399169,45.1923213418188,8,22,35,43,57,70,0.925022219660886,1.39444325437763,0.315892464037131,1.30159027513066,1.31693968377386,0.656786946577938,0.0512187199426779,0.623471746431948
6.33992809785231,20.5130383867049,26.9060940922804,34.696927108535,43.4766344986066,47.0628961660845,8,23,36,44,58,71,0.908861593823833,1.70997387613835,0.333046467893174,1.54550156116744,1.3118073844479,0.642847532138227,0.0491276096104622,0.607527643481165
6.2814357421354,20.6762614529822,27.1634244876186,34.9663093438321,43.6411959301356,47.1802794606092,8,23,36,44,58,71,0.893465174606058,1.76656030199164,0.346983675680025,1.59200959720301,1.31530577996929,0.623391781047859,0.046685727628038,0.590753275393512
6.22310874996158,20.8284909315695,27.4184790374146,35.2377753878975,43.8012390816314,47.2847128680656,8,23,36,44,58,71,0.87818585563025,1.82078899283922,0.36250232808642,1.63863367969253,1.32007329015394,0.60296953430978,0.0439051589406187,0.572955906222966
6.15067651993982,20.9787557902995,27.6821441334164,35.5233526000923,44.1196957465221,47.6322148341566,8,23,36,44,59,72,0.859315351084386,1.87865141754087,0.379963345001287,1.68737575079304,1.32644516842769,0.512187742058124,0.0453443198826777,0.521671772367223
6.00819462942502,22.6397388989852,29.3658921227984,37.7575918140517,46.1386657860431,49.3721269659781,8,23,36,44,58,71,0.822538155819105,2.36493181499557,0.383511883006202,2.01116138280273,1.4888490666954,0.570127000480368,0.0326867424956856,0.589489671576321
6.00815601385448,20.8600576789702,27.8880545187774,35.7042105521953,44.0086130681395,47.4061337614554,8,22,35,42,56,69,0.822528251169341,2.07668602332918,0.431901027547821,1.84557287810462,1.54217387662289,0.556542357159594,0.0398135172461424,0.595707031192932
6.01610400657624,20.7089100885195,27.906098288062,35.7294116257342,44.0020193131084,47.4587011395906,7,21,34,41,55,68,1.00215661025612,2.03321741447588,0.460086466012155,1.97491256102207,1.54441861720643,0.550947932015182,0.0426030365272864,0.59989617983363
6.04766065157797,20.7847899369274,27.958145832404,35.8240759343577,44.1435935140707,47.7406878128836,7,21,34,41,55,68,1.01114048340627,2.04530298723754,0.456071135513888,1.98539867051579,1.55779836418581,0.559209949920302,0.0496990903010365,0.628159047468341
6.08260963859924,20.9318601096173,27.9312118202611,35.8550492048655,44.2484973433182,48.003080469465,7,21,34,41,55,68,1.02111317986106,2.07595966196193,0.427203540802568,1.97996972582733,1.57601644626753,0.572331837435143,0.0584667156873463,0.664607037889635
6.12922384011866,20.8681686352747,27.5933234432866,35.5689226284441,44.0547813631852,47.9648964726615,7,21,34,41,55,68,1.03445189956396,2.04579842695375,0.383355950858435,1.91232216162011,1.5923375815511,0.588905502648288,0.0679772881531352,0.703388718552579
6.17601202454326,21.0204232526325,27.5021322113383,35.6063519827369,44.1781992886306,48.2514192605034,7,22,35,42,56,69,1.04788287553153,1.88291504445245,0.346168962757375,1.7711563754081,1.63303983776218,0.604496757086096,0.0788700102462174,0.753727893278299
6.22312980731222,20.612539851203,26.7378656412198,34.9188428490766,43.5089185279446,47.7575050471824,7,22,35,42,56,69,1.06145095999966,1.76517174838188,0.294816155959357,1.62721858320441,1.65742773887708,0.607822662671128,0.0916374897765151,0.790743857281869
6.29897889645171,20.1705881747889,25.9067091451029,34.1868001587251,42.7681309834773,47.1981669713965,7,22,35,42,56,69,1.08338085205686,1.63389853380791,0.24312066976504,1.47606336577905,1.68902481227246,0.606226194449148,0.10600111873431,0.82877565342311
6.45181670194722,19.9464901779359,25.4073549205047,33.7562408927867,42.4017215524996,46.9532340112581,7,22,35,42,56,69,1.1278935934012,1.54025679312936,0.209451244343686,1.38805609430219,1.7110254133655,0.617976005825538,0.116271154517199,0.865103109013281
6.91492103934464,19.7927978874886,25.1286328951236,33.4956419982053,42.2976063093707,46.9047250082682,7,21,34,41,55,68,1.26526516469353,1.55596335139666,0.194974210386337,1.44605467018462,1.71683048195606,0.647008679303886,0.121146599240609,0.898573687474921
8.22945680915761,19.7894566516035,25.0478419625061,33.1079380200643,42.6370802019995,47.2831288952489,7,22,36,43,58,71,1.67286804307482,1.08817640735964,0.140555227885127,1.22624274825788,1.61905346025083,0.675501761625637,0.124624844850825,0.882664546902234
8.16345921213948,19.7243940950585,25.2330443028605,33.0879485199805,42.993330931516,47.6352582746251,7,22,37,44,59,73,1.65185544246376,1.08838221148681,0.124147876848614,1.16115378078076,1.55433445945183,0.74638872310894,0.0902042819623738,0.826687145175006
8.00957801857461,19.7477448721148,25.3545013225721,33.0362426123994,43.3842828050168,47.9950095921078,7,22,37,44,59,73,1.60307005707944,1.12762948503095,0.132345666621526,1.18043283284808,1.50014362506603,0.833203228037281,0.0879864158762918,0.859816201357659
7.84115284622874,20.0077613790258,25.8174850821838,33.3805836080184,44.2964710873665,48.9719770658894,7,22,37,44,59,73,1.55001653336053,1.2244139180663,0.150227261060334,1.25514327711385,1.46324791565322,0.94965338855788,0.0926268095969601,0.933265884104921
7.71675530837233,20.2086868405908,26.3531427933891,33.8475318305176,44.82073333807,49.5402425068802,7,22,37,44,59,73,1.51106893670544,1.29963753360421,0.182406807213792,1.34394517128281,1.44196952107511,0.961709752401245,0.0958573377826103,0.938016209743437
7.90114705952059,20.867172071502,26.831241145803,34.5893772707517,45.3833553837859,49.9046730670911,8,24,39,47,63,76,1.34391227203697,1.25970145138215,0.164651850469885,1.22802593537812,1.30232748475036,0.804097380818487,0.113669539835757,0.841695668081532
7.90449381345273,20.8488744300325,26.7735507018182,34.5806586373891,44.8412198074302,49.3650007150704,8,24,39,47,63,76,1.34488917759497,1.25481836159144,0.160902807860708,1.2188940021878,1.31653218098222,0.704079661783742,0.113880564803998,0.776729879694462
7.91317888593951,21.0656054386375,27.1313267277293,34.9257304522234,44.8522013512714,49.3638406702087,8,25,40,48,64,77,1.34742510768592,1.16063109396963,0.174538943291454,1.18312991022523,1.31284365220092,0.644132474312126,0.112842473379511,0.729927696679168
7.92269529968277,21.0182457614563,27.0535764597896,34.8619290161103,44.4111177552703,48.9168064234275,8,25,40,48,64,77,1.35020508363071,1.14844484854271,0.171550966880831,1.17114764025658,1.31689367678754,0.579063395576605,0.112335606879,0.683210257445832
7.92860634507359,20.9795264571994,27.0429179686764,34.8587178090133,44.2438820478691,49.1446696373663,8,25,40,48,64,78,1.35193252961593,1.13891391816342,0.174308915531563,1.16950911714243,1.31905721281678,0.551675673524509,0.109835096490189,0.645706086264169
7.93463721658017,20.9320155920213,27.016568866362,34.8438884713856,44.0392206781647,48.9110343388165,8,25,40,48,64,78,1.35369553448403,1.12751675708573,0.176404179167093,1.16546271754772,1.3224055380308,0.520681220525932,0.107528746106818,0.621122473373478
7.94082083778971,20.8797042960393,26.9766413220912,34.8191757864546,43.8052027752662,48.6421430529748,8,25,40,48,64,78,1.35550375919163,1.11511141814592,0.177636444413075,1.15934259063881,1.32683099448843,0.48740101993942,0.104789243914883,0.594511497336348
7.94718581367323,20.8364308976171,28.0295558811187,35.6178917734259,44.3505057890049,49.2261392259416,8,26,42,50,66,80,1.35736561425405,0.979093643792248,0.244153440168112,1.14262414722019,1.25336684729964,0.448395048408088,0.107831231058284,0.541815283277443
7.96750150896108,20.8114347973561,27.9822455095372,35.5365319165483,44.0624401279137,48.9585647225959,8,26,42,50,66,80,1.36331232444707,0.970162281988861,0.241633192830185,1.13557887404759,1.2436043428893,0.417650494533318,0.109462062761016,0.517909048285692
8.10409676610666,21.035047733469,28.4819298439468,35.5712753198336,44.0741997211709,49.0663141041829,8,26,42,50,66,80,1.40345425672005,0.987341233592407,0.273735219719273,1.21094252860392,1.11224117177868,0.414292609709579,0.117284478001821,0.47672713095174
8.2746200927241,21.1979571463149,28.8165077639064,35.4121522966535,44.1287658295732,49.3635330156649,8,25,41,49,65,79,1.45394553503525,1.11182255721714,0.294695577213993,1.35649038208717,0.97701417027312,0.445980445854645,0.138398137753394,0.472893067564776
8.47244519574564,21.3569916501798,27.9653580525642,34.372618257178,43.5215865148264,48.9245168081885,8,25,40,48,64,78,1.51303035660863,1.10363134752511,0.232427250678848,1.31490772655912,0.926674979878841,0.513227619983723,0.154148520757391,0.516069477644964
8.68434309674218,21.4124773411574,28.0555217196534,34.1346259448314,44.1543163036732,49.7194688069647,8,24,39,47,63,77,1.57690288661484,1.20638217757235,0.236414034096315,1.42847241142004,0.84078370163213,0.660643595708731,0.17020080027561,0.594332773270735
8.88125923286377,21.2935859898548,28.2896376120335,34.2076501549994,45.3796381476311,50.3290750981453,8,24,39,47,62,76,1.63678073039785,1.13681478801629,0.278908482260192,1.46821313804277,0.799501457719335,1.003940701099,0.113769409393153,0.705318936428181
9.05049687288985,20.9822013770705,28.3102462943558,34.2267919276896,46.8084668279164,52.0211024250199,8,24,38,46,61,75,1.68862899369748,1.03371494694555,0.395708916853121,1.57758638728312,0.799128314285478,1.32064285305771,0.136393188875271,0.931254150763227
8.59978724513978,22.2001772418241,29.7755236493021,35.8252300063255,48.5981032442866,53.9435252796088,8,26,42,50,67,82,1.55134417666613,1.12317118924543,0.289349230977623,1.41555568115847,0.833205474901656,1.08017014216984,0.111154564410342,0.765280643502846
8.78468791106746,22.1899220125026,29.7630615682963,35.8019594939234,48.6872470273954,54.1432360119692,8,26,41,49,66,81,1.60735401780267,1.08291662421867,0.355627706830031,1.5133928002283,0.830424214666623,1.10378763641026,0.119867653335944,0.792431917323571
9.06220124958147,22.1870594276133,29.7548368271093,35.7094568666629,48.7157349590277,54.2255641352449,8,26,41,49,66,81,1.6922277008798,1.02602381616541,0.354874823001973,1.51199931425782,0.808829831622263,1.12940840272552,0.124244663034615,0.804155098111502
9.2521174578439,22.151738220007,29.75240478221,35.6048158618007,48.8673641854558,54.4225580740431,8,26,41,49,66,81,1.75084879228725,0.9811430844285,0.359504236294779,1.51158736198469,0.782864035864139,1.18435277973306,0.12800078914456,0.830256597714433
9.32766203191239,22.0473368112971,29.7819840207475,35.5751495316445,49.238033251864,54.9194597347784,8,26,41,49,66,81,1.77428448859007,0.945827704744983,0.378646427575047,1.5166007320454,0.767927131726591,1.27197230312235,0.138779975763087,0.892930443591568
9.41646457734726,21.9298966355343,29.8528541557907,35.6080752813351,49.6888939014137,55.5477492079031,8,26,41,49,66,81,1.80191680023644,0.905955330874988,0.406309114318861,1.52863979389848,0.758405409907361,1.36567774335034,0.154741757556934,0.970402135554322
9.50250987336459,21.8711960036295,29.94090932642,35.7139187215412,50.197709547772,56.1720054037498,8,26,41,49,66,81,1.82877612588453,0.87836471746019,0.428470173053894,1.54365169878147,0.762864798082745,1.45809376844741,0.165632685294381,1.04764365527082
8.65698079908945,21.8665001942574,29.8735000895075,36.1348017506788,49.9404690679518,55.9657756043847,8,25,39,47,62,76,1.56862188613812,1.17290882174766,0.505122085539254,1.74835097287888,0.888182502549529,1.61739727134832,0.220231816587098,1.30038572037677
8.24438664552878,21.5592097990797,29.0108670118557,35.4226743339403,50.5640449489,57.1681680100251,8,27,41,49,66,80,1.44496342204025,0.944698726353505,0.41476966287531,1.3881297272314,0.927881408249646,1.6130265298984,0.292263241487226,1.44569490153079
8.35834164347943,21.4394734810978,28.8083753962865,35.1540450422143,50.7356463647283,56.625311935231,8,27,41,49,66,80,1.47888512695409,0.900558310613628,0.401965405243295,1.35517314402912,0.910376833913807,1.71945898308964,0.204802188017035,1.38843079888583
8.46038271980672,21.3725043128902,28.7156835597555,35.0193414083343,51.0675665355246,56.5169709536164,8,27,41,49,66,80,1.50941232607408,0.869147742581624,0.398021416234213,1.34019712448451,0.899305853176116,1.83451717228634,0.158661497830943,1.38582069782747
8.54867702902105,21.3572653689326,28.7258189941361,35.0043693873201,51.4856263414608,56.7627647753469,8,27,41,49,66,80,1.53594056911704,0.850122387741685,0.401911888618853,1.34183130281598,0.892707593873352,1.94326539339359,0.14228082258216,1.4253381612952
8.62323315698054,21.3788053891305,28.8862845996104,34.3017454350007,51.4571071884602,56.6594578739298,8,27,42,49,66,80,1.55842182212009,0.840444450341781,0.34645922460889,1.27344817891167,0.835153445947706,2.11613816170269,0.135466852661089,1.48343871588866
8.6850982092087,21.4217645526956,29.021037373464,34.449526400835,51.9287363599497,57.2534923807221,8,27,42,49,66,80,1.57713155347324,0.837003841185044,0.359307496704744,1.29457550381966,0.838690761111894,2.20066771926381,0.146713387706423,1.56380758545788
8.73528047356102,21.4839539858749,29.2040899924059,34.6516486483034,52.3842291481071,57.838419273168,8,27,42,49,66,80,1.5923444715393,0.839188331685479,0.376551333578864,1.32351072439198,0.84387555265073,2.26744391959978,0.15913014538555,1.63550003871906
8.77348599534877,20.5095551414484,28.2669224545663,33.7452383458824,51.5633994109955,57.1467632156108,8,25,40,47,64,78,1.60394824785485,0.871272255162686,0.381937292038649,1.36398641371308,0.852255860873948,2.2901235237688,0.172055066914908,1.67991468871715
8.76294302768953,20.4699404385798,28.3069804861197,33.7896840833355,51.7556540363186,61.0972632932959,8,25,40,47,64,79,1.60074427870621,0.865657765469664,0.393579020209129,1.3705618038232,0.853453145202523,2.32944019314048,0.641209954784426,2.31167195517
8.81170410314364,20.468431707452,28.3570485334468,33.8427552108537,51.9303026071632,61.6027884314346,8,25,40,47,64,79,1.6155744202286,0.855982030478624,0.401199193137188,1.37879867003744,0.854272858922042,2.36191644670343,0.702185054161128,2.40473019485855
8.83828005760375,22.1171124223047,29.9726978107997,35.6850442297287,53.9963633163696,63.7864315197408,8,26,41,48,65,80,1.62366986044679,1.0571288502879,0.396311434364513,1.54908562131452,0.916723009686526,2.42200962177855,0.724372102250706,2.52258486171091
7.63800831075879,20.2439927632749,27.8370430682342,33.5398628874793,51.9849115398805,62.2234559678776,7,25,40,47,64,79,1.4865210642416,0.923767608966085,0.358429733867791,1.2942526476577,0.914075097666379,2.45811628355458,0.811395929712384,2.64338481157368
7.57312597686164,20.2622831677531,27.7533336676485,33.4427214130863,51.9502798891653,62.3869523297955,7,25,40,47,64,79,1.46635878185519,0.939886845655763,0.344182518214191,1.28085173610068,0.91034501067156,2.47504291370036,0.85101183450944,2.69612824596785
7.5076442446282,20.3019625780251,27.6840244059359,33.3535664586513,51.90677476729,62.4950224518011,7,25,40,47,64,79,1.4460693327362,0.960417924994189,0.329255588802084,1.26980050831134,0.904841060925308,2.48742376123668,0.881786924839998,2.73419232357922
7.4416914412301,20.3617700070923,27.6327326503828,33.2740979797153,51.8578628501336,62.5525419229457,7,25,40,47,64,79,1.42569479839796,0.985188664853318,0.314358803763657,1.26164811538527,0.897041437245369,2.49572032674405,0.903633579798913,2.75763190785406
7.92542582308483,21.5777155790752,28.7860902181932,34.4162455842136,53.027014436176,63.8506197664385,8,26,41,48,65,80,1.351002987491,1.13396517563985,0.306110098033102,1.35156624075494,0.893943262421557,2.50305844516761,0.930355506933209,2.78891171913676
7.99673562928861,21.9075107385336,29.1462981192336,34.7366848790115,53.3969011582358,64.4095974917524,8,26,41,48,65,80,1.37188037797973,1.18826925644769,0.310105325594893,1.41035465901595,0.882974635868339,2.51651025600294,0.970049117186179,2.83206750918656
8.03345999136753,22.1956625635294,29.4965377399116,35.0661717662485,53.8139042511289,64.9784822643716,8,26,41,48,65,80,1.38266163300146,1.24194401105244,0.318337707406254,1.46850252573152,0.877264827142854,2.54036528944908,1.00235506235867,2.87979511657645
8.01498766758984,22.423341442852,29.8476573078099,35.493148640441,54.5311927877324,65.6260839995926,8,26,41,48,65,80,1.37723618278585,1.29528599367229,0.335006045237081,1.52775567186004,0.898182467933131,2.61992147278902,0.987486091189925,2.94493807101463
7.97359588805802,23.3022616334126,30.9597779829998,36.8939934000477,56.7301202187989,67.3154231395983,8,27,42,49,66,81,1.36509744140123,1.35648528984381,0.367571152774308,1.61434383238156,0.97893704692305,2.84186177981227,0.881185233257373,3.07314150679551
8.21140699554215,23.881205601064,31.3737313975886,37.2595235617043,57.4977884474084,68.1089481197798,8,28,43,50,68,83,1.4351801283048,1.29359057856086,0.344386682070569,1.58144100681987,0.965270884933079,2.74550879211195,0.886473543953002,3.00753739988993
8.26297086991652,24.0520605039733,31.4702918759138,37.4664960451888,57.6365815222962,68.3628852333123,8,28,43,50,68,83,1.45048312432138,1.31870741203151,0.334175127456429,1.59782611886573,0.996501550700859,2.72684260810183,0.910162275718943,3.04226411569674
8.25183261120488,24.1278207495496,31.558496766809,37.6984850501251,57.6803747188824,68.5340399452082,8,27,42,49,67,82,1.44717436558807,1.47724418602238,0.335875636076838,1.71881392232148,1.03753818105108,2.67549352178481,0.936626020374386,3.0606209043413
8.23678926809957,24.1560179692347,31.5992993195357,37.8853717086817,57.6633241076155,68.6242300275864,8,27,42,49,67,82,1.44270832494582,1.48693197254053,0.337602200736993,1.72602773009581,1.07964163254613,2.62014374737226,0.959118745349665,3.07156768690039
8.21884990237408,24.1236799065182,31.594105159637,38.0275020318013,57.5861187826066,68.6324449093608,8,27,42,49,67,82,1.4373866950512,1.48370368040197,0.341334104381842,1.72510875245155,1.12250645204914,2.56096265511547,0.977170145155193,3.07454203807049
8.19898360678082,24.0404740793917,31.5498086594787,38.1310523584019,57.4526265102486,68.5616713400376,8,27,42,49,67,82,1.43149877066209,1.46953040766248,0.346716780176952,1.71727942007111,1.16591643017683,2.49741723274851,0.990499706364229,3.06866989305085
8.17807572578825,23.9212197508671,31.4797513368207,38.2088110832985,57.2760545578362,68.4265781879858,8,27,42,49,67,82,1.42530820626891,1.44761441033108,0.353578372394122,1.70492558773694,1.20969722635263,2.42972500206686,0.999350021900359,3.0542618498214
8.15689029287872,23.7826728393806,31.3997804340241,38.2760581647417,57.0722425693601,68.2448699096882,8,27,42,49,67,82,1.41904183016178,1.42160667807979,0.361828770042043,1.69086669606202,1.25366528264226,2.35814900553511,1.00407755428913,3.03176798508758
8.1360027821213,23.6399950347469,31.3242086420144,38.3469765591687,56.6072522742284,67.7517259041694,8,27,42,49,66,81,1.41286987734508,1.3947869828774,0.371387684854134,1.67762353999463,1.2977646275074,2.40826609977298,0.998057414421817,3.08923018081335
8.11581833842566,23.5001519472349,31.2601807652095,38.4282306179787,56.3949076673693,67.5271362940224,8,27,42,49,66,81,1.40691164007982,1.36860683297645,0.382323638536092,1.66643566707074,1.34183226142517,2.32962871958623,0.995443016197558,3.05332620947848
8.09653454316754,23.370415462989,31.2138050853648,38.5259376846981,56.1849040512408,67.2932190952079,8,27,42,49,66,81,1.40122476751574,1.34459229120664,0.394513590630797,1.65835081795201,1.38585203971742,2.24798561714971,0.990344239998623,3.01156415592863
8.07818142507039,23.2478453220609,31.1820041989561,38.6366881127157,55.9761084806758,67.0472363405356,8,27,42,49,66,81,1.39581736906788,1.32206829980568,0.407982132505495,1.65281588952897,1.42970363648713,2.16406592949911,0.982433629511839,2.96410250789385
8.06056174640367,23.1334517380914,31.1640359601514,38.7596519113601,55.7701118496077,66.479509606332,8,27,42,49,66,80,1.39063068207727,1.30127138304004,0.422510441261896,1.64969178384651,1.47334101681741,2.07862194637458,1.03918754839113,2.99195390643259
8.04323738369868,23.0254969258847,31.1570662793636,38.8920820855588,55.4942770514374,66.2573833447998,8,27,42,49,65,79,1.38553535298323,1.2818991369059,0.43796640515765,1.64848061153625,1.51677323726816,2.15847222410051,1.05115722429579,3.09691108334671
8.02550605325865,22.9206341148005,31.1561496411837,39.028636573859,55.3299576701246,65.3411723658801,8,27,42,49,65,78,1.38032488981499,1.26337091203665,0.45412946386082,1.6483213469944,1.55985901537939,2.0788778733866,1.02386839999903,3.04393070434852
8.00628484606205,22.8148284156529,31.1564218089554,39.1695150487188,55.1848759473709,65.3074275766877,8,27,42,50,66,79,1.37468184744283,1.24505317975333,0.470886068562629,1.64836863510647,1.37668006051966,2.00400924650174,1.04931914956522,2.88287577110979
7.98379808008003,22.5378991086665,30.9908152522923,39.1528855074254,54.8463792587245,65.0873328661507,8,26,41,49,65,78,1.36808702302815,1.32723175924056,0.488752007670623,1.72712308859479,1.42057340228069,1.92067869018296,1.07660902955791,2.87074358580248
7.95524794688446,22.4225775638186,30.9947850469848,39.2818420510394,54.7206154454634,65.0930439239639,8,26,41,49,65,78,1.35972478448566,1.30818061558508,0.508211445649013,1.72783220617815,1.45764416271865,1.85545894023221,1.10717795362787,2.87113102962562
7.9157108554286,22.2836834785827,30.8762321338032,39.2914692805291,54.3544923362426,64.8988523002744,8,26,40,48,63,76,1.3481646244474,1.28648226152136,0.608274433139538,1.81845472904245,1.49588880028257,1.94024672052502,1.14756706055976,3.00684324747634
7.85616870947933,22.0566559982688,30.8247760706417,39.3110139820131,53.6311892946516,64.40567427401,8,25,39,46,60,73,1.33079971383174,1.39291457199095,0.640685318506488,1.92560934068991,1.75511631923334,1.93237801168471,1.20234178767681,3.22462517911876
7.7593312112748,21.8176320360074,30.5464253615867,39.0570256234406,53.2477996727766,64.1179885332636,8,25,38,45,59,72,1.30267368727869,1.36057255161718,0.746611001434841,1.99327893318796,1.76295951634941,1.89768706229711,1.22535672063948,3.22241036361501
7.59468831200107,17.9271840459693,26.2984827885227,35.0704509081385,49.2899077925617,60.1786010390808,8,23,36,43,57,70,1.25519025488217,0.83009430039536,0.675018703425078,1.43785197962047,1.84752283347459,1.9053617821897,1.2298223572657,3.29586646192901
7.26056912008664,17.5980467044613,25.9581302487746,34.9903111642057,48.8309419107925,59.8838386762667,7,22,35,42,56,69,1.37006300266349,0.831090212894189,0.672816408215318,1.48524733369649,1.93244693164814,1.80469153913479,1.26966917042975,3.30676312417329
7.17630661156035,17.594556101964,25.9345612738858,34.8953772907225,48.7350738345839,59.7711491714001,7,22,35,42,56,69,1.34434644604558,0.847298730567506,0.668880448069653,1.48103505651577,1.90908515945545,1.80444516112356,1.26556913794719,3.28547246861299
7.2881122416019,17.8660140734523,26.0536494699609,34.9301685332596,48.7120204723603,59.8661190652603,7,23,36,43,57,70,1.37849198762459,0.762961479067626,0.639297263038237,1.39535330146741,1.88155849967283,1.78920808642287,1.29442172166848,3.27971796125147
7.32413966750345,17.8201809662926,26.206620628108,35.0312680175162,48.7798988282534,60.3219497311807,7,23,36,43,57,70,1.38953428759641,0.747595777745715,0.677996170385927,1.4218464579309,1.86465748663773,1.78047354658239,1.39064022515687,3.35220334557393
7.36630519346939,17.7650869365052,26.3137304006593,35.0747690415991,48.760729689247,60.4911890834148,7,23,36,42,56,69,1.40248199874665,0.729498339980679,0.710199821368933,1.44051556115527,2.12237423542174,1.76402894568639,1.43810665087268,3.53903143891196
7.41410923521099,17.6952178984737,26.3582547591413,35.0715971730617,48.6472150509955,60.6827997769394,7,23,36,42,56,69,1.41719226835586,0.707835808809345,0.733243069088674,1.44830470827183,2.10587028737765,1.73517988635034,1.51596100849397,3.57531964491024
7.46435064341719,17.6044805493451,26.331029500334,35.0024697429931,48.4401523611883,60.7489929442992,7,23,36,42,56,69,1.432687870428,0.682224311918981,0.746153277141676,1.44353989649286,2.09138794597749,1.69930715507057,1.58668042465297,3.59842423292479
7.51209685838923,16.9813285879161,25.6692517622037,34.1312397849595,47.4575768073865,60.0815102114614,7,22,35,41,55,68,1.44744707213679,0.664469935267367,0.738291918088267,1.43394530453347,2.01923593412151,1.67050614486159,1.66935101342777,3.59701198860523
7.55103468570556,16.8099587537695,25.4948375283591,33.9161953520859,47.095050244036,59.9372799422648,7,22,35,41,55,68,1.4595071394745,0.62631672754365,0.737673599149917,1.40331838916538,2.00528678912045,1.63257678282708,1.72730642455943,3.60448574825736
7.57613617422345,16.6547266681716,25.3056995962842,33.6903722972813,46.7141481408729,59.7519011163939,7,22,35,41,55,68,1.46729292222948,0.594325367886108,0.730800158088133,1.37040533047265,1.99270547993525,1.59296726800045,1.77967451415157,3.60541685061812
9.45726846736246,21.3750771124069,29.1789563925823,37.3192858832275,54.5900696225813,65.5146981859198,8,23,36,42,57,70,1.81464352448652,1.16788669321424,0.567093453004475,1.97417930865808,1.90923904459576,2.54416811574146,1.23850899569653,3.89791729767297
9.80596400262267,22.6555098981657,31.3383187221679,39.9640292591908,57.5954171242946,69.0161306383378,8,25,39,46,61,74,1.92414926901831,1.09625889023581,0.624854022649237,2.02396608932652,1.80010891871887,2.64671617844781,1.3603235600997,4.05398277414581
8.62654484811417,22.2049271737954,30.7247483151018,39.3504306397792,57.1686366389279,69.2533220087718,7,24,38,45,61,75,1.80037871750213,1.25330026429687,0.595044099190143,2.02798947211795,1.80009979557099,2.48823192181435,1.35942349934656,3.90890530790495
8.58592066673638,22.0693567411232,30.7833758369779,39.2743737516485,56.9244652997096,69.2754933773709,7,24,39,46,62,76,1.78725072679818,1.23243270596498,0.531761237000041,1.9177602274117,1.756648218244,2.44190566837878,1.42452055574523,3.89997066252083
8.5376931396037,21.9217417782192,30.5735584082433,39.0112814238425,57.2926168139123,69.8780232849842,7,24,39,46,63,77,1.77168971516031,1.21071786533758,0.521376400834341,1.87816693384441,1.73951773547961,2.41393389446265,1.48256580453933,3.9248133709641
8.48679272870956,21.8771675688114,30.5195162538527,38.8833441472754,57.0338029376279,69.7971345905323,7,24,39,46,63,77,1.75529486125247,1.21209610255625,0.519803255093579,1.86801962814762,1.71581122116288,2.37876965113179,1.52709192929857,3.91827788298224
8.43971180618453,21.8264684409396,30.4366417450393,38.7221869579227,56.7429582698998,69.6868753510601,7,24,39,46,63,77,1.74015664159383,1.21130776802136,0.514472128760008,1.85249911047844,1.69076701254479,2.34406373598286,1.57268129576907,3.91161475342157
9.03896841594485,23.0708056051538,31.5174532121509,41.2179780218735,59.2922410690761,71.901923469427,8,26,42,50,67,82,1.68508599296606,1.21400996182677,0.406122482741392,1.71156952275745,1.89089787708695,2.35836190669279,1.32722037852078,3.84499838552516
8.0431830245603,22.6934965661232,30.9877545146432,40.7577750291014,58.1744550203949,70.4714799505115,8,26,42,50,67,82,1.38551937214939,1.34846510876078,0.384371379372194,1.61916722830847,1.91280082525816,2.184273882288,1.25439425623529,3.63227260632422
7.63710388446188,17.9675343305508,36.726356093582,46.8483132872013,62.8753968914062,76.3405120188147,8,27,46,54,71,88,1.26738188732007,0.448746575196116,2.16548332236637,2.2078015211892,2.02449469647351,1.82925574055315,1.22841987380055,3.34680336334825
7.53274036381077,18.6108188604815,40.4151866884193,50.6512237503458,64.746126919857,79.7562015767913,8,29,48,56,73,91,1.23743647998534,0.408312792552557,2.97083503737639,2.67461582479422,2.0609692004397,1.3688741828417,1.42886137955532,3.13675118628446
7.51596990026101,18.1640859998542,41.5378474307446,51.7208830188451,65.2133878890847,80.5488744830249,8,29,49,57,75,94,1.23264093311572,0.355575768072946,3.19667152137932,2.76942311039907,2.04400715454071,1.10085235893058,1.35796852053022,2.78536616494359
7.536969575302,18.0128491468913,43.7300172108108,53.6935072471348,68.5384270030719,82.3546009160056,8,30,50,58,77,96,1.23864655612988,0.280899818060514,3.86137158561444,3.08196852324397,1.97404450973262,1.25273740213588,1.04208598539142,2.57532307123132
7.58224625860089,18.0471459640347,44.3803491540715,54.2715673120891,75.9391576316934,91.7464221694625,8,30,51,59,79,98,1.25161948078974,0.279774303646301,3.8138992709152,3.08074671329405,1.95112088632265,2.73384420628689,1.4618907831643,4.3359032117438
7.63361039847546,18.0872867496497,44.7624074913788,54.6068667612927,75.4165999884571,91.6984888627759,8,30,51,59,80,99,1.26637665624658,0.278626271472322,3.91185762780912,3.15929000953063,1.93631848845713,2.32826720253948,1.5690069705267,4.07442968810184
7.68841689042196,18.1295082920181,45.033154169015,54.8298300727965,74.8491036323542,91.2650630443596,8,30,51,59,80,99,1.28216927681143,0.277341899598124,3.97766475886614,3.21536615389746,1.92121542754768,2.13330407525788,1.5997148776338,3.91402866482353
7.74537977448218,18.1732869237735,45.2370267870965,54.9852465279132,74.2911491665786,90.6899495342538,8,30,51,59,80,99,1.29863350461453,0.275999697844408,4.02392357210036,3.25781693851045,1.90592433492925,1.96190275721486,1.5957738698162,3.73902127967528
7.80358115782163,18.2180078409223,45.4129237079873,55.1136015108969,73.7611981571764,90.0794931902357,8,30,51,59,80,99,1.31550797013258,0.274630868742317,4.06192214905863,3.29459685917444,1.89094603919178,1.80780109919182,1.57732626201586,3.56503059241981
7.86233669553661,18.2905433124839,46.7474155404215,56.4715666985791,74.2812562722044,90.4415301630214,8,31,52,60,81,100,1.33259605128785,0.229254088978671,4.43172954236205,3.43567892622693,1.89833840183744,1.6176793082331,1.54132141555127,3.35370060632478
7.9210907963323,18.3174417705298,46.6725400058866,56.3683178997458,73.6674105979115,89.8347803431622,8,31,53,61,82,102,1.34973627364904,0.226399755633356,4.17009672042458,3.28178788726062,1.88940367755664,1.5053331179724,1.39946816058235,3.10068340155869
7.97941715770286,18.363696949771,46.620221484418,56.2864893899268,73.10511246377,89.1919079840446,8,31,53,61,82,102,1.36680307747967,0.225323254786024,4.14169336039134,3.27098911954571,1.88012017893915,1.40217844065319,1.3821259756817,2.97873070997449
8.03694940551346,18.4235104773499,46.5945199040853,56.2383330579143,72.6029418659959,88.6194850870671,8,31,53,61,82,102,1.38368706218847,0.225526482949542,4.11709086868246,3.26568874405815,1.87306247581289,1.30708919168493,1.3670668073116,2.86736930892262
8.09338353805334,18.4932514971956,46.5910737794164,56.2187967818507,72.154114383155,88.1106553588358,8,31,53,61,82,102,1.40029603537623,0.226713925989838,4.09606338523304,3.26497828571015,1.86800857809333,1.21940108234459,1.35425042105031,2.76577404002807
8.14845292181325,18.5698106050716,46.6091816869869,56.2265306115084,71.755248874891,87.6608870588924,8,31,53,61,82,102,1.41654795609785,0.228638762382773,4.0792885271861,3.26871204165401,1.86475158492748,1.13842165703891,1.34341079133435,2.67289549867629
8.2019214982022,18.6521282805352,46.6522667182373,56.2641395612111,71.4086497247715,87.2700092467281,8,31,53,61,82,102,1.43236914265878,0.231236745116607,4.06803859604288,3.27760192334374,1.86303281475515,1.06382713004292,1.33400660859979,2.58778007131026
8.25360295499118,19.1281222489586,47.6545792830208,57.2473651825634,72.1398386624037,87.879550360258,8,32,54,62,83,103,1.44770015170205,0.226036062228964,4.21958378369332,3.3484930306314,1.85704458101765,1.01594366230266,1.30829013865847,2.51161439289752
8.30332970291751,19.5503771714047,47.7482354240435,57.3413625213931,71.9284973710881,87.7404558494999,8,32,54,62,84,104,1.46248678344052,0.259793950601907,4.12481138440009,3.36786750120958,1.85715159160083,0.854020166968209,1.32354192074433,2.34701205702907
8.35096497445097,20.2405294286073,47.8011513300541,57.4046337719462,71.6954757746653,87.4626154858803,8,33,55,63,85,105,1.47668380689302,0.273955006554072,3.9425303300864,3.243891384105,1.86039996574085,0.803559103298539,1.31407303281478,2.28557321462856
8.39637710765296,20.3755814897518,47.8680977725446,57.482451714618,71.4980674629065,87.2280207758638,8,33,55,63,85,105,1.49024741574711,0.282514363472742,3.92316902473043,3.25749872309189,1.86381151340575,0.757835189759651,1.30623486451106,2.23010155581399
8.43947110018701,20.5077524357677,47.9344082165992,57.5619107987918,71.3229655364751,87.0128332114755,8,33,55,63,85,105,1.50314473461645,0.291159174668226,3.90446843288161,3.27099653155576,1.86793936388712,0.716554206430988,1.29780417721015,2.17878807372188
8.48018522398777,20.6365687295578,47.9975460067989,57.6394458315415,71.1659562369122,86.8122150993362,8,33,55,63,85,105,1.51535294107872,0.299845416763421,3.88584161094522,3.28386674690272,1.87246135413317,0.679397636160986,1.28865449010721,2.13112630861097
8.51844697566949,20.7619751063123,47.7128145770216,57.3857601126668,70.5716318309486,86.2646957066223,8,32,54,62,84,104,1.52684613212424,0.362463511692803,3.77002912113946,3.36053549403001,1.8822200617988,0.626970444778562,1.29847568314732,2.08404568590112
8.55424391527946,20.8844682948828,47.8107324057164,57.5045194839368,70.5011560794265,86.1315072299031,8,32,54,62,84,104,1.53761664138549,0.372228940770582,3.76311762331494,3.38081769660155,1.88877709520678,0.598649517083274,1.28532256937517,2.04297970486163
8.58754104960149,21.003589792243,47.8946511535759,57.6081828615442,70.4381178290001,85.9994361134752,8,32,54,62,84,104,1.54765027424866,0.382024784290802,3.75322287668854,3.39823383115761,1.89499333282639,0.574186171500587,1.2708989950856,2.00488910048795
8.61835475382943,21.1186804725849,47.9631547096554,57.6945564515967,70.3802640307905,85.8661053491576,8,32,54,62,84,104,1.55694857887825,0.391767922311433,3.74013832464663,3.41247370559321,1.90062298918669,0.553392784658313,1.25519552863489,1.96954977838218
8.64667633174312,21.2305861245247,48.0156181591796,57.7621317383361,70.3259645807938,85.7294072777699,8,32,54,62,84,104,1.56550583488804,0.401551616434823,3.72346003070262,3.42339322334964,1.90538638364357,0.53609417198419,1.23813189282485,1.93665478061774
8.67256114001273,21.3383921037471,48.0518508590987,57.8101168708338,70.2761114970052,86.2948453670209,8,32,54,62,84,105,1.57333597278821,0.411256674773095,3.70340303595681,3.43094157263237,1.90909254373442,0.522389452209952,1.23626654506221,1.92220922649469
8.69604461565529,21.4425367553152,48.0714343747104,57.8375124089923,70.2300295742076,86.1415175754517,8,32,54,62,84,105,1.58044722574886,0.420924102157335,3.67974187437417,3.43502378959349,1.91155689782764,0.512204618209956,1.21459868249672,1.89264461379028
8.71719205929439,21.54285857141,48.0743576689597,57.8437411566644,70.2661221189434,85.4175507167981,8,32,54,62,85,105,1.58685717473507,0.430520514938195,3.65253648897535,3.43563329886462,1.9125998200378,0.445706077152633,1.18646791762394,1.77038351453247
8.73605031672364,21.6392347620816,48.0596004653614,57.8274841063093,70.2413457782011,85.2822797201133,8,32,54,62,85,105,1.59257810406288,0.440018512328872,3.6215576247355,3.43255679091909,1.91212658057758,0.44462888171433,1.16406905823809,1.75043375709479
8.75272172294677,21.8187012129841,48.1264586170752,57.8258317294179,70.2810571892476,86.1904182558589,8,33,55,63,86,107,1.5976394140476,0.397306812330573,3.59023656332906,3.31019972590982,1.89053533195242,0.449870727921536,1.21417037706169,1.78951738350495
8.76728519030741,21.9065028281903,48.0749781470613,57.7616505692128,70.2727824640937,86.0980756183392,8,33,55,63,86,107,1.60206367457896,0.405760455202089,3.55159320241474,3.29967496848129,1.88653820158221,0.457002350088138,1.19728589376144,1.78276395030671
8.77982452096478,21.9858845357365,48.0061478579674,57.6746775802542,70.2820273387617,86.0243477899878,8,33,55,63,86,107,1.60587518313375,0.413553229102701,3.5105909029106,3.28562154967266,1.88083138787451,0.469401769911506,1.18070685192231,1.7819552152791
8.79044032434481,22.0571872264804,47.9173496950073,57.5626709083786,70.3094014314547,85.9714353926459,8,33,55,63,86,107,1.60910356954951,0.420692073876468,3.46643844718243,3.26752231345787,1.87353629959418,0.487643171323779,1.16474601127824,1.78788452968931
8.79924493773609,22.1197377907096,47.8060764664792,57.4237622396727,70.3552272517579,85.9410379943164,8,33,55,63,86,107,1.61178223647843,0.427064871559529,3.41866659521251,3.24489176952211,1.86485732182776,0.512324932986417,1.14966763835728,1.80127682688287
8.80631612017166,22.1723004221566,47.6698936740821,57.2563363769259,70.4198198300254,85.9681847605064,8,33,55,63,86,108,1.61393424442489,0.432495819648812,3.36699086977874,3.21727064118789,1.85505538304661,0.544128001688784,1.02616532177851,1.72913602074817
8.80195584688855,22.3532948667157,47.4100319589121,56.9614928794585,70.3128539896154,85.7382712950979,8,33,55,63,86,107,1.61260718612348,0.4549719954594,3.24710521370662,3.16479639054559,1.84409318630077,0.570526455097803,1.1181788150464,1.83344608648641
8.78557554410025,22.7349180534297,46.9493962456577,56.4543045136989,69.8914850183023,85.141434815759,8,33,55,63,86,107,1.60762395709462,0.505096578890857,3.02134597128555,3.07253527007924,1.82952597821968,0.582774613810381,1.08410810197271,1.81075271038523
8.7739375371464,23.091500526892,46.4304220236257,55.8748186341241,69.4360598310005,84.4681077271675,8,33,55,63,86,107,1.60408550133829,0.553687190307274,2.79147511888527,2.96976468796694,1.81062677319214,0.600688772868168,1.04235649642085,1.78517380428081
8.76698254110869,23.4097331165272,45.8598707640344,55.2286215733023,68.9541211824032,83.7254887877962,8,33,55,63,86,107,1.60197170475982,0.598327491509149,2.56348307283699,2.85824493607505,1.78705874701702,0.624782352163537,0.993238157661334,1.75683430717564
8.71195825309523,23.7275073062694,45.2201468259327,54.4888372088284,68.3521464131318,81.0983787178826,8,33,55,63,86,106,1.58527023253028,0.651448478061293,2.32432782868871,2.73506784180641,1.75598444777069,0.64532221834039,0.736989727981632,1.53424006136904
8.64397710813266,24.0105048527408,44.550427195816,53.7053944316785,67.6894729182332,80.2424834501139,8,33,55,63,86,106,1.56468982337889,0.703311192805536,2.09352357364945,2.60827503654282,1.72080825233522,0.66356395563868,0.704641695713615,1.50524381860362
8.57996375410784,24.2396797565582,43.9087830346168,52.9432942517917,67.0578680117547,79.3384531495135,8,33,55,63,86,105,1.5453656730588,0.747976135674954,1.88928642603579,2.48892071497733,1.68371660839834,0.683525814989742,0.755724485741959,1.55732007043825
8.52088703849507,24.4139407666724,43.3270412513907,52.2387623415118,66.5088241093552,78.5158603768769,8,33,55,63,86,105,1.52757975099333,0.784376948223275,1.71756871760287,2.3825477500905,1.64608712191461,0.707647496423626,0.708602048947161,1.51931800685466
8.46777736700507,24.5298821192942,42.7970182814513,51.5878894962882,65.9523290993587,77.5624964967816,8,33,55,63,85,104,1.51163005078142,0.811213300794434,1.57523237990084,2.28718790323222,1.60923463843442,0.815974848714616,0.642491296733998,1.54653987817168
8.42162451178471,24.5864021121213,42.2808421271139,50.9551850228238,65.3632664990821,76.736683933034,8,33,55,63,85,104,1.49780047831884,0.82770027314352,1.4526173732701,2.19577497234975,1.57387527279365,0.823374328369567,0.604364766314464,1.49751108247615
8.38334583760495,24.5543111044923,41.6543628533217,50.1318732051396,62.7432344462448,74.5628863068729,8,32,54,62,83,102,1.4863523642289,0.925411767919003,1.32910497413071,2.19453916619058,1.51455018915573,0.624068192880646,0.677049401742159,1.34967533895785
8.35361809951076,24.5130709729718,41.1289148284483,49.4918599465781,61.9187456015103,73.0349453196014,8,32,54,62,83,101,1.47747545688265,0.923434113463913,1.2314485115539,2.10238304794618,1.4802592599959,0.595931377195418,0.653978527793369,1.28682489950426
8.33292335769875,24.3945271149862,40.6123578751716,48.8411854285366,61.112020614281,72.0303125642738,8,32,52,60,81,99,1.47130305650163,0.906695193856902,1.41036707911819,2.230570587758,1.44034595746613,0.572579314454052,0.621018862685792,1.21455828509616
8.32125527369966,24.1922829421185,40.1582125634237,48.2839588166758,60.2948922082983,71.0483738015421,8,32,51,59,80,98,1.46782555454201,0.87445650348144,1.49741876412397,2.2615878765913,1.40984152223889,0.534616813527513,0.594122138444284,1.1384805326096
8.31774695374154,23.8938722402203,39.7359938585348,47.6258975558808,59.3342417302758,69.8538963264468,8,31,51,59,79,97,1.46678032037946,0.924094095603222,1.32992797327686,2.18493456767786,1.34063161418427,0.570570253264906,0.556839544976721,1.11049192585323
8.31946686316373,22.0945005006597,39.6451387585393,47.4226140644332,57.4794281354686,68.9637773390162,8,30,50,58,77,95,1.46729271183251,0.718795535544456,1.70837656875489,2.28255672661645,1.30793254463329,0.411425756957049,0.71716079831427,1.0786071244405
8.32757120021345,21.9118996655437,39.6181287336131,47.2163626270297,56.8111528189513,68.4093662326185,8,29,48,56,75,93,1.46970768982049,0.781621733193763,1.90477699286599,2.51789783056668,1.25620826611969,0.351897385673523,0.737182908261756,1.00527342464119
8.35688141579319,15.729222398668,39.7806973414855,46.9928693489073,55.3067039477087,66.5560578054002,8,27,46,54,72,90,1.47844931129785,0.131543168755102,3.60575203463925,2.80905844709099,1.14658283970529,0.260563530027338,0.676553116848379,0.814540642998386
8.38961580102793,14.2767174937091,40.470302147086,47.3869318808528,54.9888700635943,66.8462916753957,8,26,45,53,71,88,1.4882261683617,0.0661721471765032,4.23743419843611,3.09186817283166,1.06441056356984,0.188476028175963,0.894856722649386,0.83438406114185
8.4685061184058,13.8549012439659,39.5504927507774,46.5818422498949,53.5827771557643,63.3950289977489,8,24,39,47,63,76,1.51184865016776,0.0844483190093863,5.14758545067454,3.81361488521053,1.09611946377102,0.222881765390459,0.978906571307675,0.950551166964736
8.34679099698504,14.9566549650382,39.9029589902755,47.2315239792704,54.4011284560561,64.090771193938,8,25,40,48,64,77,1.47543855556832,0.141849859463453,4.90179039516736,3.73081423843458,1.179369085998,0.241497332828382,0.951538202757535,1.00090598834947
8.22793717932518,14.9661641686802,39.4563305869297,47.1390302837135,54.6010387691729,64.2864547182336,8,25,40,48,64,78,1.4400818250054,0.152580014850658,4.75326980963679,3.62586211382709,1.28051962970239,0.275551630647902,0.820282149464943,1.01085316719808
8.12335510527322,15.1160489244205,39.0423382453543,47.0524965801672,55.1078499740035,64.4877793791962,8,25,40,48,65,78,1.40913572711078,0.175135111322128,4.5708823317109,3.52942089883998,1.3758186037006,0.287349652067821,0.883593048743556,1.10328791590942
8.06085520140681,15.3378117453088,38.8529790034777,47.046169263351,55.2398803686549,64.4950325635808,8,25,40,48,64,77,1.39071702900065,0.202332114054607,4.43878103815925,3.48558313134728,1.42978280868551,0.370321320770201,0.856713970138403,1.22660852899013
8.34933409684896,16.7171751598,39.0804740517941,47.3528970067436,55.389365894329,64.0046150214285,8,25,40,48,64,77,1.47619722736389,0.325682481139554,4.07282942012434,3.53827050350905,1.45329235072411,0.348836437675419,0.723583790522047,1.11273037271854
14.5982121514201,26.6205923496937,39.4489214277004,48.1186217867261,56.5461505133295,62.3811966944767,8,24,37,45,59,71,3.53330152959662,1.05290252696414,1.72359970194642,4.13645643466006,1.57247016060602,0.578422026904141,0.325574889620712,1.07502484744123
17.0293415490291,26.969502201154,40.551807402436,48.9004554223415,60.2239759000552,65.460673701066,8,26,39,47,64,75,4.40182410407973,0.469035277608973,1.92771865522629,4.05569109029207,1.47599254425159,0.792910260159824,0.311248035537743,1.20358743430888
16.9322345114115,27.3606999363259,40.9348603140971,49.6230751969118,62.0623974876072,67.0630459992226,8,26,40,48,65,76,4.36664191185106,0.542583776319188,1.73479972449756,3.97680302279974,1.5780754378778,1.01117774095857,0.275502544102803,1.40823726993446
16.4912759681322,27.3130493316932,39.999929445517,48.9795136264437,55.5836241178773,65.3280066498669,8,26,40,48,64,78,4.2073584067288,0.605205835153313,1.50791163278982,3.75372386494479,1.66686119496579,0.18211963933081,0.832384929329366,1.08538599647011
15.8397651215365,27.1615241661389,41.479401639749,50.2947750895351,56.8420625132022,66.6079414127856,8,26,41,49,65,79,3.97351548335806,0.688961262848901,1.74686083395523,3.93858120022695,1.61669162943569,0.176636263812179,0.836812992475152,1.05524175501285
15.0845530751597,27.0018250613064,41.6799196356109,50.2964003075263,57.3165999359241,67.0127275221619,8,26,41,49,65,79,3.7048490823729,0.794461454629779,1.83962485460545,3.98643176121112,1.55638270227378,0.224969437099286,0.822475903285922,1.08610513270747
14.3239196925081,26.7343740794039,43.3222485601065,51.4215294179223,58.9605719633994,68.5332601373788,8,26,42,50,66,81,3.43708942606876,0.886292707249037,2.15466511709079,4.21134232375213,1.40203433811911,0.284893697632751,0.683565019706053,0.98282381055906
13.5590128132812,26.2823986774438,43.7861377929308,51.7002982018588,59.622361532883,68.7134701558627,8,26,42,50,66,81,3.17097886215775,0.946551104703038,2.40176299410594,4.32373919614953,1.34771177136172,0.333583431835413,0.596524141400595,0.94237220444546
12.7380208880429,25.5018708805217,44.8159203500922,52.7813606114479,61.0008785614834,70.1405521580187,8,26,43,51,67,82,2.88925226790572,0.954452273033079,2.69614868503483,4.40111276967434,1.3627086854409,0.373904431043218,0.605085606899398,0.999238133574003
11.9680753332931,25.3881947628285,44.6662164762655,52.621049543399,61.0837846732451,69.6773480709859,8,27,43,51,67,82,2.62912354749291,0.964851613596662,2.89961846065192,4.36480526241404,1.35960335717938,0.408450504893955,0.511729117253916,0.954242408612798
11.289981583013,24.0083685967509,43.3089672814248,51.3750009043438,60.0305206209928,68.2312067076494,8,27,43,51,67,83,2.4036743742064,0.833682575576812,2.90610264637963,4.03984070658504,1.39224094759866,0.436814276082389,0.371288176094654,0.86380354959278
10.7275202687078,22.8069479415589,41.6727733680287,49.8717057047969,58.6837228872564,66.5105950931381,8,27,43,51,67,82,2.21953754936882,0.72095098679156,2.78186535443499,3.65861215039869,1.43148358263236,0.460462967487936,0.392084530391869,0.929766831448893
10.3017801133826,22.2187860198368,40.7618958496143,49.0514356904913,58.0408234081806,65.7375688882509,8,27,43,51,67,82,2.08204713015365,0.693367644030226,2.69052948036958,3.45164457502501,1.45838279549517,0.487927864393868,0.373185387543512,0.949211543897498
8.38030289115815,20.1859637601032,35.5114284887948,44.4279023459701,53.0358239292818,60.8380218073807,8,27,43,51,67,82,1.48544316153337,0.674717631595593,1.82665832158602,2.34096845547799,1.64754017671366,0.429731841928244,0.388468498853876,0.999522566472894
8.10110097803244,19.562768266496,35.5114399444993,44.7255642838013,53.4763666468188,61.8603062369752,8,27,43,51,67,82,1.40257094138921,0.618459936868968,1.98666089058357,2.34097071103969,1.73908747515126,0.451146839302594,0.477648437128744,1.1525639769674
8.03854924878862,20.6274852330313,36.5852191989217,45.7426285127773,55.3667878180105,63.6765169639626,8,27,44,52,69,84,1.38415726568396,0.810312455141858,1.81202874953782,2.42624044332894,1.72156202402018,0.50242558117548,0.465825020545356,1.17695442179926
7.98470638275589,20.3476550758164,36.4584850042425,45.4996325146494,55.0714390182967,63.589853049235,8,27,44,52,69,84,1.36835326091257,0.77015480798982,1.85012393198896,2.4012128825917,1.68575556336254,0.494373271337856,0.499396381052736,1.18313629162218
7.93668703226375,20.4897186332034,36.5935919474611,45.4824541769753,54.8797105919788,63.5417705830953,8,28,45,53,70,84,1.35429488144417,0.704645189822218,1.84838776675569,2.3030634265451,1.63910243895327,0.467941972325002,0.621027180597696,1.24662441345693
7.8949506372141,20.4593457246645,36.5139648944925,45.2760512483627,54.4869548339622,63.3010492174341,8,28,45,53,70,83,1.34210400509821,0.706530778667923,1.83610933067596,2.28774909327991,1.60048400086643,0.440440604333089,0.76408318971043,1.31671241888256
7.85815834783403,20.3143698322476,36.4298354462155,45.0750348682804,54.0822589402687,63.0768177990144,8,28,45,53,70,83,1.33137910412927,0.688665508072544,1.85128113210502,2.27161000677885,1.56505933351474,0.411246713920398,0.801526857132543,1.2936877371725
7.82428351303488,20.1328999293212,36.2399781733486,44.7677809924302,53.5620825437479,61.8816605675115,8,28,44,52,69,81,1.3215228723673,0.664604561638458,2.02793793123179,2.35828428095998,1.52965945180303,0.381714010428728,0.785997647683294,1.22654844773826
7.7911224286715,19.934551659702,36.1050410602248,44.577624999434,53.1495284729761,61.7395776356817,8,28,44,52,69,81,1.31189136850513,0.638109523834958,2.04452839209972,2.33191563215854,1.51307198287036,0.351967027592338,0.844824084950059,1.22539198212234
7.75688982665175,19.7259541713103,35.8780791817498,44.3162350564779,52.6801260765943,61.5459525583096,8,28,44,52,69,81,1.30196647037955,0.610647320771055,2.03971974625516,2.28780997860579,1.50275073569465,0.325183358525541,0.906281717049883,1.23079104575304
7.72051038187043,19.5379220949676,35.7074914653135,44.1680219496718,52.3280739101763,61.4596666525291,8,29,45,53,70,82,1.2914391369857,0.50711872312804,2.04428740994852,2.13480250829194,1.50945663483357,0.299931308406122,0.966858415489737,1.24448835451927
7.68160407280412,19.3554744709811,34.5535042843541,42.9508260695909,49.8506931646583,59.2685924101256,8,29,43,51,67,79,1.280203555773,0.487153586847389,2.17208576936016,2.15516874381398,1.49052987059426,0.212093182640703,1.03353484447782,1.1722939064804
7.64048832490054,18.8643618067994,34.7938213999186,43.3195046956835,49.9719581732082,59.588038768998,8,28,44,52,68,80,1.26835592683451,0.499328652742736,1.9816710630244,2.08145793844189,1.52902200484936,0.186854926448488,1.08051582976676,1.1850308363223
7.59791749672646,18.707448781816,34.4173167076039,43.010008851751,49.4894588734807,59.3539984282281,8,28,44,52,68,80,1.25611741373474,0.48314346234413,1.92489340854489,2.01153079893259,1.54920379302707,0.170207210407405,1.1403359041398,1.20810769320316
7.55511592863366,18.5665370001592,33.9590881193697,42.6111631509526,48.9171744672454,58.9981165487765,8,28,43,51,67,79,1.24384195619739,0.469451401307587,2.02756472074456,2.04277033580068,1.56713821904201,0.15435299817382,1.19324388141323,1.22480077203229
7.51363809274033,18.4448259188009,33.7239760059281,42.4933158441542,48.6540979359542,58.9343310734866,8,28,43,51,67,80,1.23197451232933,0.458389574454641,1.99739591116948,1.99894209208332,1.60268807712059,0.141725642594385,1.08571273424057,1.15756719722879
7.47560374609806,18.3409979286129,33.5125353786055,42.4209242580792,48.4535169939684,58.9165270025517,8,28,43,51,67,80,1.22111705786349,0.449410083724599,1.96888293467341,1.95983617982152,1.64506853812802,0.131073311414266,1.12839900668995,1.18832694200208
7.44388048850723,18.257966579139,33.1820899064911,42.2766955393988,48.696550600359,58.8805032460295,8,28,42,50,67,79,1.21207945217742,0.442465145861394,2.09649872807724,2.01481203444857,1.70219957211257,0.126767443864018,1.21868480029623,1.23574585107259
7.42273381041727,17.2145512269113,32.9006325107793,42.1844008978158,48.4681715316065,58.8425122270225,8,27,41,49,66,78,1.20606428076893,0.376738174260859,2.3084628548128,2.08102669909195,1.76065962200147,0.116553970686732,1.26612913444229,1.27554184353717
7.41902610957886,17.1364336186579,32.6052988732076,42.0951689301838,48.292566783205,58.7990141273913,8,27,41,49,66,78,1.20501039375401,0.367260618137157,2.24750310489397,2.0246718863834,1.82482537526889,0.110326364225664,1.29936595721585,1.31725401945666
7.44484552044565,17.1265248545116,32.3236660743819,42.0383664852159,48.1982791364525,58.7445937799842,8,27,41,49,66,78,1.2123541330325,0.362751286218294,2.17183942785379,1.97147386060562,1.89536140874208,0.10768517084278,1.30944615524271,1.35535994151103
7.5549667514073,17.2496585432534,32.0976772078595,42.1588090300967,48.3842756526881,52.9405940743877,8,27,41,49,66,77,1.24379922412555,0.364390502770428,2.07562220043829,1.92917451693612,2.00510008661062,0.112328464729996,0.213606278184978,0.624934071408891
7.82155281552771,17.8095093934653,32.0655749918996,42.7196603686652,49.0812302141931,52.9475287282471,8,27,41,49,64,75,1.32072911311256,0.402273118467462,1.91516952815152,1.92319407567541,2.19570211493815,0.205043140394542,0.13250996113247,0.771790501251172
8.09204498476342,15.9226517330958,26.4675386729385,37.4319647817449,43.7678967678842,47.6403317172691,8,24,37,45,60,71,1.39990155174341,0.321622549148377,1.14769156475505,1.36323192681346,2.29676130917413,0.202298736985683,0.133146179863977,0.812072784617821
8.30496563849317,16.1759680195003,26.6510665395669,37.4058372941702,43.9164912621969,47.7048213414263,8,24,36,44,59,69,1.46297382860843,0.32687995916231,1.29145578584534,1.49994461871105,2.22839490777566,0.221377034708761,0.173853226316732,0.87615815252798
7.83166360437162,15.575960657493,25.971138646007,34.8202002796119,41.5569187521271,44.767744483108,8,23,33,41,54,63,1.32366868991635,0.380042569676792,1.6458185849172,1.7182003928549,1.62695662516212,0.385163650347209,0.156712606613845,0.794590896447645
7.48823558357968,13.404039064524,24.0583559354846,32.1491472690236,38.3201813005416,41.4105204108708,8,21,31,38,50,59,1.22472035961391,0.266403006185632,1.72030278991009,1.59097404765873,1.62878071922557,0.378186851123889,0.141638532142658,0.748025169949876
7.00750612244662,13.2138971723124,24.7547757763141,33.8178308491578,40.7117391931723,43.4408616403407,7,22,34,41,55,64,1.29315434237871,0.188723935917848,1.56799630206264,1.37977261286893,1.94257007684715,0.331953723226253,0.100905471172011,0.778474147774622
7.22086147809746,13.498525138676,24.9719737084571,34.0446320011596,40.5625068124066,43.3878216815968,7,22,34,41,56,65,1.35793115335403,0.196132271201544,1.55005644687147,1.41813024782566,1.94572081121202,0.222184336267428,0.111084488252673,0.663468904285657
7.45230221667691,14.7362738453327,25.1405132340889,35.4818707133074,41.9181827267589,45.0215627034886,8,24,36,44,58,67,1.21447708344747,0.254549838268439,1.27362894927325,1.24144728931138,2.09475627644829,0.270367921766497,0.143234992800023,0.871298150874997
7.65755826910894,14.9836546807757,25.9203412906647,36.0342377115649,42.7454502151002,46.049529632126,8,24,38,46,60,69,1.2732714250074,0.259444264454904,1.09015567692811,1.17700663603675,2.02192232916355,0.306656419636592,0.168872026089656,0.908979271674748
7.84715755654556,15.2712034150657,25.8340068119691,35.9431033141591,42.7476828147683,45.9320272035028,8,25,39,47,62,72,1.32817638758707,0.217224673024756,1.00675453676173,1.07429734761567,2.02039087958642,0.255430301591164,0.106019111035705,0.74089240004128
8.02027377356035,15.5334643200555,25.9160388714403,36.0026388136919,42.9437365986006,46.1434542086247,8,26,39,47,62,72,1.37878823542639,0.180354154918105,1.10954847902552,1.0866075587985,2.01321626105342,0.272067035952876,0.107536514556917,0.758602038701583
8.17495331263224,15.7194606285391,25.9991869362031,36.0898526763149,43.1318638007174,46.4238408854699,8,26,39,47,62,73,1.4243842335898,0.183197992064034,1.08559510916144,1.09914747655248,2.01451255235276,0.284693368130993,0.0800300333600113,0.710365059831255
8.30927944851987,15.8532430672747,26.0414385372867,36.1622656555058,43.3226182730694,46.6715367782711,8,26,39,47,63,73,1.46425830011685,0.183148413254591,1.06442078296611,1.10554354595872,2.02413402579646,0.240456566960232,0.122841959471557,0.73766873995691
8.21311698949283,15.831048864443,25.6622111121651,35.8589437392533,43.3740051629087,47.463203515755,8,26,39,47,64,75,1.43568701339979,0.189960338359772,0.983150897844571,1.04871539047641,2.04838796393565,0.226716982533472,0.156617839340729,0.745764748644429
7.69322964523602,15.5872850939844,25.0529250740829,35.4717556875508,43.276483366898,46.7446116569736,8,26,39,47,63,74,1.28355835583153,0.21657362566747,0.902222984719082,0.960187377783052,2.11967810871495,0.318275825882383,0.0946241471264101,0.806131826340642
7.04383153077695,15.469702923489,24.4202749061409,35.0828670195031,40.0406466861347,42.102348347921,8,23,35,43,55,65,1.09958407869571,0.484385423380251,0.925456850102426,1.22056953435039,2.19846071171663,0.205255144693719,0.0261296985463988,0.638967642102095
7.08234791019764,15.4963807744487,24.2455039854175,35.0154679553572,40.1856133889483,42.275252524619,8,23,34,42,54,64,1.11029277217946,0.482479282818984,1.0269773491266,1.29149295199389,2.23333613329576,0.232003094447756,0.0273819636498824,0.685846415112318
7.21468087986437,15.4190213319523,23.7699236933987,34.6977324349833,40.0404755490279,41.6742063621017,8,21,32,40,52,61,1.14728707876468,0.642515761504392,0.931774099288294,1.42134375737879,2.28479286736784,0.254888189871,0.0210253527360198,0.746642140346014
7.20420142768143,15.5396119072336,23.6461458759866,34.4921821758109,39.6805369450004,41.2850289645569,8,22,33,41,53,62,1.14434623249218,0.56202038948707,0.874833344218856,1.29170607655681,2.25810784773767,0.234369539967909,0.0198012712854476,0.708712595529922
7.09678842303372,15.484384421425,23.9387947997556,34.6506360003095,39.6470251362431,43.2742981835512,8,22,33,41,53,63,1.11431454773765,0.571288672107226,0.956238077795346,1.34275225585538,2.21444434246898,0.210000534233052,0.154148478342032,0.875262847448975
6.93928980925454,15.2674319122679,23.6852046479671,34.3044120640987,39.0863140715106,42.8337687880736,8,22,33,41,53,63,1.07065462323269,0.560734369904224,0.947555748212073,1.29847304489619,2.18439868161513,0.184310843591774,0.168744159714001,0.846889983806988
6.7672022863316,15.0461747150915,23.3914512647167,33.9036046277281,38.4733195351271,42.3689488776629,8,22,33,41,53,63,1.02347742648306,0.552065994936702,0.930450252952915,1.24793116383594,2.14977413901245,0.160536163875869,0.187609364393848,0.821286360480054
6.59904027330138,15.3386688756694,23.0867839385657,33.4857471492771,37.8737966401011,41.9083062738336,8,23,34,42,54,64,0.977928191714614,0.536061708644063,0.79347842398758,1.0996299997114,2.11328162717491,0.141507167934652,0.206143127919278,0.798244720633171
6.44377584117988,15.1855101774863,22.7736895696111,33.0733080037988,37.3192888676548,42.2885143532979,8,23,34,42,54,65,0.936375401738139,0.536415957531181,0.758043624001268,1.0500168693613,2.08135340437163,0.127493370224506,0.270890379429951,0.816970459486345
6.3317266702435,15.008357811356,24.2753666681827,34.4468089809034,37.6576787581317,40.8825885587869,8,22,34,42,53,64,0.906698389985165,0.623713665338819,0.998215381696941,1.29660441697574,2.0403006534268,0.0737624155527539,0.0748269198501851,0.504023551297161
6.34090092624359,15.0749094949762,24.2715671053747,34.2472155947538,37.0994938340397,40.3983856052437,8,22,34,42,53,64,0.909118281578371,0.634336593602915,0.981884180059822,1.29595360795323,1.97790628362965,0.0494735325152192,0.0805775806321325,0.448762488450192
6.45634708436704,15.0908447004155,23.826800954111,33.417276011718,36.5820571676439,39.9797592787144,8,21,33,41,52,63,0.939721392067311,0.727468797623711,0.877158239048071,1.32312374334435,1.85631986035834,0.070328217481486,0.0886283547341055,0.4516869437791
6.61406275447139,15.1508151291567,24.0912026174336,33.1409221210547,36.9700074848958,40.683296696365,8,21,33,41,52,63,0.981974519493597,0.707820121062033,0.923145375743932,1.36964872902967,1.688390036999,0.128685385115473,0.117155963715144,0.502234886466255
6.77345219173045,16.745863215623,25.2419165406629,33.6092820980304,38.2255994338087,40.3339053600648,8,22,34,42,52,63,1.02518095265304,0.879785901178327,0.824214380804907,1.46638087717381,1.48157903172756,0.292278845400981,0.0163075644572049,0.392693559621661
6.92668164896166,16.8027722440229,25.7228065274882,33.6863789936174,38.9245736177258,40.6639030355211,8,21,33,41,51,62,1.06717922347372,0.993259443032092,0.918531768247501,1.67044115808511,1.36216175391106,0.398225268352028,0.00754768674781539,0.376851750539455
7.56902797755245,16.7003404439544,25.7239607972391,33.2127908252449,39.4418893693545,43.185444112951,8,21,35,43,55,67,1.247828672504,0.830325764595978,0.689014317804122,1.44360626955871,1.22488999296066,0.387621613795346,0.0841684375596856,0.480406264762913
7.67369310034877,16.2484982605926,25.3037946334652,32.8310056957271,39.6973154623255,46.9394489785619,8,23,38,46,58,71,1.27792190170015,0.508638777570673,0.590242619440741,1.08169792179058,1.23585485775136,0.497425891133501,0.46769880474545,0.963433347806827
7.43260872096896,16.0041083409982,24.4735694825551,31.8214061403836,38.0904736332625,39.2298316268661,7,19,30,37,48,59,1.42289374573666,0.840743068350318,0.959812059324368,1.79822694668367,1.39680770539952,0.488677709405247,0.00119484186048088,0.357906616463131
8.25793473443611,14.7523422400936,24.6911947315787,31.5865930285664,38.3419390172416,39.3213131235252,7,17,29,35,45,56,1.68195122595184,0.64917488040264,1.15842138879928,1.97806915758632,1.49400378280621,0.706631848685634,0.000592915533746208,0.457928696912367
6.31716317698973,13.1277100599674,21.4630187616346,30.0971337052322,38.3016757046225,39.9735753214775,7,18,30,37,48,60,1.0886543888267,0.594016706533105,0.789378557912509,1.22562175760138,1.80282708223546,0.897530770937001,0.00322941996898459,0.753181873320588
6.03245833074659,12.3403009973125,20.1214529231788,28.70744697955,38.279314259525,40.1641010143884,7,18,30,37,48,60,1.00681005215426,0.49595886132772,0.673427666057566,0.998938693854455,1.78727442652398,1.232386152389,0.00557526245647357,0.986224456093232
6.46997942722555,12.6167984639419,20.5369939537676,29.276729388925,38.5262250482914,40.4051709015512,8,19,31,38,49,61,0.943353508066715,0.465997991840453,0.701897632223172,0.972402628516596,1.83705349827292,1.15057250878277,0.00549829976664238,0.958321392781316
6.58098560459959,13.5754297045961,21.5834083647349,30.4043058809767,39.5391957612519,41.4781024116973,8,20,33,41,52,64,0.973071127216895,0.520830210535153,0.605077088354126,0.955449536240294,1.61837386717513,1.1218908958982,0.00632504746026376,0.873352012698982
6.58745426601599,13.544993558751,21.5454975165445,30.4216546222021,40.2712269557467,42.2216263665923,8,20,33,41,53,66,0.974810572672275,0.51404576904996,0.603669113815641,0.949674382941897,1.63522311009425,1.13670399641803,0.00340010199068707,0.821490267063412
6.61768042867793,14.2985065162453,21.9281137120281,30.8869930967785,40.6739057280331,42.6288916709352,8,22,35,43,55,68,0.982949619645364,0.451134182485579,0.535434021765666,0.839032124234368,1.66051709058584,1.12153823898989,0.00343935857487531,0.825010497030964
6.72394415533474,14.8746086940091,21.0949787364604,30.2325470647961,40.4133423473981,42.3476037599356,8,22,35,43,57,70,1.01170734499105,0.529705790928089,0.308144283035629,0.725792100654607,1.71543995249299,0.923915987558494,0.00326458631672842,0.746637537593268
6.77692489612081,14.9290128337585,21.5428265560408,30.624030927288,41.1310203002712,43.2339707835474,8,22,36,44,58,70,1.02612782709109,0.529951768294507,0.293552310491769,0.712208983744729,1.69807404349135,0.994498532202115,0.00902761667846981,0.886157314540733
6.90747180948963,15.4137280690093,22.9512903637264,32.24836726123,43.7349615948045,47.1072756627213,8,23,39,47,62,75,1.06188978143246,0.497413182270948,0.284712745364207,0.682440873686217,1.7647883220493,1.07206132780073,0.038660650931708,1.08396473411684
6.90020091538868,15.7579952532931,23.0716532240257,32.3645316584095,43.9101784566092,47.4124357029311,8,24,40,48,63,77,1.05988953349938,0.467484508712507,0.257994215409051,0.63221256725002,1.76348561163583,1.08501894479165,0.0294031589454433,1.02371290885675
6.75166512718856,15.5154119275657,23.1293481242315,32.3164524405831,44.1777177461274,46.8484195496168,8,24,40,48,63,78,1.01924575648426,0.453109799485791,0.294122288935298,0.638907855375609,1.73073332156398,1.15516443985374,0.00488281422753412,0.853096639151432
6.24566933871742,15.1314232764818,21.4918677978734,29.9706343546834,41.6998840288122,44.9646836675197,8,25,41,49,66,82,0.884087041662829,0.394273728965601,0.159238308630925,0.413105075196119,1.51492717498137,0.869954003743126,0.00819854068291541,0.616331458888368
6.14663137330649,15.8873382655761,22.7554873750902,30.8804570301793,43.6027606095012,48.8369908579994,8,28,46,54,72,88,0.858264911491239,0.309130531093301,0.127195584104832,0.307477883583766,1.4096122847162,0.946340113898727,0.0751797312980759,0.868730896522321
6.14409644179586,16.2547412134962,23.477167289078,31.4555377019731,44.3259875925394,50.4752356745039,8,28,46,54,72,88,0.857606829020436,0.352454933584385,0.155109484822986,0.363327584382883,1.36649634335606,0.975385228317413,0.140748213429642,0.993398407907791
6.14202292268322,16.6554232165868,24.3536191950583,32.2395167697128,45.3018086663844,53.0441519369343,8,28,46,54,72,89,0.857068638423207,0.402791325704773,0.197504192383506,0.438159893574968,1.33946314509944,1.01348235650013,0.251336531292402,1.15464575728885
6.14020495309039,17.0364835481659,24.6056456034172,32.5455757763206,45.7041006188661,53.8728533165407,8,28,46,54,72,89,0.856596855755582,0.453614869999223,0.185453871639793,0.461086755299988,1.35524327416518,1.03279582521961,0.300988817718987,1.24156613284814
6.13841193759426,17.6089895206336,24.5846848491217,32.6990089694653,46.1875891848438,54.5403816214665,8,28,46,54,72,89,0.856131621256806,0.535073721287287,0.135337949111648,0.459156141730377,1.40647079640323,1.10004348601376,0.32378293381814,1.34886302354167
6.13640915483862,18.2064839695183,25.7441484398326,33.8026895517166,47.5282662431269,55.7710421671238,8,28,46,54,72,89,0.855612043301806,0.626492648145451,0.182574536152047,0.572367588327875,1.390036159787,1.149269943627,0.310059476272351,1.36017288041693
6.13394847388941,18.5197774190201,26.5321449770391,34.5864278093274,48.3881103008207,56.0365521361671,8,28,46,54,72,89,0.85497379651182,0.677146477750254,0.22854407486121,0.656638142754935,1.38878346075073,1.16524056106353,0.241007291625153,1.2781047581853
6.13080275590215,18.726638062294,27.1327962786767,35.2185001438851,49.0327143791897,55.7592643233314,8,28,46,54,72,89,0.8541580633862,0.71175878834719,0.270800695140804,0.724753274971642,1.39803312097375,1.16787781319961,0.151585902936483,1.14515897481327
6.12675614168372,19.9045042044835,28.6212990772934,36.7554070664678,50.6279962180667,56.4869017825503,8,29,47,55,73,90,0.853109039813491,0.814701726103815,0.306705295042714,0.837082693993241,1.41231030430488,1.18019035196997,0.0878229098513939,1.03513704027502
6.12162767563645,19.8731599507983,28.9114108841592,37.1052863182049,50.9330210127049,56.0692256129046,8,29,48,56,74,91,0.851780089791304,0.810185126638731,0.286229309652149,0.805073816244413,1.42998572913109,1.17072550464676,0.0497326372735055,0.937278835131868
6.09998417490022,19.7274493108475,29.0499642606964,37.2545083540624,51.4085707659621,56.2110145195997,8,29,48,56,75,92,0.846178073922392,0.788950295149379,0.31893007996239,0.821771461392003,1.43314620945427,1.10971565305659,0.0365159162782922,0.863552237448838
6.07352424450154,19.7969150854549,29.6287096746003,37.8432453180331,52.5862939801135,57.2716543691446,8,30,48,56,75,92,0.839343775123442,0.710530218017911,0.453365752462992,0.893283635159134,1.43610756948221,1.23126001220735,0.0324946982856624,0.926665590974079
6.04439950731162,19.7147744268188,29.9488252570272,38.212213800882,53.4274222888716,57.7194463573529,8,30,48,56,75,92,0.831839565580362,0.702087787037818,0.512732283730928,0.934046189823618,1.45060723348838,1.33189547075264,0.0211738686756602,0.943731766601292
6.01286534091196,19.7673312341125,30.6533556075403,38.9342490627231,54.4865350931546,58.3373417850384,8,30,49,57,75,92,0.823736417347069,0.715498811615777,0.529078888043318,0.952437844276929,1.45581090715633,1.5529093565072,0.0121025182299627,1.00960837788312
5.96661230589035,19.8714694387147,31.1909510018299,39.5215711378546,55.1559536896055,58.8082412595678,8,30,49,57,75,92,0.811892541030965,0.739753364596265,0.595819152614137,1.02278192458565,1.47061646543637,1.5719831770255,0.00910591372191471,1.00030539668007
5.88655509545125,19.454300284112,31.1433920854504,39.4832623707939,55.0491420897088,58.8609943701103,8,30,48,56,74,91,0.791510658184574,0.685868224500662,0.753322697853374,1.09355189714614,1.47337438253662,1.55606243540876,0.0114655203003897,1.0143119699806
5.80369727670523,18.7659100255123,30.0129797972723,38.4569742929539,53.8976677515752,57.9698682964568,8,29,47,55,73,90,0.770576182837312,0.679136636337996,0.676163205441876,1.01692641277535,1.50449997636681,1.52710377454566,0.0162110414327848,1.04807629859755
5.71880351844517,18.0185111686621,29.3289859530698,37.7671836133511,52.6608263807604,57.0209392931029,8,28,46,54,72,89,0.749300050940691,0.663163901353409,0.687021359211917,1.00117917614499,1.50276325293123,1.4026715667006,0.02290220493255,1.01072225973009
5.64867063191985,17.9170438192675,29.2627942904246,37.6511455808222,52.7067787926228,57.2334784806878,8,28,46,54,72,89,0.731857805899355,0.658107319268065,0.693093155423137,0.992241380034703,1.48784822083973,1.43915299702165,0.0275325814929313,1.0500380080271
5.59479723600772,17.8261482382139,29.2589649595345,37.598881686935,53.3681756642494,57.8701332617371,8,28,46,54,72,89,0.718543445635572,0.652154204830966,0.708172998209112,0.991725429874716,1.47338823214843,1.60349000705838,0.0268079813720271,1.14289843373734
5.54012576238352,17.6314508956461,29.2022784469716,37.5140466396467,52.7611566482548,57.8377874449595,8,28,45,53,71,88,0.705107686328689,0.629848507884068,0.839544665898056,1.06222794711929,1.46499946142977,1.48267358046499,0.047178292371819,1.14649569672015
5.4853599662422,17.2445091704442,29.2359808786545,37.4982685346494,52.4174600702788,57.7383936418167,8,28,45,53,71,87,0.691726406492233,0.578286015381073,0.921183892094728,1.06696044336021,1.45028011691005,1.40840457052208,0.080381704584818,1.21407638223363
5.43902873265666,16.9205006119699,28.1423421878982,36.3408414991615,50.3711773045209,55.1984981247711,8,28,44,52,70,86,0.680467498168743,0.536677871478918,0.887949708858213,0.99422905682462,1.43135530632742,1.21368954725932,0.0535326102454505,1.00155450714278
5.44583316497189,17.0065843190804,28.066170347049,36.2787364749928,49.6182905686905,54.3305379123468,8,27,43,51,70,86,0.682117476812977,0.634451075675136,0.85578347684555,1.06366070273662,1.4355237196922,0.949417421771808,0.0482215384454214,0.820149342406794
5.46316398780627,17.1157851617514,28.0973626353504,36.3052486971927,48.8226939349208,53.4788451755094,8,27,43,51,70,86,0.686325503178089,0.649432986957803,0.840477324218208,1.06812774144738,1.43413656590815,0.797519969389399,0.0457589178382831,0.711670945634479
5.49489237513532,17.1314724231234,28.1487590251666,36.3493074849468,48.1664692932667,52.7510848776682,8,27,43,51,70,85,0.694049886833313,0.646806359331938,0.847470965941446,1.07550635022611,1.43196235462783,0.67663415749195,0.0612282609884613,0.684106929765398
5.54607751264857,17.1894756869349,28.8184949014581,37.0040609190621,47.9210145877167,52.5598625328188,8,28,44,52,70,85,0.706566617665345,0.560773714483218,0.970580821693968,1.08912308228462,1.42752527252969,0.620798427358827,0.0642128805319033,0.647050662290922
5.62333357432348,16.9567281602551,29.0438290380189,37.2139641847096,47.7346304415063,52.2912946835913,8,28,44,52,70,85,0.725586788095486,0.515059161962096,1.06667380556131,1.12160297720322,1.42295873356491,0.556998600584047,0.0597238206513552,0.591125812918073
5.73496423872486,16.7918640807161,29.2919527936803,37.4306734560882,47.8481858750096,52.1562646322269,8,28,44,52,70,85,0.753336618723547,0.475775765949017,1.15600562912302,1.15785419558619,1.4136726160223,0.540882317370056,0.0473443911588061,0.549480552212459
5.88914378467409,16.80688163601,29.5289259589151,37.6048084190341,48.0574445439279,52.0791254747667,8,28,44,52,70,85,0.792167349879429,0.456547201455271,1.20502742491434,1.19294721901795,1.39514036813416,0.546346743299337,0.0352537716869324,0.516489420163936
5.92771871684684,17.1225533483249,29.3218615090341,37.2527856090545,47.8268091935184,51.6226192534966,8,28,43,51,70,85,0.801971732058313,0.495195084640802,1.23190862938983,1.2499448627727,1.35261001440281,0.483228731680018,0.0272833075754988,0.440180457093445
5.84312300876448,17.6953965952829,32.2854957170369,39.8038628756193,49.5559556526932,53.5579361497731,8,27,43,51,68,83,0.780516750403483,0.68249928632217,1.64303778064777,1.73883903944326,1.23332615223809,0.522341953944734,0.0345048828148018,0.441213425608965
5.90541429990296,18.7038105455924,33.5927565590389,41.4713634637767,51.0380569034309,56.1052978087309,8,28,45,53,71,87,0.796298449415538,0.745826109002263,1.55296504802811,1.75327949300769,1.33733729352814,0.416061254829404,0.0657482769696958,0.460326871345947
6.00956775495329,19.1985846593327,34.2722803757258,42.3441096118042,51.832656768154,57.479744116402,8,28,46,54,72,88,0.822890376189579,0.813364412694958,1.44324007418873,1.76512225772368,1.39394695934317,0.405347512549203,0.101837939408916,0.52975394961238
6.14215119325428,19.4974858567191,38.4065981192865,46.8203657460654,56.2988807775576,61.8594831371395,8,29,47,55,73,89,0.857101928803747,0.743194623673969,2.38789659983398,2.40701196040468,1.49544906548446,0.403981557801474,0.0958565732771562,0.555475614426644
6.28522174606221,19.6145157010912,39.2052838099202,47.8392600085558,57.9843554373974,67.0512190779364,8,29,47,55,74,91,0.894459505111321,0.738876082798537,2.56961491447736,2.56271482638868,1.56166724254582,0.423301863727285,0.419700417845154,0.95386583220017
6.35581054401079,19.573650940423,40.0844114830885,48.8363241114913,58.9006684607406,68.4709680019756,8,29,47,55,74,92,0.913054809612191,0.720512585855092,2.82044480310203,2.73815363606635,1.59739369717578,0.41243257890743,0.41655878121006,0.950596332987549
6.33440059664378,19.4325668329756,41.0291158719544,49.7947819695797,60.1269448249245,69.7204893456249,8,29,47,55,74,92,0.907403505713397,0.701012494501871,3.12410229611957,2.93124200014042,1.6015716740901,0.448987665565591,0.419772457991618,0.991650955978847
6.30114407673242,19.2050238307025,42.3441204452653,51.2728749418181,61.7533797795866,71.1150849289702,8,29,48,56,76,94,0.898644620563691,0.669841603658913,3.34426893614121,3.06765790826648,1.6512960083785,0.398558506458091,0.388236011999792,0.926984902820676
6.25837548123851,18.9252550688435,43.050095876522,51.9387816268539,62.7302958348565,72.0288441258929,8,29,48,56,76,94,0.887415478281459,0.632647355504635,3.62698478888679,3.21615662906255,1.6390485397768,0.439425914002103,0.37984545279102,0.954304327176921
6.20673387336736,18.5978581342565,43.5358187374683,52.3514332470665,63.4636345277353,72.6929836477077,8,29,48,56,76,94,0.873909646987686,0.590543282060362,3.86427635219141,3.31971233002236,1.61676503107742,0.483518613434728,0.370751844133867,0.978054310277711
6.14549840965886,18.2324291988027,43.8138303557761,52.5202854443499,63.9396768964675,73.098793784288,8,29,48,56,76,94,0.857970770041183,0.545595885086252,4.05451467794217,3.37948266863968,1.58360199836785,0.527565621861533,0.361629729874128,0.995230779737189
6.074801298757,17.8503129398134,43.9005492133855,52.4651845007183,64.163352794756,73.2637970780237,8,29,48,56,76,94,0.839673259498961,0.501252650802885,4.19443821176453,3.39819996754135,1.54074636416583,0.569030347514627,0.35409237220335,1.00581989309466
5.99491395084012,17.4691993457052,43.8276678745674,52.2227359971423,64.1570075457371,73.2197172044186,8,29,48,56,76,94,0.819133775903504,0.460012777645279,4.2870111101165,3.382467010994,1.48985605458044,0.605230308814313,0.349285090396521,1.00972856889694
5.90616358075555,17.1039400500561,43.633599325296,51.8373665728587,63.9548857456218,73.0035751364785,8,29,48,56,76,94,0.796488843547299,0.423622490633699,4.33862043972129,3.34069334399772,1.43291602227019,0.63399572799629,0.347507010614711,1.00673233113513
5.80886010843138,16.7637030271896,43.3614261845314,51.3605633856861,63.6005658706486,72.6577487027615,8,29,48,56,76,94,0.771875771013939,0.392834259357717,4.35917799833771,3.28240374359486,1.37258480404433,0.653543279065621,0.348583644457727,0.996764089292111
5.70300615259763,16.4502097197862,43.0419811441115,50.8341757699166,63.1308110350232,72.2188239584956,8,29,48,56,76,94,0.745360493514953,0.367412820630051,4.35737951521117,3.21443608113331,1.31220251869773,0.662667366848968,0.352505162332711,0.980690153389029
5.58396127132899,16.1105472043137,42.6628342897246,50.2736063245717,62.1930930801065,71.5950142355952,8,29,48,56,75,93,0.715874355260102,0.341319965428642,4.34545239341332,3.13439886582078,1.25980985188164,0.693785594369121,0.393623823410481,1.02464288473439
5.53657239329839,15.7635641845508,42.2117258163483,49.8271920383014,61.6229270120483,70.4051960680915,8,29,48,56,75,92,0.70423709916513,0.307425558977993,4.31403394046958,3.04007988375831,1.26115890806691,0.673065404710157,0.380075619301547,1.00126828635436
5.55777548474225,15.4611647775276,41.7577299795255,49.5397469737734,61.1963005397579,69.886006005516,8,29,48,56,75,92,0.709436769743089,0.272842803489667,4.26838299744421,2.94617224648156,1.30924969975406,0.650077577673958,0.367582205923999,0.992296400937634
5.59460705225931,15.0067390835771,40.628808440166,48.4476980566341,59.5755162151073,68.6605199853622,8,28,47,55,73,90,0.718496574107238,0.273049542622047,4.06660908666781,2.84885740224889,1.31995508458476,0.655935601408322,0.422287322514631,1.05873555593057
5.64603036474818,13.9030512211291,39.9146728284707,47.8896422676358,58.9225902045232,67.0093970412703,8,27,46,54,72,88,0.73120357256243,0.205683973506606,4.18287305131977,2.83660721075029,1.36549984739866,0.640026652013526,0.355649175257553,1.00698644677579
5.69812803203539,13.4829685543261,37.060283215847,45.1739569208905,55.0352241820632,62.8857497201945,8,26,44,52,69,85,0.744145237655528,0.205824806092991,3.69710499430247,2.52088847131138,1.40627891249963,0.539603457997919,0.324209861732455,0.909782489506215
5.39952738936205,12.5595554672844,34.3809750896162,42.415939587935,50.8759872581772,53.6973439495434,8,24,41,48,64,78,0.67091336936611,0.240420099906495,3.41277196237062,2.3719883450683,1.61109808293656,0.408061183347783,0.0111247892799765,0.402593319229334
5.32725378814065,12.0409671798335,31.5299562725991,40.0064984656637,48.6633835463241,54.0849563659655,8,26,42,49,66,82,0.653541479693888,0.116008647764963,2.96034634927059,1.71377509961026,1.75199677473321,0.363199543060929,0.0866832338122025,0.573812347237915
5.61230024526846,11.296602444361,33.6209943680782,42.0005018051162,49.8801984454098,57.0522641076689,8,26,45,53,71,88,0.722861082274416,0.0564731800708247,3.11498571432372,1.75817931717602,1.48520550855032,0.215143896911483,0.192052425683824,0.498937918249487
5.50599830734121,11.575975999611,36.4448126528814,45.1680983832728,52.3951605632844,59.5141844666656,8,28,46,54,73,91,0.696759910060733,0.0403984130942149,4.08253226899659,2.15509643701336,1.58870528018807,0.121131432603583,0.146638550586534,0.37165832278644
5.5093431106808,12.4740846406276,37.2860680895493,45.9744268590044,54.1194367711305,60.7633576253839,8,29,48,56,76,94,0.697576727176055,0.0591802415170906,3.82728076912829,2.07988247864135,1.57811901697051,0.155848062196453,0.111148385989691,0.363337487844136
5.56412859221225,15.259358094339,37.5529663143014,46.204521760982,55.1346798821776,61.8422616996986,8,30,49,57,79,97,0.710997014275179,0.206831661264455,3.10640365837447,2.01651622510099,1.56698109764406,0.146157476450822,0.115576784147196,0.347244443060732
5.64541588603741,16.0791379433165,37.932421781146,46.5619718598587,55.6618284261309,62.3733821364712,8,30,50,58,80,98,0.731051335749801,0.276591254782725,2.78326524943156,1.97469446622308,1.56032995055827,0.158588076750336,0.115856428439063,0.359084416430531
5.74455519471088,16.5914523077801,38.1081459414944,46.66702887681,55.9727463965992,62.7429200561103,8,30,50,58,80,98,0.755735262406083,0.32031086764273,2.69386379693361,2.00547966794106,1.53901366666948,0.174454599157822,0.120029406980842,0.374537877926701
5.85289100857322,16.9404628240039,38.2290421616852,46.711125301926,56.2082048132365,63.1051915357407,8,30,50,58,80,99,0.782985379941696,0.347292385941633,2.63373499357539,2.0267680151548,1.51592258030435,0.189976548593093,0.0993236074399093,0.353427437399855
5.96346919363181,17.18831969724,38.2801275937265,46.6876208601186,56.3653519680393,63.3745297760861,8,30,50,58,80,99,0.811089495995173,0.363174049560492,2.5821729371681,2.03578998582569,1.49357187571432,0.2053112356806,0.106448932046385,0.370525020964994
6.07064221636109,17.3645071004731,38.2563272177377,46.5975046248981,56.4387156983786,63.6016656609738,8,30,50,58,80,99,0.838600338049928,0.371291900094717,2.53006257354852,2.03158475633564,1.47376419427427,0.219756570020486,0.116695068625234,0.390739958104103
6.17024366561768,17.4874228134088,39.0016512829194,47.1793129244747,57.1541277035295,64.3439203610015,8,30,51,59,81,100,0.864401668559977,0.374054354464771,2.50622833998015,2.05406337665002,1.42518566402047,0.231961119896914,0.118540706430576,0.390489103407937
6.25948066352332,17.5892899422987,41.6673337334443,50.001692096554,59.9094544729897,67.7939281263069,8,30,52,60,82,102,0.887705152100315,0.375555099898297,2.98519570839295,2.424064334626,1.47173086918926,0.225791194208925,0.136171188162606,0.412872599652544
6.33686152159071,18.409942832842,41.786483028037,50.1380851985318,59.9309675604687,68.026240984383,8,31,53,61,83,103,0.908052587596345,0.402576802374946,2.80124653474789,2.33015804720988,1.47687392711711,0.215430106698932,0.151974234877341,0.422372511825613
6.40189046908165,18.8649630282546,42.1245534051127,50.4834468297614,60.2006192438368,68.421818307964,8,31,53,61,83,103,0.925250854986022,0.450868486212204,2.77090061559414,2.3920820439748,1.47904981773824,0.208747005657106,0.161889668989535,0.427245389842516
6.53633794620775,19.9238238038303,42.4073028988045,51.0204446393506,60.8447260120327,72.2187124941224,8,31,53,61,83,103,0.961088256999063,0.575667765142292,2.57193423105599,2.44434528169575,1.555374630341,0.218235648547662,0.520945526602845,0.781392668550084
7.99074554562387,20.9380780307654,45.9812097849626,54.5526066054919,64.1515886037613,74.7460060799152,8,33,55,63,86,105,1.37012374649394,0.383800839671733,3.2434238169486,2.88183188117295,1.54278360263286,0.161354594424265,0.486168416659977,0.664563051467221
9.23228224868159,22.1661055754739,47.9903782284062,56.3554430481053,65.6941146162921,76.095961130332,8,33,55,63,86,105,1.74470641489459,0.38227793232466,3.45656073329236,3.28240475050381,1.48089208712536,0.142797309681606,0.458734650059808,0.59583858585519
10.1544002469733,21.2490213419443,48.8689417182802,57.0332590437966,66.1384891303868,76.5936637347727,8,32,54,62,84,103,2.03485452906654,0.245672610550856,3.95940706290941,3.60267460842362,1.42123791865833,0.158991269750036,0.466258865802556,0.611566039161949
10.8180443565022,21.9022803187314,48.8967066259673,56.8177191228725,66.4469494783353,76.3717517875992,8,32,53,61,84,102,2.24898673272572,0.244726018374962,4.00387976185192,3.75201336712277,1.34971339681116,0.163596533862413,0.466799826131837,0.585959119859419
11.3024653816872,22.4815516591814,50.0145264095866,57.7644563044012,67.3357761782829,77.1083524283923,8,32,53,61,84,102,2.40779179289698,0.253445124534883,4.16024096406644,3.99623143568716,1.29995083624356,0.159319942008189,0.444905295953844,0.547946769793108
11.6674785578984,22.9506296856184,50.4085332660928,57.9068397697879,67.4301916763899,77.2591045749591,8,32,53,61,84,102,2.52873854856128,0.263201082837952,4.13835950099535,4.08351569316659,1.22759502788255,0.155827047337699,0.452952367235054,0.524382235189428
11.9528645690858,23.2231354302845,50.4737727701489,57.7336398258825,67.2180214964787,77.3830358271316,8,32,53,61,84,102,2.62402744686815,0.261982826747536,4.0780891809353,4.09802755498066,1.15998957087469,0.153022329652602,0.502311678801663,0.530018298113259
12.1842202506304,23.4591928560436,50.9368732693342,58.0791211085746,67.5717079273428,75.6740550560338,8,32,53,61,84,101,2.70172361724166,0.262427181061553,4.14412132173766,4.2015191004552,1.12699962845389,0.15361040302806,0.292964024602469,0.382849328294521
12.3781776898186,23.7053249651899,51.4817975940893,58.5583596738032,68.0720972216293,76.1647810738039,8,32,53,61,84,101,2.76715866923493,0.267385231431599,4.23140200058147,4.32435939116323,1.10868243240042,0.155132346886579,0.291805164435047,0.378437997107855
12.5276609727676,23.9816161183974,51.7698012899014,58.7965759759552,68.2862627878248,76.3493630058191,8,32,52,60,83,100,2.81777013093278,0.279642352218683,4.47288646663165,4.54885175057484,1.09485035008694,0.153402406095703,0.288271473708997,0.370098712221305
12.5020248177444,24.1894565197067,48.6777254426967,55.3522035109491,64.1971624368329,72.3465799542141,8,32,51,59,82,99,2.80907934439872,0.302972273297479,3.73260226235144,4.00205156615001,0.99829284277124,0.111211410909024,0.298641252940817,0.301126434640427
12.4330452057417,24.2705359540822,46.2670483462968,52.8491777782077,60.8304051355436,70.0640800837281,8,32,50,58,80,97,2.78571745490649,0.318484481748071,3.237901855387,3.61981367796027,0.973378645071487,0.0873822030025551,0.443760922270525,0.348361427200665
12.3249392956525,24.2159688693242,46.3030372563994,52.7605577190328,60.5891889777843,70.1058628431453,8,32,50,58,80,97,2.74917112654999,0.324116390397746,3.26380637325846,3.6276518859375,0.940033868318085,0.0796031545244323,0.485955369039106,0.348815205724717
12.1919149653711,24.018365109248,46.1837837253511,52.465084458683,60.2758846022728,68.3215520273116,8,32,50,58,79,96,2.70431444544703,0.317329443195742,3.28626009982352,3.6017007255258,0.893429722519926,0.102086669244974,0.286199141124624,0.263839968094543
12.1355003698394,23.4014661766644,45.1246852632801,51.3731207686973,59.546413865075,67.5720628582709,8,30,48,56,77,94,2.68532946148429,0.367999532779297,3.16003362146551,3.66606343300391,0.884811353594992,0.125012597206386,0.283828577037944,0.285230897604664
12.7875367137291,23.9882246188883,43.787067321424,50.7914754817802,58.3922001914277,65.4903191821225,8,28,45,53,72,88,2.90612141358789,0.496027013099861,2.83139100262401,3.82731909918713,1.08865107013202,0.148918734906611,0.233514905064802,0.34296177635749
12.4616027037053,24.1937306622599,42.7784430303789,48.777089080921,56.1962240112681,63.3374412960216,8,26,43,50,67,83,2.79538525560457,0.761014792299712,2.49597770445274,3.91493657127218,0.997195047372955,0.216718502412156,0.238311198414916,0.375300906949154
12.1697994821167,25.4424802232201,44.0841553333715,51.3533021133084,58.7766983312464,67.8739718951339,8,29,47,55,73,90,2.69686926273051,0.729523959567678,2.31761720540716,3.58591610330817,1.16260261759217,0.17233436569001,0.424041191102886,0.535188647122277
11.721384623265,24.9068907052375,45.3645036991771,52.7318895740286,61.017481483732,70.101859839736,8,29,49,57,76,93,2.54668968935129,0.715221586845079,2.41796796459042,3.57003442243572,1.19035599169028,0.208383739316654,0.422198013417268,0.578607810673627
11.2601032776608,24.2520033703926,44.6589834225552,52.0387057233327,60.2378517170372,70.0845935964798,8,29,49,57,77,95,2.39382511372358,0.6838882311329,2.40499161290145,3.4172389862683,1.19385273038734,0.160127548963221,0.455512729330516,0.539972057732919
10.7934759525489,23.5645464541056,44.0501730785417,51.4901723016134,59.5800095403888,70.8156747566926,8,30,51,59,79,98,2.24098691537697,0.565657700393633,2.24770789748636,3.01343020320206,1.21097486859309,0.151554187171318,0.582643887797707,0.623449728522279
10.3280586701899,22.8993110940201,43.2793931492942,50.6917645014559,58.6343785711092,69.7765690306143,8,30,51,59,79,98,2.09048405555753,0.53714011241608,2.22165808584242,2.85834635653698,1.2031194035401,0.140430323954212,0.568101726115322,0.595143304355336
9.87028978776897,23.7637744466589,42.7315475499782,50.1311114469544,57.9606389523614,69.0265395008222,8,30,52,60,80,99,1.94449280192722,0.737907235830037,1.72980492622475,2.62533476118952,1.19948217267382,0.132215676017541,0.556352330601847,0.574256312556056
9.38627969018463,24.9796554825397,43.5893800563951,51.18943830587,59.977249101199,70.1485373103097,8,31,53,61,82,102,1.79251423343138,0.927111543947012,1.65020197032936,2.66739167151612,1.25673215603642,0.170259710413402,0.359825201989604,0.496866667981106
8.75324709780437,23.3053774938075,39.5296635903074,46.7416073786771,59.2665318465394,64.6800894937964,8,31,54,62,84,104,1.59779897152952,0.752326236881069,1.04015667991541,1.83166260591768,1.14651878420383,0.530624549365429,0.0220098436746791,0.33585295774116
7.81789834514844,18.4775518226346,29.4141455716643,36.2087663765001,47.1584074626691,50.825608206252,7,26,43,50,68,84,1.54272025475218,0.495626101781231,0.72205801536587,1.26414728805813,1.22923350321928,0.626191986907317,0.0149040125991048,0.405747416697014
7.48659157826576,18.6012462934705,29.1134661174638,35.7301326565707,46.170064999515,51.0398586715602,7,26,43,50,69,85,1.43955893682612,0.563848538845463,0.647433539311475,1.21812670216545,1.17637402514454,0.464102561239707,0.0555819067351389,0.405737888703299
7.61208822760961,19.6117659536458,29.2886830421566,35.869354315545,46.4796891954687,50.9286371753866,7,26,43,50,69,85,1.47845942098567,0.707351728732683,0.510597829151546,1.24485553646955,1.16574761623338,0.488468455199891,0.0373661743730804,0.380400780349881
7.61370119440452,19.5297816568343,28.6045420610997,35.3099326962185,45.9889114966476,50.539213137796,7,26,43,50,69,85,1.47896081603049,0.693211760693987,0.420825657091007,1.14192001158786,1.20266181977933,0.498443626819385,0.041334497862429,0.40648330236776
7.54292014504086,19.0572350907464,28.7928365350341,35.5150655518869,46.2120217583908,50.7912731699363,7,26,43,50,69,85,1.45699210744438,0.626935035113408,0.519755686307137,1.16986582317126,1.20766589319665,0.501071098830902,0.0425159131388292,0.412249534118752
7.50938262174369,18.7184415668312,28.8308077016565,35.6039450736004,46.2365307775325,50.8445596518235,7,26,43,50,69,85,1.4466071928134,0.578488360810434,0.580215505445722,1.17553699990754,1.22282386679744,0.491691902927538,0.0437116215196078,0.413640974602219
7.55838825427319,18.7014202831647,29.3252744783367,36.2820634384285,46.8194185566586,51.3488332154503,7,26,43,50,68,84,1.46178710599927,0.568231935656489,0.66674262103186,1.2504688914168,1.27786006332569,0.559625303792657,0.0404954154058972,0.463532986942425
7.56517624972324,18.1844948514098,29.8953585419716,37.5942290809571,48.3092368941605,53.1043265079208,7,25,42,49,67,83,1.4638923838201,0.572603270939569,0.866403646345816,1.43518386067077,1.50548634596888,0.587916409638632,0.0520096213694326,0.586872341996229
7.61716105729194,17.5783834760942,30.2643252716734,38.32387193781,48.7061130621145,53.7961425634806,8,26,43,50,68,84,1.26164607132792,0.472108719606487,1.06203156808011,1.39817535244048,1.61887946634491,0.535419093259727,0.066990058071443,0.623017246843836
7.69434855355996,17.360849401182,30.249513376136,38.3090914436487,48.8389280853698,54.2465181206191,8,26,43,50,68,84,1.28388135254126,0.42993299802863,1.10449980577685,1.3957918132959,1.61888941115306,0.558441288155355,0.0857907195108961,0.676974412342357
7.7849602373678,17.5183649240917,30.6164572233827,38.6943918744361,49.7678165536724,55.7856107326005,8,28,45,53,71,87,1.31010345322882,0.308303938059944,1.1489885014455,1.2687516685361,1.39574469517904,0.646794301313018,0.129873440790243,0.75237413002774
7.87839250554806,18.2207567719182,31.1399933105097,39.171881048633,50.7512086624434,57.1383464765802,8,29,46,54,72,88,1.33727479009625,0.32026637330191,1.11095566040231,1.25955832585737,1.38219965566681,0.73384654844196,0.161664287635266,0.857801904869425
7.94514440625041,18.2404976490907,34.3802487675957,43.129965600372,55.2139704812291,61.5586644196549,8,29,48,56,74,90,1.35676840456331,0.315001923221429,1.53666546690954,1.58074848820992,1.59672689013042,0.825067805545688,0.157816186767226,1.01881881597224
8.0436498608071,18.5026693261833,34.363115852879,43.1963972711436,55.8494390134627,63.324434783811,8,29,48,56,74,91,1.38565661695327,0.333520053401827,1.47376736179015,1.57797090704496,1.62214651996289,0.932874543322651,0.222512411134347,1.19512026767411
8.15447893264707,19.457884863704,36.1483970169219,45.3046871775805,60.0811589675749,69.5823717537628,8,30,49,57,76,93,1.41832898862419,0.372421172080284,1.66320033354745,1.7734208822489,1.72121657747838,1.23829209878238,0.483606166621433,1.83325958980501
8.32934191515028,19.5190619929577,31.9169703578721,40.4520818622561,55.2388220260066,65.0861869988096,8,29,48,56,75,91,1.4702354591262,0.422583586136837,0.776313258583879,1.20287956463183,1.53185799917079,1.24045536717295,0.630254315277705,1.89697182796723
8.62792821418708,19.4213650885149,29.3088213160827,37.2442068645357,52.0790172404901,63.1782866028581,8,28,46,54,73,89,1.55983999033406,0.439684412150058,0.461384164297451,0.998452488280692,1.3539143324303,1.25060019046704,0.863609511569282,2.02602084485482
8.34367939417474,19.0264021841068,24.762963401077,32.0035368743979,46.0945209889227,65.3770887361715,8,29,48,56,76,95,1.47451040630142,0.359688156956833,0.0424423085046241,0.384957673364999,1.15456152467073,0.978144048841406,2.29883136841765,2.84585126957679
7.91655048672564,20.1167280942944,29.2549410382878,37.0945514828402,50.2001833551664,63.9577410079603,8,30,49,57,78,97,1.34840987834852,0.485985183170865,0.297526225706964,0.780540589427887,1.32598022703771,0.702222325503857,1.03051472385794,1.63341559005882
8.01771483693036,19.9629909147456,27.5328566513741,34.9520495210742,46.3163781522869,59.0950545254174,8,30,49,57,78,97,1.3780368550268,0.452234441322392,0.146498970599137,0.591838417311625,1.20505778917481,0.445371894959388,0.844656661824045,1.15216440399489
8.1996840278945,21.8350293230745,26.0398356263183,33.1680891085066,42.837479999043,54.3764424148183,8,30,48,56,76,93,1.43170626444029,0.696533358730833,0.0123809417086494,0.497318427800415,1.12309069387223,0.301105583522085,0.833478237897487,0.943944772951546
7.91801856772428,16.7912856634486,22.2997613742926,28.6802343758058,39.3788230518204,51.297017455846,8,30,47,55,76,93,1.34883872611496,0.142121325470811,0.0676879007515909,0.242204654332675,0.91957668778253,0.361581348698686,0.906756864542057,0.956755509985104
7.71631053583365,16.8221679014116,23.3482036369333,30.0150640676858,41.7175856908991,54.8985400340451,8,30,47,55,76,93,1.29022513591867,0.159038374888781,0.135077815508958,0.314214774238763,0.99623131751493,0.491109095279607,1.16676032867657,1.32169435693304
8.23717257495328,17.6081372813025,24.3672146464992,32.086297963682,44.1611521461172,59.3317972885544,8,29,46,54,74,91,1.44282208077664,0.22062651464697,0.154364036353701,0.439380710504551,1.29102660082031,0.627246732764483,1.6200382867845,1.99747483608641
8.45445519217146,17.9063187755498,27.0882404134491,36.1078576728922,44.9661796706228,58.2076767163843,8,27,41,49,67,80,1.50763513768999,0.334393058988605,0.719630210342323,1.08887896025325,1.67914248610199,0.323799578661466,1.83469357296337,1.98182084030044
8.34343309341572,18.4885513445356,21.8501770053193,29.9576573727323,41.6365741756044,58.5303214857314,8,26,42,50,68,82,1.47443694381161,0.499326145164996,0.00955735683260884,0.398909906094472,1.40445207615003,0.751508650389978,2.65461074580611,2.99541646574508
8.92828231612321,26.4182009142522,31.9928057126316,39.2922125669595,52.0026357297148,67.3020760951659,8,28,46,54,72,86,1.65115156529541,1.69439232757604,0.0516272068731181,1.3901252989703,1.17113375920737,0.944025200131013,2.20024691296305,2.69906161752106
9.25596532060071,26.5894245662427,37.7079606605343,44.4892125112097,56.2400561113454,72.4378009348036,8,28,47,55,73,88,1.75204089219776,1.65853158380421,0.564447211556572,2.27378749522047,1.02730794783773,0.764369710401767,2.24524898851377,2.44254836541836
9.36876545454592,26.1014136620501,36.2531579202007,42.9906240286379,58.2181100611839,72.1381960702318,8,28,46,54,73,88,1.78706330358472,1.52320266544928,0.500319540283547,2.11949475995936,1.01538262616181,1.33454890879841,1.646061062388,2.54563711489021
9.50925903350716,26.5119358348881,35.2199284695649,41.9040100302884,57.6196968688201,71.4536117813177,8,28,46,54,73,88,1.83088639778789,1.58355097866388,0.305657217675767,1.93150395175574,1.00089341957372,1.44151553453539,1.62445981076253,2.6173190926624
9.81427350141414,27.0601547720706,35.6059978233301,42.4274721739767,56.9736329464802,70.9877612964215,8,28,46,54,73,88,1.92677476987348,1.63856849595265,0.286669094434285,2.00095950108086,1.03829529445129,1.19012558063643,1.66973183775059,2.44341299660177
10.0996553202263,27.3372878504927,35.7836805051025,42.7930023408682,55.4645603407608,70.2096965675414,8,28,46,54,73,88,2.01737927348412,1.6366923224137,0.275324662927669,2.03324342251262,1.09001219993856,0.825197897216942,1.85704058512453,2.25346593095554
10.3559011850726,27.3135246095101,35.775542076506,43.0030084207426,53.3828155830707,69.1642320232411,8,28,46,54,73,88,2.09943036646701,1.57342765068165,0.277091732423358,2.03176037191088,1.15087765731878,0.455641478379624,2.13194800358797,2.0537568765547
10.4641952291601,26.0706784382341,33.9397100662996,41.0982216581429,49.0171480220829,65.442104273097,8,26,45,53,71,86,2.13429767263604,1.5654927794338,0.170904198374893,1.81385794738725,1.13154682005901,0.219061887744,2.30773289228868,1.81943667531997
10.4145918818262,26.0337177032503,33.7961539411384,40.934654610903,49.2039473781409,65.1546994983508,8,26,45,53,71,86,2.11831309748169,1.56843283615443,0.161966549169095,1.78869411423975,1.12595261979148,0.255696470867657,2.17784255843059,1.79329088946449
10.367414148929,25.9993233156009,33.629245202202,40.7446318548536,49.4113596880761,65.1293470409219,8,26,45,53,71,86,2.10313186959364,1.57140742844476,0.151228891768885,1.75961202781029,1.11949977769144,0.300767535968877,2.11482487780676,1.81901886996437
10.3257543183191,25.9693943197268,33.389291438831,40.5352936040361,47.7845835148062,62.9779081928543,8,26,43,51,68,82,2.08974395950821,1.57413870669365,0.216797021002483,1.93717871445179,1.12804888654966,0.199593078162207,2.1707814645055,1.69655206878949
10.2961704751452,25.9536571633819,32.2013306442027,39.414500977654,47.268025569704,61.9719655737846,8,26,41,49,65,79,2.08024697955609,1.57736458156312,0.192996925492222,1.94853261703448,1.14686305608039,0.324600274191707,2.03625149832628,1.84488643161888
10.2945548292651,25.9752586309393,32.0510133589832,39.1900250041377,47.4677524140973,61.7232744272128,8,26,41,49,65,79,2.07972857027468,1.58277825931321,0.175531414128889,1.92048366411329,1.12609537839123,0.382044901463109,1.91502379711905,1.82637904714788
10.23370767524,21.8894560875809,26.1615566506881,34.0342559824105,42.5517776910004,56.1336128132159,8,25,39,47,62,76,2.06022314771992,0.855793971410525,0.0659587212754888,1.12381478769649,1.33561532407694,0.499250709633027,1.73680180396226,2.00506432576289
10.1489105872597,19.9232620184975,24.0146065301032,29.6218749500365,40.8716116715494,49.1385677463684,8,23,36,43,57,70,2.0331008149771,0.721391003655657,0.0801387976196068,1.06209824944093,0.887626486027071,1.16167095113659,0.65463434465533,1.44521883989576
10.1853607636596,19.7163463048467,23.974599004647,29.5202702758149,41.1980497028079,49.341350950031,8,23,36,43,57,70,2.0447506994161,0.675842328293971,0.0923731007970147,1.05594528722071,0.870683886379518,1.26181795217449,0.630785554288709,1.48890850649847
10.2216642543809,19.504502834568,23.8863236843048,29.3655349052175,41.4735128924674,49.4501276285013,8,22,35,42,56,69,2.05636674609828,0.739409848048182,0.102070068790281,1.13369691068106,0.852500135667615,1.36507901760955,0.599177754631095,1.52474055930274
10.24766312113,19.3634106343066,23.9309036417176,29.32856111695,41.8245736786312,49.7241594332665,8,22,35,42,56,69,2.06469357254318,0.70677040349715,0.117661109473373,1.14084698853747,0.830326056313158,1.46034432549087,0.584784823976126,1.56687982875985
10.2522907159307,19.2118817367602,23.9605670852142,29.2678054025141,42.1270667445714,49.9706426070718,8,22,35,42,56,69,2.06617637596101,0.676775684770227,0.134050547010356,1.14561512717851,0.805925001215049,1.55126039472921,0.574405449820606,1.60710494588385
10.2281289390033,19.0412997900657,23.961164805894,29.1730613621681,39.6535657943155,47.1530124400672,8,22,35,42,55,68,2.05843661401439,0.64910780835282,0.15058994901246,1.1457112915445,0.780409709611407,1.13251240509968,0.512265241070199,1.21405475051003
10.1750486880328,18.8420723419659,23.9232999604178,29.0404972824337,39.7877747474788,47.273680402303,8,22,35,42,55,68,2.04145350988759,0.621941818986146,0.167108741958282,1.13962611171697,0.755289798189187,1.19582390066725,0.509878737774562,1.24092963584847
10.0995743240198,18.6126692219206,23.8494278578437,28.8769124684823,39.873461849272,47.3661203579129,8,22,35,42,55,68,2.01735344068045,0.593826336090957,0.183871342143584,1.12779361715392,0.731703484891503,1.25595124317217,0.511068315235035,1.2693802881438
10.0112930043781,18.3555331675149,23.7476290224393,28.6930242319942,39.9242462778032,47.4418011920791,8,22,35,42,55,68,1.98923642195901,0.563584259470526,0.201424628821983,1.11157351522247,0.710305784981739,1.31338288207636,0.515463749138565,1.30002868536292
9.91985990966344,18.0772350836768,23.630365049128,28.50283595617,39.9581641845513,47.517453069717,8,22,35,42,55,68,1.960199194639,0.530865865469636,0.220463952408411,1.09301287687777,0.691448386415089,1.36895178760905,0.522865948808033,1.33367555043598
9.83627640036179,17.7451997632273,23.5117440318897,28.3247942000584,40.0061460954583,47.6192327482293,8,21,34,41,54,67,1.93373039720671,0.586522283467194,0.246991263378367,1.1685086901022,0.676190315966626,1.42568944683666,0.532470513649063,1.37253538108652
9.79479504295592,17.5554789987037,23.4602711436041,28.2211599463411,40.1358896090475,47.8000719549996,8,21,34,41,54,67,1.92062142893679,0.559179054783003,0.264947140907922,1.16007273473571,0.662877285321774,1.48498125673674,0.541657520125539,1.41397312519163
9.79388739335105,17.4098705391614,23.3696324399166,28.1190840152969,40.3947448235189,48.1044526840722,8,21,34,41,54,67,1.9203347955732,0.532989618983036,0.272252435405191,1.14527987251639,0.659968429721479,1.57804437768755,0.549895815640252,1.48553969225616
9.2196482621738,16.7717580898147,22.7617598480759,27.0430765611001,38.6479827729876,46.3091435297134,8,20,33,39,51,64,1.74079643714407,0.62748124874678,0.276311027027963,1.14236804292964,0.699600010205173,1.58508345208191,0.541112490085396,1.493890637654
10.5626710949829,21.2925314455033,30.8904728888117,37.4793540210452,54.9882133125694,63.9257192885108,8,24,41,48,63,80,2.16609987036505,0.791804347623971,0.498385905182287,1.7092370167066,1.16816932927545,2.6117587241417,0.401464665226877,2.36156048413007
10.607238529339,22.0373749192854,30.8682513418129,37.6338742808993,54.5812285060865,62.9879484294582,7,24,41,48,65,82,2.46025298819442,0.812888186884921,0.386714362975569,1.70528590135846,1.22058372356262,2.06234345664951,0.3306148620397,1.93328076281893
10.5401239140966,22.7827785697289,31.2378462218265,37.9541272343721,54.4826199588695,62.6345808925384,7,24,41,48,65,82,2.43732923486527,0.971277752581445,0.336798253476587,1.77146603912926,1.20589770483312,1.95523903630638,0.298949544201737,1.80021781936637
10.5328170700554,23.0796107583009,31.7611590878125,38.458783752828,54.7131145898486,62.7064491591062,8,25,42,49,66,83,2.15644912101703,1.03322792301164,0.366490632135682,1.75476108752358,1.20035551952903,1.88604550433092,0.280022585402798,1.71899915798372
10.4839693329636,26.4693153230617,34.6624391820996,41.704287270777,58.0634207975001,65.6422851525635,8,28,45,53,71,88,2.14067631386657,1.36039786750436,0.303960663326874,1.94262851372423,1.09903334930119,1.74354580870953,0.233496688622244,1.515315422305
10.4596908923295,28.7566553941846,37.5126199953908,44.5264035547378,60.8339334015119,68.236861397217,8,31,49,57,77,94,2.13284519904364,1.44562987845567,0.311390709820386,2.00936206465442,1.09124851736511,1.42981279081636,0.215052423672493,1.28514537814269
10.495345761315,28.09528158565,38.3778046437288,45.4133651784888,61.0072293963452,68.6376870274552,8,32,53,61,81,99,2.14434773665859,1.18381398727004,0.313572835879273,1.7420280157585,1.09728799709999,1.27769185294502,0.191127194010676,1.13070300505083
10.5144437398142,27.4892821196197,38.9672796215104,45.8839702120161,61.6725314990153,69.9038884633227,8,32,55,63,84,102,2.15051380117993,1.06769152221149,0.334097337323282,1.6451151370438,1.0644273200444,1.18993586719915,0.251588298738184,1.14508814379076
10.2050653505611,26.0103499306096,39.3582130857679,45.885795796517,61.4942141459239,69.8859831415943,8,31,54,62,82,100,2.05105397598923,0.964501378220434,0.570029738572521,1.8035381748882,0.958743203847713,1.28073370275204,0.269191981357075,1.16927685612657
13.841451993469,26.5516453304947,35.0220629327427,39.88223187688,51.6556386105618,57.6330805439466,8,27,46,53,71,87,3.26885119575673,0.832195524148427,0.226304065380359,1.89627809994663,0.688281499122944,0.768422166250878,0.126633119641922,0.5227956573669
13.9675803286334,26.9679936420577,35.4079214277639,41.7415169099655,52.2600527172206,57.1613318839454,8,27,46,54,72,88,3.31270687262105,0.885502496641903,0.223293636595479,1.96520581132678,0.907191180584608,0.556663669360828,0.0571323059811033,0.39033087737457
13.9087277364325,27.8872114509671,36.339983198738,42.5828473572947,52.3503752038152,56.9260821855472,8,28,47,55,73,89,3.29223215238575,0.956944545439995,0.224559189067422,2.02130206227673,0.88335268437677,0.444187403385148,0.042370114370999,0.294844026811944
13.8129125487202,28.2582572575705,36.5607771786287,42.9288194022735,52.0633157144461,56.3953796096766,8,28,47,55,73,89,3.25894046008597,1.04607550006949,0.209992238290339,2.06128290718441,0.916287814930027,0.358457591324485,0.0331085063660982,0.241252802299142
13.6976498453369,28.6123161569679,36.79924345703,43.2416509975628,51.8347914846386,56.0061893339511,8,28,47,55,73,89,3.21896177529036,1.13866465723585,0.199140843737067,2.10480146326936,0.93601140980305,0.292145036968643,0.0277972234361929,0.201232773397799
13.5649969075104,28.9687358845598,37.0971601534807,43.5805379022068,51.7223337667702,59.8680587576892,8,28,47,55,73,90,3.17304763362085,1.23819309818831,0.193767133267335,2.15965662010443,0.946927013600941,0.242025224227335,0.29819395445547,0.435636599723665
13.415511180297,29.3322474108704,37.6537357388106,44.1278397909969,52.6347130019212,61.1958152422796,8,29,48,56,75,92,3.12143299946544,1.21565576659172,0.211802493353153,2.14682815061163,0.944453204325376,0.229931535470661,0.350551350510412,0.459068352203805
13.2500892470656,29.6976398884626,38.0492266022869,44.5378709290644,52.8065153490308,61.6000751506178,8,29,48,56,75,93,3.06447429022317,1.32428302121823,0.214692010340588,2.21974170961299,0.948332690813672,0.206780036971951,0.315920723609089,0.4127668881779
13.0701655038356,30.0559827923411,38.4864611171029,44.9760317540796,53.1604586349822,62.5363905763767,8,29,48,56,75,94,3.00271545876639,1.43778533609042,0.22236497531886,2.30142066698432,0.948579986860626,0.198909541899682,0.325271977815496,0.411366076911731
12.8774951892679,30.3957351837998,39.1730782980413,45.6568697409408,53.8717460918944,63.629882631321,8,29,49,57,76,95,2.93681010918345,1.5532153907728,0.209913871109684,2.31181438771034,0.947037410076547,0.20173616883534,0.37243387235093,0.447471074375316
12.6741734732492,30.7018795143388,39.590985210482,46.0571325695792,54.4203605436737,64.6388818286958,8,29,49,57,76,95,2.86752476080899,1.66647360813961,0.220392076585832,2.39045358268703,0.942332127429449,0.215815209981482,0.433299904576889,0.502822605772795
12.4625464776617,30.9591465189659,40.836491232,47.2742203820236,55.5098333533713,65.9726617594755,8,29,50,58,77,96,2.79570485571139,1.77302980496052,0.270152218234771,2.50659335723062,0.934767170143368,0.203673480200012,0.467343366289693,0.511381138903456
12.2451390437558,31.1540863987296,41.1646932352192,47.6006808624149,57.426501921258,68.5485953988184,8,29,50,58,78,97,2.72224677968615,1.86849769008526,0.284065228081161,2.56967636343861,0.934304120393363,0.318847436076762,0.56499615482003,0.69120532834866
12.0246295788036,31.281941780893,41.539767917808,47.972069757892,57.8914188965594,69.5781281054939,8,30,51,59,79,98,2.64808615005631,1.79508502389441,0.310831260986381,2.5193493828081,0.933324322697119,0.329698702632996,0.655029621945946,0.766673724198389
11.6546555983761,31.0585891948426,43.5974457202454,49.9253794242291,62.158616409114,71.3636348326335,8,30,52,60,81,100,2.52447173077729,1.82844555788667,0.532580119735729,2.79343297348273,0.905698444623549,0.567015205771922,0.305198783229555,0.673451036352352
11.1822651471074,30.1809972672918,44.8027770013724,50.8337443818106,66.3329945943543,73.2687944042981,8,30,52,60,80,98,2.36820096577502,1.73674665145628,0.860002747814698,3.03364248230109,0.828385201911771,1.25798023740965,0.132283721187887,0.887558694196124
10.7775508060784,29.0889434271022,44.4153821766805,50.441796788995,66.8959384367559,73.826509276515,8,30,50,58,78,94,2.23580434340068,1.58485010382132,1.22226141115353,3.22433480058139,0.827215296863222,1.46179281105156,0.215341504643911,1.1754453586348
10.4513584672375,27.6001223991345,43.358521066834,49.6025849028286,66.1548059742145,73.269756410736,8,29,49,57,77,93,2.13015882043019,1.47278576229267,1.31222910262398,3.14159212382628,0.88366672231994,1.48332114277324,0.235382140318163,1.25052016703049
10.2034821787185,26.8145285659833,41.9127227788012,48.5442933950034,64.0521608806509,71.4672431160303,8,28,47,55,74,90,2.0505473956653,1.4962844887303,1.30669823760455,3.11596194112519,0.986695976292258,1.39563767632889,0.269935950106104,1.28588214122859
10.0762924580822,26.1394260499687,40.0284574827761,47.1793702783336,61.8698025533513,70.0669190606657,8,28,45,53,72,88,2.00993068802823,1.37704743347067,1.32240025728786,2.9979037007469,1.12942168540484,1.22021855029508,0.370793223633738,1.36201421586001
10.4186132181814,26.1557539958539,39.6352893315332,46.5676476515117,60.0312742278845,68.9900676683511,8,28,44,52,71,87,2.11960809611755,1.30774855037092,1.37736825702094,3.05571755507103,1.06874361438978,0.973225823600915,0.483140895298202,1.25500284790622
10.748196184431,25.6074576989787,35.126063292733,41.8528106249845,54.390171441149,63.2407139226932,8,25,38,46,63,76,2.22625733098788,1.54594943351155,0.913802394755179,2.94970231051991,1.0124689591374,1.03128566514303,0.771593505223303,1.54303258561526
10.7394629723258,25.5877721320554,36.2611570274104,42.9306747509975,55.359219805689,64.3060065989941,8,25,39,47,64,77,2.22341852093201,1.54336351046649,1.03118759857254,3.05203215730691,0.9969503181476,1.00897608416225,0.791552242480492,1.53077508741463
10.7061192521214,25.5639415263075,36.1861148595713,42.8593675076146,54.8258981182579,65.2791102945497,8,26,40,48,64,79,2.21258617202113,1.39464682932838,1.01984757123409,2.88741861863386,0.997961135868991,1.04106962218038,0.854350470300918,1.60789070954577
10.6122079540692,25.1978167869291,35.7451781291971,42.5120878067862,54.2824051302649,64.8845286445482,8,25,39,47,63,78,2.1821316039838,1.48175449643263,1.00335852935307,2.93760857331517,1.02339768906804,0.999875535045527,0.884624129026013,1.61610380611885
10.3282227079617,25.2956762648133,35.6425559465951,42.3999737829147,54.101860834338,64.5459889055599,8,25,40,48,65,79,2.09053674204517,1.57156790984141,0.832970974443777,2.77014581640255,1.02081200905172,0.864672252419361,0.980756855373526,1.57447681657224
11.1898228947198,28.5911899063514,41.6143744476274,49.003020227745,62.6848112868507,73.883411899766,8,27,44,52,70,85,2.3706867396192,1.83119385055862,1.13300495872803,3.49001947766035,1.19638367391253,1.14011723032747,1.00964268384721,1.96121693948159
12.5177573921179,30.9511705823721,42.2837724674009,49.7576443465765,63.0901789604902,74.2163523804862,8,27,44,52,70,85,2.81441223073952,2.08381983531279,0.794604414481363,3.64115421262077,1.22062323837502,1.06805724525325,0.994151074971398,1.89849333982863
13.4787653799074,33.075878230052,44.1574495790912,51.65501603282,63.5011859394357,74.5379887954732,8,27,45,53,69,84,3.14325707862905,2.38001003478047,0.648160010022349,3.91255916476765,1.22738372943138,1.01573019837412,0.975151747043726,1.84202032638904
14.0312597019906,35.1903814967315,45.3261593041293,52.7370438573233,64.3439412416458,75.2891222965022,8,26,42,50,66,81,3.33488286027632,3.00081975106617,0.681439656132317,4.70311539470523,1.20269702170834,0.966022876090769,0.9558087183485,1.76474163938433
14.3285409710629,35.5896175034735,44.5538441921132,51.9293493046269,63.3892088058347,74.0637104708288,8,26,42,50,66,81,3.43870708312242,3.02944212989134,0.483989513689376,4.51168077873876,1.19265708682461,0.935925854879254,0.899476974755917,1.68234019555346
14.7165478841051,32.4084407058912,43.032839970554,50.1085540125714,62.3627367650433,72.8465476320279,8,25,41,49,65,80,3.57493146336213,2.25668326306401,0.771743199307513,4.3138192304369,1.10844645313778,1.10251421609329,0.860539640772051,1.73742922463538
17.0233714005879,34.5282432930982,45.6110419977245,52.7553785420145,67.5041821939544,78.5866584461339,8,25,41,49,65,80,4.3996600269309,2.2074055839604,0.860358060190907,4.95834695278197,1.12758334837994,1.68217100528727,0.98484533680088,2.34938154797251
18.1266983075852,37.0031918325391,46.4005116144348,54.2360766974092,70.3636468853234,80.3328457096377,8,27,42,50,66,81,4.80188625386063,2.19524053580137,0.651323090619937,4.97322419711792,1.32480341168683,2.03329513995796,0.758681210860154,2.54744140460999
17.593409962824,34.4267122392115,44.3398572896603,52.2294890240037,63.3564341750279,74.221494279612,8,25,40,48,62,77,4.60690863067652,2.03301654608275,0.747879887385023,4.82084422299789,1.34055228282315,1.13344132883899,0.939006937519365,1.98734068150571
14.8653489924676,29.6693788844725,41.2515908275783,48.3356577638265,60.1251341873042,70.8664864314305,7,22,37,44,58,73,3.9731028105298,1.87237805690842,1.09306892030833,4.59281092908893,1.31631846578115,1.28838322463105,0.913274899072993,2.06080963720165
14.6990831284148,29.5633287314376,40.8262399601442,47.7042383286966,59.5635885144773,69.9480503389129,7,22,37,44,58,73,3.91226237979495,1.8880966831064,1.02346827897993,4.48390338134944,1.25418126765726,1.30509003712419,0.840504475969686,1.96292413123341
14.6739423261654,29.0459476948218,39.9492709511276,46.1519032802371,58.2508032553081,68.3289657213255,7,21,36,43,57,71,3.90307313308599,1.94632090263514,0.947017666177258,4.44659159342277,1.05554327725419,1.36287398570322,0.902085695194191,1.94200831884343
14.887585967699,29.6797408692203,39.6657002049212,45.1068287514254,57.9236514912021,68.2326224862502,7,21,36,42,56,70,3.98124874903344,2.06033322727311,0.7619223370443,4.37400422698601,1.03581441045634,1.54055458831086,0.951435485985821,2.10952014595817
14.7588722374866,30.2546122261515,38.9620489914758,44.4571427488653,58.7973701533758,69.9297231746932,7,21,35,41,55,69,3.93412693265517,2.25502267037963,0.629408302878768,4.38117125542198,1.05217346875735,1.93776903068031,1.13467978952569,2.62392934885792
13.9280307824307,29.653654817662,37.3949753081566,43.0464023998792,58.1638307930813,70.3549801133715,7,21,35,41,55,69,3.63171988669325,2.31960463590567,0.46095188298315,3.98291251859877,1.09987677014681,2.14977053435919,1.38533225112106,3.07835276148768
13.0551553719984,28.5549753688287,35.633539132654,41.4233128775492,56.6779127012556,69.7149425193217,7,21,35,41,55,69,3.31757309877352,2.25616482049621,0.358454764977288,3.54877973070329,1.14246640319278,2.18778336313835,1.59634143850189,3.34405950572719
13.0717584083022,28.888395726135,35.9510991568839,41.7967201876005,57.0813678271277,70.1306933750167,7,21,35,41,55,69,3.32351186123042,2.34530040632175,0.356142303333633,3.62593731658529,1.15975532556613,2.1961332118727,1.59947352492969,3.36764674484358
12.9936375280479,28.8977892504661,35.8619963548783,41.7114662096805,56.9666085987184,70.0106740555489,7,21,35,41,55,69,3.2955816224264,2.37007535157572,0.341933422934641,3.60423747580919,1.16094883240682,2.18793406113467,1.59813340460701,3.36021455786289
13.0388881600324,28.951196512424,35.9641129963596,41.7953520785583,57.153035476466,70.1039781837267,7,21,35,41,55,69,3.31175589274385,2.37238778224307,0.348927311452065,3.6291099501812,1.15529781568005,2.21646297145467,1.5744629069151,3.35809699089421
13.0110522050327,28.8251495148148,35.8807205208971,41.6682250544425,57.1141591441219,69.9325143761991,7,21,35,41,55,69,3.30180497178516,2.34458231908573,0.355104589362233,3.60879424804778,1.14176507079021,2.24109204077879,1.54094080202106,3.33695672594729
12.825043654458,28.4271464063922,35.4724520909222,41.2191230497311,56.7286620796485,69.2110753468497,7,21,34,40,54,67,3.23541801035537,2.28484580669764,0.434750022492906,3.682841107055,1.1291604716456,2.25888614450236,1.63207454149791,3.43142468055824
12.3798974434603,27.7017893710799,35.6627040173257,41.2831160915084,56.8580796015834,69.112373758598,7,21,35,41,55,68,3.07733256829062,2.20649425171008,0.497338892118826,3.55584497931674,1.09037660134292,2.27722672694612,1.57249015934654,3.36111849966406
12.1870104880682,27.3943883804525,35.7264215486555,41.3800902029759,56.9209750359861,69.1748061070805,7,21,35,41,55,68,3.00919157305348,2.17467774227551,0.561422681566645,3.57129546523551,1.1005640660269,2.26766865786171,1.5723698428488,3.36080678241272
11.7922211926511,28.2688577800917,35.1407551906419,41.0685755323715,57.2260216835048,69.8233419796403,7,21,34,40,54,67,2.87043695309295,2.53372072113927,0.406568251329802,3.60116914235291,1.18530060410492,2.44214641248287,1.66232316331475,3.66411007888591
11.5005293861489,37.2208204187099,44.3530948796649,49.3983234887626,66.602512068833,78.5755232831979,7,23,36,43,57,70,2.7685598498289,4.87029747752921,0.449184180161632,5.6145569643923,0.736352012907622,2.74545202263618,1.49989788413838,3.37795217518999
11.2850204831932,36.5856778015821,43.9319684904681,48.83539745501,66.4688893961558,77.4021811901794,7,23,38,45,60,73,2.69365771277899,4.73568326520336,0.324423829373223,5.09702226434151,0.699436191986034,2.64731747550735,1.24060599662172,3.03702787970216
11.8941354449693,36.5582166797266,43.7353770955265,48.6854011904944,66.1879926993616,77.0014224251292,8,24,39,46,61,74,2.6043675315394,4.53291285619684,0.302035188797864,4.85374090610182,0.711507602854398,2.60997362498476,1.21169077692671,2.9900380882546
12.1864318973012,36.6292219978025,43.7897023529153,48.7371531294538,66.3060778142139,77.2804718430785,8,25,40,47,62,77,2.70246824002859,4.20199339776734,0.299868329305544,4.68129039086438,0.710839410066858,2.62888102171508,0.961961180311671,2.73701815077974
12.2503963577092,36.5187252462141,43.5910147935843,48.5444664971685,66.3790341877078,77.2703327248643,8,25,40,47,62,77,2.72401918410127,4.14835859493435,0.28853579227596,4.63118078292087,0.712397897394925,2.7049349768163,0.944497568002904,2.77841448934551
12.2894058532244,36.3906114299303,43.7375326867568,48.7819241267047,66.7919511116221,77.4807893591564,8,25,41,48,64,79,2.73717666420309,4.09711945222668,0.261881050788584,4.48737437123099,0.736132508895762,2.54136642639285,0.902429639609639,2.647378544389
12.3296590320656,36.2444152971545,43.7337163047927,48.7904269257126,67.0514474795436,77.5891809615284,8,25,41,48,64,79,2.75076496623055,4.04011861808482,0.278843947370436,4.48642902505595,0.739364411713767,2.61132673470318,0.871486340233162,2.67149829190989
12.3680169986624,36.058955120406,43.7125139621038,48.7740546971317,67.2935700199677,77.6852891552323,8,25,41,48,64,79,2.76372415739986,3.97192466580087,0.29906259941619,4.4811781137191,0.740632654043322,2.68388185888142,0.841962122506798,2.69679423687045
12.3967568509651,35.8152976319791,43.6657999113176,48.7276791343698,67.5188243838534,77.7729766388223,8,25,41,48,64,79,2.7734406613437,3.88927569348911,0.324206834811822,4.46961543116456,0.740721553467057,2.76066136491173,0.81449123601768,2.72587468024338
12.3789608747203,35.3999340161959,43.535868303309,48.5561014752043,67.5601243874918,77.6229196900814,7,24,40,47,63,78,3.07700117141878,3.76934678501463,0.362357427397098,4.61730026302171,0.729806139986032,2.82120999108255,0.776847786670054,2.72151345003641
12.5692380737938,35.1540214209816,43.5531315097775,48.4994542813678,67.7364918251073,77.7286749670452,7,24,40,47,63,78,3.14443460051062,3.63874883054444,0.399278678616431,4.62164416511268,0.7105465660282,2.88785673213509,0.763127225777252,2.74070758314398
12.7542820455894,34.8928836026454,43.5555850462575,48.4022225165815,67.8226432553981,77.7792502143357,7,24,40,47,63,78,3.21021308581111,3.5062585147272,0.437887381500494,4.62226163873869,0.684802900097239,2.94057503560185,0.756249672159704,2.75116437889089
12.8993916817212,34.5333839368425,43.4656787538277,48.201720096522,67.7312752394164,77.6819723162717,7,24,40,47,63,78,3.26193029516306,3.35780929744292,0.47901139054866,4.59965078447366,0.656562503071181,2.97205847380955,0.755109475929767,2.74956166671178
12.9958838374396,34.0562193470947,43.2698026820001,47.8833495555083,67.4384139555428,77.4014963483152,7,24,40,47,63,78,3.29638427661782,3.19091689416907,0.523627943666953,4.55050052506442,0.625691085442345,2.97942917470251,0.757499732729118,2.73119077088139
13.1832346690801,33.731919876087,43.2936284921133,47.8332043841637,67.3733679919356,77.3959330069484,8,25,41,48,64,78,3.04150270263442,3.04381861393214,0.581176652840544,4.37781107820445,0.607262369819452,2.97512317003072,0.890337157691808,2.87203128035429
13.1490309849688,33.1376728046361,42.7806859973365,47.1797296217154,66.6788104297247,77.5311347725566,8,25,40,47,63,78,3.02976095701583,2.88479524234774,0.696665807819451,4.42844231393712,0.572709450832173,2.96325895498559,0.936345989987521,2.86650350817545
13.7375390860669,31.044734302691,41.6940180555975,46.1362431031377,65.5921304217514,75.5446618544223,8,24,39,46,60,74,3.23278855580178,2.34813151697174,0.894291776719799,4.33720301664862,0.58326148712704,3.42440259177324,0.875616098577646,3.12520545227902
12.6895016465675,29.6620184144873,34.9832264978563,40.0545567694957,62.6839573312922,71.136703075925,7,23,37,44,58,70,3.18716321111278,2.25755718153331,0.146380603288782,3.07024296922836,0.743204944415695,4.43144806138996,0.81477773695509,4.03544211438204
12.4353686119186,29.9234888576988,39.5375605819093,44.6282291834195,67.6003972886863,75.0787781615549,7,23,38,45,59,71,3.09696978759183,2.39748930703971,0.691262562336558,3.98169498821619,0.748293537973624,4.54316948465058,0.61294927233296,3.87961786093209
12.0568509446707,29.4947668674421,40.1829588445755,45.0735444534601,70.012363497171,77.4713059254804,7,24,39,46,62,76,2.96333761785482,2.18983757121667,0.902296462794992,3.96599539580528,0.696119178183408,4.62020936627388,0.415905266061037,3.60844624381547
11.6895160174494,28.76438309935,40.18476758155,44.97875833666,69.868541329514,76.7200242920831,7,24,40,47,63,77,2.83450201281292,2.09527383351126,0.92790499644536,3.79751256403741,0.671316978618618,4.6046040664183,0.325996627148655,3.42962597727113
11.353320713027,28.1799162625228,40.3096087527113,44.8770219763806,69.1068162972046,75.2710522044708,7,25,41,48,65,79,2.71736155655292,1.85710586834734,1.07577069807466,3.66302387477107,0.614178404462246,4.1365318995548,0.236615302041037,2.91314194537349
11.0394863214827,27.2032419105711,40.0074166135682,44.5592198199194,68.1501348513753,75.1974143708656,7,25,43,50,67,82,2.60871540258109,1.69674541450363,0.962350774391305,3.28320141749061,0.610297308333435,3.94153178849745,0.285360159952365,2.81612669290875
10.7822440178711,26.3794477997681,39.4641643847294,44.0494222242293,67.6821877601265,73.8752759125411,7,25,43,50,67,83,2.52019197951279,1.56333596887206,1.01797085584838,3.16364716044173,0.618624026141226,3.95424216971914,0.144483303311328,2.51070099418513
10.5959043940673,26.0689034634522,41.2661490071089,45.7280111297841,69.8987070891419,76.3457514556154,7,25,44,51,68,84,2.45637921588724,1.53455994957597,1.32801659068365,3.41222565058444,0.588079346419842,4.1184081198974,0.167181219364346,2.65044753437333
10.4790686780207,27.6586722935594,42.3690936963135,46.86165031688,71.0270866401073,78.2498762846896,8,26,45,52,69,85,2.13909513975684,1.94429486944371,1.22440907647562,3.50661281643295,0.59563395901028,4.11679597357466,0.247524280322792,2.82134043115606
10.3407819990469,27.9558361285936,41.753134951566,46.2851346307922,70.8869810528694,79.2484045804791,8,26,45,52,70,86,2.09457136911982,2.05347708676712,1.0383546495193,3.37017360995136,0.605384145400313,4.00214751975798,0.393890752392914,3.02684350535249
10.2226864386509,27.94359927898,41.5848037580374,46.1384543784797,69.824066124833,78.3424526868007,8,26,45,52,69,85,2.05669400258254,2.08028392639079,1.00768933314652,3.33319922804615,0.610756246253195,3.97030490663376,0.416550251180089,3.01247919994056
10.129932985966,27.9446319428675,41.4237395804581,46.0062186631228,69.2649451998842,78.0855043781497,8,26,45,52,69,85,2.02704058322565,2.10411827922937,0.976212233420605,3.29794817937167,0.61793113057949,3.8409659202009,0.461769632727612,2.99137487816317
10.0652226219399,27.9454830110566,41.2633448514877,45.8810243175226,68.7322612352913,77.8100177145197,8,26,45,52,69,85,2.0064033013199,2.12082660108139,0.945278026561961,3.2629680375258,0.626725458181306,3.71840279786252,0.501869499381401,2.96610818704787
10.0289939601599,27.9383873611418,41.1000567832572,45.7577464205598,68.091129544811,77.4191153913394,8,26,45,52,68,84,1.99486774226328,2.12826344454229,0.915678418193839,3.22748527589687,0.636765822529591,3.80661494040471,0.542259954910336,3.0649621364578
9.99438122777733,25.5255466566087,35.0532334097267,39.8611003717888,61.0108683318975,71.3726937960993,7,25,42,49,65,81,2.25227698561458,1.54801450480743,0.487631767706941,2.37749416431647,0.67486400848387,3.44857702534581,0.722667356845627,3.06505192007466
9.99411890023241,25.4217103645082,34.8366708270389,39.6943471703789,60.3716106209346,70.8959915260739,7,25,42,49,65,81,2.25218863436767,1.52408318614942,0.470593422344928,2.33439773226578,0.687640336206773,3.30790977330958,0.752901538145236,3.00710099381753
10.0122048676003,25.2770586128047,34.596022110796,39.5109613257524,59.7265035335317,70.364317355032,7,25,42,49,65,81,2.2582813328405,1.48672812247612,0.456296704697665,2.2868444108821,0.70241271016314,3.17177738207821,0.774283947486686,2.9427039955796
10.0442270590149,25.0725171778291,34.3027340152652,39.2801868759295,59.0519820881723,69.7318113981037,7,25,41,48,64,80,2.26907569090499,1.43297328463195,0.526319683295443,2.35626551520221,0.718640790594921,3.04222895276233,0.782262591777518,2.8682303597307
10.085534843399,24.7748187644849,33.9426123446882,38.9573281589894,58.3017732057666,68.8697263475424,7,24,40,47,63,79,2.28301309165779,1.50597253799804,0.516248474553197,2.41435304375018,0.728363442221356,2.91870558271452,0.761087577946052,2.75920788710171
10.1317158429836,24.414613052019,33.4750177135832,38.5597248894275,57.4813033712109,63.7748239477245,7,24,40,47,63,78,2.29861190460348,1.41177391069753,0.499118547200343,2.31953290214289,0.746723850563469,2.79772165748887,0.197800624247247,1.9456413526832
10.1790564860339,23.9293397717244,32.9171086841543,38.0944477493647,56.6329822416825,63.0588044281439,7,24,40,47,63,78,2.31462108718911,1.29138291997408,0.487674061586935,2.20819599587387,0.771216874840924,2.68924007988372,0.212004414305034,1.91532660253936
10.2849057862709,22.6234584817485,31.9786855264558,37.3525475546035,55.648293407466,62.2119115544958,7,23,39,46,61,76,2.35048374137633,1.12076838402929,0.546737286726471,2.14913730678903,0.823885586155562,2.83821496329358,0.227333031327865,2.05658105881297
10.4382136918244,21.6067157320653,32.4328680640769,37.7503026328014,56.4014663049036,63.1544387231344,8,25,42,50,66,82,2.12592227129803,0.764210029402022,0.702320659240639,1.87597002523726,0.651192275970884,2.72102591474565,0.196906818724643,1.79009508379895
9.62449295484675,20.3133524114977,31.935011666759,37.3459418456909,56.6402939432869,63.8332874575916,8,25,42,50,67,84,1.86699436305342,0.678093110739075,0.849256812229274,1.7858301084051,0.673667059636613,2.69068987171753,0.194080704416357,1.77924732385304
9.70659741055803,24.0654082050468,36.0356050885449,41.0844921333963,60.6655076766766,68.2440200198934,8,28,46,54,72,89,1.89280971879252,1.02932689802087,0.804127192318753,2.07935616281505,0.587992574992683,2.56698956646783,0.233459001047404,1.72530303313238
9.83056443693267,24.5166030203983,36.6902207795559,41.5429372498217,61.9490811522564,69.7372208478072,8,28,47,55,74,92,1.9319242242317,1.09319465230134,0.737149804656471,2.08486224029114,0.54315997346921,2.5924015408278,0.206145254493704,1.65965695530969
9.94623404559582,25.5514295387021,38.052901297576,42.8183927326099,62.4758318917393,70.4452829729763,8,29,49,57,76,95,1.96856625760985,1.15349537502137,0.696116278214174,2.10598216340479,0.523605458316343,2.39567058974444,0.179568270229979,1.45317446601594
10.035988757269,27.1538476245143,40.4811168501469,45.1555452268755,64.6310009529726,72.5102919361423,8,29,49,57,76,95,1.99709391927061,1.46612504180967,0.837835897114677,2.56119124449334,0.503448482007441,2.34851710773028,0.171778505884123,1.39581522307592
10.1787820722447,24.2731193980935,40.5515596844065,45.5752501387242,64.004264634512,77.1656770926103,8,28,48,56,75,95,2.04264710308035,0.978778671718207,1.42349646948367,2.70177130294187,0.582169497174533,2.08272234630241,0.80851338338166,2.07098683144908
10.380513200483,26.5313302383916,43.0450864416916,48.0376887479573,66.2292320030806,79.4918065118881,8,29,49,57,76,96,2.10734485586425,1.2631438480202,1.47486537258478,3.07635500087242,0.575010790552887,2.02372999010925,0.826348162057704,2.04059199286808
10.5035280969736,26.2715297362394,41.3271054719478,46.4523838416243,64.2632532323265,76.8811644156635,8,30,50,58,77,97,2.14698910638083,1.06723229686734,1.16702819488501,2.6011062497549,0.605760776391038,1.93023874218278,0.715439300042649,1.88147282565529
10.5937292905467,24.6061081155106,39.5613723822472,44.7468798025794,61.8336082259605,74.1185693663864,8,31,51,59,79,97,2.17614865923815,0.667871004268907,1.14681029323462,2.15353035445613,0.619888601241139,1.60249468090298,0.86255580123592,1.81452320994853
10.6152041386583,24.5480608761254,39.2118949684531,44.425783894253,61.3778839548865,73.8349333833726,8,31,51,59,79,98,2.18310199241789,0.655799695969395,1.08881531528972,2.0912103966796,0.626581813074193,1.57218806052625,0.786776541231075,1.72099137341894
10.6336230345843,24.5081920741826,38.978135780176,44.2035359667935,61.0205241901417,73.2902351930032,8,31,51,59,79,98,2.18906921935237,0.647013470373274,1.05085525522432,2.04992473843059,0.629302996266001,1.54196725572215,0.753827605022047,1.66867902251501
10.6509978847682,24.5066902766966,38.8590188087302,44.1011432602642,60.7716699142268,72.889902507847,8,32,51,59,79,98,2.1947010548499,0.564790880446118,1.15012087392381,2.02901095368133,0.633263130610412,1.50943097324089,0.727606738487524,1.62193372484483
10.667323694002,24.3913958894662,38.8336542428766,44.0569667062777,60.5950879414044,72.6039790713824,8,32,51,59,79,98,2.19999537248517,0.546679730535809,1.16862009435777,2.02456849190215,0.628809196014166,1.4802196534113,0.708917360554018,1.5791082947597
10.6825636130258,24.2533545619357,40.4425807971483,45.5646742282267,61.9972039761317,74.0204933578903,8,32,52,60,80,99,2.2049397388461,0.525933939229065,1.40418528814651,2.20000958217413,0.605016589961189,1.45706346580528,0.711366920609124,1.54778683329124
10.6967284268074,24.095771988282,40.4709326466812,45.585745349766,61.8439622989835,73.8573916215297,8,32,53,61,81,100,2.20953719765154,0.503135996233342,1.30927212064586,2.09519296274278,0.603316490077209,1.41911097788274,0.709689061352088,1.51687967442574
10.7098094538651,23.915825263917,40.511154242197,45.6216337914785,61.6931395992665,73.7112918027551,8,32,53,61,81,100,2.21378451025097,0.478084255254643,1.35511554046825,2.10223222980667,0.60230539678113,1.37884361300789,0.71049253653402,1.48705042010185
10.7218040728797,23.715626071527,40.8479556704843,45.923588293681,61.8643505081176,74.0549356284565,8,32,54,62,83,102,2.21768043618195,0.451251755760036,1.33571093903567,2.05374692085099,0.594194080180941,1.22049931345033,0.740083540475303,1.39528466922403
10.73273212486,23.4980139904132,40.903178975822,45.9884514967607,61.72661793025,73.9484071765154,8,32,54,62,83,102,2.22123106671173,0.423191941137365,1.39201793968239,2.06327092658758,0.596434420681161,1.17987906828272,0.745491320965429,1.37048570680229
10.730860584319,23.350509994023,40.8981548723238,45.9942061184084,61.8262652460257,73.9028327839937,8,32,54,62,84,102,2.22062290844489,0.405771538810317,1.42175134465027,2.06240373041712,0.598942636412401,1.07932648684888,0.823692883849613,1.364298561135
10.7151564950902,23.2811450753841,40.8163575530481,45.9229891633212,61.6121811322685,73.6393404448488,8,32,54,62,84,102,2.21552110128832,0.399443810894198,1.41914801197228,2.04830525560723,0.601407978865277,1.05242500065822,0.814581784070611,1.33672319765835
10.6982253597564,23.1975939365311,40.6869637507398,45.8194731489418,61.3077433183462,73.3021950754621,8,32,54,62,84,102,2.21002316206988,0.391656581522829,1.40956323598515,2.02608155000977,0.607451450332494,1.01503827215837,0.808572301856753,1.30549080411219
10.6800926210743,23.0952951070017,41.0107582910959,46.3201303766899,61.331664659147,73.3052133343319,8,32,55,63,85,103,2.20413791840986,0.381927571392005,1.36732554530852,1.97714477870803,0.649265341103936,0.928468519851522,0.804740888302736,1.25789646073153
10.66081579904,22.9693707633672,40.6553496702303,45.9528932567425,60.7424009324407,72.7604918896122,8,32,55,63,85,104,2.19788462719586,0.369775840820807,1.32098824054525,1.91761280513699,0.64644156353251,0.889206493438877,0.710482114661157,1.14764316103331
10.6404687738705,22.8193071785751,40.3265654996335,45.607443933662,60.1768765150804,72.2223395061152,8,32,55,63,85,104,2.19128784818614,0.355262346915752,1.28530815325873,1.86319802369241,0.642469699275471,0.850969881908351,0.715146125025057,1.11847427312789
10.6191114634469,22.645365221997,40.0336056514991,45.2950416943044,59.6474262727722,74.0000762520758,8,32,55,63,85,105,2.18436760015522,0.338567792608745,1.26174790780538,1.81525130129202,0.637845651565719,0.813935791504063,1.02813838162248,1.33263573418272
10.5968091892086,22.4488457923565,39.7732650129,45.0147106019302,59.1510578511703,73.5919013184912,8,32,55,63,85,105,2.1771456374127,0.320009549900002,1.24918091839606,1.77307419967516,0.633102230305314,0.777754450486624,1.04520176796792,1.31077362302561
10.5736547857786,22.2365526708919,39.5437881686648,44.7661712047983,58.6857496833494,73.2392870549565,8,32,55,63,85,105,2.16965259128432,0.300474521756149,1.24580529381942,1.73623696670842,0.628589401976839,0.74214603184721,1.06715932315169,1.29268405423916
10.5498634669201,22.0259305030664,39.3398460963414,44.5449774278381,58.2550365944789,72.9421277132479,8,32,55,63,85,105,2.16195860267455,0.281809594599933,1.24711714817405,1.70376824944456,0.624514079052387,0.708403163429786,1.09340240393576,1.27906299516714
10.5271621692045,21.9476636309628,39.2055587873309,44.4027303549699,58.0598273613205,72.8029467741063,8,32,55,63,85,105,2.15462202642478,0.276380346259657,1.23613168054609,1.68252843355422,0.622636598491151,0.699980157930812,1.10448258718798,1.27834967474366
10.5038237516445,21.8792303430086,39.1120727688058,44.3083605935452,57.9149988075306,72.6942939906113,8,32,55,63,85,105,2.14708455949151,0.272015428191724,1.23123066277691,1.66780777843188,0.622428259394401,0.69199562689786,1.1116587696127,1.27613999726857
10.4799412590181,21.8215101921506,39.0496816679063,44.2517150867993,57.8106610638371,72.6051920980228,8,32,55,63,85,105,2.13937665753897,0.26876445658505,1.2303176995886,1.65801358153911,0.623783157123491,0.684485219561836,1.11468626175974,1.27225252029528
10.4555973336302,21.7730708396093,39.0115801560318,44.2252477499132,57.7390266999658,72.5275200987017,8,32,55,63,85,105,2.13152535146592,0.266462199957949,1.23233862831133,1.65204427483076,0.62652952828972,0.677405176423986,1.11348616746783,1.26650301104869
10.4309030930753,21.7331314422105,37.8796509182913,43.1187613987931,56.3987079351698,71.1496666393331,8,32,54,62,84,104,2.12356677971612,0.26501103632687,1.1394495254453,1.5685268695046,0.632548874058507,0.641264880810126,1.10603620130203,1.23102778184143
10.4059462585176,21.6993795385885,37.815422341493,43.0796741224549,56.322823518892,71.0218258172313,8,32,54,62,84,104,2.11552945150499,0.264175777213281,1.13356842639997,1.55863061974885,0.638514677354127,0.635656747487815,1.09575448272953,1.22192397004788
10.3808532715196,21.6712730910902,37.7733398295081,43.0672273745315,56.2830623448409,70.899870174551,8,32,54,62,84,104,2.10745425317073,0.263889916797584,1.13087531259808,1.55216100670375,0.645569549277595,0.631507872612017,1.07956212944558,1.21053536953713
10.3557404515723,21.1155293476139,37.7768786190494,43.1030662755237,56.3120098542786,70.8098008584311,8,31,53,61,83,103,2.09937869845628,0.260119575689949,1.2405095162731,1.64558069913241,0.653286284701695,0.630463009503706,1.05627608518225,1.19724861811165
10.3307316571252,21.1051443947499,37.7670684081525,43.1294816061142,56.3349507217969,70.6778466827345,8,31,53,61,83,103,2.09134261145724,0.26152915143536,1.24062411525035,1.6440251345446,0.661974803184927,0.629936505710469,1.0262577463728,1.18000960851979
10.3059664094933,21.1044622394756,37.771772292825,43.1715896933334,54.9812042474,70.5085668313709,8,31,53,61,82,103,2.08339072439709,0.263859346590154,1.24169823854644,1.64477093350834,0.670983361691921,0.50602473335614,1.1381551191079,1.15564693416852
10.2816023660791,21.1112249704028,37.7839520117907,43.2196291000295,54.9319219854273,70.3527100018125,8,31,53,61,82,103,2.07557345309231,0.266887368419416,1.24277887951921,1.64670267848891,0.679655224235739,0.492461472821462,1.11727484915777,1.13233346117061
10.2577877612162,21.1242292528774,36.5986039007082,42.0457927695247,53.533752143106,68.9922590638046,8,31,52,60,81,102,2.06793804602033,0.27049282582243,1.12775553680887,1.55396250070029,0.68244636273235,0.461849046390638,1.12464824070893,1.1082674131379
10.234683485393,21.1417002438404,36.3652473811938,41.8123903771622,53.2141477974922,67.8163401866398,8,31,52,60,81,101,2.06053567236585,0.274495833992785,1.07901599786537,1.51773764259345,0.682435233447096,0.450330539610716,1.07669232070119,1.0576476404657
10.2124991143305,21.1628466651761,35.8381402475956,41.2722584555651,52.6642010872628,67.3340629887718,8,31,52,60,81,101,2.05343294746252,0.278805029997817,0.97536768505486,1.43725293774479,0.679277530101709,0.44902774966797,1.0900035167814,1.06370985208956
10.1857637850814,21.3738691832224,35.3847054786463,40.8507894309823,52.1258384330917,67.3315069381166,8,31,52,60,81,101,2.04487958307805,0.303077872063657,0.855308310608465,1.36952786109453,0.687035270178367,0.433648873474376,1.19751993303702,1.12555227954529
10.1533257455797,22.1662604940876,34.7386319058015,40.3640071877668,51.6954023705785,67.6062827921515,8,32,52,60,81,101,2.03451124775608,0.337130009281076,0.707855584909682,1.27549544197545,0.726091516448609,0.441030264569045,1.34452570413494,1.25668931672719
10.1223588293142,22.3930760205378,34.5874795326792,40.3360274262589,51.7914387721352,67.6534571382446,8,32,52,60,81,101,2.02462288410484,0.365511981731871,0.646236204120601,1.25392107612405,0.756734481507121,0.457483835983694,1.33414636810033,1.28576432432028
10.0932227705313,22.5963741000761,34.6702411739049,40.5514741550044,54.7020121135557,67.4494405382229,8,32,52,60,82,101,2.01532789093795,0.392096707086838,0.627090955471903,1.26571370920109,0.790161058894357,0.780109984847977,0.83896170539852,1.24381614061296
10.066023121683,22.9247860878695,35.4836874067666,41.5135436252717,55.6503046920998,67.9169688934166,8,32,52,60,82,101,2.00665833795543,0.434563347133942,0.705618911547819,1.38419123920196,0.828099627580942,0.777823098369353,0.75329647018568,1.19403285260604
10.0421784883317,24.1473081371356,38.2967544553958,44.3225898977486,58.3865899862537,69.8950245523012,8,32,53,61,83,102,1.99906428791039,0.599856995782661,0.879833630597299,1.7288872664278,0.827066504186369,0.765791935941768,0.625985979412833,1.07760897047433
10.0267457284892,24.379501634332,37.4453945038716,43.5770026059391,56.5921114718656,66.4834480514005,8,32,53,61,82,100,1.99415232127993,0.635615842670061,0.695792707508291,1.59336006026884,0.854366880959174,0.687612773248001,0.461945532370544,0.889223566233922
9.9756518157656,24.5470116749122,37.4664773566358,43.7400307346195,54.1516668671792,66.1978637571152,8,32,53,61,81,99,1.97790734036541,0.667953931408256,0.672319745314314,1.59666032940316,0.891395997145323,0.389766286582113,0.818087685409567,0.921822866273946
9.90100857656481,24.7309935379297,37.965668229237,44.4368663157565,54.6960784904133,65.800962187769,8,32,53,61,80,98,1.95422310736917,0.707127782974209,0.723273772773968,1.6756355293347,0.943678387122069,0.438887376059184,0.652074739039609,0.878386495886928
9.81964180241485,24.9645210175958,38.5975835569087,45.2799094399511,55.4636177452415,66.3950606184551,8,32,53,61,80,98,1.9284713452192,0.756136653069439,0.789903317690605,1.77786648017466,1.00041785545505,0.42854601436789,0.623186777337992,0.873530243088791
9.73331520679431,24.069146551443,39.0705698146153,45.9656829273831,55.2677910085014,65.3945728162713,8,31,51,59,77,94,1.90122599673389,0.717959797046842,1.1560976045652,2.06621159669284,1.05849044996284,0.380316076589079,0.582585058630006,0.827740086604342
9.64537062458222,24.3555786335057,38.5355679931975,45.4729434288082,55.2750505989496,65.5269343321586,8,29,48,56,74,92,1.87355182473453,0.981847414880987,1.11496943088949,2.31066350732671,1.07012674200627,0.449115256860737,0.515439437625717,0.841823626763114
9.56201392105548,21.4242036514376,35.4374891167878,42.4286342913477,52.7098521638541,62.8257462682976,8,27,46,54,71,89,1.84739874943112,0.684159527256743,1.08134807183988,1.97052705741475,1.08497931635147,0.608225036973458,0.494955251862095,0.968655759313128
9.49464439589275,20.9591804569986,35.212720389583,42.7033063448357,53.5050423632602,63.6812676364477,8,27,46,54,71,89,1.82631745230547,0.618920473363261,1.12992275907798,1.93021626394965,1.22539110625771,0.697986875282618,0.503997437575081,1.12192039322184
9.46452795426932,18.4351344520919,32.7671282574207,41.0373832969345,52.6210060071304,62.8139793276617,8,26,45,53,70,87,1.81690971674157,0.337684581168154,1.14595267609159,1.61245087254619,1.4526479202013,0.84198533638231,0.593517491476685,1.46015668609611
9.50962250781128,18.7731948361916,33.5005176980644,42.6585559062658,55.2693858875277,65.5340024601723,8,26,45,53,69,86,1.83100006030886,0.37523612007543,1.22795628140656,1.73731215384964,1.72175614995426,1.18037773667383,0.605446606258428,1.91722293055875
9.69705000944123,19.2590407406715,33.9285138391091,44.4404071160791,58.1980001967537,68.4992987900119,8,26,44,52,68,85,1.88980408107044,0.415412846412286,1.35270710675455,1.92211602636472,2.14969014903304,1.44249236384729,0.611592899367187,2.41028684782733
10.1348907768643,19.3908816683059,34.2626485379221,46.7786836180792,61.0292805233672,71.253337310171,8,26,44,52,68,85,2.02862343840859,0.374240514420313,1.39776895458873,1.98306929643476,2.81382833386822,1.56027583535045,0.598680868266841,2.91705900332297
10.9521592004036,19.2766824710455,34.0962812231572,49.4323628161292,63.3660249667902,73.1695132812129,8,25,42,50,66,82,2.29275054995397,0.320229119775249,1.53659133262066,2.18924147454162,3.79403130322978,1.48422279298449,0.622609878141648,3.53658942433414
12.1783241091223,19.7967212774042,33.0471494364664,51.130549446764,64.6930024461406,74.4978086648575,8,25,42,50,65,80,2.69973866200775,0.237749117968477,1.1817337782105,1.98952750627544,4.78601792136309,1.5569720338471,0.727171858163359,4.45753503985929
12.9279096539748,18.0790863570445,30.1852020430238,49.8556055172479,60.8117535877057,68.3552038485396,8,23,37,45,59,73,2.95403183136941,0.0967459045880806,1.36462657838649,2.04707232068817,5.37171572548232,1.09455764071623,0.429176744316593,3.99689261143682
13.3174712212423,17.7126171017576,24.9082553362357,44.4340697798317,50.9522132650485,56.4943612837623,8,20,31,39,50,61,3.08765519677929,0.142227236000869,0.673472693805325,1.75746202407508,5.31802229590768,0.536166219204276,0.36028597082611,3.42718494458217
13.2744228283097,17.6825258865073,24.8971560346655,44.4347486009972,50.8965188572386,56.5350377455723,8,20,31,39,50,61,3.07284234535231,0.143546900005493,0.677483321998436,1.75524858938322,5.32239375503208,0.525270835036642,0.376384440634241,3.44019267053552
13.213639851229,18.5248794024927,25.4166159765688,45.0214181182354,51.3325029178685,57.173189462473,8,21,32,40,51,62,3.05194662499548,0.192187342103953,0.610466749902752,1.73283198958371,5.34734670168451,0.496569554805073,0.411097134117395,3.47006596034333
13.1479577779178,18.2972147145911,25.2847999991185,44.8981754472374,51.131231938729,57.0725004847249,8,21,32,40,51,62,3.0293926560108,0.174339865525581,0.63009716578032,1.7070478428664,5.35053070317944,0.481953157131138,0.42883053619718,3.47791267885685
13.045440658126,18.6057362452073,27.0795011566623,46.8118494679564,54.438955511237,60.6447890600908,8,22,34,42,54,65,2.99424465322268,0.169708044771163,0.819353092814943,1.81110818467544,5.39473833522241,0.64239315478758,0.476893806258122,3.74564696099457
12.8683315561885,18.5254898405642,27.571656935042,47.2269784817255,54.3596279782396,60.8209240841805,8,23,35,43,56,66,2.93368156844439,0.136670342298661,0.947246188480495,1.78447809461767,5.36611207212729,0.449246853235821,0.642004124644694,3.66526555767491
12.7646063566526,18.2667049305536,29.2535588545006,48.9423005515272,55.6816756612047,62.2947685319933,8,23,36,44,57,67,2.89830743035495,0.123610794168842,1.25359549930334,1.98890805940935,5.37853016791802,0.385579474026604,0.675102422534171,3.61262031208689
12.7242636797649,18.0222624189606,28.7422947865623,48.3497521117881,54.8920188305453,61.4952906795744,8,23,36,44,58,69,2.88456833376338,0.107531124583234,1.18930817791645,1.88877999486036,5.34833277454944,0.284098206034187,0.552779148505193,3.19344362773976
12.6776370736352,17.7920237343104,28.3273934140719,47.8606410407022,54.2278289929476,60.8054960125285,8,23,36,44,58,69,2.86870273511947,0.0941458820322106,1.1454436642213,1.80894154600948,5.3207810782295,0.261586074015993,0.547762233537315,3.12801242920202
12.6248060601687,18.4106501642286,27.9838822161474,47.4515072185,53.6903719496389,60.2449603585472,8,24,37,45,59,70,2.85074364355434,0.111876281683505,0.925797894949806,1.62918011000038,5.29643145115654,0.245655394069065,0.543255075447473,3.07665341654165
12.565985718941,18.1728688989883,27.6905531874262,47.0943981196666,53.2537395021401,63.3919515142201,8,24,37,45,59,71,2.83077082982308,0.0990311120828574,0.913600544268673,1.57627580477269,5.2727781538159,0.236028226497806,1.20736796137906,3.73952930832776
12.5468040530635,17.6275020350127,27.5073583578168,46.861485260762,52.8298200708114,62.9830664131795,8,24,37,45,58,70,2.82426267782578,0.0664798473182132,0.994108274429283,1.54358317935521,5.25434855742261,0.27340017174053,1.21108412523067,3.86304996492846
12.6151037063527,17.4802829822707,27.4549843999457,46.7736134808266,52.7416175064122,62.9442852810696,8,24,37,45,58,70,2.84744752890248,0.0553569242151664,1.0155668146602,1.53428628397296,5.2411948229199,0.273355844447851,1.22332436866294,3.86648601862012
12.6780883147913,17.7657630987075,27.3530458274609,46.6264416017583,52.6467486412334,59.0455499162004,8,24,37,45,58,69,2.86885620867593,0.0668610857379486,0.928891950409224,1.51625489678617,5.22443927592548,0.280406608085482,0.51320176520205,3.10673096608254
12.7351088083551,18.0452311800156,26.6443447531679,45.8124902930989,52.0371266155555,58.3858497687388,8,24,36,44,57,68,2.88826068304951,0.0797216203367238,0.846820768348247,1.49875114241121,5.18547672531074,0.30874888579221,0.503680416644325,3.11845132172921
12.7856154766598,18.281916481361,26.4637638877899,45.5667035115345,51.9007517614752,58.2428078129764,8,24,36,44,57,68,2.90546657935695,0.0915462458665967,0.756614181013632,1.46682935667133,5.16135566992594,0.324438669745763,0.502417983826148,3.12743930794428
12.8292277387166,18.4994353477141,26.3131135288368,45.3317479251316,51.8181081995817,58.1975832572398,8,24,36,44,57,68,2.92033738787079,0.103472756322519,0.680049085815677,1.44040776257423,5.13018938621599,0.346863708278552,0.509519151064305,3.15272401869929
12.9092260880641,18.6885947672408,26.2824239672865,45.2528039896243,51.9745229750545,58.4341268621909,8,23,35,43,56,67,2.94764754162738,0.147474199294488,0.635760444727608,1.5436807680122,5.11236074411483,0.382819556649078,0.524853835330786,3.21709426800332
13.1250696613342,19.0156726291122,26.6873673338959,45.6933939206825,52.3829177644853,58.7402142954698,8,23,35,43,56,67,3.021539688435,0.157697300419186,0.651320503863086,1.61787245109693,5.12553043259463,0.37780923297457,0.50530560232283,3.19323584201796
13.3406477574428,19.5330732944656,27.555813813615,46.6089899675316,52.5916056382587,58.353084281743,8,23,35,43,54,64,3.09563491849215,0.187289694818554,0.723166520559808,1.7814390838624,5.14295617774126,0.43620772757192,0.497231147678796,3.40940840040708
15.328996100685,20.9191211221365,31.3472108149339,43.8749102255171,57.3863930819188,63.126244745235,8,24,38,46,61,74,3.79151489345297,0.0978746362354992,0.977261366662575,2.15086473121592,2.81778316494141,1.54439708000693,0.243593726253345,2.51008466494509
13.1890232106268,21.934610187789,29.9017267626904,36.9803883449471,55.4761943090754,61.0465917304766,8,23,36,43,57,70,3.04349057155243,0.537064342542213,0.597395649263928,2.11854119519676,1.31468004159881,3.13082338822353,0.222555787054245,2.66338030787946
13.2860798191751,22.0853385496539,30.0906417306095,37.1650856405698,55.3771404597295,60.9588866251765,8,23,36,43,56,69,3.07685235826857,0.546131026138306,0.604572974764583,2.15687696509495,1.31340193097218,3.29265981306222,0.223935874624841,2.75351627295135
13.6981557980154,22.7414661482022,30.7739390209524,37.8991968921183,55.6807224802911,61.2660168930731,8,23,36,43,56,69,3.21913709511547,0.588146304270053,0.609699848620411,2.29756276916184,1.3288186856055,3.15902411706049,0.224368222393636,2.66823940326203
13.8173442060675,21.7885224110143,29.882872229977,37.0085996929161,53.7811174239552,59.9992720592529,8,22,35,42,55,68,3.26047910979271,0.499067911373642,0.621438254779321,2.24771542596923,1.32896134280498,2.85061055057371,0.307830536959213,2.5839538729929
13.7268724065953,21.893591974813,29.9369102620091,36.9251709868877,53.5901195156043,59.4051714298238,8,22,35,42,55,68,3.22909026248399,0.532482975743571,0.611751036120106,2.25899859629735,1.28734591038609,2.81814775048426,0.253223175713071,2.44066404581289
13.6113811765012,21.9016951149039,29.8878259565131,36.7410960653627,53.2863593612595,58.7774526581058,8,24,37,44,57,70,3.1890904402716,0.383815716792759,0.600965295418832,1.98855197479119,1.24677037220221,2.78212703742026,0.213028666740343,2.3150822750803
13.6384475427619,21.7689485091591,32.0608921401547,38.9669274845062,55.9295626187693,60.9947377464304,8,25,39,47,61,74,3.19845770376804,0.296353255180238,0.947763463742717,2.16540475106773,1.0614945265735,2.67470589101822,0.165425442680465,2.05284101227039
13.8116643018626,23.4142549569237,33.7004197419674,40.8394692964573,57.0021772689079,66.2914713520287,8,26,42,50,66,80,3.25850709532963,0.42102620108418,0.708761295525576,2.11304719784124,1.12610596985637,2.0424904659647,0.740681976657502,2.40410186260546
14.0531265062898,23.4576583219315,34.3283223013634,41.6238312985231,57.44208862704,66.2612512619102,8,26,42,50,67,81,3.34250310384209,0.393974784694606,0.818894750971143,2.23436641619007,1.17003396381164,1.77753071005455,0.650231232023609,2.14010216162907
14.190494919909,22.8564223305446,34.1947840366983,41.6237758125625,57.1955647183075,66.3958535052202,8,26,42,50,66,80,3.39043468650893,0.300673076393836,0.911320006376373,2.20835586694771,1.20784358245408,1.88943546862391,0.72321509705997,2.32362760668784
14.3092111387935,22.1120341793746,33.7927615305302,41.377323615574,57.0777774383232,66.8618576886696,8,26,42,50,66,80,3.43194153292372,0.207574665118187,0.981264861944214,2.13073117825075,1.25228391621531,1.92246989039675,0.840568953114908,2.50405071369562
14.5053614254709,21.2326800864632,33.2341561354501,40.9932853497359,57.2432738369777,63.8298866545019,8,25,40,47,63,78,3.50068817027714,0.15165123609474,1.18679695418503,2.27122359768789,1.52431272475554,2.06538154009218,0.229943692985122,2.00285402620571
14.415542724808,20.2815300352123,33.0815810395321,40.8918397781188,57.3656843019722,62.6742083704834,7,24,39,46,63,78,3.80878558360321,0.0882627924700918,1.3722032027491,2.3710393827416,1.54032481768635,1.9413883977986,0.108329430976823,1.69727709158639
14.5775511978691,20.121600580709,32.9783576217852,40.7857623639477,57.6074523873822,63.2718886419418,7,24,39,46,63,78,3.86786656375038,0.0695870731714702,1.38569410071439,2.34994091982012,1.53943012968278,2.03003740508008,0.137301152489159,1.82581381508413
14.6050200596592,19.9894834028699,32.7918170006481,40.5643777382099,57.6725167089355,63.4851187645896,7,24,39,46,63,78,3.87789534953584,0.061319714172221,1.37274544698647,2.31198322176075,1.52851568633445,2.10389081492659,0.150489748055013,1.90072474049016
15.4125787268586,20.8244707611064,33.5289945591861,41.2504215317587,58.5583842214836,64.5542328367225,8,25,40,47,64,79,3.82121442356925,0.0626945659291499,1.3495711345361,2.33040904408059,1.51252786792324,2.15585306017353,0.167709946192845,1.96378513656569
15.2231122088502,20.6926065911019,34.7154612279011,42.2775698909172,59.7425641981549,65.7378761766849,8,25,41,48,65,80,3.75393891082574,0.0656439816653624,1.50550537697078,2.43962555248615,1.46294090117749,2.19693770367436,0.167658057659863,1.96324551702167
15.0309278502429,21.3214884040479,34.8310609287472,42.3592867746843,60.0388447935917,66.0833325913643,8,26,42,49,66,81,3.68587553799138,0.0883992009952099,1.38435658659048,2.33328514555462,1.45244007251208,2.25342388694754,0.172448410568508,2.0073586142411
14.8281298966625,21.371058423829,34.7738770573548,42.2856401472144,60.0623837753936,66.1512125591423,8,26,42,49,66,81,3.61425140477744,0.104330308513423,1.3595717106141,2.32195510023903,1.4473437869573,2.27913974902121,0.176829109543121,2.03151322388244
14.6108908788706,23.0729678159396,36.4692675938701,44.3733842359643,62.0660921831858,68.2406133339315,8,27,45,53,70,85,3.53775837026133,0.225478423682921,1.08108648148489,2.27916924890131,1.34477907416311,2.25689869967782,0.185459290676757,1.98590388069519
14.3618162803053,23.2439923637926,36.4831080174101,44.4125065570142,62.1032453584231,69.3459243920279,8,27,45,53,70,86,3.45035834743964,0.269034513214512,1.04907293244343,2.28182470165416,1.35216408071757,2.25637826670424,0.249797364800129,2.07377849827259
13.9427010996248,22.4823208369193,36.2026971821558,44.4619203358789,62.223205732458,69.4695064588233,8,27,45,53,70,86,3.30404903325783,0.233215896958868,1.14818152663651,2.22824916799442,1.44936962380412,2.27504401474368,0.250212398063182,2.15169584321429
13.544166602993,21.6482125607701,35.9454567148295,44.50798425139,62.4341199152678,69.7285688901572,8,27,45,53,70,86,3.16584727551759,0.191551435523187,1.27111218972269,2.17951957758093,1.54011142612872,2.31882631334047,0.255762837593902,2.25280732782048
13.1786029327477,20.147704896975,35.4466820921209,44.2337624684826,62.3873759442319,69.7708879505944,8,26,44,52,69,85,3.03991224868215,0.134830446431977,1.49453572401673,2.20483710685955,1.60808161652651,2.37961561124866,0.266190100887252,2.36057661993753
12.8435033710988,19.564582670662,34.044736764761,43.470096916839,61.798880324913,69.212795355972,8,26,43,51,68,84,2.92520778445917,0.116528689500013,1.45725093641437,2.05882580201436,1.80468972990718,2.42671676908468,0.269796998422159,2.53221770517113
12.5319655581913,20.1606799640073,34.1750335472259,43.4012150851924,61.898826106348,69.5723527298386,8,26,43,51,68,84,2.81922985040341,0.190964570301637,1.35062719945316,2.08334174236155,1.74281812835802,2.47234722499027,0.301567381469173,2.57958231042807
12.2382964573362,20.3430943829634,34.2477100861138,43.4674551363537,62.1322921487337,70.0680267213474,8,26,43,51,68,84,2.71994022673684,0.238130557038286,1.32589953958609,2.09706358482887,1.74082638410789,2.51776827248748,0.335389193887391,2.66777463608379
11.9590857898091,20.2281105889431,34.3568404775926,43.6326822733578,62.4435827262359,70.7036463694138,8,26,43,51,68,84,2.62611154948438,0.255667332218588,1.3765611270134,2.11773163545246,1.75820152836989,2.5576205226709,0.379566119039632,2.77897104732356
11.6928498690667,20.2152501014219,34.7163680074771,44.0548485792271,62.9998540586783,69.9283552273368,8,26,43,51,68,83,2.53718458307341,0.283974197193275,1.46211157856406,2.18635646517672,1.77764603549322,2.59435517974346,0.270510465459771,2.67843244245558
11.439210938645,20.4036207811749,34.888527474707,44.3050030905004,63.4444966634544,70.6276442806273,8,26,42,50,67,82,2.45297691408399,0.336910914852301,1.61725443974053,2.34469133386715,1.80192024058874,2.64787358405608,0.302814782617459,2.79085822203974
11.1983488774288,20.8018739556876,35.4787781120646,45.1109331861443,64.3281900280068,71.8558443648198,8,27,42,50,67,82,2.37349154507275,0.352981282734601,1.83931603641413,2.46300214915049,1.86940040595029,2.66935176827194,0.349264612116157,2.92900428814664
10.9705696632289,21.4143186202331,36.4217504422692,46.2037140421667,65.5044117222136,73.1961827360997,8,27,42,50,67,82,2.29877048289344,0.464642063258228,1.92562202676908,2.65627550815952,1.91657010156013,2.69244813615043,0.372471324949827,3.0161783259887
10.8087667095365,21.2136973811982,34.680289280401,44.3692144343082,63.893535156135,71.3348801756287,8,25,39,47,64,78,2.24596516822501,0.629096731480324,1.70680789541043,2.70612572748314,1.88724704928286,2.75459934930055,0.413164538143472,3.14024098638646
10.7450309014141,21.2513558672314,34.6573593448753,44.3882961080075,64.0111004117325,71.6580874422251,8,25,39,47,64,78,2.22522834758554,0.646420406604111,1.6910985922563,2.70121224618655,1.9004764620993,2.7820859782808,0.445681842036856,3.21851963946352
10.6800848060725,21.316555468998,34.3979005894781,44.164699873951,63.9076277177443,72.2825976208962,8,25,39,47,64,78,2.20413538258193,0.668939453912299,1.60763825701944,2.64582789068562,1.91178445364349,2.81570642668448,0.569040636888533,3.42121854257627
10.6153495086025,21.3046627590939,33.7295706828901,43.4875003372953,63.1452760361737,68.7951797435713,8,24,37,45,61,74,2.18314907616767,0.784067923417139,1.6169952739374,2.78948258485095,1.90898645215472,3.00915138111604,0.23231182456885,3.08899835948736
10.4943511296459,21.4345617042573,34.1051615111337,43.8628743380398,65.2204736364963,71.1158083813763,8,26,42,50,67,82,2.1440266987583,0.62463389365818,1.19360373564159,2.19096217275449,1.90891806251246,3.27714529139065,0.158140380900962,3.06840033687753
10.2581580757272,21.5625696366742,34.3702228666909,44.0880806267078,65.2991217728882,72.9234479451746,8,26,43,51,69,85,2.06805673346824,0.685979946049617,1.08745777855655,2.1202713354772,1.89635586996082,3.01538678417657,0.295413887450508,3.11140492476043
10.2070636441292,23.0782324895093,36.8968205789456,46.1921618005865,67.4872894325113,75.2585858814038,8,27,45,53,72,89,2.05169342140366,0.861602442652569,1.16879876951837,2.36172664945072,1.76424974720668,2.83141888484649,0.254565906864465,2.78672566793293
10.1916864324411,23.4569219439107,36.9077389584434,46.1640527759961,67.4932218658348,72.7435736577224,8,27,45,53,72,89,2.04677379262155,0.935264515679267,1.09227145322016,2.36384906120971,1.75214886795783,2.84068318200915,0.0548699383565157,2.27963484430759
9.91984921891401,26.1545956080089,37.0203554171579,46.6182309937062,67.273047972804,75.6708230537877,8,26,44,52,70,87,1.96019580450763,1.71370432218336,0.612390878317091,2.51288343301137,1.8586409992914,2.86027184026186,0.329476907658073,2.98737180587707
9.54992770725039,31.218007153248,40.435524026038,50.1752165345799,70.5229498242864,82.2332891337364,8,27,45,53,71,89,1.84361303319765,2.93335071854836,0.369207425769959,3.08443630800792,1.90323601589498,2.77554897717347,0.757116466587137,3.53121831273051
9.69699669018328,32.2025668633936,41.5064541060431,51.4443750672019,71.8677232894571,83.0190227732663,8,27,45,53,72,90,1.88978729826965,3.16561777924744,0.380551394854572,3.31603577802864,1.96592819912333,2.59697250517896,0.659898354523506,3.31737418687692
9.96302473751161,33.2038181941783,42.6404715917963,52.9978899593522,73.5234875590276,84.1776391701142,8,27,46,54,73,91,1.97389675140057,3.37317405106514,0.332556024984383,3.4168105765027,2.09991807913656,2.62418434081715,0.578157494974281,3.32276042796697
10.2704043364651,34.0384853619229,43.5508441765076,54.3790458309453,74.981142645098,85.2488094931393,8,28,47,55,74,92,2.07198246777658,3.30629326236633,0.341748637950669,3.46845673675231,2.25229566220517,2.64459389499945,0.517840673816333,3.35804055632844
10.6314681700402,34.6916706586562,44.3103790994315,55.5459951933603,76.2225637816217,86.1616577245782,8,28,47,55,74,92,2.18837094034011,3.38810827377247,0.354869215958363,3.63612871221178,2.38575853577261,2.66450389810992,0.468879859044106,3.39179340801994
11.091641256622,37.5743657744535,46.9929513759738,58.1409375394905,78.8959834278937,88.6427100126638,8,30,49,57,76,94,2.33843192857388,3.6389320968068,0.330380330199122,3.93104245901306,2.35693249997396,2.68552864711511,0.441235020567501,3.34745069773962
11.6972231322176,38.084775969746,47.5584040783684,58.5160452743517,80.9092671624674,90.2412867109433,8,30,49,57,77,95,2.53864093501075,3.61242381154748,0.337030352772243,4.059017409241,2.29454276837308,2.92832022811141,0.384281419371989,3.42612306542635
12.2417312478784,38.5280208528445,51.0856714171229,61.275794035808,84.1151824001891,93.6873878497726,8,31,52,60,80,99,2.7210980111016,3.37809211794761,0.615817192114085,4.39134324378637,2.04627361254705,3.04965781484507,0.349102403454657,3.26266559304366
12.8139934227542,42.0971081260645,54.765869872362,63.4639051641119,85.0257076708822,93.4895215448382,8,31,52,60,80,98,2.91514139875133,4.2117956113456,0.632939098649793,5.25849720663355,1.58105036888141,2.70579847622956,0.277295260595947,2.59506693701051
11.5914920119356,41.178549919866,52.4317494327319,60.7089188847952,81.0116929466448,88.718591569339,8,30,51,59,79,96,2.50347294521486,4.52892975559804,0.430802498784307,4.86876067408112,1.45470351561043,2.37834889288057,0.247411625452895,2.24427619957852
11.6516075327479,40.2147292784757,51.5936617337573,59.9467345703066,80.2669455084582,87.8622701043158,8,30,51,59,79,96,2.52345768097641,4.2301904710133,0.447303556943753,4.67068923211597,1.47731275122723,2.38280106605129,0.235262474296524,2.24079959282706
11.7893478764681,39.8538664726224,52.8988884651463,61.1180761938027,81.5885353563754,88.839361862755,8,30,51,59,79,96,2.56935397953842,4.08650353630347,0.692425975366207,4.98024951291403,1.43748686759019,2.42126340986828,0.199744685291285,2.17857956862025
12.0934925800551,40.2894585557538,54.041092561564,61.8608391845986,83.5170642949762,91.7671851314708,8,30,51,59,79,97,2.67120776319081,4.12426713569784,0.810202633462517,5.25603554582541,1.32020415191312,2.73082732872247,0.25361602384117,2.39877033681597
12.4171275169143,40.6236697409319,54.0541293155741,61.5980358300968,83.897481133014,92.314417933502,8,30,51,59,79,97,2.78033117453568,4.12730925485461,0.755712193307057,5.25920888635251,1.24063200733158,2.90298483393158,0.272008922007644,2.50319008218195
12.7547526282873,40.8343218887885,54.2279884531146,61.4678081998485,84.2927035328445,92.8654072998834,8,30,51,59,79,97,2.89495064554157,4.09082316812632,0.74957068937761,5.3015832103068,1.15434960264248,3.04569591157507,0.289772581192502,2.5778780032084
12.8266437109012,41.288716382478,54.5153928974944,61.6718934047299,84.1662790648998,93.1655595808983,8,30,51,59,79,97,2.91945594223768,4.20097361113955,0.721961343542483,5.37185251087363,1.13098428611183,2.95571730438002,0.341275796289957,2.58041645981585
12.7941245040349,41.5176971956702,54.7169551645692,61.8538333136051,83.7840811331495,93.3167715762305,8,30,51,59,79,97,2.90836698089652,4.27668203501878,0.717469850173735,5.42129666320298,1.12549934339552,2.80381941310395,0.411383511779858,2.57039553569672
12.7457365056071,41.5635898968443,54.7941187493463,61.9099087488055,83.7378690445715,93.5046040382523,8,30,51,59,80,98,2.891879766609,4.30405693403053,0.722593352072202,5.44026057701279,1.11961230020365,2.58669252516442,0.444074706374094,2.46583304094821
12.6768901125755,41.5488649547919,56.5743793093386,63.5649113320716,85.3295892369247,95.3950746092595,8,30,52,60,81,99,2.86844868601381,4.31979016681428,0.930963440248131,5.70156014246884,1.08480964802826,2.57040355360178,0.487456236830188,2.48729413419685
12.5810651463487,41.3453362930063,56.7498402065081,63.7397257060158,85.4071715652667,95.6731279528285,8,30,52,60,81,99,2.83588889780459,4.2884939347104,0.999607440649719,5.7451028163106,1.0846307528081,2.54543342311609,0.517580207013526,2.50733293094081
12.4495213172933,41.1794695565727,56.8641341933671,63.8451303983899,85.4810106428218,96.2951180160173,8,30,52,60,81,100,2.79129455456476,4.27853189429558,1.05157680270705,5.77351797367414,1.0821718323062,2.53734212975324,0.51834510289926,2.48160356222849
12.2722917892498,41.1056967453862,56.8738504283817,63.906544022666,85.5482096171756,96.7164898612071,8,31,53,61,82,101,2.73140294023945,4.08375973117759,1.06726094094194,5.59748433192097,1.09649240589044,2.53882454870898,0.572144461301169,2.5616927400433
12.0468574373714,40.7898251890139,56.7059322457981,63.8372489779798,85.5103896524804,97.0913627754502,8,31,53,61,82,101,2.65554561824163,4.05812994792644,1.09527412722981,5.55635779112574,1.12394603003252,2.54689397745168,0.637736068084426,2.66870371464906
11.8354452603542,40.5762695529255,56.4197208309866,63.7735797987406,85.443093535886,97.4937863168046,8,31,53,61,82,101,2.58474661155003,4.05752298094516,1.08148283061486,5.48646618658701,1.1865247686247,2.54596374577138,0.716038680383091,2.80672177564763
12.3383336448417,41.4874942831772,54.8803779539354,63.0025941941435,84.2328213427828,97.0534179714055,8,31,52,60,81,99,2.75369476538677,4.1735561976201,0.749440236123384,5.28623352685711,1.40879959734051,2.43402657209352,0.965574377208799,3.17111939436384
10.3944411063794,39.357893916116,55.0376906471465,61.2061129320273,84.4127235215007,97.230708003169,8,32,54,62,86,106,2.11182622182297,3.90459150318886,1.05066509321213,4.98513568898875,0.863927856711542,2.4036977376261,0.749155541126928,2.52273701197055
10.0927166091439,38.9587510421168,54.4772662539997,61.1040910128789,83.4568941173781,97.1222901424642,8,32,54,62,86,106,2.01516649034428,3.87760414949743,1.02063248297692,4.85372443623188,0.985415527063953,2.19998277782954,0.898901756630219,2.60874877737382
9.88163575069482,34.9765101784604,52.3089763926519,59.4560823679075,68.6915419602881,95.5663878307602,8,31,53,61,84,105,1.94808554043897,3.06050567830778,1.37693321423993,4.51297736527237,1.12835742664759,0.135804246544311,3.96935676216716,2.72696737366281
9.89287558714092,37.4513066787092,50.0643346488425,58.2750299155187,69.5574295660452,93.0542952276013,8,31,52,60,82,103,1.9516459942664,3.72623103587893,0.624325004148502,4.15951110077385,1.4349691662436,0.369937129662248,3.02643405236585,2.80087116127063
9.97371994106414,37.7735726060365,50.032644672913,58.323398236168,75.550184153676,89.2811756412987,8,30,50,58,79,99,1.97729363609252,4.01072536342266,0.656609537333724,4.46916599101217,1.45874390377615,1.48964754618559,0.910944614374271,2.32593952202213
10.016120458618,37.9139773401238,50.3600890414308,58.4964006364478,75.6935105969039,88.662315232778,8,30,51,59,80,100,1.99077189565576,4.03874513347116,0.598837075596848,4.38384122922181,1.41296108132458,1.48322630020224,0.77499494186986,2.1511597083405
10.1226984510038,37.7769559139288,50.2393148728861,58.4023800135567,75.7629923566361,87.9527317914159,8,30,51,59,81,101,2.0247312803585,3.96918774408022,0.601297448255913,4.35606522929509,1.42086760654297,1.38276646667348,0.645490788300604,1.93659027158508
10.21670410156,37.4997263316186,49.638496436587,57.8371791012925,75.4639809056523,87.0151948549425,8,30,51,59,81,101,2.0547788785277,3.86376185302393,0.553142743359257,4.21872321756447,1.43140962128306,1.4383662817616,0.546998097783475,1.87858120761625
10.3393232685996,37.1852987396731,48.6762181379014,56.9523360217365,73.4933375590305,85.525831074363,8,30,52,60,81,101,2.09410267923899,3.74055978445358,0.394958266412864,3.85102266309897,1.45439085022924,1.34375130874023,0.620576783705279,1.89323488981624
10.5075582883566,37.0087430891404,47.9476010445684,56.358393226061,71.7907054429506,84.2007974656546,8,30,53,61,82,103,2.14829033777492,3.64407958715744,0.27765895180317,3.54873554375727,1.49455879219559,1.11952569993382,0.593398415908754,1.6901946277994
10.7194163315504,38.327314023776,48.3031390671172,56.8247890816045,71.5945601238852,83.6499028555097,8,31,54,62,83,104,2.21690477938679,3.73994630394368,0.190556973745138,3.4834497873746,1.52780916041075,0.992940155145725,0.541020203086123,1.54419448868428
10.9453173340089,38.0156439279381,47.4611980608763,55.9348665921081,70.2048934395676,82.8429756219382,8,30,53,61,82,104,2.29051411877395,3.80367864975875,0.15025728496952,3.44605632544404,1.51339739460881,0.901394585538684,0.546603115287441,1.45744071788613
11.1551078277677,38.4938145484755,48.0745706785246,56.3052354473609,70.1194539855389,83.5415731668072,8,30,53,61,82,103,2.35927277645988,3.87953057190528,0.160012338930539,3.57570744574809,1.4408910090505,0.821002142265502,0.75431817678491,1.56324563315458
11.3198042414136,40.0159892717627,52.2344935365841,59.6440102678972,74.0194583313365,85.8126626778532,8,30,52,60,81,102,2.41351264321095,4.2687377050158,0.488455752386853,4.65682823578138,1.20230847252215,0.920415034647599,0.503725827180546,1.27554992477134
11.1968535565331,39.6941981796679,52.4133909123939,59.6446638981715,73.5822138053203,84.6600188954653,8,30,52,60,81,101,2.37299958303021,4.21116644958162,0.55818938013757,4.69860718860244,1.15194723763067,0.842454529315146,0.478695981588331,1.16754487035434
11.0664546636769,39.0841575316501,50.8915050703489,58.025504646841,71.3605606793628,81.3039675223694,8,30,51,59,79,97,2.33017076841205,4.0730742470052,0.505706860718997,4.50671620947866,1.12469528446996,0.839222882290931,0.469508387818552,1.15260326907539
10.9310515891752,38.1364133561909,50.1001952902711,57.0999542517308,69.9059954098659,80.0386304659176,8,30,51,59,79,97,2.28585232484364,3.84179673279375,0.52785592926053,4.32413942912776,1.0873636091186,0.747124792609105,0.497457007772816,1.08517737132191
10.7935054891,36.8558277226951,48.9968206627706,55.8735833707807,68.1097368923208,78.7687670166851,8,30,51,59,79,98,2.24099652965934,3.5222138441001,0.553467392090935,4.07360441714806,1.05344834719195,0.652925136794876,0.495535340389778,0.984618573934704
10.6568157558803,35.2817619234732,47.6753450974215,54.4446821492444,66.1198669591168,76.7595835652382,8,31,52,60,80,99,2.19658746060383,2.93764670639819,0.590913067078189,3.63350884216846,1.02405921123423,0.565559059504239,0.4927269773921,0.895093204661619
10.5237154407862,33.4690869039258,46.1208742174251,52.7992302580657,63.895040653037,74.5477582927714,8,31,52,60,80,100,2.15350853716613,2.51058235799823,0.630310106838205,3.30425542965972,0.999342759416106,0.481217702328797,0.420954177534554,0.747984018931081
10.3960541131226,31.4924349105038,44.4279232229597,51.0355769259886,61.6102787541271,72.3299206069945,8,31,52,60,80,100,2.11234533357247,2.06448433412296,0.674871420992389,2.95817981453398,0.980247679555752,0.410736265788718,0.429814105081774,0.688455751022695
10.2742039327802,29.4344753642317,42.7771700391119,49.3786687494993,59.8584330911251,70.7028924391803,8,31,53,61,80,100,2.07320078597692,1.62845336441496,0.650877980091715,2.51335249383978,0.97859006622655,0.469747189992456,0.446570287800239,0.753413008851461
10.1563754923448,27.3916213179886,41.2339455780368,47.8392856719476,58.0215103554226,69.0546913523714,8,31,53,61,81,101,2.03548560963827,1.23170051940511,0.729626465845978,2.23029472712218,0.979624507909071,0.361162312506029,0.472472502736701,0.679458933339925
10.0381210451145,25.4889625036731,39.9372534212733,46.5780302123465,56.5162660258949,67.6389685541801,8,31,52,60,80,99,1.9977726437428,0.902299461575322,0.93364944226342,2.11001735349147,0.989181112541588,0.331911946256465,0.565090161458424,0.727375687488233
9.91185206361155,23.9105576043222,39.0084917691972,45.7179308199073,55.6567288780332,67.0152525987701,8,31,52,60,81,100,1.95766016680882,0.665788527505641,1.05491484252132,1.94848609253009,1.00776880237353,0.276523054653055,0.601999755167301,0.700142672600313
9.76652295416619,22.90668684211,39.5545640561869,46.4121115629407,56.8474058167189,68.5313584952407,8,31,53,61,82,101,1.91169727025025,0.540891500885197,1.23782441438347,1.93736047617787,1.04817541837497,0.330802631001184,0.654576295628463,0.812932955963292
9.84679319545974,21.8548246335528,37.4069884964047,44.8534237456278,54.6192801408431,66.3933434447186,8,30,52,60,80,98,1.93705679477167,0.460437177386798,1.02687031410493,1.68220917282645,1.21280665755887,0.311985935408913,0.76854021789786,0.955311409819363
10.4389282175453,25.3258555350669,39.0581188098012,47.0180764997452,58.3140057545015,67.5293219650948,8,30,49,57,77,95,2.12615252027067,0.906349597498666,1.02553635408621,2.29035575084146,1.36110341571879,0.509653082189108,0.368920520159999,0.88822246411736
11.0929343415368,25.6776890145291,39.6547135098481,47.8213511154363,58.7005170558969,65.8562816952324,8,28,47,55,73,91,2.3388562042903,1.07327208853539,1.07408505854508,2.65188166402985,1.42192416090165,0.614587873032254,0.149617904478225,0.744146101467024
11.9254118418681,26.8726148522837,39.0782940231238,47.6624676622354,58.6831130429775,65.1703953495718,8,28,46,54,72,90,2.61483426695067,1.14519117108179,0.847688472877943,2.66618819214741,1.54663488579902,0.637975594327224,0.100681980114221,0.731063660878366
12.5027945211717,26.7036965279332,38.2406210417828,47.0794720570179,58.4832227982156,64.725400294554,8,26,44,52,70,87,2.8093402118561,1.25027885567295,0.726377960849302,2.76158651628934,1.62384388035362,0.703124010914291,0.113530345488358,0.848368204430775
13.6762150829708,28.2965391056953,39.0791547804124,48.0531763113392,58.5253982491277,65.531197064634,8,26,44,52,69,84,3.21153570172937,1.34183438619941,0.598839899286679,2.93720496133371,1.66515624130475,0.640572056293941,0.280130555955449,1.08023101608975
17.4793002146509,31.309637029837,40.6783866214196,51.2235303953332,61.8270658667459,69.2020952979503,8,24,38,46,62,76,4.56532320442591,1.45968774176016,0.756406480683046,4.26355952085306,2.16043290330753,0.767797960167495,0.402907443132505,1.61564007469492
12.3247533536743,25.8555421437862,34.5430609260971,43.1732750836168,53.4265911123896,61.4284195080484,7,23,37,44,60,74,3.05782915613107,1.38929955268711,0.625723998485592,2.97066374548671,1.80156538749196,0.702757114095786,0.504246181024789,1.43461954714647
12.414690783447,26.686459289233,34.8102695332598,42.908547609156,52.7403669485236,61.9395528182155,8,26,39,46,62,76,2.77950678056339,1.26559167636768,0.627057318397495,2.73403561998747,1.63115502547607,0.627541510396125,0.722999640606637,1.47697194560253
10.765843285939,23.8891296970095,32.349643155667,40.4116962266205,49.2360187662619,59.6380693553735,8,26,40,48,64,77,2.23199577576375,1.02570805798514,0.584341008858319,2.09701180164064,1.39106950614774,0.462345830127279,1.11410342990154,1.50486843533053
9.42455483687737,23.6043844639972,31.3688095801511,38.8729567084414,46.8718443282677,60.7027550916493,8,27,41,49,66,79,1.80443866019751,1.11493703529303,0.464725289338076,1.79515161165401,1.22926295375718,0.280674806249213,1.99633536754016,1.76327382681351
8.32717476495908,22.8231907004741,28.6418739716805,34.925233651944,42.9141933221136,59.8981687019743,8,27,41,49,66,79,1.46958953651972,1.1797291348337,0.196953157203947,1.32832160789077,0.89397042605888,0.279509273318311,2.91466597422534,2.13275369315655
8.65886470653881,23.3381437170385,29.1057838074854,35.2277654271818,41.735751904574,53.5431710995159,8,26,40,48,64,77,1.56919172552959,1.35487991672459,0.191405453298784,1.5043757772371,0.851871789097684,0.172896084648185,1.45763010396672,1.03823171157669
8.80044862520507,21.9163036772815,28.463745220391,34.5868720342661,40.781383748625,53.2277901645016,8,25,40,48,64,77,1.61214851597336,1.15279014241901,0.225505447488559,1.39641955926846,0.852168503578516,0.144605494985279,1.62262807711855,1.08798164754585
8.46637428201369,19.8627526861049,24.6299661734363,30.5674543828448,36.079844422266,47.3541799439048,7,23,37,44,59,72,1.74872646288626,0.92303961218681,0.0994312682429195,1.06743951604097,0.979862439914816,0.124455039438917,1.32401903052635,0.954144471103188
8.36642225969963,19.8336072223211,26.3720762360853,31.6462445117913,35.3190592233471,45.9641410419855,7,22,37,44,58,71,1.71664244818582,1.06781408221795,0.224494967798321,1.34712953549585,0.797049628293758,0.0359452382411751,1.17144161164926,0.60470197419477
10.8433236689371,22.4959200580956,28.2642748834622,33.6412446364093,36.6164670387007,46.597921173662,8,23,38,45,59,70,2.2572236385049,1.10862133440691,0.146482126226612,1.56943791925559,0.824725961137545,0.0142480133844788,1.33864212092767,0.583071000746766
10.1311186388649,26.1557524426381,31.9937652578773,37.6382468999911,43.0189922269696,53.271901804088,8,26,42,50,66,78,2.02741909986132,1.66366499753941,0.115791368969576,1.79637799595489,0.730819895510495,0.0840926099378286,1.23580580933585,0.678563023527803
10.0679437682983,26.0329281157827,31.92164976499,37.6638077359123,42.9199375271758,52.6032960956489,8,26,41,49,65,77,2.00727027610919,1.64954465572039,0.157521320602184,1.89646873820319,0.755135517897198,0.076473880291578,1.09661428757713,0.605604024914709
9.99607206624622,25.7950916003863,31.6236401414073,37.4307247382202,42.6460719263591,51.2709218917371,8,26,40,48,64,77,1.98439663470809,1.61045893340897,0.198034706654196,1.95788887597994,0.771428766288259,0.0740745424659478,0.725520612416495,0.434804514742388
9.85151980359597,25.7853955856114,31.3689389700359,36.9859561986728,42.3194534512562,50.0848080667741,8,26,40,48,63,75,1.93855216904676,1.64219571979552,0.172073403900168,1.90993350776125,0.724026001071627,0.110237009929886,0.67022034434538,0.445984343146274
9.81309228453302,23.891001068597,30.2207230748856,36.1002793889869,40.7478486046851,46.4809865765179,8,22,35,43,55,65,1.92640150375122,1.86757017227826,0.323811579917732,2.31858173621954,0.789736023709551,0.16906741196196,0.491655991026979,0.463791920413083
9.76845597631228,23.8125243631932,29.7042125813594,35.4364912561647,40.258487374248,46.485302106675,8,22,33,41,53,63,1.91230716399621,1.85856609558827,0.420051271676105,2.49251200991438,0.752665380902452,0.188987681521341,0.592026717300042,0.524805060244857
9.74033499328862,24.0748145453887,30.1538335918569,35.799205542958,40.7570767148341,48.2621782942079,8,23,34,42,54,65,1.90343854043026,1.75110569897091,0.453602877576605,2.44527370600634,0.731040451254863,0.205266329017097,0.739856313799021,0.623167908394313
9.83640170199939,24.161605771211,30.4541738379449,36.1565632535127,52.6655333409559,59.8514749328653,8,23,35,43,56,67,1.93377002252064,1.74873374925865,0.398047219380921,2.36799432361019,0.745206816955089,2.7712248579513,0.671428258275621,2.57366772272987
9.90682083191462,24.2087622363831,31.3089226578094,37.0503945383141,53.6098099855233,60.6672223999855,8,23,36,44,57,69,1.95606526612769,1.74278907239438,0.443831142144457,2.40987309184949,0.75496389582112,2.7863808467303,0.532486649873423,2.41662647358631
10.0360921061611,24.383312441345,31.3977122422888,37.9558141920816,54.2582590484599,60.902324478834,8,23,36,44,58,69,1.99712681499699,1.7543653243969,0.42966854834262,2.42869227157522,0.966924402696164,2.4836432140327,0.560807520504349,2.44862798519503
10.0990610237256,24.6427569817309,31.5936030230922,38.8001015034044,54.6320712142534,61.2384155656638,8,24,37,45,59,70,2.01718973101452,1.63164872689067,0.419298943161141,2.33245160744575,1.1449906895231,2.34963621120138,0.553382318427396,2.47942507291125
10.1059568210772,24.7207449731375,31.5266366020128,38.9674348534865,54.5297031153804,61.0449104927869,8,24,37,45,59,70,2.01938926580218,1.64910720454188,0.396054213421685,2.31858384136578,1.21120224654495,2.27366488470119,0.535596655668158,2.45162328909927
10.1112418067229,24.7440703914158,31.6966084369073,39.2822608685145,54.5449959700453,61.3332362517338,8,25,39,47,62,75,2.0210753263888,1.49276916988194,0.340267515557068,2.09366012012623,1.25259677828699,1.99303927655575,0.393262698971455,2.06516358266171
10.1005571099615,24.7273071284343,32.0354227190505,39.7715488008996,54.8878321647082,62.4778710945399,8,26,40,48,64,78,2.01766689333567,1.34325424928606,0.392672824417057,2.03636142367848,1.29595541109216,1.77383813728656,0.436570362552962,1.97314230516435
10.0641652849337,24.6744724903763,32.0592114941935,39.9868754357515,55.3620165604434,63.4496988711463,8,26,40,48,64,78,2.00606644706271,1.3396221255534,0.40440216603027,2.04092994713924,1.35165708609984,1.83926877878022,0.518868942902313,2.15950517066161
10.0605948871048,24.7829003021116,33.5371151862645,41.0740931806197,56.3018849939148,64.4470838631775,8,26,41,49,65,79,2.00492904658145,1.36442770109042,0.538517572608343,2.20441968091089,1.23864896530831,1.8019382184187,0.528761705425049,2.06427576326011
10.2470683999011,25.396902635437,34.043341995166,41.5065963220743,57.607727504553,69.668058008894,8,28,45,53,72,87,2.06450302335222,1.18614361158605,0.361809876782077,1.83210957059005,1.21759686378199,1.5279164984564,1.20015939966171,2.49257487977475
10.5328357442167,26.3172943829171,34.3913710548238,42.1625794481575,59.7166076179594,73.0412304523765,8,28,46,54,73,89,2.15645515511971,1.31772917173939,0.234921523809338,1.78570513977939,1.30611557442778,1.86792880581984,1.34150958467901,2.98724131942876
10.8178875819914,27.108006359486,34.4880348787098,42.6798446964971,61.0580317660154,74.0455882978073,8,29,48,56,75,92,2.24893566769208,1.29171619562609,0.132107998745758,1.59826898268455,1.42937399874383,2.07005324654121,1.12543040782939,3.03905612264314
11.0933891175783,27.271375100818,34.1237650260049,42.8010165509465,62.0951942569502,75.0265374424904,8,28,47,55,74,91,2.33900542481422,1.40175870044062,0.096572994352035,1.63731306027663,1.57475574213862,2.30181333563829,1.11351583569154,3.33166277208845
11.3530712932897,27.3396686491644,33.7236957402649,42.916187909174,63.5524622511186,76.2870329303561,8,28,47,55,75,92,2.42449581693579,1.36066514914216,0.0704634098244572,1.5714940987706,1.73239847354463,2.46391547438416,1.07216464033726,3.55000620110805
11.5937092978275,27.3164686859328,33.3966603987074,43.1067721783396,63.8654146006934,77.0583352718056,8,28,47,55,75,93,2.50420955270283,1.30472043880956,0.056181198536263,1.5185200005194,1.89391633110722,2.49552785972876,1.03973140505199,3.6433469711358
11.7223358829668,27.2325750329093,33.3885748125519,43.428781216926,64.3469118597912,77.6396722179389,8,28,47,55,75,93,2.5470066685264,1.26026402350062,0.0595535141307527,1.51721982748082,1.99843647500585,2.53690111456465,1.05995925609913,3.77624212095289
11.6599309188619,27.1071824461651,33.3903470821135,43.4831956976445,64.646676685942,77.9534838919484,8,28,47,55,75,92,2.52622692928454,1.24719368162079,0.0654947153034599,1.51750477115242,2.01520858321101,2.60092114722259,1.19393355582975,4.00660241488844
11.594512450682,26.9958743367387,33.2704355165688,43.3916651989347,64.7355700982375,78.4213429779102,8,28,47,55,75,92,2.50447637873959,1.23770207075629,0.0650814345427289,1.49827579106231,2.02426250521559,2.64828365353145,1.27704615853619,4.144089583949
11.5253412964015,26.8845714367724,33.1602870373941,43.2868095593346,64.4719313588705,78.7224666208746,8,28,47,55,74,91,2.48151481633566,1.22901069092796,0.0651367930923787,1.48070265277117,2.02595187952068,2.80153619960923,1.40435802253803,4.40983231510121
11.4512408424602,26.7642177205348,33.0590700182811,43.170247125208,64.3827588315048,78.9273417659802,8,28,47,55,74,91,2.4569592491625,1.21949450678866,0.06605879737546,1.46463099278541,2.02105468362583,2.8089686710835,1.47220599402521,4.4838795766928
11.3705399493398,26.62969939304,32.9613117462118,43.0364604500521,64.2175661997017,79.0290724304988,8,28,47,55,74,91,2.43026675064108,1.20845571337791,0.0678528649819363,1.44917843947542,2.00956617529433,2.80044685374622,1.53468419101111,4.53233728507189
11.2809601742718,26.478588911584,32.8632932983196,42.8833265150603,63.9744474456922,79.0388765595391,8,28,47,55,74,91,2.40069972535323,1.19587938698241,0.07049754767707,1.43375402983928,1.99201660479132,2.77606835649579,1.59464322997758,4.55859324066577
11.179770337001,26.3099034064778,32.66732281224,42.6208539467664,63.5988929640371,78.9111262208391,8,28,46,54,73,90,2.36738051790311,1.18213890126638,0.0924664322530556,1.49723625160029,1.97088248803846,2.7455135709437,1.6540846770279,4.575228969461
11.063996511837,26.1225082503383,32.5199013160843,42.4166085619755,63.1720738342303,78.7553440720827,8,28,45,53,72,89,2.32936478901223,1.16762189778855,0.125047753009151,1.57121239908739,1.95286005246616,2.68564112409791,1.71986644448686,4.57318922162805
10.9305662050277,25.9120966946252,32.421697081914,42.2962236980039,62.7659140408458,78.5406359270398,8,28,45,53,72,89,2.28569374112406,1.15209175436493,0.133771922997142,1.55495278092537,1.94583425145254,2.60929599339544,1.76680381638057,4.54479406162288
10.7743773212591,25.6711468895678,32.3396955209482,42.2707618592864,62.4062866197129,78.1903933596692,8,28,45,53,72,89,2.23477185722015,1.13508062085867,0.146701395182487,1.54142899298047,1.96375350167254,2.52079496942542,1.76911452842187,4.47961820987585
10.5781572277561,25.242719007467,32.0457527929738,42.0292708658642,61.9945241602738,77.4798540595173,8,28,45,53,71,87,2.17110924797321,1.08895873132996,0.158162639790131,1.49335206896158,1.98040663158894,2.6709667739729,1.8673306187793,4.73005582189678
10.8181184467726,22.8665206602208,31.4340329984375,38.416720338422,48.7184918658918,64.6009450566877,8,28,45,53,72,88,2.24901086569263,0.623078087654811,0.351391170944506,1.39533777992996,1.08263951537422,0.44476694824945,1.96947747153489,1.89655250887614
10.7968914448445,22.7144049159241,31.9294057752919,39.1669957294766,50.1880465381863,65.6167355455506,8,28,45,53,72,88,2.24209872537948,0.602628693881169,0.44103720110707,1.47449676347611,1.15372271933659,0.549495418722655,1.85289037835497,1.99214328065434
10.7579655281859,22.5706614289182,31.3655375673479,38.6463515460784,50.5961325401364,64.3800513181346,8,27,43,51,70,85,2.2294337584126,0.675889684491372,0.457845836935481,1.58005375944604,1.16589005363789,0.698897732844292,1.61196591014784,1.9834305538349
10.8243858047228,23.1656638387968,33.0057796678135,40.4049193263714,52.8919239657112,66.6763490932605,8,27,43,51,70,85,2.25105247033041,0.766347311070493,0.62898870270277,1.8673233729075,1.19936173887395,0.79209776149114,1.61209230100241,2.10734244468131
10.8647925266615,23.5054680513115,34.4594502658452,42.0719213692989,54.7284188643291,68.5314406710283,8,27,43,51,70,85,2.26422341002614,0.819621376024174,0.835087758011216,2.13723394583283,1.26029810414662,0.822476506229403,1.61673630439128,2.18453728977742
10.7530324309249,23.8659136541042,35.5824368400066,43.280200363224,56.0241465836464,69.6685591801889,8,27,43,51,70,85,2.22782969228417,0.90650728486285,0.988685721991351,2.35496477991205,1.2848672782568,0.838328016025268,1.57725702352638,2.18727364020588
10.4509573514822,23.8030865923792,35.2768098805081,43.0903098730918,55.4220687265925,69.3581752413411,8,26,41,49,67,81,2.13002951702275,1.07205493365411,1.06924418129971,2.55464698611165,1.31838898510741,0.871378461111657,1.82992075131216,2.44274906002712
10.1507248191999,25.2226375371907,36.8693667853684,44.4182826839722,64.6521269309728,76.3522318827849,8,28,44,52,72,86,2.03368035222526,1.17033317420786,0.974235352541738,2.48269487620035,1.24206625158728,2.36077260931243,1.26711369071514,3.31736785551677
10.06046884001,25.9020572849957,38.5394362211242,45.8966069569763,67.7704357724546,81.4622948848427,8,28,44,52,72,87,2.00488889485525,1.32981499751746,1.18624637135668,2.82373819853201,1.18746247375717,2.78874800111542,1.5890361551328,3.94881629215934
9.20819923428222,20.2616522315364,38.7995159141361,46.1152797331921,67.0758869022774,78.6818159387777,8,26,44,52,70,84,1.73725479495112,0.643451343179591,2.29049584775359,2.87822294673306,1.17575177708375,2.94528848514043,1.24482256014397,3.72593910590729
9.26409802214763,22.1245675880764,38.8463960481801,46.2796902097565,65.7688773951717,81.4571848787276,8,28,47,55,73,90,1.75456103711705,0.756397815948275,1.67049227043774,2.49230859787907,1.20906724097139,2.54230541128999,1.74557029141905,3.87571958176786
9.31305354302856,22.1506781434021,39.8363229989792,47.080047164821,64.2587694591413,80.1676643073412,8,28,48,56,75,93,1.76974745711591,0.752499943893029,1.73960290340474,2.56045683741916,1.155447497974,1.77802880685912,1.63630189250419,3.06220958000622
9.33556533106463,22.1925670980113,40.8166848876419,47.9038999480152,64.2341077795908,83.5280861165209,8,28,48,56,75,94,1.77674007709706,0.755805595569796,1.9615738761894,2.75484580169077,1.11164788655598,1.58005162508764,2.30176211918885,3.4323898158172
9.3357794232955,22.5834087680363,41.9882911620011,48.9777782324553,64.9014017064351,84.4965265072325,8,30,50,58,77,97,1.77680660642232,0.6363383631716,2.15242935486501,2.73049147750619,1.08452050992572,1.48791777931391,2.19973796537707,3.24262686423242
9.32175923371875,22.3916113964441,42.470753657922,49.305203561929,64.9447562575786,84.2358461488223,8,30,50,58,77,97,1.77245093178203,0.609537962765068,2.32146368583302,2.82632983478248,1.04184634091138,1.42464993052064,2.1242796974961,3.08482887772227
9.30146980559695,22.0954982170315,42.7468481441031,49.4409373420342,64.7515338268075,83.8359783221723,8,30,50,58,77,97,1.76615158314189,0.568977057201836,2.46780386858249,2.88170579092245,1.00360536583546,1.35255872714959,2.07344735415461,2.94366384957744
9.28056717055076,21.8524900073833,42.8845040547385,49.4539459644564,64.4008256033667,83.5306784058415,8,30,50,58,77,97,1.75966681391986,0.537234666704081,2.56656125681635,2.9094580768125,0.969969081435628,1.27436430528142,2.084585277943,2.85241423845088
9.26209258548838,21.2636346380263,42.9150913695123,49.3520997834358,63.8780806904834,83.5886665676018,8,29,49,57,76,96,1.75393952513399,0.533267104678874,2.72956184240721,3.04943808924922,0.934575527517688,1.18593779001218,2.22859921300063,2.85802957620367
9.24715002143406,21.0060097046764,41.4985133872381,48.0362290648504,62.2995567239741,81.8126411611437,8,29,48,56,76,95,1.74931009390516,0.498930076329096,2.61536848354304,2.8930180780344,0.961457418648356,1.01096542226618,2.35824515503377,2.78467719823888
9.26191765064483,28.8610037241721,46.8382306373115,53.5753212301908,66.4253543207201,82.0083588758949,8,30,52,60,80,101,1.75388531267127,1.87315872157684,1.51273084508354,3.45487377451659,1.01528051264685,0.754616084364889,1.14911391768362,1.61160299605935
9.34876648610388,30.2425607448044,45.7142458093481,52.6369178452995,65.342629358988,80.1501021041449,8,30,53,61,81,102,1.78084332776238,2.17838407243828,0.905910786098256,3.08597971055798,1.06607460581199,0.73015584308545,0.999986529930961,1.49436930093541
9.50976550686443,30.8809867939944,44.713109772219,51.7127872488768,64.3151875490484,78.8524108626698,8,30,53,61,81,103,1.83104477813042,2.2945049122413,0.640648222547096,2.88601796519692,1.08734104778964,0.712852480327225,0.845431359742079,1.3583929757533
9.71178167593599,31.098695685654,44.1358294473777,51.1772237254865,64.1674224123831,78.3601494120889,8,30,53,61,82,104,1.89444219816033,2.29835282036218,0.526698904337489,2.77292107489506,1.09890735271833,0.683615530180715,0.787130592537149,1.28500068492311
9.92765531355442,31.0965627774417,43.850318153396,50.9156762193288,63.5178977061111,77.4420547275128,8,30,53,61,82,104,1.96267150061795,2.24507278812076,0.488571253460305,2.71759626297963,1.10556579193148,0.622660752655463,0.742890852410391,1.1947899979111
10.2641015231926,31.2961794655246,44.4556774608748,51.4712828391356,64.0694915097261,76.2144204475769,8,31,54,62,83,105,2.06996181783177,2.04946642709628,0.543574233169703,2.71100098408441,1.09175343718117,0.622043254501677,0.478572781106221,0.950265085658245
11.1698778881432,33.7138283703113,47.1697592268883,54.031709608503,69.1930757218843,82.3235109521765,8,32,56,64,88,111,2.36412778385339,2.24509851265721,0.510634605860268,2.98813014932478,1.0493830156368,0.758741679712796,0.539543902417609,1.09672221962526
11.9951523149884,34.6993697087169,48.819806590254,55.6906904403405,70.3002345816627,84.0212315946514,8,33,58,66,90,114,2.63819948060833,2.12437126576564,0.527412657130197,3.05844961463818,1.05183436455489,0.673675676918671,0.546259849868396,1.03030691238734
12.5469567996055,34.8276879925755,48.7419492227079,55.663901695563,69.998776369277,84.3172048712185,8,33,58,66,90,114,2.82431449328802,2.02789669232565,0.500577503554004,3.04326100443817,1.0658764033754,0.633002440662291,0.630603046642419,1.0779197607224
12.8401959406433,35.0029037400136,48.6242654999304,55.5815981088444,69.6425486692919,84.289698451556,8,33,58,66,90,114,2.92407927396423,2.00127282309137,0.463607428255598,3.02035511628635,1.07563319329479,0.593575953211015,0.679331814137572,1.08955454927022
12.9776148397288,35.129454443181,48.2328445716218,55.2059713246441,68.8456269317504,83.8040937882392,8,33,58,66,89,113,2.97102742294342,1.99882700690756,0.401613903620942,2.94462387126179,1.07999622868837,0.612137668314338,0.726951974684852,1.15192488058169
13.5212767243888,34.4203238199215,47.9356911417596,54.9045534054264,68.2996601870259,83.4255263370891,8,32,57,65,88,112,3.15793797879645,1.86668884631764,0.450566551842191,3.0117550295832,1.07881773623779,0.576755063512239,0.753137266288756,1.14106284802955
13.6938471554294,33.8689821804509,47.351751849595,54.3154626059738,67.4486692306331,82.5539036723139,8,32,57,65,88,112,3.21764413691286,1.70760886283515,0.446592378514906,2.89846617750845,1.07739456333286,0.539927633619687,0.749888344310789,1.103058105449
13.6980127843928,28.427949103189,42.3886473636732,48.4989832187715,60.0928936754845,73.9801214107404,8,31,56,64,87,110,3.21908753870194,0.781089217843693,0.506563539106565,2.10738603718353,0.84885609813302,0.346933449216486,0.648917173910298,0.735878373207955
13.6014501366335,28.2746483215873,42.7446894826743,48.3695122401192,59.6547356303955,72.9711140253529,8,31,55,63,86,109,3.18565454304865,0.771861144754506,0.652876888566795,2.27785475484872,0.725954917019623,0.313296516305513,0.565567724927522,0.594850024025578
13.6729262710778,27.7087480496705,42.4990041179471,48.0218370054044,59.2297165355686,72.2094168904907,8,31,55,63,86,108,3.2103965312644,0.671448073652161,0.701046294212553,2.23423358895134,0.700873958846345,0.305144257744247,0.596143273446314,0.596444346078967
13.7412451175341,27.2084475800718,42.3415725681866,47.7410423643171,58.8770410380054,71.646969426197,8,31,55,63,86,108,3.23407364606414,0.587087229805401,0.754281771073164,2.20645462776123,0.67089946987882,0.297667675802024,0.565492797937756,0.557166694814683
13.7909097382257,26.7575864218212,42.2010465841188,47.4861503144598,58.5701595499495,71.1473290312771,8,31,55,63,86,108,3.25130286996622,0.517094150859323,0.803906758560722,2.18177348696461,0.643476002278277,0.292320227981966,0.537974910586579,0.523509554158507
13.8303617413201,26.3520221973175,42.0718568356282,47.2545970676909,58.3037656585095,70.7101615234107,8,31,55,63,86,108,3.26499938833513,0.458351421461195,0.84922530812914,2.15917943956532,0.619237236293232,0.288764976563721,0.514121271277195,0.495527309355433
13.8646081691998,25.9767570489201,41.9497009618319,47.0476062794106,58.0767894822371,70.3424350245956,8,31,55,63,86,108,3.27689595174998,0.40729431542315,0.89163714185264,2.13790061710486,0.599374420724068,0.286735882864941,0.494837635190308,0.473802601760802
13.8943667248375,25.6056264393539,41.832919376699,46.870084628993,57.8934069489488,70.0653750329613,8,31,55,63,86,108,3.28723896729324,0.36017812848007,0.935112916502915,2.11763563424849,0.585281268244385,0.286142256595894,0.482193795967003,0.459905693165517
13.9160706541721,25.189799401357,38.6877358659445,43.9271162496641,55.205213252799,67.7458240747621,8,31,54,62,84,106,3.29478566780578,0.31207791874335,0.591517039820204,1.69527835714128,0.632612825865833,0.369429347748039,0.532826595163781,0.584587412867251
13.9236754518729,24.6466524476401,38.3820600723063,43.5902399882164,54.9627389460938,67.5078854054922,8,31,54,62,84,106,3.29743057582353,0.256589317791792,0.626249222486831,1.64684672208296,0.625233627193279,0.380649564212618,0.533464086261743,0.591282283227313
13.9113391124617,23.8256118788565,37.9374370280544,43.1657966817669,54.663443066148,67.3348012111491,8,31,54,62,84,105,3.29314022885281,0.18559832228281,0.683102689905827,1.57745312271923,0.630003196254063,0.395778854943478,0.633341648517519,0.674504561295382
13.8759459698391,22.6129914865694,36.7273990162937,42.4104571240604,54.2092049349312,67.186046207289,8,31,53,61,83,104,3.28083597112484,0.10493226543518,0.774118524638155,1.48269570553337,0.740394707044263,0.433355419297427,0.681476224742881,0.79276977016451
13.8180409381278,20.8675139543193,35.20134085675,40.7139144847879,52.9698821141302,66.7688601711075,8,30,52,60,82,103,3.26072102204373,0.0467573966776391,0.810800969414069,1.34254327602159,0.698365912502081,0.493524306251373,0.818366875897326,0.92624979495202
13.7411750162238,20.8877489719961,33.4153232661007,38.7298469584824,53.1427050802643,66.693476761948,8,30,52,60,82,103,3.23404933724187,0.050244630755939,0.530996237420215,1.09222718743831,0.650496370090175,0.824185883885608,0.775940295945983,1.15115706229054
13.6819213412366,21.046758796698,32.0394128752111,37.2067446581015,53.5945111212138,65.7994301546003,8,30,52,60,82,103,3.21351237186143,0.0586995772555522,0.336519634652809,0.915545641530539,0.615614244952418,1.18640632390791,0.562840532106272,1.21850373717079
13.5835366524322,20.915306679344,31.7819942689024,36.7875671819314,52.9560657839668,65.5189992299409,8,30,51,59,81,102,3.17945839396712,0.0573629972522998,0.381939880891318,0.953204837812016,0.577994050669704,1.14369798721131,0.616626609280949,1.21524865454949
13.4384197260658,20.7227928680687,32.2258151717622,37.0156753189148,52.9856371625866,66.1430050088346,8,30,52,60,82,103,3.12933415017728,0.0554821048234596,0.396435232786261,0.938627762170019,0.529044465491322,1.10553975726508,0.710630647047185,1.24083896827923
13.247569097572,20.9977473510433,32.8429593117876,37.4521085357894,52.9329867965031,66.8315592044881,8,30,52,60,81,101,3.06360784815852,0.0757796755971904,0.439300303624135,1.01697139419288,0.489164598104534,1.12903003366065,0.941995493770835,1.42479000385467
13.0214154041209,21.7483649525171,34.3392423874471,38.7953946691807,55.672578747715,70.4338859746628,8,30,51,59,81,102,2.98601727196498,0.132042986141617,0.62091580606516,1.30169954994685,0.456244982382149,1.28381817862055,0.991360942662149,1.56823777597602
12.7571105202662,21.9646702885329,35.1468682115798,39.4890654261206,55.8585597760648,71.7041876023599,8,30,51,59,81,102,2.89575382953922,0.166781600413893,0.714681189395152,1.42168749306665,0.432249882705045,1.18282492939088,1.20136201095449,1.64196487174163
12.4613559586985,22.2368634276659,35.7852131564041,40.0458351545198,55.6383933965057,72.7522941463008,8,30,51,59,81,102,2.7953016987649,0.213886168704755,0.775530904192925,1.51972350585213,0.415356655339981,1.03437820233604,1.46527273538854,1.70842832778243
12.1422717816824,22.7369881277001,36.2354463980054,40.4315485272527,54.6166866111067,73.2313422039747,8,30,51,59,81,102,2.68760700007125,0.293232219588162,0.767117525186678,1.59052504775921,0.402167175428734,0.7858657943709,1.80019680327467,1.71314289527655
11.8685221541691,23.7730464633032,38.3208403760011,42.6896151568363,53.3440994412735,70.7338513834421,8,30,51,59,81,101,2.59580145825554,0.44694532901022,0.951847836775447,1.93557901685122,0.437805322687809,0.299538690767731,1.67140508935014,1.11091619309139
11.5887382394882,25.3421948879722,37.7487517013483,42.2492642988424,51.4442064040657,68.6677258799731,8,30,51,59,81,101,2.50255816478687,0.715337210535866,0.592865813744097,1.8381915650751,0.465707965108025,0.165809498976476,1.63348395393943,0.915031628634132
11.3022681138292,26.6446958227371,37.2468193334723,41.8915845360396,50.1793938436117,65.4142528062213,8,29,50,58,79,98,2.40772671982317,1.10201510251472,0.35014662017202,1.85639422304177,0.496940463935181,0.132834210782528,1.33614323285806,0.718255554526903
11.4035990572561,28.8987468003827,37.2788177353222,42.1044354150247,48.3749853715645,57.9515178267341,8,28,46,54,72,88,2.44119494260568,1.69559517183709,0.267887721851631,2.31260482466579,0.537059303290881,0.0872032927550532,0.583682944320438,0.301417590805883
11.2678796571165,28.8736515241934,37.3317013197557,42.042575826439,47.7746372286669,57.6435069175916,8,27,45,53,70,86,2.3963878535716,1.88043114200677,0.276642472856556,2.44680068085222,0.511483864907539,0.080166310397364,0.634014877247633,0.312284977138189
11.2000341135241,28.8974963714868,38.3196976586153,42.96295433489,48.5580802321556,58.6447582295832,8,28,47,55,72,88,2.3740460118546,1.74234489851732,0.330815162343087,2.39028769193239,0.496610267274465,0.0723707290148875,0.672612312166958,0.313331506404353
11.2283934861071,28.8793260352412,38.4247900205775,42.7787879297915,49.0339349270804,59.4482996448374,8,28,47,55,73,89,2.38338021433375,1.73155666240606,0.34580704960109,2.41051849742352,0.434713451101592,0.0862894564555061,0.732386243651411,0.328885539927779
11.3264950912834,28.7875601643984,39.0117260798576,43.0881007538588,49.3038759059047,60.2528446145605,8,28,46,54,72,89,2.41572090927627,1.68776023905318,0.511234404803591,2.65278598628654,0.378104044909002,0.0839800386461419,0.724283233792587,0.306603317589939
11.3489958339247,28.5411221916959,39.6172082356276,43.4743970483525,49.8847099858832,61.2279387137806,8,28,46,54,72,90,2.42314980966363,1.62635469300855,0.647240320419188,2.77556921901912,0.335493274839712,0.0957622660974887,0.692658374116562,0.296809538967861
9.62230449874217,26.4396660004663,44.2037302356438,47.8265077687872,54.7708368623453,66.2386733155698,8,28,47,55,73,91,1.8663072658433,1.5420504769448,1.91883699696916,3.61242840411171,0.292101369928582,0.132933343573333,0.714275774025232,0.329120322094121
8.53748056335019,25.5999651246218,45.3107837089273,48.6731709434957,56.0178917822434,67.5917120378753,8,29,48,56,74,92,1.53257079550648,1.45421683810838,2.40955197017521,3.70737006089124,0.246725297128177,0.165471734186402,0.732874773001715,0.348719355652903
7.93988343881677,24.9069385922722,46.1098855026898,49.3449053231131,60.1751278819252,71.8642754529341,8,29,50,58,77,94,1.35522960658084,1.43377409665984,2.42712352304477,3.58565070300852,0.225678151780052,0.52074179995945,0.862217353967075,0.691414096004139
7.40310439664778,24.6831021379404,46.3845333002347,49.6657144210759,59.6724784046934,71.3907578279038,8,30,51,59,79,96,1.2004873757773,1.36608276375316,2.55415322848302,3.50029107867043,0.233216228281604,0.340004209736604,0.867834969747783,0.5511737502068
6.9970535090411,24.8000446534478,46.5209778645704,49.6933218406608,58.8241257164738,70.8989119512225,8,30,50,58,78,96,1.08661459452558,1.47559173604821,2.74801620568006,3.67523855838705,0.215609904853694,0.243988389271854,0.823363712546907,0.440344558716908
6.91649567141089,27.8157633426071,49.9693291324544,53.4722093639213,60.7894085689788,74.3774135750525,8,30,54,62,83,103,1.0643736506878,2.17970481364443,2.15326724853916,3.83840976560037,0.270826067645996,0.0752866815311533,0.884774634709391,0.318284142115911
7.06972080593666,26.5990222580417,49.5747237843331,53.4038812871745,60.5340478002653,73.1652069430253,8,30,55,63,85,106,1.1067791141261,1.85712932059906,2.1869795245452,3.61101348695593,0.33018307723609,0.0496436756802161,0.627121658909686,0.203361022362205
7.0915996771649,24.9526825663718,47.5358565280821,51.5710242349945,59.1698908768651,70.8881712805521,8,30,55,63,85,106,1.11286901797237,1.48793841921838,2.09664716251924,3.19016619732069,0.369948716032383,0.0687388015425904,0.493291016203025,0.190573747922515
7.03506655571361,23.4215022082442,45.6610563418649,49.7909513027854,57.5881482775612,69.0692783002258,8,30,55,63,85,107,1.09715090464299,1.18614534397756,2.01859474256014,2.81975081913618,0.388793669390712,0.0780569101211021,0.393765601958582,0.16919979512801
7.03384378300225,22.9055172325042,44.6479581024378,48.7230481479963,56.4354113006295,67.9119975676313,8,30,54,62,84,105,1.09681157143053,1.08683192399046,2.05788939376876,2.74793599397547,0.377848812445368,0.0739790472383997,0.460321519962542,0.185963539095705
7.01471046979445,22.3190589699544,43.9355175959917,47.9964470171871,55.4308558785658,66.9326793382259,8,30,54,62,84,105,1.09150540440338,0.981279458919332,2.02894250632606,2.61201272058114,0.375039563302745,0.0615774070172811,0.46371434578933,0.172448620679124
6.99598934992626,21.750084182288,43.1424954378998,47.1984301874833,54.3256925719885,65.8028249728843,8,30,54,62,84,105,1.08632001484386,0.883007665475415,1.97779412969655,2.46375791131098,0.374050543250401,0.0495378042712009,0.460394817162157,0.156291461230025
6.97765732387919,21.2006457495023,42.2557806557323,46.3145166634746,53.1318713223094,64.0498812059651,8,30,54,62,84,103,1.08124861972862,0.79218252102527,1.9016094263831,2.30189980242249,0.374605115758777,0.0390844564094191,0.533884248271176,0.160196483850646
6.95897572285535,20.6692093370664,41.2900467366177,45.3561009306259,51.8809218700662,62.5036934536172,8,30,54,62,84,103,1.07608687885045,0.708430978699209,1.80498589259072,2.13047838384506,0.37605534662184,0.030692437511539,0.490268960940883,0.133713140697678
6.93919947885502,20.1526769804215,40.2759509454787,44.3546135849507,50.6153795770673,60.8580829801335,8,30,54,62,84,103,1.07062971344079,0.631150350640006,1.69639851843627,1.95613173126479,0.378558779432088,0.0242679783874906,0.436616462413169,0.108299521687375
6.91771432844617,19.6501041247152,39.2628888225203,43.3656802465799,49.3945564995505,59.2061693430683,8,30,54,62,84,103,1.06470920943131,0.560084961335713,1.58742458743692,1.78797844874523,0.383366610168101,0.0194626652715993,0.379279033000552,0.086058638215603
6.89403948164059,19.1628489554009,35.5546130777819,40.1762038353793,45.8956031277301,55.3572185819409,8,30,51,59,81,100,1.0581952764931,0.495267345513195,1.31270962758395,1.48398781278366,0.49187614073709,0.0141642215710621,0.335573473593356,0.0816129454279578
6.86784294687438,18.695683283841,34.769629019138,39.3408085232344,44.9149595152997,53.9840576068088,8,30,51,59,81,99,1.0509997699783,0.437073139059956,1.24747592195958,1.36507140029213,0.480921169301418,0.0120797178313188,0.350096734731063,0.0773955185803819
6.8389409941234,18.256624346034,34.064745726756,38.577109130253,44.0483312410799,52.9207599797158,8,30,51,59,81,99,1.04307617245411,0.386078585237292,1.19384775629045,1.26197082559289,0.46824739932116,0.0107459937057024,0.325528388677637,0.0670493029697431
6.80138599529122,17.9841609457028,34.6405494372929,39.0835409950985,44.3727509368057,53.3422064945113,8,30,51,59,81,99,1.03280400416752,0.358268673026608,1.3679284414513,1.34592771039935,0.453450573922077,0.00865930477404113,0.33754081860866,0.062903395230556
6.7523212774332,17.6923077475433,37.0764348926033,41.3818637144571,46.367598019352,55.5186406050595,8,30,50,58,79,97,1.01942436987603,0.330615959972625,2.14728668541992,1.8274481369183,0.424605878310381,0.00909315631194015,0.360587955030925,0.0679174252714267
6.69713311267866,17.3099786580629,39.2686802816113,43.4358903879309,48.3951489204949,57.1892579373571,8,30,50,58,79,97,1.0044306190177,0.295137803067593,2.81142876024362,2.213419086984,0.396310918100433,0.00879586906234268,0.315987139627293,0.0543509747221967
6.74513792054553,17.0844457255092,39.7890623981589,44.0813246621376,49.6976523248602,57.3691174614631,8,29,49,57,78,95,1.01746941240491,0.319922758529173,3.01286833363327,2.42806912040171,0.42188042869832,0.0186062725865523,0.243519408361172,0.056760100535868
6.86896791341023,17.1882944786238,40.2776147872562,44.4185142826696,50.0040919171432,57.5141627724644,8,29,50,58,78,95,1.05130850364371,0.317681015554639,2.91730328520696,2.40051700111731,0.39100510825455,0.0261046981918046,0.226191037377268,0.059213868613032
6.99308396539263,17.4729559288683,35.2885665253107,39.7336170611068,45.4000236102573,53.1056517087098,8,29,49,57,77,94,1.08551585427872,0.335917649518678,1.76983517907015,1.6308561730019,0.453887359422603,0.0281997920760427,0.247271519703892,0.0757986057655729
7.08216280310057,18.0867201828625,34.4167384793558,39.0079315507727,44.5845851301444,52.2100428839321,8,30,49,57,76,93,1.11024124297206,0.337861229356791,1.58000825193483,1.49136652218209,0.485260234956409,0.0368859708454689,0.23851275461623,0.089901363544815
7.17827657737231,19.4021330237987,35.0548476514802,39.4940210126676,44.9616763592987,53.0176394507989,8,29,48,56,75,93,1.1370792158724,0.565630782322035,1.42756082429053,1.69170430494421,0.452640982388933,0.0333912518287372,0.233040051992735,0.0804102583152762
7.90106559664666,20.0447920683083,32.3565062598856,37.9628331276623,44.0539866766463,53.5470576808052,8,28,48,56,75,94,1.34388849542273,0.63815678383393,0.665105823266839,1.26704313356084,0.721386693529283,0.0566610695483203,0.339394923723426,0.204386103922908
7.71832565404021,20.545354360273,32.5870211418077,38.3214696062073,44.528359000853,54.2465256327692,8,28,48,56,75,94,1.29080758837613,0.750694865563719,0.622018552527543,1.30127443824387,0.753207690747753,0.0618881249769349,0.367356720364471,0.232694954908262
7.61261952270001,20.5725008146505,33.8312490733513,39.9894018112045,47.0011796274638,56.300675437772,8,28,49,57,77,97,1.2603407567911,0.773456127375991,0.727230097188689,1.40064664059047,0.861257727148912,0.0812885414792475,0.261209642476067,0.222547355333552
7.53274033190912,20.5635776726311,33.0528038888568,39.2484421486549,46.319850383321,55.6984832643122,8,28,49,57,77,97,1.23743647085863,0.785726940244827,0.605375807934639,1.28382403595379,0.871015437651474,0.0845043574313724,0.269499824024197,0.233222409283265
7.43613681281063,20.5784753935867,32.6456051619357,38.8090473436483,45.9364757988044,55.283034634983,8,28,49,57,77,97,1.20987589981771,0.805168333454571,0.54272557412061,1.22448343607926,0.862632714359443,0.0875959050492432,0.266123636654119,0.232716061155942
7.40383144126944,20.792649870999,32.8433390271491,39.1321363817488,46.2234320410922,55.5479744167404,8,28,50,58,78,98,1.20069382110415,0.848824109140278,0.466052827838039,1.1705392341741,0.895398862760709,0.0855940442446014,0.263818907099081,0.236860022734288
7.38574696878771,21.0121970311729,32.9775905117875,39.3523770923367,46.4732555279273,55.5962788149634,8,28,50,58,78,97,1.1955613445255,0.891781436975821,0.45485635935187,1.18942548194521,0.918071797957213,0.087230902381456,0.295795397949838,0.262959940713445
7.36904017533352,21.2405475577382,33.1421371119972,39.6103666943133,46.7675506511229,55.8110318675445,8,29,51,59,79,98,1.19082475119227,0.830938998379181,0.446565575578195,1.1324583331448,0.94288707534086,0.089265839530001,0.286814915750371,0.266318800317501
7.3487728046196,21.4523497591976,33.2815409050106,39.8431626099027,47.0578957397784,56.0374105442055,8,29,51,59,80,99,1.18508501722648,0.871686732164074,0.437246127949071,1.15162450331516,0.967869147537657,0.070348751044082,0.279694648863161,0.240048447432235
7.29785876887214,21.5386791023789,33.2804363997564,39.9467746768289,46.7162386438605,56.1043406098475,8,29,51,59,79,98,1.17069692974689,0.896153044348713,0.426116827059414,1.15147207919962,0.996090051451538,0.0690085414531208,0.326725496726705,0.276846276510029
7.23743783888776,21.5641774915511,33.3208683603089,40.1113613804462,47.0124711461571,56.3451517185834,8,29,50,58,78,97,1.15367995682818,0.911607284629071,0.498627941243707,1.23832697966145,1.02982956203303,0.075523998257191,0.320132220599898,0.290807069606468
7.17027924696348,22.3316034036682,34.2398080004593,41.15422235913,48.0010418100871,56.9952628871735,8,30,51,59,80,99,1.13483986182773,0.95533917500959,0.519937209902353,1.28724566947273,1.06380062266891,0.0543366959949068,0.281323593380792,0.240022534662299
7.09184027859836,22.0363414653561,34.2300898217206,41.2772620511125,48.0925917479129,56.2871827416607,8,30,51,59,80,99,1.11293603631465,0.916542900856574,0.561197539193488,1.28583682236368,1.10051182984419,0.0530885187035912,0.199850681091467,0.198739590297143
7.03248067840175,21.6508218223717,34.7550616476565,41.8875913866371,49.1292733026665,57.0221540297271,8,30,52,60,81,100,1.09643332655995,0.859408199372666,0.614682138727312,1.27785029144321,1.12428477805596,0.0716269359581731,0.172940437782147,0.2106611102137
6.99568570723357,20.8105763889261,34.5322953778965,41.8229994011165,50.2026388303575,58.1570203508845,8,29,51,59,80,99,1.08623596451944,0.821118443842489,0.710263325888815,1.3299632340413,1.16867858070038,0.139308071489995,0.178252999395735,0.297988352116683
6.98373427015344,20.537942230339,34.4669582530653,41.9914988164988,52.1875116989835,62.1013683005317,8,29,51,59,80,100,1.08292907006474,0.776521296623337,0.743681643257402,1.32036797212654,1.23509115694408,0.304023138110847,0.329056440743281,0.602238983259184
6.95869653573117,20.5268639053587,34.2550789602482,41.9063635947601,52.9153929679328,61.5234022716333,8,29,51,59,80,100,1.0760097880639,0.778883384849967,0.711300589699934,1.28946087226732,1.27146431671446,0.399604523783311,0.194563457429928,0.565182851486783
6.92183604777658,20.5509096868437,34.1528290262301,41.8294699848401,52.8741693295318,60.1524111879366,8,29,51,59,80,100,1.06584433519114,0.789224112748894,0.691250937834178,1.27466041614493,1.27877199659283,0.404091805188317,0.0962598531690427,0.446232402936576
6.92551473581681,20.705126465287,34.4957041910661,42.1608508867569,52.6841615857291,60.0267475646415,8,29,51,59,80,100,1.06685771696714,0.815023200252287,0.72129133306133,1.32458580427042,1.27545809202368,0.340939791224058,0.100108513450649,0.406082573825214
6.93750338705029,20.8604856233354,34.5482722040457,42.2484144664357,51.4862483651127,59.8811098212432,8,29,51,59,79,99,1.07016202200608,0.839908896032891,0.704855700093531,1.33231415955472,1.28555414551415,0.254843470169894,0.176146039453744,0.433187744176437
6.67512798313951,20.0814136075609,32.4336987344338,40.4122677984715,50.0066440001585,58.2945394426652,8,29,50,58,78,98,0.998468779128793,0.751674708231343,0.584716067175921,1.11375039622286,1.36655455408018,0.292779871948922,0.167285187532406,0.480635609432731
6.39891931829461,19.1818882622036,31.968819118894,40.1227794089158,50.13188515228,58.7253953341165,8,29,50,58,78,98,0.92446312652501,0.65075113842239,0.651372897586198,1.05085419627197,1.4181756794193,0.34028244762752,0.193278607969798,0.567120346350917
6.13097202657164,18.365056640902,31.787410284323,40.1419059251514,50.6075637332292,59.4413975725369,8,29,50,58,78,98,0.854201952239631,0.567140377509352,0.754357350197332,1.02676366284864,1.47773732251507,0.396655080847564,0.21517575048722,0.66117880542862
5.87516626759689,17.7559960153293,31.4968245985779,40.094170748806,51.0220438609889,59.6091865128132,8,29,50,58,77,97,0.788623463692866,0.516056901159728,0.80834399556943,0.988711450736778,1.55060769527877,0.535369946817087,0.192715819730862,0.775446878208653
5.63646220590863,17.4649299826852,30.9782553442314,39.8391835856818,51.244377301712,60.5402505082691,8,29,50,58,77,97,0.728834147300404,0.508671817130181,0.769620630230605,0.92246725697919,1.63057584663759,0.609423948188662,0.260833368873499,0.956867923907713
5.42036582673217,17.3823240973089,30.7083618965334,39.8398685998686,51.6261576518795,62.6356746592919,8,28,49,57,76,96,0.675948333260728,0.609539243639734,0.738336831144569,0.959528678364467,1.71357052872014,0.671494650571176,0.469187471338681,1.29001727569684
5.38880669430113,17.6159517728016,30.9195352515711,40.1166751121453,53.4618841322079,67.0049219795019,8,28,49,57,76,97,0.668327585460218,0.651479362598629,0.734622676611442,0.986977678241656,1.73383514816333,0.950497652630168,0.77463333077502,1.86704649196213
5.61094428625187,18.1436791485803,30.2831711496044,39.4326049474618,54.6132531639576,63.66290664341,8,28,49,57,76,96,0.722526315751699,0.701282537836957,0.553248168064799,0.905357617272766,1.71910056300114,1.32443608245843,0.235923732266822,1.51579898330763
5.83831740177885,18.518001020069,30.0676211092226,39.2616766287094,54.9747497379059,62.254259385461,8,28,49,57,76,96,0.779303088268837,0.725780181417057,0.4701719635638,0.878461429683351,1.73288170145711,1.4409354176526,0.0963348026820704,1.32919028415191
6.01338797097964,18.6590379163478,30.1291413646416,39.3711447296653,55.3660856807506,63.9478371369591,8,28,49,57,76,96,0.823870528301621,0.720075182931576,0.459451872442602,0.886098786522855,1.74771618397047,1.50394568261272,0.192240027704721,1.58702293498962
6.20101551129009,18.911442335796,30.2609378633519,39.5430152049416,55.752934098708,65.0403797490449,8,28,49,57,76,96,0.87241771578325,0.730949725448027,0.44341395053052,0.902565657475105,1.76013515547638,1.55260345454602,0.259959105875554,1.74755059569736
6.52138778898893,20.2331847133273,32.5515480104175,41.6399554783447,59.8470468077534,69.2024314595229,8,30,53,61,82,104,0.957084863642862,0.708680265858744,0.432639921151358,0.910037685994983,1.70029122237966,1.70698190181533,0.178411755773296,1.6570450401551
6.85929474137235,20.5579572574939,32.4444630691266,41.5294483642603,60.1285227806924,69.7541746027681,8,30,53,61,82,104,1.04865459682975,0.70658700853123,0.380420968286307,0.897046750972229,1.69923776874612,1.79660357754799,0.200822706100652,1.76483177579395
7.18543738589853,20.9507905596776,32.4217717374632,41.4926976055058,60.3449978322582,70.1825020162221,8,30,53,61,82,104,1.13908528848622,0.717243084384211,0.333328253511645,0.894305409674232,1.69491130525375,1.85528721045422,0.219423059578485,1.84020998638922
7.49154326791931,21.4437295930549,32.5745070595668,41.6284016424693,60.6029285481518,70.5976892958111,8,30,53,61,82,104,1.22566432921409,0.747457454718633,0.2971283571721,0.912834527685493,1.68967350647151,1.8838286832598,0.233813853573654,1.88465702495968
7.77328847938601,22.220661242578,32.9939690795666,42.0311600373034,61.0350299948475,71.06169434723,8,30,53,61,82,104,1.30671858766982,0.830059745224574,0.26142250939433,0.96464816361283,1.68453987589574,1.8907013592856,0.236793844104421,1.89224271723794
8.02930721718375,23.8523998077607,33.4717602534018,42.4923343233407,61.3354120386878,71.5205683978321,8,30,53,61,82,104,1.38144149645829,1.0776304334243,0.162863039683468,1.02530179757051,1.67943625378464,1.85313930702091,0.251898887405393,1.88901963522171
8.18588100094186,25.768834715094,34.2571600292534,43.4264746607075,61.666985479796,70.1645846678787,8,30,52,60,82,102,1.42761852260745,1.42915418910707,0.116537649391147,1.2073428671302,1.72523772930434,1.56945589931106,0.184897030200554,1.63385697451857
8.31921357403905,26.5032101437832,35.2383328185437,44.6016376781048,61.885167604764,70.5344312914399,8,30,52,60,82,102,1.46721724994045,1.55721909506362,0.132594485619691,1.34796831991808,1.78536452467809,1.36681225190638,0.198244754455965,1.53619616768094
8.45034343302554,27.1694457240755,36.2468608923665,45.7794260464243,61.7762645467508,70.1990309011191,8,30,52,60,82,101,1.50640263118822,1.67438551178192,0.15691057930809,1.49949851666872,1.83817745053104,1.11067655777605,0.22160859070264,1.41918468615784
8.57661076964044,27.6897196804942,37.0577189523678,46.7622972940679,61.3262368966726,70.3669973514741,8,30,50,58,80,99,1.54435496940051,1.76247254266552,0.268378062613099,1.82427968521834,1.89217400983672,0.85002429281015,0.286510211322748,1.32182771363008
8.69701877020652,28.0074483502395,38.0214926800401,47.8217173171565,60.9612192864703,70.7661008807685,8,30,49,57,79,98,1.58074237266404,1.80714743346195,0.40572930560862,2.10031717658852,1.92233626219827,0.61997704583122,0.378414119423892,1.23879759971051
8.81168174630705,28.1257647086458,38.8207124136889,48.6804173686024,60.825138237717,71.4316300172116,8,30,49,57,79,98,1.6155676137438,1.80797805455118,0.500777239167793,2.24628067223139,1.94114228781283,0.478544966743084,0.487912682923555,1.2194855466231
8.57177812374867,27.1382905622456,38.6548686672185,48.3145094493488,59.5675047407264,69.9477655068205,8,30,49,57,79,97,1.54289850665507,1.64068052624082,0.627300458159948,2.21568448221273,1.87803665496522,0.366473836625203,0.53511307233205,1.11431785539298
8.47015748947383,27.4777061855443,38.0220671362623,47.7578718724029,59.8073721065602,68.7669237305342,8,30,48,56,78,95,1.51234402899643,1.73872522328447,0.560729565665087,2.21470495394489,1.90201060322668,0.465895876886244,0.404546132940866,1.11791963489209
8.42718363608702,27.1109089206711,37.7090202419473,47.4689964039055,59.835996771441,68.8568595639485,8,30,48,56,78,95,1.49946472368038,1.66655063122011,0.569233024822992,2.15696466563208,1.90963196648183,0.508689387502088,0.413173001730329,1.17535147746498
8.41043874026939,26.5062152009663,37.3479087295415,47.1552494494979,58.8106707101024,67.6399925795753,8,30,49,57,78,95,1.49445304822105,1.53818323997052,0.522450802842023,1.98025897312756,1.92458421158497,0.48461439565862,0.386501214573728,1.13530946940159
8.42042804255835,25.1436611371362,36.4958623678296,46.2964557405513,58.3288184870043,67.1205344981433,8,30,49,57,78,96,1.49744234409418,1.25287104711367,0.6009969997984,1.83239919793064,1.92245273155683,0.53770240189533,0.315697806199387,1.10103988498582
8.41947302918182,23.9958891778516,36.0532591152254,45.9201254592859,58.0924328033234,67.1321960734923,8,30,49,57,78,96,1.49715649784375,1.03137540615432,0.717178922167476,1.75740800452981,1.9434090200333,0.558050017927041,0.346377260949633,1.16544130506682
8.41224439007162,23.2687847977708,35.6924352291985,45.6317277950486,59.7471953036306,69.3902095268607,8,30,49,57,79,97,1.49499328771187,0.900988186714927,0.780860616815521,1.6972131534223,1.9663634125378,0.774294023731344,0.426649798761698,1.47168361429527
8.39722761132165,22.1203995599635,33.7998181065601,43.8189668213342,55.9596313162039,64.2551631537824,8,29,47,55,76,93,1.49050171241982,0.805310652609566,0.751598062463567,1.58393216072817,1.99173521736715,0.553419416727551,0.316604243402075,1.1587917850613
8.34224073961255,22.5211901779089,34.0498549316645,44.1543797432298,56.6812394281843,64.91347450282,8,30,48,56,77,94,1.47408132022485,0.784834999916929,0.724926749006982,1.52754295454884,2.01893246221806,0.611108861309483,0.308759786193714,1.2184398681676
8.31530599721142,22.4269227360536,34.1811129643175,44.2729303278255,56.2667239529758,63.9149308929972,8,30,49,57,78,95,1.46605318677693,0.773656537435255,0.666168486547398,1.45456695666753,2.01487975260867,0.532154678997887,0.240981730422288,1.05663499772445
8.30133648434899,22.0188815770006,33.1885829851739,43.2343219323115,54.2188248810517,61.3801559580665,8,29,47,55,76,93,1.46189341958193,0.80434496397035,0.663010833207068,1.48520872946971,2.00019785960314,0.396533156389687,0.19101645984063,0.85276293437194
8.05599055150193,22.5288298860504,34.1867369628217,44.6077628994218,55.2198358106484,63.0438764589472,8,29,48,56,77,96,1.38928580505236,0.938126310595732,0.650299505353273,1.5494941889023,2.12038514218096,0.351317574170282,0.167099258713476,0.798578263406411
8.0410767376935,23.6029234887244,35.7212116002148,46.431504434976,55.8804202524473,63.1222660565707,8,30,49,57,77,96,1.38490018637629,1.02866808219799,0.727616278839199,1.70198247245311,2.21394149015693,0.276974942764743,0.122168165548407,0.693134221580098
8.42831009154033,24.8354985790019,37.5037840269198,48.4994112292188,56.2718157905516,62.7678998290204,8,30,49,57,77,96,1.4998020039484,1.19021753971802,0.824606252156042,2.00779660776997,2.30696863347792,0.128175155157741,0.0762526654745251,0.473750068811893
9.11545662324563,27.1496374203806,39.7790602909264,51.1723322022612,57.1121643182971,62.8584921682343,8,31,50,58,78,97,1.708622746744,1.3915241497357,0.81759320245544,2.30734636388373,2.43778019248029,0.0361387483232612,0.0427985453539944,0.294719042923795
9.87632904407367,29.1389282692696,42.3365396999118,54.0629030762355,58.6829985305718,64.1473113436238,8,31,51,59,79,98,1.9464049864999,1.6506217296953,0.814877156732541,2.6726755210828,2.54834878912122,0.00879405740250594,0.0332877564512392,0.212327304115153
10.4268927714194,30.6745588288575,44.4689521907634,56.384283166271,60.6940182538762,67.320661566042,8,31,52,60,80,99,2.12227486009368,1.8691468328217,0.817574803623754,2.96640645670409,2.61145987346882,0.00572231345504885,0.0833587740158767,0.278759791552638
10.5285332545795,31.4152110785125,45.1306971095586,56.9096422748462,61.2718174142215,67.5937599330062,8,31,51,59,79,98,2.15506499578023,2.01563793848744,0.908092240180072,3.2356527067015,2.5658825978074,0.00617349117624506,0.0673779970944648,0.252706653372919
10.6165906145162,32.0087840861157,45.9359060521606,57.5696576316862,62.0880576112858,68.2615331383581,8,30,50,58,78,97,2.18355106483699,2.29964780106496,0.947325787118777,3.5479587080599,2.51751870853033,0.00767756149276208,0.0603487945137046,0.243850562055378
10.689904865354,30.5639637918489,45.5583555883359,56.9162718075944,61.7048834177703,67.6983049139071,8,29,49,57,77,96,2.20732225387836,2.09805443785084,1.15468108028417,3.61240650542654,2.42609613367085,0.0109034397106584,0.0524746521192237,0.232181533940594
10.747889385476,31.6112175776152,45.930063958222,56.8980302838444,62.1908875252826,67.757832456959,8,29,48,56,76,94,2.22615759155715,2.34166977893705,1.14326064498829,3.8459085396316,2.2979190533926,0.019420781819913,0.0512991748939514,0.243390016318302
10.6986581878102,31.858864560996,46.9731753295041,57.8995801518887,65.7807424007858,71.3939783350436,8,30,49,57,79,97,2.21016367918924,2.24295418353664,1.31015876110275,3.92659063531872,2.28433422718476,0.0822298809635714,0.0533020927785025,0.357498000175231
10.6144314909523,31.7948721831699,46.90317625512,57.7375267732872,66.1640514674497,71.8559696323308,8,30,49,57,79,97,2.1828517434597,2.24788192317516,1.30886863974733,3.91084612219382,2.25429921487929,0.112709424683717,0.0568199683311842,0.400678020252439
10.5239176296834,32.2150015186288,46.9315767109669,57.5559426335026,66.6749145319387,72.4375678990767,8,31,50,58,81,99,2.15357385261477,2.20500881283136,1.22570018549948,3.7654477736205,2.18606977459933,0.128159903984896,0.0601055746008021,0.403993851814949
10.4538849110103,32.3323777119458,46.8592858143552,57.397275460027,67.1877261869348,73.1829580815821,8,31,50,58,81,99,2.13097327809583,2.2498893131585,1.18613008860527,3.74951301138944,2.15812063769793,0.175846447065167,0.0717427311623917,0.475204195232991
10.1760048759806,31.5304228420787,46.1013968481143,56.6698147361766,66.6523278813598,73.3283355446805,8,31,50,58,81,99,2.04175919779014,2.12509817607979,1.19528214489937,3.58380857782843,2.16795855526739,0.191100202431254,0.113367781913197,0.561070036141409
9.8140709861791,30.3829337876107,45.1931754970813,55.6822953391899,65.8062838892192,73.3242709885652,8,31,50,58,81,99,1.92671077374369,1.94233055417384,1.24541152877378,3.38856411884305,2.14233834553449,0.20279476233843,0.180788154631166,0.65443540072409
9.57674629142746,29.4149140906939,44.3416183078628,54.8301906208058,65.006081255626,76.21621667652,8,30,49,57,79,98,1.85201548419882,1.92841234688356,1.27007453852925,3.34924332042917,2.14216165003822,0.251002064212673,0.578656239950094,1.11554290226116
9.58611855348281,29.9943070565769,45.4761766139018,55.7738465567333,65.8602030487489,74.1196092559742,8,30,49,57,79,98,1.85495374309962,2.06220284421332,1.38993398472641,3.5944235749822,2.0807281336003,0.242424047083989,0.205908648749999,0.710562399023179
9.5837573484605,30.600707652752,46.5565453630869,56.5856373821095,66.641872399554,73.5240097788893,8,30,49,57,79,98,1.85421340077422,2.20816132798084,1.49515052189465,3.83318332578188,1.9948989472288,0.239574082260775,0.0984025832744274,0.535638401206597
9.56443340305714,31.1163008663531,48.2987305159194,58.3642524303971,69.3234246474418,76.3991797435811,8,30,50,58,80,99,1.84815678727885,2.33891760194861,1.62415468589894,4.07092217980641,2.00649865420075,0.332760428610285,0.110816850578675,0.651151299801617
9.52759836379773,31.7240459598236,48.5898027172847,58.1183234392494,69.3877798720642,76.8150672963921,8,31,52,60,82,101,1.83662314246513,2.32666888805427,1.41218474120907,3.83207713998463,1.83691176472015,0.368410665405431,0.135610949490353,0.664578652879175
9.56855544300852,32.257058569697,48.8440037515737,58.3803124488045,69.8704100232952,77.4597789213879,8,31,51,59,82,101,1.8494483947613,2.4470283620036,1.49096867408317,4.03928600835408,1.83934913583968,0.335425791001254,0.14802566953896,0.64869460691257
9.61742424100272,32.6324081973312,48.9518037873314,58.5354876377925,70.1998650058034,78.0100415672665,8,31,51,59,82,101,1.86477522668647,2.52788940627342,1.43239200235089,4.06348512908514,1.85419035687766,0.354856726757659,0.165936351926849,0.696372785572413
9.65946503412456,32.9785135710394,48.1274598372429,57.4945767189685,68.6964788447404,75.8891655315223,8,31,50,58,81,100,1.87798140741201,2.60389745552913,1.31760640324589,4.03223183746948,1.78655040045159,0.304518854164482,0.118740706984366,0.561510094561923
9.69445176520324,33.3932445297346,48.4125711233645,57.7662589924409,69.2009162591247,76.6877461692826,8,32,51,59,82,101,1.88898629172505,2.52362783372768,1.28980994473398,3.94290836789477,1.78237352732848,0.329361122800389,0.140099517905397,0.613154435631084
9.72234119675382,33.7033378634862,48.6212953711927,58.0130296140951,69.7101165115122,77.5165403925435,8,32,51,59,82,101,1.8977681885295,2.59318413814304,1.26821636172151,3.98944073368279,1.79421255772525,0.358565234919141,0.165622358337028,0.678612098795644
9.74325801428926,33.9815515908894,48.8163330347196,58.240937471176,70.2448531863947,78.3889075458825,8,32,51,59,82,101,1.90435999291514,2.65709196526623,1.25059407580927,4.03308199482959,1.80445412343689,0.394291144827577,0.195195010452017,0.753911084258262
9.7575086444088,34.2309608990106,48.9931855303788,58.4439061035352,70.799583792114,79.2925906140332,8,32,51,59,82,101,1.90885366169189,2.71590274790261,1.23529282190594,4.07278697835538,1.81259997675071,0.437305573006215,0.228548186569184,0.839028423933295
9.76553300957492,34.4570086326849,49.1517034332204,58.6207042051528,71.3714343090009,80.2153711417663,8,32,51,59,82,101,1.91138494515246,2.7707651513216,1.22111171909571,4.10848233209579,1.81830628898117,0.488171470268976,0.264904711384766,0.933230278694052
9.76784303829759,34.6677854721118,49.2949006536261,58.7736288126728,71.958604811347,81.1433836503103,8,32,51,59,82,101,1.91211376974976,2.82352133037818,1.20697850911077,4.14081391856164,1.82134429655653,0.547118808160123,0.302863936702951,1.03484530226675
10.152797751004,35.2098177807985,50.342646746198,60.1272246787969,73.7547517436253,85.0153111895472,8,32,53,61,84,105,2.03434256844439,2.86346275266475,1.06158925602203,4.06887696186459,1.91739539494917,0.610360493500879,0.431760295497087,1.26605973415412
10.5370249817817,35.7170318527296,51.8997335300292,61.4901409707245,74.7002442048018,86.8871838735991,8,32,54,62,85,106,2.15780888786286,2.89484843031353,1.14644655053917,4.2637748357171,1.85629865538627,0.550624963949918,0.56019716874569,1.31136275208044
10.7843500370824,35.7083521402586,51.8003026470429,61.2838423995441,74.1010745728597,86.4212688768791,8,32,54,62,85,107,2.23801676160528,2.82962863911972,1.12892748274278,4.24151001719408,1.82284741947989,0.496995127213375,0.502270504396998,1.17814887558402
10.8840363216443,34.7512892611794,50.9557956820457,60.3044671777085,72.5053547672257,84.5559514795543,8,32,54,62,85,107,2.27050117567712,2.56508080484505,1.15067102362699,4.05394322549646,1.78081379522426,0.418109718360673,0.466040623328029,1.04189436324705
10.872878881355,33.2252978312767,49.7193933785534,58.9619819121028,70.5209526486459,82.3715138460924,8,32,54,62,85,107,2.26686096584416,2.19989239884928,1.20732722665959,3.78442582478847,1.74789739402472,0.343038386290186,0.439987204222861,0.922319497854211
10.7898539567734,31.6056757348443,48.4948491202052,57.6926237757932,68.6454698713197,80.5435116367833,8,32,54,62,85,107,2.23980799829209,1.84815778366699,1.28623984864428,3.52369273457292,1.73403139299943,0.279054587393503,0.446106701837616,0.849807094287338
10.6628525091754,30.1778154081636,47.505273569076,56.7135262841193,67.0909019347308,79.2720526441332,8,32,55,63,86,108,2.19854516427903,1.56683245958851,1.24977825166886,3.18399320568152,1.7372713351178,0.224708808916988,0.483426422228185,0.816915551177425
10.5108514792145,30.2092005175218,47.4940652552803,56.7277873604319,66.5829532577762,79.2713076870462,8,33,56,64,87,109,2.14935372604889,1.47363133376075,1.24141581836382,3.05194198614587,1.74515214139445,0.180906015461688,0.553771249095569,0.818125207512806
10.348458030116,29.4055339901956,47.0284267451179,56.3844196689266,65.803959187458,79.2503431796605,8,33,56,64,87,109,2.09703801405047,1.34593734497762,1.30835257189979,2.96047372814245,1.78309033031695,0.148421108027328,0.666900275772611,0.8703343316664
10.3481026462256,28.7953611129272,48.9964361490276,58.433622657682,67.3173738950528,80.9027588979917,8,34,57,65,90,112,2.09692380113603,1.11688545332095,1.85860804627178,3.22153293891547,1.80837762470558,0.0695096152292183,0.688644372977537,0.711408087639175
10.4896246268826,27.3827411787957,52.9762216645025,63.0670191425199,72.1106132968503,88.6225765260356,8,34,57,65,90,112,2.14250124929763,0.85235019797837,3.19237447471941,4.0515238461166,2.01455455689722,0.0764103529124996,1.21085615471189,1.16198680519555
10.2166030157001,28.8182929148883,53.6433465610153,64.2045142599007,73.4776954833371,95.0980355063395,8,34,58,66,91,115,2.05474652095712,1.14473585632301,2.80453609674559,4.05003627390081,2.1656136776079,0.0870677033962972,2.02983234527532,1.85009437116778
10.1146156052866,28.9248533475248,54.762409369703,65.8790955619251,75.4137824231469,96.7184970473742,8,34,59,67,92,116,2.02215181010983,1.18277292110493,2.88022891576413,4.14603582933324,2.34665198429952,0.10029868423507,1.95789028059942,1.93194911539336
10.0648457957358,29.1135112988178,54.1447312665478,65.5624694820605,75.7785800981998,95.7127680559517,8,34,59,67,92,116,2.00628324794323,1.2268521187681,2.67908600654403,4.0134484430193,2.44587156723631,0.140380553503834,1.65574167573542,1.86847178450272
10.0009749866797,29.4228493635598,53.477243977753,65.2276276776994,76.461632411376,94.3637538038245,8,34,60,68,93,117,1.98595535393105,1.29709146058021,2.28001101607948,3.73292073042016,2.55635591390388,0.215669895506746,1.24159039575408,1.75910612030545
9.92720762904148,29.5761730140365,52.380650339588,64.4925360123155,76.9231586470626,92.6976281010544,8,34,60,68,93,117,1.96252950085539,1.34055727706244,1.99636738527477,3.50822415686599,2.67738935868459,0.327743964336169,0.858307275903499,1.6698251107303
9.84893479497658,29.3734986210991,51.4259258045354,63.9025634380836,77.4921082292856,91.3203420388201,8,34,60,68,93,117,1.93773431146836,1.31667923883555,1.83184968768519,3.31662280648043,2.80047742623518,0.459673882280876,0.560990019974395,1.60485214075918
9.78797974931679,29.2048395842332,50.6327036542874,63.4272609116066,78.1277094277177,90.6669384525858,8,34,60,68,93,117,1.91846938981891,1.29613780819057,1.69895880809874,3.16037481691519,2.90851450272393,0.606414376259895,0.396306725743561,1.62622973520219
9.81047991649028,29.1893108214213,49.8874736701565,62.9810412607105,78.7757888371786,90.0768469920513,8,34,60,68,93,117,1.9255760441142,1.28891426676852,1.54822140894281,3.01608205161452,3.01073666971293,0.768949907194757,0.264899822644812,1.65008981213845
9.82756219916043,28.9044338132431,49.206681002731,62.7229608014034,79.3771560930883,89.5487887606343,8,33,59,67,92,116,1.93097502758404,1.34981496160974,1.46856618629064,3.0085933468392,3.15621177390119,0.908204071257341,0.169348876397653,1.673723365405
9.83899822682041,29.3446478478176,48.9323154490829,62.7601790706618,80.1571664956649,89.5745857995882,8,33,59,67,92,116,1.93459118300595,1.43481381519816,1.32877130364281,2.95582997763908,3.2641318522533,1.03622467663854,0.118764105207054,1.72058039859466
9.84463630325242,29.7376137529848,48.6618695344913,62.7891107205481,80.7718198961299,89.6009576869893,8,33,59,67,92,116,1.93637448860097,1.51321807589378,1.20377374668897,2.90415663959109,3.36835075539793,1.14190682846313,0.0865761613188235,1.76744613716059
9.84440086768102,30.0390228182725,48.2850284079292,62.6164501061849,81.1384343173482,89.4943980628775,8,33,59,67,92,115,1.9363000144187,1.57531400255642,1.08100103769988,2.83271729491462,3.43971552656605,1.24272054345626,0.0845240873585903,1.90881976552599
9.83842907739066,30.2430988977135,48.0229899808989,62.6368378501537,81.5163834439185,89.4826146412566,8,33,59,67,92,115,1.93441118136576,1.61907746673012,0.999709144046649,2.78343181923962,3.53879793528419,1.31134908771643,0.06643950828156,1.95029539383512
9.82716669671853,30.3562952165879,47.8003888478857,62.7156305867806,81.8181315137852,89.4857817466968,8,33,59,67,92,115,1.93084999138172,1.6452078813237,0.942760006923906,2.74181791248673,3.64499230709456,1.35484145952971,0.0544255953790705,1.98802153181318
9.81172406694115,30.3878534689265,47.6108763421907,62.8137859952975,82.0797011250039,89.5165618645083,8,33,59,67,92,115,1.92596916351648,1.65511406427732,0.90602549027946,2.70657506093623,3.74677557699012,1.38705360501904,0.0461908955555968,2.02511258328111
9.79444425853239,30.346832119674,47.4520707528592,62.9206161885705,82.3152619926569,89.5867117990092,8,33,59,67,92,115,1.92051065110457,1.65010754743029,0.886703571976863,2.67717479249991,3.84111961343822,1.41262556876267,0.0408322969414631,2.06395275101331
9.78002624774701,30.240700117912,47.3237319587189,63.0284587860037,82.5351965231564,89.7104277476886,8,33,59,67,92,115,1.91595856428299,1.63081741570005,0.883080296958007,2.65350348489947,3.92528089058475,1.43503194275825,0.0379176545429534,2.10705096261211
9.77761024514464,30.0732413794431,47.2369027592863,63.1385248163756,82.7579812116786,89.9124138458483,8,33,59,67,92,116,1.91519599369983,1.59630617886542,0.896265668509491,2.63753344797983,3.99563771267948,1.4576934802504,0.0271660931738534,2.05189764902311
9.80441972257283,29.8411269757663,47.2238233575582,63.2684479712396,83.0222897984391,90.2263764253422,8,33,59,67,92,116,1.92366141259472,1.54269441277571,0.932496906816517,2.63513098400342,4.04684560508345,1.48487963931736,0.0283123670639864,2.10738103761787
9.89137019086439,29.524946140094,47.2581598440631,63.3684718784891,83.298688028621,90.5999620287214,8,33,58,66,91,114,1.9511690522952,1.46054127028722,1.09639442177704,2.75913571553366,4.07039781849049,1.52083541734381,0.0417656843880785,2.2735335365066
10.0876213517508,29.0776137011747,47.6100734206303,63.6714943823485,83.844672181052,91.201668829747,8,33,57,65,89,112,2.01354189966482,1.33282784375271,1.36540504962729,2.94838730479191,4.05286613733883,1.70718532604295,0.0435480508433645,2.43070274509669
10.4501904097089,28.267676194349,45.363859411617,61.8214327236544,82.454447193531,89.9939968292393,8,32,55,63,86,109,2.12978229041621,1.22530317382412,1.20462503581482,2.76256550780362,4.19521715661238,1.95705689880587,0.0497441259213063,2.74450511129554
10.8269533349354,27.5555818463545,42.9393091748061,59.5873466725748,80.7726608829472,87.5496902269251,8,32,55,63,86,108,2.25188894938313,1.02325080579574,0.890711398547539,2.31264089119897,4.26389310674791,2.08531219285163,0.0378445868942202,2.86577236009987
10.8444890664817,26.6315295742274,42.5921026209613,58.8347079925623,80.1276394222087,87.0936782596408,8,31,54,62,85,107,2.25760350352926,0.961258987879185,0.992275929830588,2.36279635191314,4.11788844352881,2.11060435659993,0.0438929093861859,2.84438541323993
10.7870766169986,26.3138426033779,38.6010403632321,54.9357032436581,76.5506254669906,84.1179889056733,8,31,53,61,84,106,2.23890408625245,0.915482230738154,0.497768196738886,1.7784325565323,4.15097957755984,2.18685035419303,0.0673276321527297,3.04619524909608
10.6501246915888,26.1237320912312,38.975350978266,55.1221922299547,76.7313945316404,85.2240266081046,8,31,53,61,83,105,2.19441795451032,0.906244142144149,0.577342314739863,1.84016287491664,4.08350350026874,2.35306718818612,0.116807298091869,3.33091973458959
10.5221043316321,25.286614074199,37.5955660237478,53.7189450511531,71.7922693008262,80.3931428208338,8,30,51,59,80,99,2.15298809533536,0.884828915754756,0.578244924299683,1.81245824433633,4.07508523124254,1.67674440771264,0.239425239803611,3.16276345448308
10.4377694416691,25.1045090321536,36.1769048550016,52.4445584832025,70.3033328937852,81.5472325752966,8,30,51,59,80,100,2.12577911843799,0.867791945733866,0.407592693003872,1.58124270091338,4.12688874516226,1.62862267988836,0.502188433293102,3.57130501219475
10.3469928992349,24.9149275000959,35.4771382743647,51.6997295663344,69.3248470087906,79.7414431153076,8,30,52,60,81,101,2.09656715958722,0.850711969286607,0.289831539340986,1.38321894754596,4.1106989482959,1.57675202744587,0.390396359058403,3.33274909409045
10.2508273171233,25.2629152074101,35.2435803819121,51.1491906300677,68.5260758256831,78.5412214469429,8,31,53,61,83,103,2.06570744176858,0.827663051856786,0.232503724205034,1.26495352231837,3.99706461778253,1.38614301448074,0.341000599929927,2.99331335587686
10.1502553178883,25.11962419662,34.8184670411804,50.6775964817764,67.7836574994462,78.0180950970704,8,31,53,61,83,104,2.03353037184894,0.820539029137508,0.207146392791034,1.20538532405002,3.98043900709118,1.33033393080845,0.308246210894863,2.84246482587016
10.0988231677801,24.8510274308943,35.2445473525282,50.7532704668679,67.4654388719507,79.363707358854,8,32,55,63,85,106,2.01711387121429,0.695243124252759,0.226147032223497,1.10862173461353,3.8554183234247,1.25065751979885,0.518527258162835,3.02745196905572
10.1747066542821,24.7624858062433,35.0295197271523,50.3319021325636,67.136032548817,78.4831032496193,8,32,55,63,85,106,2.04134416582025,0.670411640134658,0.215013469165994,1.08053641596731,3.78206519067849,1.2690984707166,0.443094265489226,2.89313838937698
10.2455997479621,24.6938592724946,34.9345347182724,50.0258337897855,67.0226986029057,78.524490142364,8,32,55,63,85,106,2.06403248082578,0.649655629126266,0.212732221482674,1.06823607424765,3.7072369362581,1.30806644858156,0.463710047141178,2.92048157133572
10.31164215749,24.5941428311298,34.9440981964687,49.826778302946,69.7197610621009,80.5735770318874,8,32,55,63,86,107,2.08521262998887,0.625375655069721,0.222277559639706,1.06947157466485,3.63349715582316,1.78941724393671,0.380361678037649,3.2024254127103
10.3712960428367,24.4719567054654,35.2536167366778,49.8775575478828,69.4831168451151,80.3146606299815,8,32,56,64,87,108,2.10438021361922,0.599220262286489,0.21802017012256,1.03689409108816,3.54234657131741,1.72566352946623,0.377638404477465,3.08602569278855
10.4245094992669,24.3181276838459,35.3666943777419,49.9016197349758,69.1533305496817,80.1503332465614,8,32,56,64,87,108,2.12150716450502,0.570060068425785,0.241489923552727,1.05123293615574,3.51106744528573,1.64825796766736,0.398097027796418,3.0297734083184
10.4730271429105,24.1647029937189,35.5969094392467,50.0674773959051,69.0349274157122,80.1927671922996,8,32,56,64,87,107,2.13714617670961,0.542263911302987,0.277519364995945,1.08070828656277,3.48847882257198,1.5869620666323,0.489951763708226,3.1249658236654
10.5167888229665,24.019949527083,35.9585712337688,50.3978326242036,69.1979668697775,80.4206384632202,8,32,56,64,87,107,2.15127118122334,0.516899922793268,0.32916557140518,1.1277733097121,3.47749854261394,1.5512611356726,0.499157257547136,3.09748803588605
10.5557565557653,23.8900302793124,36.3670826076189,50.8179826740365,69.5870177650574,80.7337781827043,8,32,55,63,86,106,2.16386390748025,0.494662226251655,0.452648641143059,1.26054860156699,3.48158001527509,1.54465663671036,0.488386446584023,3.07795265288982
10.589929617813,23.7723187308418,36.8536306459323,51.3925481087549,70.2993613622486,81.2194516389925,8,32,55,63,86,106,2.17491880732404,0.475059796572523,0.532763142040848,1.32910817574741,3.51246934206689,1.57399106753362,0.456869186888713,3.07777370927146
10.6011440442881,23.8124614669077,37.4412567121082,51.8954563522984,69.8543070903039,81.1509748376604,8,32,55,63,85,105,2.17854899931576,0.478764176287952,0.610546209289879,1.41403714119322,3.48273724693025,1.5087987195716,0.509759393383509,3.07778610921803
10.5906092045397,24.0501013833161,38.0188645404886,52.2063894603795,69.9797367270035,81.2314332413932,8,32,55,63,85,104,2.17513876148948,0.511105782265286,0.661238218761441,1.49973993075154,3.38939727025051,1.46930518714686,0.585153993910072,3.11115509746646
10.5774361077298,24.3303243217298,36.2006965699049,50.7096831343258,68.692214922723,79.7801334626778,8,32,54,62,83,102,2.17087593433388,0.550621496954637,0.44253562885835,1.3187401199289,3.50196063267196,1.65632345398796,0.559732259480858,3.32906606106566
10.5618610919031,24.1620037915446,36.7582443226422,51.0361479918368,68.9739960784859,79.838893485765,8,31,53,61,82,100,2.16583791574903,0.606356442365363,0.540669553888179,1.48738017236136,3.42098803085147,1.64630385751258,0.612249662152646,3.36598120980754
10.5440764665016,24.2992341627223,37.4329774826874,51.4738929373349,69.3904548803201,80.4304741306276,8,31,53,61,82,100,2.16008791165794,0.629177774441683,0.619110961131409,1.59141766684962,3.33824741104074,1.64153792029814,0.641206815940815,3.34796587916553
10.5241921050415,24.4156053805248,38.0342731702785,51.8572809256,69.8119552627916,81.0308706889441,8,31,53,61,82,100,2.15366252021659,0.649547169202599,0.693895587312811,1.68661322774504,3.26244563103063,1.65007449247229,0.671364674320659,3.34777125645541
10.5020738077898,24.4821147445224,38.0437781338836,51.5468027760715,69.6061982086813,81.0976703553525,8,31,52,60,81,99,2.14651959611766,0.662950477339049,0.7777824687915,1.78618061547015,3.15163346075804,1.67360615575016,0.718406743972483,3.36018067206978
10.481840385825,24.3448867077502,37.8354526367457,51.3345002831492,68.7652318001764,80.8562144821702,8,31,51,59,79,97,2.13998939098394,0.645282756250624,0.86711407405858,1.8528210251126,3.1502600175042,1.6807971058767,0.826358590000389,3.50061229335652
10.4749442860802,23.9465682667481,37.3037458384564,50.8131807165772,68.1346711605314,81.6568861636814,8,31,51,59,79,97,2.1377645984132,0.587723592119063,0.843168187110998,1.76384331881941,3.15384741594035,1.65579865915071,1.10698257946582,3.79940494399211
10.5055787944641,23.6735064232648,38.9265864038456,52.2088975829409,69.6243482387668,82.2701926994076,8,30,49,57,77,93,2.14765119785657,0.624260035848056,1.3400861702968,2.26589637844814,3.07555585149526,1.67729291020519,1.18811974969033,3.88459758890151
10.4657748525755,23.9046892603779,36.2610172132588,49.151220262317,65.9257342117117,76.1272205116353,8,29,47,55,75,90,2.13480708511391,0.757126433685239,0.876024284462774,2.00707664305195,2.94114958723841,1.53250760868157,0.804064300893759,3.25198319946609
10.3341436587411,24.1058022402036,36.4617701304624,49.1722719410755,64.7007720944742,73.4217980866644,8,28,45,53,72,87,2.09243863685876,0.918442365256711,0.99419506468659,2.27773124881194,2.87988407800782,1.40016994679255,0.532936429337007,2.76887779404425
10.0701085458124,21.7079898969648,33.6474561072789,46.46615030918,61.5764623917608,68.7455130531237,8,27,43,51,70,85,2.00796004148544,0.647019271019796,1.03535248637101,1.98475572618011,2.91674453675299,1.3092998721077,0.300980744351733,2.38644967533857
9.68632699379201,21.6811228062248,33.75559694694,46.4268321501767,62.097661818998,68.6479590420877,8,28,43,51,71,85,1.88642951344504,0.614667046068438,1.20337797956491,2.0048156652369,2.86652551522634,1.29380693694426,0.285152043438665,2.34545316162073
9.63939196998188,22.20803736267,34.3482088388519,46.8939048886748,62.5168976776784,69.0624668893003,8,28,43,51,70,84,1.87167350702972,0.707236592170834,1.21836557900825,2.11609413435341,2.82388682009256,1.42099040032174,0.284531365750192,2.43938104040912
9.59728547925741,22.0888976837762,34.3366423872774,46.7760360327768,62.572255535936,69.1599069101977,8,28,43,51,71,85,1.85845589599193,0.694490313600067,1.24303774557879,2.11390061653416,2.78786615343727,1.32021400853982,0.290078291661352,2.33173923776535
9.91930065688554,22.7104291070972,39.4270460289971,50.9996330225013,67.1711595351788,74.28595009743,8,30,49,57,79,98,1.96002185221343,0.56855728344739,1.66927806294594,2.35948701402214,2.49719405958294,1.1442837361699,0.113426291883096,1.56146270478068
10.4979251682446,24.4485610071908,39.9832759353742,52.2786927869624,68.6256713344915,77.4351651847733,8,31,51,59,82,101,2.14518033671394,0.658490111250858,1.26535604177591,2.22970530432214,2.73920507232247,1.06273465126474,0.261213014245323,1.89147398486004
11.0586124144777,25.8211031553748,42.2024994316767,55.0243423953859,71.5422167747551,80.8760550882607,8,31,52,60,83,102,2.32759963058487,0.786404908374245,1.31056273647919,2.52453032691743,2.91781846144897,1.09449702398204,0.320269272101161,2.10579398797099
11.4801361893214,27.2753368097336,46.0380611156487,59.3464551294743,76.4693726117986,86.8574520956467,8,32,55,63,86,106,2.46652941746418,0.861763969999618,1.54331762425882,2.89290740836784,3.08453079929797,1.20981263398854,0.386780543432644,2.38363863253731
11.6689196425198,28.2527033918132,47.3233264132037,60.9814186684845,79.4507285432701,90.5932710965882,8,32,56,64,87,107,2.52921814715451,0.997458539339109,1.47450289894131,3.01828603693831,3.20525915155438,1.48151376798901,0.487791140369731,2.85646347422042
11.5798178160788,28.8619381029453,47.8070877722416,61.5305410208702,81.2988545500145,92.7398135394041,8,32,57,65,88,110,2.49959528478208,1.1241928943174,1.32409144865819,2.98666930862933,3.22790493091436,1.76166883498854,0.388889961882806,2.92947156749639
11.2239111170745,28.9590594973887,50.33996990609,63.9794322937945,85.0949544583516,96.1263428515523,8,32,58,66,90,112,2.3819044406317,1.20953655421611,1.68911019695198,3.36040336923683,3.19880901053459,1.91517709514293,0.3408951685748,2.97032263880129
10.6665063317208,28.4730696018289,50.8038096899003,64.2864270124856,84.8530556712987,106.981217392963,8,32,58,66,90,113,2.19973025117324,1.22320718776234,1.89217246793078,3.45453315152828,3.14458686373971,1.79304461234428,2.31011251169077,5.08786531176588
9.94426569591164,27.5324231958074,49.6994286986362,63.1078274556709,82.1290775450681,107.240195553711,8,32,57,65,89,113,1.96794156095993,1.18158331228896,2.00224026580576,3.36331482275963,3.11898057507548,1.46436775235402,2.87725616460708,5.24334117101504
9.46254602537761,28.0225003432009,46.7763111200112,59.5127799405186,76.0983342185241,99.9338543640618,8,32,56,64,88,111,1.81629095989149,1.37090451469651,1.40990870636125,2.91137113953045,2.88872377029218,0.997772222785216,2.73450329462546,4.3921619961098
9.29273511034083,28.3689632604191,46.0844478071127,58.8132205074065,74.6310592695772,99.5325636493078,8,32,56,64,87,110,1.76344114425935,1.4756550922364,1.20578265469652,2.77817176639393,2.88610338649781,0.966735083373559,3.00978043554351,4.61527409633155
9.06693774029884,28.0677193235671,46.958097972008,59.6639709749185,74.7765578308621,98.5493231882344,8,32,56,64,88,110,1.69368448380763,1.4601734084608,1.43762490565799,2.94674633187207,2.87830881239575,0.751045451297589,2.90474492045167,4.19481634203103
8.90662859760677,28.1342659540989,46.8965230546542,59.6721945824301,73.9938008638145,98.1391615895823,8,32,55,63,87,109,1.64453051409501,1.50690061221842,1.54321850951688,3.06200765941649,2.90207767587769,0.631066345773667,3.00301735505017,4.11734077620302
8.90244713061374,27.9510509238495,45.9808403132915,59.1791614433835,72.8233112173474,96.6392601738374,8,32,54,62,86,107,1.64325261734182,1.46997974489494,1.52399775196128,3.00893412351761,3.04668405101441,0.535815974861249,3.11262537913549,4.13919114946389
8.83772232166763,27.4804587435328,45.2439988419297,58.8381244645525,71.4794934803229,94.7584581971246,8,32,55,63,87,108,1.62349987428219,1.38751145460218,1.33658407402373,2.73962461308258,3.18312081466919,0.408346718796561,2.967950239109,3.88634777917328
8.78148909457808,27.7994601354455,44.7576190297539,58.7553241677908,70.5655040639396,94.2661519167396,8,32,55,63,87,108,1.60638130431842,1.46369552842116,1.17797642295408,2.64726179051134,3.32319482595253,0.315631259516138,3.08140534462631,3.88505158482688
8.67581731730023,28.3755223132123,44.5583387662339,58.9108512592175,70.0200314375009,94.1043538498173,8,32,55,63,87,108,1.5743215803362,1.60580097832734,1.03256841270776,2.60975976758204,3.44710005003339,0.247002992750635,3.18561538277511,3.89325182985543
8.50995043202768,34.0708842844085,43.8622437542157,57.9532210991143,78.5314697317817,86.0488665583617,8,30,50,58,79,98,1.52429221837415,3.38430956727686,0.314894979269813,3.10926088985475,3.35569984740184,2.27064325446847,0.142436322703504,3.03486063538886
8.41065555474214,33.5185330905368,43.3617564984065,57.2671298525795,73.1740826391895,80.7532708590924,8,30,51,59,80,99,1.49451791544982,3.26095298936626,0.266648307865967,2.8747784767424,3.29106576087642,1.21368548333552,0.147227609870983,2.09899896102167
8.29773310237882,32.8589069686738,45.2101148367388,59.1967804417706,78.6844879780252,85.8300369808924,8,30,52,60,82,101,1.46082086459614,3.11374066988097,0.506519410380199,3.11640486557564,3.31935081825529,1.84759662154339,0.115507691564791,2.58820506110463
8.17082968899467,32.335467240102,45.8351879377888,59.6043094814924,76.3417565175086,86.4109545549133,8,30,52,60,82,102,1.42316420000711,3.0081261167311,0.675208022736388,3.24491899139303,3.24374253525127,1.25571670493016,0.347460829839748,2.45689463840626
8.0300432384249,31.9421311992282,46.4425818751755,59.9373196620104,74.4941182365144,87.7786019131113,8,30,52,60,82,102,1.38165773012763,2.94138544451069,0.839126291585959,3.3715168957061,3.14877172807831,0.848795643952457,0.830231392476619,2.60283544422355
7.8760659688669,32.5835562274654,47.4185486714748,60.3352310840214,73.0941377239189,87.2790226797162,8,31,53,61,83,103,1.33659658366655,2.95912496303547,0.897194079713934,3.43710235860916,2.95019514147916,0.563902556409294,0.995975247408095,2.32246601044496
7.71050231271697,32.5592046900306,48.6087727091943,61.3325164500081,72.6744371769699,87.4058575290864,8,31,54,62,84,103,1.28854667596604,2.99597045100505,1.00833447981554,3.54768199557393,2.88439133427518,0.376997002983706,1.22881679314302,2.24191192541333
7.53626938197557,32.5112621573765,49.0445277397694,61.5297238051959,71.733392123435,87.274784406068,8,31,54,62,84,104,1.23844619433396,3.02903026119608,1.09737538745565,3.63995111355445,2.80337677490043,0.25369575057762,1.2667464921754,2.02698232136654
7.27300325742776,32.6056369608711,50.1759949095738,62.2741121970024,71.6053555107534,88.2035131326355,8,31,54,62,84,104,1.16368898754932,3.12319603661756,1.29786436697314,3.88324026143432,2.67276181349633,0.176482064899288,1.49344091649434,1.99133119968967
7.02003370254102,32.9497458142999,51.4057928796866,63.0213072896618,71.7406815220081,88.3542455202247,8,32,55,63,85,106,1.09298100624912,3.08826203206491,1.4787412381411,4.0039046640913,2.51145552029805,0.13153303548195,1.35893755496345,1.70538326802362
6.79948600487658,33.1126269453478,52.2579577831168,63.3591839448343,75.9136112573498,88.8556370248339,8,32,55,63,85,106,1.03228502799211,3.18853145802475,1.62522525255557,4.19131185582604,2.34157718218115,0.534769614125481,0.675913732221378,1.64846286355602
6.61197082391548,33.0484267427219,52.6309334772412,63.3122033554528,73.5937536678261,87.1625890719449,8,32,54,62,84,105,0.9814107843113,3.22096792557151,1.8693464233309,4.42865585960437,2.20451992358424,0.261329756172686,0.778996498272444,1.32986913017721
6.46257038067343,32.8433261576142,52.7757048951702,62.9547879855034,74.5294691236385,87.6407237601455,8,32,54,62,85,106,0.94137901111751,3.20630543973592,1.95032691808553,4.4615381173524,2.04274334700874,0.344787017445705,0.703134098594475,1.29365952831078
6.36264934380596,32.4256287892587,51.3796178807509,61.0615505325348,72.0936338758465,84.8020977632994,8,32,54,62,85,106,0.914862010094821,3.1230108840202,1.72671721370736,4.14772910391234,1.8850469572667,0.287029865593733,0.639106765202013,1.09318374592109
6.32720432243203,32.0271090614903,50.997892066382,60.5829061385428,71.3534775791913,83.802522637571,8,32,54,62,85,105,0.905506191892658,3.02859844639024,1.73047940916431,4.0632270918383,1.85460743169428,0.261158499614904,0.68748887121599,1.0866592363737
6.36846916833191,31.6844003541364,50.6396700138228,59.9348387478997,70.5310269954228,83.3370589175131,8,32,54,62,85,105,0.91640071965349,2.92964982783783,1.72700399222513,3.98444909945847,1.76419622674956,0.244627934890269,0.747123223067093,1.07228689817274
6.48857185140442,23.8734325642384,41.8979339330441,50.5379263158368,61.3573580288198,73.5033240298955,8,31,54,62,84,104,0.948313342884898,1.26108123724654,1.38954541356715,2.23778019349342,1.56348536106792,0.317302148955169,0.638512907934522,1.00285042933549
6.44735792113556,23.8522109025428,39.8235888503118,48.58925001984,58.6035118565948,70.6301235537158,8,31,52,60,82,101,0.937328481985597,1.265026741732,1.22668153359344,2.08997734045152,1.60157017661953,0.235632956548666,0.711932638994461,0.972244836415364
6.41566903285538,24.7195573082531,40.4032175122805,48.9829879749084,58.983232994431,70.8492221369187,8,31,52,60,81,100,0.928906326461563,1.44706542519885,1.1690373588813,2.19294719326847,1.5453074043957,0.282970420233351,0.68479610202255,0.999030964503555
6.46155311289437,24.6619806060775,39.739515290027,48.3886428309227,58.9346607962831,70.2101027248268,8,31,50,58,80,98,0.941107999814419,1.42566741861643,1.30226691466039,2.30001580319562,1.56624695054831,0.288145159268367,0.681013137848946,1.00229641756824
6.56155448210051,24.3796919170256,40.3034008116527,49.0443314017737,59.7472545163328,69.9345229830712,8,31,51,59,81,99,0.967851101780057,1.3476024629318,1.34725541477438,2.28817992790017,1.59405934928512,0.304700616391348,0.505660424954113,0.893587641694387
6.67025802900861,24.1009282297655,40.0890032186113,48.9041819148203,59.6677562280074,68.7910069888702,8,31,51,59,81,99,0.997150652107095,1.2701285761475,1.36098078322905,2.24895361378839,1.61663232837225,0.311227962510014,0.357013157491973,0.780150637833017
6.78733167975845,23.847766585592,40.2330543112578,49.2629654440029,60.055803871419,68.177442846662,8,31,52,60,82,100,1.02896675061829,1.19770145260122,1.31136839931306,2.16251851812988,1.68230357737209,0.314402783264708,0.239899306438186,0.693172964515658
6.91375057818329,23.6239263598393,39.9014381902376,48.8691139985064,59.8133724134573,67.0647445433813,8,31,52,60,83,101,1.06361788730647,1.13066881789939,1.289120890699,2.103694759827,1.66321173843978,0.27819733336206,0.157528531539869,0.554776571257094
7.04822568967415,23.4172919670127,39.6004514518619,48.4712382074739,59.5854361781124,66.1379825848005,8,31,52,60,83,101,1.10080443004598,1.06681935151945,1.26975705695034,2.05085472796604,1.63358395524168,0.295419176075726,0.104968683938911,0.494855882060032
7.19053944401588,23.2330503785807,39.1332977402494,47.9107804121108,59.2560370215818,65.3703602154616,8,31,52,60,83,101,1.1405151600316,1.00705734822493,1.21233575756645,1.96989590633909,1.60516319284755,0.319700688282892,0.0782039237507191,0.46736612180776
7.33986390954644,23.0707864204488,38.3922798743862,47.0467661637914,58.6270439479244,64.6008673401358,8,31,51,59,82,100,1.18256421438183,0.951313002208023,1.2212447100787,1.9478809512962,1.56786742439852,0.345411035204845,0.0706175540937159,0.464804389682994
7.49499766711478,22.9268821722884,37.7783811120382,46.2664670579974,58.1621156747112,64.2212015259632,8,31,51,59,82,99,1.2266503614499,0.899020121264917,1.1260332579964,1.84318582361016,1.51772457698632,0.381492210374186,0.10076558854108,0.535976386695796
7.65513199010495,22.8037171602891,37.1185258993029,45.4014208663167,57.6506330195213,63.6728006932572,8,31,51,59,82,98,1.27257246585091,0.850597411290648,1.02084966184039,1.73326664917996,1.45640616870974,0.424057630075874,0.130227400679372,0.601110940323474
7.82099731328467,22.7064576144361,34.7978445463788,42.5719284092161,55.2027998862258,61.4774358424778,8,31,50,58,81,97,1.32056765371121,0.806621059351206,0.722999533139777,1.45847333020683,1.30694918565082,0.472457023875373,0.151574815344023,0.614314285055532
7.99827914111128,22.6405953589535,33.8724305099801,41.3929869597334,54.4571248453067,60.7847412912793,8,31,50,58,81,97,1.37233310913599,0.766857954911753,0.582044888109652,1.3187106502961,1.23395200930568,0.530401878516369,0.156282102067702,0.639218378810345
8.20546676802013,22.6104197011808,29.5566662446704,36.4557908778608,49.6427974651043,56.4600750246303,8,31,48,56,78,94,1.4334196183242,0.728867027353525,0.1708913400543,0.884227670960906,1.05959352861961,0.627142038276203,0.203482508380496,0.69834927280658
8.48599014157577,22.6105730381902,29.7492280017462,36.49411149461,50.1381398384961,57.1223057915129,8,31,48,56,78,95,1.51709537739611,0.685067603152779,0.18883787816248,0.908529998143288,1.01740018800149,0.697908405612922,0.174351709960926,0.689989421315858
8.89995408062561,22.5805946102797,30.0789590000319,36.713602598088,50.5898070361129,57.8816064377062,8,31,48,56,78,95,1.64249082041382,0.618160250900368,0.224959801343185,0.950859767646094,0.987525316827185,0.735105834429487,0.203809712032218,0.739052176151178
9.40574674797048,22.0399598700315,29.3392904032101,36.1046528507261,49.5320837389072,56.5154708283758,8,30,46,54,74,90,1.79857702433428,0.546053204011548,0.25632897729693,1.00257386695562,1.02297608822933,0.855746703849431,0.220988837737108,0.865502301974378
9.54149541109376,21.7578215859188,28.6206000583845,35.4374886339753,48.7833157059083,55.6875254232553,8,27,43,51,69,85,1.84097277272003,0.744543389965853,0.208203441825724,1.14429174717632,1.03704106269417,1.07076857481243,0.212551063291236,1.00306994106092
9.64171570552837,20.2875732865764,27.9483639062521,34.8825859510631,48.3378660353342,55.2686154749451,8,26,42,50,68,84,1.87240351042808,0.576832895613053,0.29996859366501,1.13054505119241,1.06925735487633,1.09318895846455,0.215360474350917,1.03901275455811
9.10285836434806,19.7524861577793,26.7437343046063,33.584008481308,47.1692475808882,52.9936590202889,8,26,41,49,66,81,1.70474121527209,0.577434856021303,0.278307188739294,1.0385958537548,1.04344132232927,1.25481188614569,0.151569284578013,1.05040357350492
8.88162496334021,19.1007004004499,25.9327561831178,33.3277767503958,45.9685388953788,51.7721882594411,8,25,40,48,65,79,1.63689239613766,0.597852135029748,0.258737304700139,1.00434198389453,1.19819255860421,1.05264817002703,0.195310764433902,1.07510960628518
8.57517354884601,18.5527733181313,25.089819277211,32.8852783563051,44.284325176654,50.5090149322437,8,25,39,47,63,77,1.5439217875829,0.558262225851476,0.283414082628984,0.965449178763675,1.31314996805427,0.923579964913826,0.24392554260145,1.09927362052276
8.25625952654737,17.7761899970383,24.208521141544,32.3435041877594,43.5684304261941,50.1480407983375,8,24,39,46,62,76,1.44848922718402,0.57413735268471,0.21271624472243,0.8433271592794,1.6428054711211,0.888565498022874,0.289014475965862,1.27515356578708
7.97493438600151,17.081092803407,23.16048246271,31.703529682582,42.6634925154829,49.6188058489534,8,24,38,45,61,75,1.3654895776077,0.506386416291444,0.226540361350878,0.778405780668775,1.77341595791685,0.836254708195611,0.340663386849615,1.36167411146026
7.14375560299552,16.0334419937218,22.0074667855809,30.6445575177501,41.1040840074327,48.2740100993909,7,23,37,44,59,73,1.33444065533042,0.47240386010727,0.214332170833051,0.701282693639914,1.80378970370709,0.855626316642899,0.371906582974983,1.43227890833844
7.09054236856613,15.9709907279666,21.865536159608,30.3754264520549,40.4650257505937,47.6881424817605,7,22,36,43,58,72,1.31828183683918,0.559965858716172,0.205347503970043,0.754266945747369,1.7627308535312,0.782080231425174,0.379840288898533,1.35572037269894
7.15081661591954,16.075180225509,22.0241183144779,28.1767178070802,37.9564266965412,44.9770284562412,7,22,36,42,57,71,1.33658806728373,0.567508624128847,0.211475349108236,0.775346961048443,1.25573509047955,0.722406653492911,0.350036671895509,0.988419487004112
7.87910415987905,18.9595701903249,25.5108837709847,30.3268256020214,40.0005256211536,46.7840905224007,7,23,37,43,58,72,1.56193921361261,0.859897941128454,0.285285551253316,1.20545268956213,0.850673595928777,0.702412795971888,0.316563707098285,0.749379315627398
8.65525086694721,19.1783892195597,26.1423262782219,33.3050383037507,43.102871059397,50.2183848215769,7,23,37,44,59,73,1.80966635553493,0.752668600703829,0.341894828493541,1.30869742247744,1.34020744157586,0.725846602449483,0.363868299330908,1.07157924723591
10.3579863137944,19.0465778033176,26.5769604735657,33.7489991306365,43.4884636066868,50.7303758051939,8,23,37,44,59,73,2.10010065651315,0.527505662452762,0.427112731237673,1.38178468697299,1.34304672425585,0.71479075522098,0.382661589194224,1.08356554050176
10.2390361050245,18.7964108013691,27.3790933166439,34.3108041264531,44.0628542443205,51.677055760666,8,24,39,46,61,75,2.06192980802977,0.422267489813417,0.509935574097137,1.31616909107718,1.27031257459448,0.717169123561263,0.440426398735018,1.1061157754674
10.5741381043706,18.5519476572752,27.5296097380703,31.9358395065303,41.8193431747495,50.6909143766191,8,23,37,43,58,72,2.16980894838631,0.414530950247419,0.680221274875413,1.54753972382245,0.734231621981138,0.742192053368139,0.66008965905117,1.02011020675748
6.42088321930247,14.2614069746493,21.2940966591877,28.4412636680694,38.1767601758017,46.5811641998075,7,24,38,45,61,75,1.11885014164378,0.262371989362,0.351784781322381,0.552572491169466,1.33547804540097,0.610839519270034,0.574286823027536,1.16971238164782
6.30789003179177,13.861965283859,20.7576623019876,27.9053380702361,37.3437433978868,45.2273941368616,7,24,38,45,61,75,1.0859643602373,0.230850345659228,0.332205966248831,0.494718702093208,1.33563277155433,0.560504445843276,0.484403546549603,1.04311269713653
6.20706422208625,13.470234747175,20.4901868628305,27.6027599310118,36.7222454595589,44.3577373047393,7,24,39,46,62,76,1.05681993789914,0.200964810410805,0.281909655567453,0.416022102928399,1.32496644912523,0.50851191248713,0.443836142301874,0.953891083387
6.1115197719468,12.9983879339688,20.2136598508358,27.3810614752464,36.4617343999729,45.0427739999847,7,24,39,46,62,77,1.02938085410273,0.165548423861551,0.307014016029942,0.390307207463854,1.34163491946779,0.502332513014903,0.509664996615038,1.01070435784923
6.01357601656803,12.6996396533496,20.5300983023107,27.7694011818545,37.1061768823072,46.2804516592907,7,25,41,48,65,80,1.00143777560421,0.114068622431016,0.321603349116525,0.329769847487556,1.36356261977096,0.458934546479755,0.611215516777928,1.06180688634517
6.16586840423921,12.3279308731447,20.850248355123,28.1120933828596,37.6437052188442,47.2418330097841,8,26,42,49,66,81,0.863263617158471,0.0808906423471469,0.417125090547646,0.315151268028971,1.370453218906,0.488229866080178,0.688292920982276,1.15916426132318
6.16851286869126,12.0982636184823,21.2449115274126,28.4845470897789,38.1376609689421,48.4375312520644,8,27,43,50,67,83,0.863951419338784,0.0498578905503946,0.512855806212104,0.306892433340759,1.36366425802581,0.506903538330279,0.711272391030072,1.19261273132167
6.26679307657654,14.8218695079069,24.4545731753271,31.7795850729228,43.7699894914527,53.7979453491934,8,29,46,54,73,89,0.889622440010679,0.152175979047702,0.50374519538305,0.447268630346295,1.17836478588738,0.705777365433356,0.662115721830358,1.25324919128687
6.18644088265294,16.0990665358076,27.3595882461355,34.6496183799444,46.9405968302729,57.1159500827324,8,30,48,56,75,91,0.868618426025547,0.226235664380031,0.678460893722415,0.62951645373365,1.16848852222607,0.75753930547932,0.688588109609032,1.31741001451879
6.30923430515004,14.4788212628956,35.9359394826705,43.5432743539868,61.329186823961,74.1620676604459,8,31,52,60,82,101,0.900773191097372,0.075529866533907,2.49166005000046,1.45204442671255,1.25882227419087,1.47196872914404,0.854571512844233,2.13733167140053
7.2249963006268,17.1258981240278,39.3719462260275,46.8109624274126,69.0601208288252,86.7961585130608,8,33,55,63,86,107,1.15018376581479,0.120821968847036,2.51192940605803,1.70886186617188,1.21069514660081,2.33947371209271,1.60130529002647,3.57959909779873
7.75022535345663,21.0601904526599,41.1571313180942,48.369553252657,72.2969097266632,91.1737024713799,8,33,55,63,86,107,1.30003638734015,0.425812844314109,1.98879554639353,2.0018751202021,1.14665298917985,2.75792052236928,1.86099533888856,4.14876844677433
7.58421321303787,20.2194330122018,42.1132332073542,49.0974094321482,72.3495938777324,86.7885425256318,8,32,54,62,85,105,1.25218381556215,0.407616821602582,2.4236794502654,2.2762740724648,1.08305130970584,2.58712620124223,1.04483404865982,3.14132364696673
7.3297487912808,20.0355923279991,38.2606580731192,44.4972286092278,62.5620135502162,75.9009894387581,8,32,52,60,82,101,1.17970374175976,0.416038463157947,1.86616144843927,1.82217157056295,0.881705725450658,1.53151520916712,0.949306996760916,2.03204167876671
6.58309037413132,17.8398945707818,34.1910161440607,39.045086275684,55.3591763061052,69.7171973117329,8,29,47,54,75,93,0.973637014641445,0.431271473635855,1.74161884169746,1.64848549590338,0.686713025333381,1.29665616889287,1.2843158218942,1.98652223219767
6.55200812735328,18.5997764481431,36.1414765154522,40.7700753181467,56.5062743369642,72.4303080629673,8,29,48,55,76,95,0.965289339971005,0.539925604775341,1.86495389207076,1.87678753495946,0.629460951403213,1.17948709050586,1.48800981550731,2.01208285021216
6.51114220506474,19.2810126336044,38.9257747412052,43.404916736523,57.7962428859467,75.5296086718676,8,29,48,55,76,95,0.954343907156272,0.64869736660698,2.39237724478431,2.38459890112796,0.592328747275345,0.923293460699022,1.91137010418803,2.06911464568486
6.39089808265058,19.7627868026282,42.5719459375463,46.9492140148672,59.9896003868585,78.7382464336537,8,29,48,55,76,95,0.922337417083598,0.745945400218003,3.25092058036677,3.11531569980446,0.567410520845538,0.691679137624126,2.16291565719413,1.99006520110229
6.14275898012736,20.3799184221646,47.3872241547207,51.7977763773809,64.3717653808493,83.4158451947361,8,29,49,56,77,96,0.857259674237519,0.895496903621761,4.23988066296956,4.02013651604204,0.575516035846315,0.618321997119312,2.23782436399613,1.96543795433868
5.60577785638866,20.6915923920446,48.2186171489318,53.1661614867125,65.5977727474027,85.0247549435911,8,30,50,57,78,96,0.721251228493085,0.941755390411006,4.3946444906579,4.05280962756607,0.710863701252953,0.596644994819683,2.52562102548537,2.22282377660847
5.68465116292304,21.3629405039631,50.1802892111103,55.2890051281253,65.9783086717666,87.8080344169351,8,30,52,60,81,101,0.740790911044798,1.05038283634553,4.30391028552836,4.18562809631229,0.601894028475926,0.360472807634974,2.77698202555353,2.02980215718864
5.69409704700427,21.5207379163079,49.9168964214779,55.1515695316418,65.6390087053835,87.6302261137373,8,31,53,61,83,103,0.743141470498103,0.968302432850876,4.18194178240265,3.97469922459596,0.631497760672144,0.282087310831087,2.82013125295265,1.9365751538108
5.68654674292044,21.5796630922965,49.6542884783859,54.983885434336,65.2967246285577,87.407540532986,8,31,52,60,82,102,0.741262437707872,0.980172145613817,4.31892011331822,4.0675795309646,0.654102462213824,0.264430481301998,2.8522031072697,1.94349925175596
5.6693480969722,21.572705449786,51.0092169279752,56.1376550254469,66.8149662124502,89.0050455050829,8,31,53,61,83,103,0.736987555824202,0.982005883770883,4.48470692760541,4.21776151231178,0.606499361324202,0.301965595183136,2.873512522952,1.9857811210879
5.6395469739373,21.7357909139844,51.3540517356741,56.3818215656709,67.25460399721,89.2442281432421,8,32,54,62,84,104,0.729597795798615,0.912606676962247,4.53810823062397,4.14205181878656,0.583110991188854,0.323159746988304,2.81970466363365,1.96732146420491
5.5985683124717,21.993813833681,51.3781872504919,56.359038804978,67.422599421494,89.2535777555071,8,32,54,62,84,104,0.719473033006147,0.964282864349608,4.46941513750739,4.14741134739985,0.572312439204697,0.34455108022742,2.77731600832028,1.96474348076831
5.56113856997346,22.2760920339819,51.4867254480184,56.4274944709534,67.7596081606351,89.3904368983982,8,32,54,62,85,105,0.71026257223184,1.02080448216105,4.41854691531181,4.17154123421906,0.563139418350295,0.318292934957218,2.72408921054565,1.86437145742667
5.5334250838684,23.6388623564774,51.6084414806033,56.5080309915758,68.1382546626216,89.9367494982559,8,33,55,63,86,107,0.70346627144977,1.16455958244873,4.05928098763383,4.04821466292074,0.553766053801255,0.351005213906942,2.57910441647696,1.83345755887186
5.51582619911064,23.7893961098659,53.8080457415368,58.782278840955,71.5365251410072,93.5030936697056,8,33,56,64,88,109,0.699160760490851,1.19587258490978,4.42326588177876,4.38422411979807,0.570794450088517,0.421859271584876,2.62247280286193,1.96123736646462
5.50659773002782,23.8643771239251,53.8759182932413,58.7948937016855,71.8548910053261,93.6208044082113,8,33,56,64,88,109,0.696906270471543,1.21167605453239,4.42121023288346,4.39940512429152,0.558172274380654,0.459539778571049,2.57072129061347,1.96973603210676
5.5036521595231,23.8564784487273,56.1834880903436,61.0285852056765,74.561906217431,95.6799086669161,8,33,57,65,89,110,0.696187143938637,1.21074430463877,4.86394221500329,4.76532463175712,0.541442341149156,0.520919651554587,2.40566577759088,1.92751260449195
5.53680653742419,24.1238867330848,56.8214072123195,61.7108998322397,75.1196176249443,96.3896825116836,8,34,58,66,90,111,0.704294455173562,1.14208952547082,4.97265428937676,4.75307517134792,0.551475687750916,0.504407510610556,2.44411747150056,1.9396857062821
5.60473975578435,23.9716598303705,56.3265299712295,61.2338056677242,74.5476826510057,95.7104572628026,8,34,58,66,90,112,0.720995104828336,1.10250475797374,4.8720972169015,4.64121374943997,0.555511672685337,0.492007871450439,2.24357945332821,1.80774494355857
5.6923512826398,23.7671078280364,55.8201654528091,60.7424403831673,74.0448323078944,95.047987350545,8,34,58,66,90,112,0.742706878363785,1.05083661691761,4.78392587260049,4.52764555183169,0.558923365006721,0.490516234298657,2.20481966241734,1.78226840984781
5.79645553472201,23.5215300504082,55.4240443688162,60.3629212365521,74.0744699667411,95.0151278969776,8,34,58,66,91,113,0.768754380837503,0.990318998545171,4.74008881357471,4.43943983089017,0.562707591534442,0.474845450331887,2.18970032038281,1.74380296300527
5.91421706827629,23.2456117723878,55.1353899485154,60.0948113974242,73.8582852830168,94.5875314959376,8,34,58,66,91,113,0.79853609248999,0.923957215865777,4.73638453936729,4.3755208222932,0.567402063765423,0.481374651041013,2.13879426622802,1.72161480805757
6.04295188532758,22.8771975135735,55.0555587518146,60.0292253271668,73.8781704236552,94.3901807782201,8,34,58,66,91,113,0.831467079543475,0.84291825031575,4.82048593925423,4.35789670499196,0.570664574905944,0.492215305907797,2.08687493626147,1.70293989828304
6.18064438551537,22.4040080720616,55.3420645748181,60.3160133258906,74.2478128007863,94.558000011623,8,34,58,66,91,113,0.86710870820156,0.747727049579874,5.0435284957423,4.42125566749313,0.570729262256038,0.502834313829435,2.03899875223568,1.68416571202155
6.32575818189592,21.9712454312084,55.6879365274103,60.6592101274999,74.629280063929,94.7490879095137,8,34,58,66,91,113,0.905125047133555,0.662320205040709,5.27452278535109,4.49813905987743,0.570116093642322,0.50777571654065,1.994159942389,1.65981229179366
6.47646682000797,21.5989654726373,56.0148962475289,60.978105566726,74.9516863581141,94.8994327774,8,34,58,66,91,113,0.945083317225896,0.589078518458651,5.48394232451653,4.57121263963296,0.568268990179108,0.508230182049508,1.95390914765904,1.63220590195993
6.63111850529782,21.3052104566166,56.2318103668683,61.1804426145398,75.1396603598019,94.9400852091487,8,34,58,66,91,113,0.986573975837233,0.529460132642359,5.6380267492101,4.61990103013712,0.564935121545065,0.506372168229262,1.91965524285514,1.60484919674393
6.7881708328298,21.0889768272256,56.2219806890268,61.1482396303972,75.0944568564722,94.6783277716544,8,34,58,66,91,112,1.02919575845447,0.482135630536152,5.70057153782801,4.61769107595195,0.559830711913373,0.504693203443302,2.02815914409377,1.65856294685855
6.94620306628679,20.895574490943,55.5965506003097,60.471893181975,74.4406254912405,93.9502081846961,8,34,58,66,91,112,1.07256149349203,0.439544409213318,5.56983251113675,4.47778315208729,0.548271182756102,0.507602617146978,2.01038450072332,1.64237638940269
7.11171004605108,21.2576577123865,51.7815866571331,56.4689103220731,70.4107384290665,89.6652431495313,8,34,57,65,89,110,1.11847424084849,0.463130805925357,4.56996569087197,3.79557199624709,0.506286620982173,0.576790535496198,1.9497274620493,1.66255165951057
7.30347606958011,20.7098308004874,52.2564430193984,56.9087622257604,71.1077995039673,89.6883251233349,8,33,56,64,88,109,1.17228218183751,0.437343659181165,4.87028889156022,4.04189430697448,0.498595059484394,0.613307732326199,1.79232901607565,1.59124636467177
7.38019294884209,22.0022041782599,52.7511035533462,57.2040624514635,72.7084230993774,90.9111588818198,8,34,57,65,90,111,1.19398618559543,0.522730297498661,4.63564578695829,4.00286430133346,0.455566382123903,0.724158705724177,1.70599453847126,1.61204074605843
7.28986527412539,23.6543727897736,53.3187347442138,57.7287211541585,73.5834786945399,91.4462339884651,8,35,58,66,91,112,1.16844202768396,0.685795675272543,4.32109290071579,3.98033859597186,0.446469096228671,0.778351468240927,1.62951129358683,1.60696286488643
7.2053763491947,26.7650358190419,53.7406587902886,58.0367496206576,75.1122101772366,91.6947102266228,8,35,58,66,91,112,1.14467585486333,1.20905642014254,3.56562807482899,4.07100912062723,0.422672288015082,0.979965722250404,1.35242891731978,1.58002352369733
7.14390238977372,29.7114823405158,53.2288259210769,57.3226041543702,76.4445319166103,91.3197608064268,8,35,57,65,90,111,1.12746201102434,1.80314025211753,2.83790526394854,4.10635722326989,0.381568060561674,1.35865614075935,1.01269845687946,1.60126784156684
7.13363142956417,29.8080041822105,53.5910831475311,57.6879586810746,77.1573741199404,92.6250891471986,8,35,57,65,90,111,1.12459246223806,1.82577972093488,2.90745292477086,4.18541865252967,0.38218576550383,1.4275571233005,1.12645102618717,1.75084443316574
7.15895257553769,29.9038507609879,52.4606891485864,56.5917578595667,76.1234730682189,91.2553374224664,8,35,57,65,90,111,1.13167018012081,1.84078453144498,2.59055728399871,3.9403820571774,0.38902932449905,1.44004234883582,1.06140453688034,1.71235539815365
7.19399874438534,30.014742464282,50.6949968165623,54.8135374285758,74.1139082538641,88.5699882128737,8,35,58,66,91,112,1.14148490233144,1.8569687247259,1.96792411313771,3.4323691069723,0.386516740269792,1.39388123103895,0.935069006112872,1.56780804448659
7.23068785654302,30.279089826364,49.8110388146687,53.9428492235838,72.9002955684174,87.6871832522218,8,35,58,66,92,113,1.1517828131254,1.90584025034765,1.70946169252049,3.25419018326736,0.389178262914522,1.20991406719567,0.996136827058281,1.47836147988921
7.19209392773095,30.1315242138775,50.8188527930376,54.8930290196016,73.5523955139635,88.6990117736367,8,35,60,68,94,115,1.14095090095645,1.88239264566608,1.67863391006983,3.19679826047466,0.377667291752574,1.15520665148248,1.06423080507399,1.47896102469292
7.14606099209794,30.2631792665836,50.3370270992435,54.3903973552206,72.5197235155139,89.11202207624,8,35,60,68,94,116,1.12806532946385,1.9206772232087,1.55034439219167,3.10283176082954,0.373543109697412,1.06041145832416,1.22676983443216,1.52483683148042
7.09397435420075,29.6813941089559,50.0662549054954,54.1234373612176,71.5673758464451,89.2255876671053,8,35,60,68,94,116,1.11353051799259,1.8073387261564,1.61493213680837,3.05047359558892,0.374297517480577,0.94273401413052,1.44497808296822,1.58304419484191
7.04186658222016,28.4026945502345,49.8474397179028,53.9402629920951,70.8941378934465,89.4565619191162,8,35,60,68,94,116,1.09903848395273,1.55436745738443,1.84186313525764,3.00840043955486,0.381377683887262,0.862131301261547,1.6397806441526,1.65233718785744
6.99271363327756,27.2005421443826,49.6274366208065,53.7661777763492,70.253497836336,89.6485919108764,8,35,61,69,95,117,1.08541336382547,1.32952432622872,1.9131679107564,2.84597599865493,0.390571013754923,0.788252254794967,1.82642861454107,1.71690689792473
6.9475171998792,25.8627886389511,49.5694411971206,53.8712342420424,69.5454011953843,89.6001260132884,8,34,59,67,93,114,1.07292406861008,1.20211371342124,2.35840376752167,3.0788778709068,0.423852654549116,0.666449466208411,2.14193685599214,1.81477584602555
7.10743786770831,27.5577513432156,57.9471924545285,62.0692351487334,77.6951823718198,102.114160680813,8,34,59,67,93,115,1.11728288104948,1.4981762243536,4.08835665202756,4.85175789533417,0.387218503960525,0.659513501134575,3.07575371514607,2.42130663765788
7.70890063782305,32.8965666057728,57.8228011209815,61.8106979580191,80.8074082272441,101.143978739379,8,34,59,67,93,115,1.28808391725911,2.54742201722391,2.65321776642824,4.82352610110552,0.360674661054157,1.21719361588973,2.04523747343716,2.26988627591766
8.50288003639505,34.6444533676694,58.3264442636134,62.3985040985894,82.9433931987027,100.499551713147,8,34,59,67,93,115,1.52216771614257,2.77949680900968,2.35255375050237,4.93815523582859,0.377247015824118,1.51720214035906,1.42353506673491,2.07050709699815
8.60864081771376,33.9323673499689,58.7397991812066,63.2368723382137,82.8326371582402,100.208883191087,8,34,59,67,91,113,1.55401596767579,2.58014469616834,2.62403622297043,5.0328695821923,0.464971846526171,1.58383499877837,1.38601033544475,2.16186723941665
8.37556221803342,32.9288323644013,58.2823737285854,63.4222132193896,82.0220283549489,100.614527615732,8,34,59,67,91,113,1.4840269478513,2.3965762662557,2.75897221701527,4.92809070462129,0.609166823102318,1.37889186053852,1.64640427666626,2.31567481903719
8.03460608998359,31.3442375694959,56.8207146257966,62.6265155323412,80.2571104854474,100.076531850436,8,33,58,66,90,112,1.38299841563922,2.26478427518344,2.78962456734877,4.7529180256912,0.771105630618045,1.18962800689577,1.92406120366153,2.4847435629341
7.60690134288832,30.9762806202763,56.1472047277596,62.3900677036605,78.9512596095843,98.6992352746855,8,33,56,64,88,110,1.25869772477324,2.2787964257857,3.08051956602866,4.9169715552483,0.883352374810038,0.99345943101927,1.90750734129571,2.35550869414523
7.11348330108391,31.4383188325912,58.6915191000042,64.8556365602552,81.0670920429942,106.399187894116,8,33,56,64,88,110,1.11896883485777,2.50650843558166,3.64189034652916,5.51764154728668,0.862808297292192,0.932381104152137,3.32185099162731,3.35947079413743
6.33444166754095,28.0447918517843,55.6395193822552,62.1292875533944,79.266710202665,97.5211993869865,8,33,53,61,84,103,0.907414337318751,1.90031798850125,4.41489784384019,5.29728950418551,0.948632724628123,1.21263076876972,2.03931742923034,2.70947499229009
5.92393039573,26.7091638025355,55.6404291988546,61.9419114364936,74.9575978585628,93.6201429933478,8,33,53,61,83,102,0.801007319657694,1.69943764374642,4.81891231171022,5.29750894910741,0.898733563857592,0.601474140687655,2.14122551813429,2.09279090594297
5.63864332255653,17.459816160562,48.169271445506,54.1322807851568,67.581330885634,86.5390691537225,8,32,51,59,81,100,0.729374067835891,0.316778114046928,5.63767244408227,3.88889328806084,0.810972025562268,0.667314487838635,2.21585513220774,2.16346704448766
5.62377362863169,17.1249626694334,38.8982243499919,45.510415821559,59.6864046281314,74.7713672647385,8,32,51,59,81,99,0.725695564508353,0.284282625663672,2.96226875803072,2.03588511147375,0.981470240497913,0.784342070566151,1.44579143148914,1.83036884197143
6.12362695821776,25.7344796342768,55.5515627754985,61.2193832369092,81.9339897766166,99.7123285148686,8,33,57,65,90,114,0.852298097878728,1.45595917879024,4.14308890557518,4.62174023128915,0.736608206211872,1.68442120396841,1.21779731986762,2.30855233712543
6.68593878812301,28.0559489525035,57.7935188871743,63.4587522253307,83.5774658110199,101.115963117727,8,34,58,66,91,115,1.00139655663543,1.68682673826999,4.12072312327082,4.97526077106887,0.735965893220167,1.55960359335015,1.17219599639276,2.16221981388744
7.2882951227061,28.5982581647344,57.8457331411448,63.5012204084044,84.5180581739992,102.140654051711,8,34,58,66,92,116,1.16799922922878,1.67426720651908,3.98354559355406,4.98728528974682,0.733547716286946,1.61343626676979,1.18811005855184,2.22374514872691
7.88448758335433,29.4892057982727,58.1655260898988,63.798357882081,85.5423916739144,102.984847252856,8,34,58,66,92,116,1.33905194962629,1.73623438324583,3.82518732935862,5.06112934230675,0.727935729985297,1.76579660109872,1.15412282990728,2.31523617509711
8.43629572811318,30.3724643390609,58.5035975193932,64.2217843915744,86.8967608954438,104.050963866153,8,34,59,67,93,116,1.5021935361219,1.8068504982768,3.47456361515111,4.97867778012646,0.749146155185626,1.96769793651981,1.2158940053272,2.55865869792694
8.92006626912487,31.237878450554,58.7508891908025,64.4103171551218,87.9822809592008,105.133326525176,8,34,59,67,93,116,1.64863866384557,1.88935565425981,3.31133025412817,5.03541850599998,0.734525187124771,2.16907599511108,1.21527973932485,2.71395911934486
9.32725413793154,32.1544292254906,58.9995287334022,64.5810896422306,88.9682224068083,106.164277728298,8,34,59,67,93,116,1.77415777364774,2.00140661092896,3.13743004287634,5.09267209546957,0.715283510212698,2.35755244997646,1.22404728792227,2.86252267065719
9.66069871478379,33.1746411307168,59.2448690872806,64.73902748241,89.838101832539,107.136491690597,8,34,59,67,93,116,1.87836923018102,2.15585529987477,2.93905910095161,5.14936456441978,0.693870897900745,2.52618510673023,1.2440689568848,3.00315032697957
9.92981443626373,34.3201468365506,59.4670147809676,64.8782404942485,90.5897511862917,108.078219797943,8,34,59,67,93,116,1.96335637558296,2.35830209203312,2.70766835638526,5.2008661906045,0.673738475364903,2.67410621301277,1.28157790134736,3.14476223020344
10.1465394620376,35.5925902198305,59.6790374501414,65.0221731926932,91.2467205523407,109.040509253592,8,34,59,67,93,116,2.03234343336452,2.60967320000233,2.44906466061404,5.25016959974271,0.657346748250622,2.79997085938262,1.34268452188219,3.29488502410947
10.3228530729331,36.9857353731517,59.9636667175216,65.2542208045587,91.8670746622737,110.080702899869,8,34,59,67,93,116,2.08881223011499,2.90886982383707,2.18749617471942,5.31658346709499,0.644774797060577,2.89637871509531,1.4283912755398,3.44855273167933
10.4695283903042,38.4783430541514,60.4723315821301,65.7126295915823,92.5445462966032,111.227580432832,8,34,59,67,93,116,2.1360176571647,3.25070620960802,1.96341558523211,5.43591293476952,0.6328302665552,2.95119126297046,1.52644413160881,3.58024809298508
10.5956834463826,40.0134705902174,61.3954950160207,66.536943367085,93.4063734725426,112.700920746708,8,34,60,68,94,118,2.17678121883689,3.61981433722848,1.68934363029793,5.48736292444713,0.609543531959248,2.96060788421476,1.52078282675932,3.55734988108024
10.7087803890183,41.5019850993568,62.6766456949958,67.7179746169341,94.4172370579126,113.769389995295,8,34,60,68,94,118,2.21345032431694,3.99033109229877,1.64608912415153,5.79078435687095,0.586243880934288,2.91796317587599,1.53277087649602,3.51362794595846
10.8146938295835,45.9904325174673,67.4113252241035,72.2275888704865,98.6034818020866,118.366664880955,8,35,61,69,95,119,2.24789543731642,5.00032738557154,1.69749527852117,6.77019595195974,0.534958777381015,2.83743112920683,1.6192680141564,3.48548136679462
10.9178430550411,47.0266940056178,68.3774623283501,73.1602258487142,99.337702164748,118.85179929841,8,35,62,70,96,120,2.28153759435266,5.26891863586471,1.55234986210821,6.82945634868613,0.527458584949107,2.78835043886896,1.566650633296,3.3875770774998
11.0212637957303,47.7470580968381,69.0564497392814,73.8535714466746,99.9967624506891,119.237534927844,8,35,62,70,96,120,2.31536185562453,5.44832781790085,1.54406129127267,6.99866261587828,0.530668848689688,2.77989554347784,1.50962225691593,3.32837119433056
11.0928913944239,48.3346594136195,69.9233489556453,74.6962293355382,101.234217478507,120.162666165936,8,35,62,70,96,120,2.33884211263046,5.5994518059708,1.60032293622196,7.21641332401282,0.52525265675722,2.87771594250477,1.44538594744793,3.34009854653174
11.13632072632,48.7977857362675,70.7277819561361,75.4857576798153,103.017699392619,121.577652737773,8,35,62,70,96,120,2.35310000295118,5.72308215195045,1.6700586509826,7.42015915464591,0.521931779309605,3.12834059082424,1.37090431999983,3.46393036754986
11.1501825738972,49.228508274916,71.3241963018428,75.9568290612309,105.43950036667,123.379777528267,8,35,61,69,95,119,2.35765422487831,5.84648908575232,1.84118224807934,7.76344809934843,0.494286949096217,3.63707347823189,1.24895961422856,3.71305094948016
11.1326504435783,49.4802321726783,72.9994595105138,77.8102667913555,111.001055792965,129.29059987527,8,35,61,69,95,119,2.35189442691725,5.92651771142406,2.15705842485659,8.20005380295335,0.533734770687852,4.65794827398583,1.31717219491435,4.63324709639412
11.0665332702253,49.2265722205861,75.6975840994918,80.6669201669631,114.841129206676,135.346012532001,8,35,61,69,95,119,2.3301965427984,5.87074980715088,2.86105019107329,8.91653987331718,0.569672128072787,4.93908236617526,1.77947584135136,5.40792080309804
10.9177451408845,49.3934621110153,80.2229017651883,85.4743810033459,117.429781934229,138.057190753965,8,35,61,69,95,119,2.28150561518761,5.96468883099302,4.00022087880622,10.1524323959863,0.63548166358678,4.31066579756598,1.80643528480367,4.9846490138199
10.5943679983312,47.189837443823,78.2739868331279,83.525525468676,113.632658856315,133.998152750938,8,35,61,69,95,120,2.17635540486059,5.41031078045035,4.06992039256532,9.61514555360465,0.635495757776423,3.80430728582016,1.61088295967641,4.35531886544842
10.0836541170839,45.2619594071067,73.4490557847127,78.7365306614315,105.728502849921,129.396892695199,8,35,61,69,95,119,2.0122771524388,5.00106148582569,3.29679447445086,8.31832509938676,0.644040934542918,2.99142955925232,2.51616830819981,4.5561942473555
9.58960852036621,43.7829653275276,68.9262877449182,74.2665665854784,102.032253466226,124.502757854395,8,35,61,69,95,119,1.85604811411583,4.72130791653479,2.53678524281024,7.15018943502005,0.656661735160288,3.18815213004293,2.22772918868071,4.47331430868187
9.11533537126841,42.3380587630984,65.9733375845003,71.3472088218404,98.5825850518841,118.832178404512,8,35,61,69,95,119,1.70858537990228,4.44960551075967,2.18353290979601,6.41511683329857,0.664730382694887,3.05292555855124,1.72374811995061,3.88229413587822
8.65582687676342,41.1015622018634,63.8617511726501,69.2308567878137,95.3804966679117,113.821947432542,8,35,60,68,94,117,1.56827287352587,4.23510450873232,2.13723103434344,6.07581651234616,0.66358385157487,2.78148527466411,1.47569207696593,3.41645253971168
8.20542381939441,40.2380985370158,64.1674401683512,69.5385485000329,95.809494873443,113.8416195919,8,35,60,68,94,117,1.43340689142988,4.12220050842847,2.4114330090497,6.14999959006262,0.664065597705332,2.81143950631296,1.39110374675239,3.35818521445238
7.76854317831571,39.5503956652005,64.9169054901746,70.3210125153994,99.8124095507761,118.265588025321,8,35,60,68,94,117,1.30534303144972,4.05403470433125,2.76220099130634,6.33299876881738,0.672018898795038,3.63939621930751,1.47814181449168,4.13246026739891
7.36510334910001,38.3053457266824,51.8277848624197,60.0646472925337,91.9303392063031,110.389673167689,8,35,59,67,93,116,1.18970929535458,3.82754245384863,0.519467642650488,3.52936365832701,1.44273003743093,4.28571380916282,1.47942817718193,5.31793231171822
7.00504011785843,37.2364401912612,50.906657207394,59.2634700268766,90.9730298746377,109.453734738418,8,35,59,67,93,115,1.08882610299198,3.63954254326881,0.539348111000774,3.34298125221217,1.47842883894885,4.24237509675139,1.62182898586644,5.48297946406173
6.70816504958131,35.7619075703307,49.1278347044268,57.4916202419469,85.4561919827735,99.7146589568277,8,33,55,63,88,108,1.00742307160704,3.72212328194015,0.654453112609043,3.51722992181636,1.48051015593008,3.43036609627244,1.01003407610054,4.12321437281935
6.57019984029131,34.6345440094301,48.1790169073116,56.600544807053,83.9305282009912,97.8696449525977,8,33,55,63,87,106,0.970172671694712,3.45682240400128,0.682213058577963,3.32095693698438,1.49777155910912,3.45865865776321,1.06651154057054,4.23058446135785
6.28252168223531,33.5560800236329,45.9056644900115,54.3856412762365,81.1006666084889,95.2311310662519,8,33,54,62,85,104,0.893750346933024,3.24868352445332,0.584311829141135,2.99398675848291,1.51529038367124,3.49441703998473,1.10494171031824,4.30532342128082
6.04072513638051,32.2319225644819,43.7122891756677,52.1845988695884,78.3493387654617,92.5669016232276,8,32,53,61,84,103,0.830894210758088,3.15654552062064,0.460828996114831,2.69099654179597,1.51298970316417,3.34530482293745,1.12259930532723,4.19730986933791
5.86578227992299,30.8530235535493,42.902931046631,51.5573223589243,77.4439221558372,91.4909656440185,8,31,52,60,82,100,0.786246840525448,3.03224200168697,0.540234640581859,2.65830198013958,1.56783870027396,3.47371930265884,1.21725684908076,4.45860514913264
5.79002001893994,29.9268372704813,41.2735254425296,50.1198321177947,75.2896832131613,88.0888396635813,8,31,50,58,80,98,0.767136470070197,2.81154501111956,0.600123210025644,2.59072199110089,1.62611663704708,3.27775515640063,0.961366504963846,4.04677463749995
5.27430002874048,29.4310779996848,40.6621777036121,49.8503069732821,73.1243664321439,85.8503278297396,8,30,47,55,77,94,0.640903960822881,3.00604287563392,0.775749459712064,2.85569338163759,1.73105006394823,2.77464995624186,1.07036816932373,3.83309896257246
5.46060633744419,28.7004462097625,40.6425847569137,49.8516297685136,72.4202656145907,85.2394995973573,8,30,48,56,78,95,0.685703990395602,2.76578503039985,0.798997109013937,2.71995158891651,1.73751637514714,2.59355583729574,1.08988822400179,3.70005520314639
5.61737540196066,27.2793211889804,40.5597593806588,49.7435589939896,59.6860921488171,72.8537332803068,8,30,48,56,77,95,0.724114479618487,2.3661062943874,1.05745504080736,2.70340722080076,1.7297121500166,0.276912761575901,1.03463237394953,1.34555134389613
5.78991439613214,20.2406344631043,31.0213281055328,38.6996857815693,47.8730358543358,59.7700888866712,8,31,49,57,79,96,0.767109924535968,0.736127892475991,0.598528169211483,1.00033695197765,1.2792671219864,0.164153504160168,0.902610389556236,0.852871402074039
5.92916450833135,18.9319853303386,31.3619887289126,38.9445333762945,47.5093131255334,60.7299596197942,8,30,48,56,78,95,0.8023398836535,0.599565836112575,0.890012685528808,1.12397383057691,1.25170508687212,0.121380144891624,1.17530691700722,0.931548889220086
6.01983669606779,19.1159616075299,31.7836962904139,39.3581683088232,47.232657576222,60.6478050653199,8,30,49,57,79,95,0.8255258390093,0.613466468304556,0.824506695873068,1.10299859054458,1.24938960119445,0.0818932375449114,1.3624266639235,0.939186128675873
6.1794772953883,19.3313715136309,33.137598311609,40.5952765664127,47.6608994703783,61.2120680538736,8,31,51,59,81,98,0.866804825380457,0.542518429890241,0.924834580151574,1.13183674780013,1.2160082347515,0.0473258784089839,1.24730693381012,0.770948599664901
6.07195651486992,16.9756766481324,30.27786403433,38.4012428997798,44.144649724988,56.9731656854191,8,27,45,53,71,86,0.838939346125182,0.531735034308497,1.06187655561306,1.21784466645951,1.40914273999587,0.0591999826719705,1.37897007165311,1.03161117168596
6.17417606012736,19.2688426650703,31.9258773524077,40.5102538015904,46.7086652882063,60.8572869621128,8,29,48,56,75,91,0.865424887898689,0.700445673152511,0.822573513847381,1.20416525688355,1.54669603568178,0.0614952251766972,1.53567606727698,1.19061996419722
6.10397024247984,19.7355868596859,31.6835590558443,40.0392075388497,46.2565644299664,60.3437907192968,8,29,48,56,75,91,0.847209000932193,0.78965708727093,0.698592061153857,1.16940410231983,1.47808135635462,0.0623754238331361,1.52092433047722,1.15015447095946
6.02174801333583,20.5694291253717,31.9427001528232,39.8766498930569,46.5482911528753,60.4951806196143,8,29,48,56,75,91,0.826016635130415,0.951827128137032,0.604341498600048,1.20659521867562,1.35349453693505,0.0858986348295558,1.48737299076756,1.13424543894543
5.90393722447353,19.4239760018599,31.2096156980256,38.9384879906554,46.1330291424401,60.0030561976796,8,28,48,56,76,92,0.795923159758967,0.872441037429683,0.582327245159187,1.10272857236553,1.29385704129808,0.0913898157267534,1.46909705875368,1.08553788323291
5.81745147924704,18.3333147169735,32.1669493984906,40.0403699150332,47.4064333132656,61.7972734302905,8,28,49,57,77,94,0.774039821905056,0.698492488043262,0.824364443738117,1.15631830774377,1.33582551029901,0.101535549283815,1.43660167470036,1.12303094647429
5.73527988271986,17.5958111279949,33.4386517976119,41.4389983609768,48.1533453566403,63.6113162082626,8,28,49,57,77,95,0.753415523409452,0.59381911068853,1.20080301971153,1.34118006351023,1.37293956498949,0.0663899239336071,1.53108994982985,1.11826816089306
5.60901107260099,18.0957527053671,35.3891386719081,43.5505962568989,50.1633378573344,65.5825478720775,8,28,49,57,77,95,0.722049114399459,0.693687686329358,1.5040931001305,1.64727893925476,1.42039223254679,0.0617299008913063,1.52215191312275,1.12122024484359
5.46000324621933,18.1768103353698,40.0721272882581,48.5247071952685,55.3968766390399,70.3259060550472,8,30,51,59,80,99,0.685557463546109,0.557847025652954,2.60406245750978,2.24587699640733,1.50707298953909,0.0553552997330956,1.27056867135724,0.973665967963015
5.44360109964,17.7180328994433,43.8668725022151,52.1906521599513,58.6988177001114,65.5585160427037,8,31,52,60,80,99,0.681576096959128,0.427177953701187,3.7613335973925,2.84650810915589,1.46857775026764,0.0571577833515358,0.0970205786111944,0.205403836450794
5.26819334010042,18.2114734744237,34.4939750450138,44.0963909180894,50.2890425273768,60.6073639380904,8,32,53,61,82,103,0.63945157122746,0.444970864523556,1.29014786932794,1.16078424040972,1.86006533899271,0.0321585790719456,0.317568455606502,0.411771719590004
5.11774155929351,19.4318002582034,35.1285509436907,45.4875848784724,53.837944098576,62.2826336727196,8,33,56,64,86,107,0.604000213854954,0.553214890780552,0.945276985541883,1.0211422464701,2.10043744279729,0.108097007899695,0.144002766066644,0.456453079355235
4.9885075463987,19.9020040072032,35.2169760175472,46.2119007074023,54.8993249631375,62.4329590488684,8,34,58,66,88,109,0.574070032616644,0.560919226416612,0.783196757543635,0.897040431909816,2.30673871626513,0.129395052742603,0.0864185015385776,0.461871873280189
4.88308035789831,20.168328642178,36.1158552154599,47.6195591385364,57.0011685802998,63.8278805856204,8,35,59,67,90,111,0.550022763801119,0.53889439906899,0.887339443742344,0.937349758753943,2.47434003439885,0.145767501423863,0.0535375000483543,0.45981184206843
4.80623819785254,20.3751337937533,36.1959001213332,48.182308241577,58.3838259868828,65.6362475330381,8,35,59,67,91,113,0.532710523479978,0.575904902313922,0.86603473615843,0.946801691134695,2.6352679181454,0.171571561154683,0.0542372055803708,0.520634689388707
4.76312847637644,20.5772542724531,36.4009173854238,48.8451505329745,59.925277505257,67.9059957566042,8,35,59,67,91,113,0.523079055850135,0.608831859032221,0.866519199964394,0.971217750556921,2.78950432394769,0.244352036779027,0.0873554935988656,0.726503515652142
4.75823014032207,20.8113842843996,36.6973241589649,49.5598799489087,61.9079215098563,71.2312377423949,8,35,59,67,92,114,0.521988406148958,0.641741679140166,0.876961693277959,1.00704100796768,2.93170995617872,0.319206421378914,0.175851013313712,1.01707649635519
4.79471217027791,21.2053526373715,36.8087173340266,50.0313121051688,63.0021445151544,73.1057229409735,8,35,59,67,91,113,0.530129660208978,0.692435766115575,0.829999650777209,1.02066276524393,3.05502366570951,0.448389527664405,0.244061639524287,1.33255819848669
4.89858703218413,19.8767247197199,40.2212578099295,53.8054939019411,68.3832264244072,80.515395873467,8,34,59,67,92,115,0.553538512979047,0.569559712725686,1.60650458697484,1.47835664207823,3.17970028949125,0.58927434195114,0.409722295717909,1.7602537445787
5.01783898438261,21.0712713988023,42.9374901255096,56.5559477451511,71.7289915554226,86.0499150048363,8,34,59,67,92,115,0.580819876335499,0.72213489036395,1.93490693224584,1.89478537881572,3.19153907304306,0.674501718574839,0.715616669594083,2.23309892611107
5.13735732277499,21.708549430517,44.4577148349898,58.3615833619504,73.8174705884767,89.2521243297047,8,34,59,67,92,115,0.608585778308399,0.801323441165686,2.13469632421128,2.1462854876338,3.29054252061941,0.716796448856943,0.899498864336998,2.53604336925285
5.24594204688914,21.8568068752893,45.0176857154182,59.3117593156791,74.9079968106811,90.9610097874857,8,34,59,67,92,115,0.63416819643414,0.807538642418013,2.23001812355907,2.24207333387707,3.42664471964387,0.73820360000563,1.00895815177822,2.75128482971416
5.33667048067222,21.8546402580779,44.58107246338,59.156724255319,74.8234685462347,91.102478056318,8,34,59,67,92,115,0.655796859603076,0.793018126945635,2.12947222848225,2.16724412694766,3.52537316010945,0.749061585559389,1.05020349431719,2.86203017519335
5.41351314122074,21.8603232905397,43.2344404921384,57.8544525170563,73.6725061126541,88.3437005821163,8,34,59,67,92,114,0.674291310294759,0.781972294223277,1.82642353818313,1.94290892900106,3.540965163569,0.772595322775814,0.868565302097008,2.71392047945562
5.48554012938844,21.9082714742937,42.2492120481023,56.8575437778107,72.7979010630303,86.6389833794075,8,34,59,67,92,114,0.691770298300955,0.778249869924707,1.60575459187901,1.78516514785243,3.53685870778396,0.791847223144158,0.729425940454353,2.57819391249186
5.55857824417014,22.1632233712412,41.9070016458219,56.4926318993022,72.6999417380438,85.616349307235,8,34,59,67,92,114,0.70963386008052,0.8065628838456,1.48283746973524,1.73167734769636,3.52887955522243,0.834571274577703,0.586818801665029,2.45225438679789
5.63684298275181,21.5283292608168,37.353236672879,51.8529640856727,69.0283816231876,83.7534271194041,8,33,57,65,90,112,0.728928397341776,0.784129934652659,0.866727333474226,1.23791291385984,3.49871070941464,0.997319574940894,0.877935868438998,2.96381689404973
5.73211902020392,21.7128675451447,37.8659698899031,52.2832838543013,69.9164537550122,83.494995280385,8,34,58,66,91,113,0.752625481963577,0.711308909874579,0.922343929999934,1.22969020101491,3.46980393964443,1.0783500332228,0.687566773389189,2.81356691132257
5.84315990433746,21.5954341038611,37.0090852931462,51.4832064522928,70.8003069729966,83.2974462727594,8,34,58,66,92,114,0.78052607057361,0.677753836074558,0.799081622717682,1.11675430502485,3.48972538034303,1.27722148656606,0.526734356108357,2.81719149682324
5.9661180165442,21.5676772710213,36.380630108089,50.9016597878385,70.4464148955089,82.8028977703499,8,34,58,66,92,114,0.811766238014391,0.656018007886207,0.704517778898882,1.03712493141286,3.50618839179474,1.32054377609135,0.507243747180309,2.84292391138156
6.09682298987905,21.6469223975147,35.9674711218513,50.5072269946267,70.215640595413,82.537160474232,8,34,58,66,92,114,0.845360743217844,0.648669955867593,0.630912144006436,0.986281271952647,3.51276377483217,1.35202508232092,0.502451770085984,2.87135258057588
6.22488811679596,21.6606737072938,35.5841342358047,50.1378484775494,69.8855966204536,80.3865133750866,8,34,58,66,92,113,0.878650881549787,0.632481540120498,0.574222005941181,0.94019263818488,3.51766621631086,1.35963307027075,0.338346075423801,2.65571248746737
6.35105389108485,21.6452261184914,35.2247219083102,49.760512411878,69.4900213729883,79.8221875641473,8,34,58,66,92,113,0.91179841600086,0.612686560172423,0.527102055527337,0.89794071684261,3.51137124924522,1.3561032982145,0.319120608064688,2.61710718807956
6.47537973233459,21.6254278958376,34.8535807821115,49.307115476036,68.9989762861659,79.2180095421212,8,34,57,65,91,112,0.944793393788891,0.592838153061194,0.55314989245785,0.91943721464147,3.48250403128817,1.34882828570186,0.306549628118807,2.57346073099553
6.59626326280571,21.5691736537857,34.5718505102275,48.9048320359134,68.5746678096725,78.7089630595187,8,34,57,65,91,112,0.977180694781905,0.568858692538366,0.521991447599186,0.886346499667864,3.44026158714111,1.3445790683864,0.29730232726705,2.53115167867579
6.71273419808722,21.4555239558167,34.2926034272052,48.4575297036051,68.1241583687795,78.2132441900734,8,34,57,65,91,112,1.00866316677445,0.538399680965341,0.499642918969832,0.854126491811344,3.38150518827698,1.34396075291458,0.292428044306018,2.49110725912161
6.82419742510095,21.2704927611728,33.9886608519748,47.9432110382553,67.641073676018,78.3680631512701,8,34,57,65,91,113,1.03904025818664,0.500327681226041,0.483878253484089,0.81971805478427,3.30817201551073,1.34998707362314,0.307282158589174,2.45992670475772
6.93025864118587,20.998687751457,33.6179949701089,47.3246700326253,67.0930046186643,77.9241629531123,8,34,57,65,91,113,1.06816490992761,0.453757428629112,0.470953755681014,0.778697358287163,3.22208936678472,1.36362123956745,0.318584978370723,2.44658650248225
7.0306306325759,20.6406718363409,33.0763945900898,46.4989552475198,65.7458518172994,77.4787491673374,8,34,57,65,90,112,1.09592001547289,0.400265534608536,0.447395558180626,0.720641456121498,3.12386402282752,1.38329026050859,0.424996758281486,2.58054527222538
7.16258471040833,21.3247587816257,33.8843801943214,46.8099145628032,66.1091852382652,77.6730870309566,8,34,57,65,90,112,1.13268635834367,0.465104723650232,0.463231306881015,0.808072581063965,2.95322005574643,1.3936630376709,0.403905418111003,2.46681988961282
7.34339697658174,19.6103363298033,33.7545712083026,46.009349997975,65.2313895343508,77.2130930044484,8,34,57,65,90,112,1.18356374674134,0.263232468040099,0.688099168304369,0.793690939300068,2.72549678955516,1.37837731974661,0.456987337043467,2.40643425352327
7.46668734864074,19.0705851696425,33.230383185066,45.4676681507613,64.1683592928032,75.0043722671573,8,33,55,63,88,108,1.21857519141002,0.247620557767763,0.781648681557092,0.858835885560144,2.7195992936061,1.27684610116933,0.445426925321403,2.32788142618812
7.57643035429599,19.1265719229988,32.714670540598,45.63557896422,63.1439731733586,73.2092389827462,8,33,55,63,88,107,1.2499512172412,0.242826168080777,0.689071870686842,0.799789202083583,2.95163920184253,1.05601171097808,0.412555860547837,2.2093504205651
7.72557347882521,19.2579662625641,28.6815695666587,41.8561362470147,58.5328640061715,68.0726628331802,8,33,53,61,86,105,1.29290303566867,0.241254447594623,0.274270605066454,0.499408877259687,3.03852638283783,0.911985402098348,0.345110889159104,2.01441304173858
7.91974240422156,18.730203661122,28.7164107905143,41.8275674056269,58.11414470179,67.0570697170327,8,32,53,61,85,106,1.349342325185,0.220489284454897,0.28149069565183,0.502546459590939,3.01676770648772,0.945367810617532,0.182953134109569,1.73600045720057
8.13593399071354,19.1531207303968,32.890265300356,45.3183569001442,61.7781317938381,70.7487071384303,8,33,55,63,87,108,1.41284956086068,0.198076321938594,0.712727474456148,0.819663543607033,2.78404104798493,0.975586701208331,0.185269565610508,1.65853757685809
8.34398224359158,19.461756552307,33.3815443291917,45.4891471553526,62.1149300722722,70.9719533876122,8,33,55,63,87,109,1.47460073633262,0.206133851713941,0.742180072824405,0.87653009996032,2.67594974846314,1.00491015123042,0.140980986988509,1.52417088707448
8.66338895169799,19.8266560406193,35.7346279845721,47.491897743614,65.2285634841085,74.8059236970683,8,34,57,65,89,111,1.57056039576084,0.173468454726525,0.98283261164961,1.02665117403707,2.55865218717777,1.20982640844006,0.196709641752043,1.75687244888095
9.21776661297319,20.0049684240018,35.5537850389468,47.5581443390553,67.9393631274832,79.6647334291329,8,34,57,65,89,111,1.74021426235761,0.147677404135459,0.919325429018435,1.0041882578001,2.64128681064226,1.75240545510721,0.424046309544053,2.64524522745931
9.83709197661226,21.0159263172824,37.8019333538314,49.7437555657439,72.497235197193,86.0281730654706,8,34,57,65,90,112,1.93398831749754,0.174588640168725,1.14505654734953,1.29964706495932,2.62032898048846,2.13568820256649,0.680091123793867,3.33063253311075
10.0037500970586,21.3235631397207,38.29080300022,50.2095335054984,72.9921801280098,86.6199608668934,8,34,58,66,91,113,1.98683771586582,0.184923676824765,1.06630884186222,1.28750946785683,2.6125977212925,2.14239785698408,0.69533638822435,3.3517537404434
10.1172757892383,21.5553846531969,38.5109597791281,50.4122557186982,73.0411296724958,86.6500110522815,8,34,58,66,91,113,2.02300067982179,0.193860637887457,1.06418761776763,1.31794087729348,2.60676316221812,2.10710049962956,0.69234974382161,3.31277597717646
10.2175965181946,21.8132911746928,38.6513156172415,50.5309312240928,73.0024323809106,86.5659779847073,8,34,58,66,91,113,2.05506454533174,0.206141022540991,1.04290430613943,1.33750709915257,2.59951092912846,2.07117471301995,0.685208009502582,3.26697511810588
10.282243087011,21.9974974358749,37.0655453811709,48.8670949623974,71.1351366927794,84.2143700086003,8,34,56,64,89,110,2.07577895643045,0.215743743144086,0.938570538411904,1.27749019322021,2.57342674019407,2.02502862540764,0.697948332823998,3.24454373328044
10.3260784077874,22.1384055960121,37.1522141281796,48.9923121982253,71.0233227414002,84.1751651035664,8,34,56,64,89,110,2.08984804526247,0.22372139179775,0.92887420603687,1.28956570373194,2.5863011561137,1.97170203431742,0.70973059954502,3.2188511964978
10.3625042649842,22.2854514387693,37.2464088936689,49.1222462609968,70.9076157704699,84.1459707638951,8,34,56,64,89,110,2.10155315010798,0.233009798200155,0.919464851611061,1.30274716706564,2.5982474426182,1.91693950381149,0.723878015414617,3.19373554412012
10.3918121263451,22.438362840192,37.3450943307694,49.2518200919607,70.7876727365333,84.127430173069,8,34,56,64,89,110,2.11098019396593,0.243636647098908,0.909850701784209,1.31662091734538,2.60858003244676,1.86184467351545,0.740610057537462,3.16993863555961
10.4144431445113,22.5974250697099,37.4485540458415,49.3792997651286,70.666219153232,84.1241558032572,8,34,56,64,89,110,2.11826520226702,0.255669738363489,0.900034749094549,1.33123578933796,2.61661999737398,1.80742281000368,0.760312316069756,3.14832628480023
10.4309257052108,22.7615919048087,37.5565076197734,49.5016255094224,70.5448602738014,84.1397627359996,8,34,56,64,89,110,2.12357406461693,0.269052900966922,0.890154686713094,1.34656149637198,2.62143272123586,1.75468473742875,0.783415551215537,3.12966944226146
10.4418970860803,22.9315939552574,37.6686282737713,49.615649564629,70.426034041078,84.1789723910748,8,34,56,64,89,110,2.12710926107488,0.283878142043555,0.880027590493585,1.36256066166807,2.62207021785393,1.70479637307629,0.810427111750368,3.11496696099762
10.44798734785,23.1077373649921,37.7812791732006,49.7146009337757,70.3094000256845,84.1775524007164,8,34,56,64,89,109,2.12907215593876,0.300203279682749,0.868972907350507,1.37871917297346,2.61748250736248,1.65905478618814,0.936328854006812,3.2249056950304
10.4498242723637,23.291873015134,37.8851611371082,49.7857887631201,70.1893517196568,84.276116513523,8,34,56,64,89,109,2.1296642666063,0.318242804144696,0.855081485377618,1.39369392339988,2.60653955344427,1.61884574017814,0.977345732667559,3.22381418058996
10.4479615778527,23.4847864401234,37.9511701649224,49.7960577985157,70.0394607506918,84.3586474105781,8,34,56,64,89,109,2.12906384951491,0.338128634745321,0.83330245851846,1.40324601880093,2.58790156308108,1.58543955637738,1.02169189905979,3.22720579631773
10.4428136521481,23.6872017730991,37.9738175641368,49.7936095932348,69.8751730044513,84.4423605420897,8,34,57,65,90,110,2.12740464841721,0.360009510264673,0.710236994415495,1.32365100986747,2.57951793812591,1.55193529634496,1.06983059718715,3.23975220631692
10.4346395607728,23.8983541547542,37.4814131075651,49.1679998547539,69.119864257313,83.9918356071163,8,34,57,65,90,110,2.12477061486418,0.383896008441536,0.603864513929808,1.25541054618743,2.5350991429364,1.52526998786394,1.1301213712953,3.24836649077985
10.4268328673402,24.0058130198931,37.9198990536016,49.5535760587903,69.4042508850924,84.399372666157,8,34,56,64,89,109,2.12225556323291,0.396761913451772,0.741252958994452,1.39871725229288,2.51749390999501,1.50458162350449,1.15482810970975,3.24199978070604
10.4175564263238,23.9982621480265,37.9390040691901,49.492991545035,69.3626129575007,84.4139752225546,8,33,55,63,88,108,2.1192677605306,0.458583991729416,0.745591473000762,1.48776114243302,2.49101939730998,1.50844753099901,1.16617636217502,3.2410739119964
10.4033541558873,23.9652830765117,37.9649290254568,49.397257106207,69.3002142827834,84.4586203686656,8,33,55,63,87,107,2.11469500642985,0.456272913240108,0.755216667626236,1.49164526992269,2.45069896329485,1.64905939187752,1.18788757392413,3.38224556464988
10.3856361537809,23.8966473034527,38.0400290283244,49.2990732361796,69.2262780662091,84.5435770072268,8,33,56,64,88,108,2.10899297360369,0.450034470627552,0.687967437347816,1.41614969246969,2.39347613144628,1.65424671956748,1.22038260135302,3.384315971208
10.3696585089732,23.7841040776167,37.0773794878885,47.897003874107,67.6749158527414,83.0813944036213,8,33,55,63,87,107,2.1038535959471,0.438318429162106,0.643301631977168,1.36117445889274,2.24950139664844,1.62239839947948,1.23875908923272,3.27993897719718
10.3671349662554,23.637662498391,37.0914109550437,47.8481491700368,66.8718780259234,82.5713459369247,8,32,54,62,85,105,2.10304209526358,0.486389081509602,0.668044706496914,1.44892915214068,2.22903465978274,1.59903385873385,1.29982150937298,3.30864625217418
10.3557853050294,21.8103745895708,35.1323174036398,46.0744224645447,64.9525883440045,79.1480616677564,8,31,53,61,84,104,2.09939311663848,0.331535003892396,0.647691826401505,1.24923942741637,2.28946424960877,1.56787590291502,0.997993655367393,3.00644106362992
10.2869337130197,21.716632991837,34.9703972472883,45.9359545774001,64.1389968597217,79.5327540267902,8,32,53,61,84,104,2.07728353836342,0.277275181624573,0.726410263673097,1.22652707106674,2.29713123651831,1.42620680924408,1.23613166055637,3.11807745236679
10.2072776458951,21.6487192444766,35.5725221927512,46.6365368319044,64.0185622553254,80.3368233428681,8,33,54,62,85,105,2.05176190338541,0.233288150846158,0.840052228516364,1.23018012042889,2.32937073241172,1.26052205943234,1.43214533080733,3.15968102476612
10.1151038275101,21.5483646725275,36.0071034062198,47.4186619396459,63.7576108880296,80.5252557093861,8,33,55,63,86,105,2.02230759744202,0.232578815755692,0.831997821012312,1.21086857206368,2.44382739518837,1.06125124632952,1.681178970806,3.24587378463846
10.0080514535328,21.3960184666885,36.6625233784805,48.0457827666639,64.9196821821107,80.1654184259799,8,33,55,63,87,106,1.98820551135639,0.228673035712267,0.974389058213209,1.30198718939132,2.4344703024075,1.04938167689412,1.33849653948212,2.90301497576313
9.9604742602974,21.492918154919,36.9809545026885,48.2908401769911,64.8435677933394,79.978930342922,8,33,55,63,88,107,1.97308687205361,0.241258965628336,1.0149950705892,1.34731420079647,2.41023976994212,0.89125703517642,1.31468376005024,2.67664985741158
9.91183502245864,21.7212027614403,37.3074108175028,48.5184373169612,64.7163901209054,79.7635077102104,8,33,55,63,88,107,1.95765476432023,0.266416827633007,1.03319651864261,1.39449027801322,2.37766324738329,0.833057596435267,1.29575221564719,2.57266802044866
9.85929623532116,22.1063215277865,37.5951662101286,48.6749075811669,64.5963102039942,79.5787195123919,8,33,54,62,87,106,1.94101293550582,0.308922724314783,1.13059192766369,1.52489602949356,2.3345281112831,0.788850209478198,1.28193106556844,2.48324320262416
9.80372617304198,22.6738748972325,37.9468797384118,48.889960657195,64.543986844331,79.4910655651798,8,33,54,62,87,106,1.92344232023673,0.375140921889578,1.08856199581292,1.57891377943627,2.28978318031308,0.747097901775506,1.27440666004145,2.40116338429075
9.74662376725705,23.4099037403912,38.3798704098967,49.1661179699189,64.5835899497449,79.5364176725675,8,33,54,62,87,106,1.90542112491919,0.468814587617576,1.03057618486229,1.6465019051775,2.23863427502514,0.710985363259607,1.27562997539927,2.32961541396558
10.0439975520932,25.2333230335918,39.9784771080399,50.5988553367638,65.6064553180565,83.1415583680862,8,33,54,62,87,106,1.99964342173632,0.676905378270055,0.988349733300157,1.90612138364401,2.18477794373476,0.65029447702344,1.86336255872643,2.70863239674133
10.5240563977223,25.4937440649874,39.7938281357949,50.4644175160826,65.44931296654,83.2769960912853,8,33,54,62,87,106,2.15361868070127,0.644803261209938,0.906801512000024,1.87534216531132,2.20105469799695,0.647003435382052,1.93433961668215,2.77103050756351
10.6826809691201,25.9847619608745,39.9519733698855,50.6469194261644,65.7009051314472,83.4844371279596,8,33,54,62,87,106,2.20497782149902,0.693655791766882,0.84764739557954,1.90169101182735,2.20895859527968,0.65704146617452,1.92357683374161,2.78068619176131
10.7302541649558,26.5162514269236,40.577990025095,51.4064872649551,66.6733862073063,84.5457027795691,8,33,55,63,88,108,2.22042585887485,0.767583150227368,0.765419257335209,1.90475238520527,2.25239196840868,0.688409790301701,1.78307828014211,2.74029495523597
10.7298224281966,27.1849078134687,41.4880894082852,52.4721209451167,68.0876103447203,85.5069791345325,8,33,56,64,89,109,2.22028557259556,0.875074753384212,0.712832433369592,1.95503580615539,2.30317416822767,0.741161513568389,1.67819118615295,2.75021183846739
10.706119356211,27.9718572799449,42.5215967372447,53.6404155816709,69.087507547673,86.6958000954654,8,33,56,64,88,108,2.21258620582093,1.01310632831911,0.75194259594524,2.13026238599445,2.34735219318521,0.804495475203761,1.72168931254645,2.90748851408378
10.6651262935483,28.8294430332355,43.5910325523778,54.8190935744992,70.8172699654699,88.1062050686876,8,33,56,64,88,108,2.19928263297957,1.17548868154484,0.786257546297141,2.31778715722296,2.383270748247,0.895912060509844,1.64837254278649,2.97568375829893
10.6097609403675,29.7246895372845,44.6317630769318,55.9519441741299,72.7992140567673,89.5433535582177,8,33,56,64,88,108,2.18133913939067,1.35728131478087,0.810196526636219,2.50610742595808,2.4136370119295,1.04457208848689,1.52575478316501,3.05567403319274
10.5960900752033,30.2066757654512,45.9352165058365,57.255592900876,74.4936697564838,90.8152914015616,8,33,56,64,88,109,2.17691284888056,1.45590537295415,0.950891792040331,2.74974311199881,2.41370146394629,1.11602470341191,1.29820967604349,2.91903268281211
10.6627578169962,31.1154180084026,47.1245376363411,58.4837232232275,76.1032809145273,91.8854522569019,8,33,56,64,87,108,2.19851445327905,1.6291357005398,1.0010231662332,2.97927090079463,2.42651544739252,1.30768582668966,1.18865894638468,3.025181617349
10.70437277693,31.9035297797075,48.2359366361533,59.6111500106911,77.7661228292979,92.7507303430377,8,33,56,64,87,107,2.21201907314629,1.78836767052509,1.06004324434381,3.19972538621409,2.43181108260297,1.4163025228797,1.15271104768229,3.10830681251568
10.7208867292521,31.1317950323681,48.2501932348036,59.8136310493397,78.6420299201496,93.0373206890631,8,32,55,63,86,106,2.21738243138252,1.75889166876763,1.20893511007514,3.33554419013104,2.49415637556401,1.55727220394843,1.03637510745082,3.16439567811022
10.7131867792551,31.2872065521201,48.9155215342045,60.4732765021825,79.650094431647,93.6389321990194,8,32,55,63,85,105,2.21488135461193,1.79467117400641,1.30943684912233,3.47297216022656,2.4922699069017,1.77685638794276,0.958888154944664,3.28904002467659
10.6829730566243,31.2124714994834,49.4323089001915,60.9592231118007,80.4717262897335,94.3072194627612,8,32,55,63,85,105,2.2050726059322,1.78488092304922,1.42967312554465,3.58103472008134,2.48203652812102,1.8532774851246,0.930259935395497,3.32102596889192
10.6324862977308,30.9391067778302,49.3639839827556,60.9415831365131,80.70417279927,94.0442335909927,8,32,54,62,84,103,2.18870085702313,1.736144183697,1.60960372309341,3.70810362112568,2.49885846327345,1.91088963077612,0.949514194466037,3.421811763725
10.3372531732062,22.3055444845331,43.3737923237819,54.4109993401925,67.4714287629479,82.3583512883622,8,32,54,62,85,104,2.09343759304792,0.332333652122967,2.22060089376288,2.50666221707562,2.32058439948445,0.529892638516,1.26163091675981,2.16177956008898
10.0382181166697,21.4766580168023,43.3634167746744,55.0563463629901,66.1741810949168,81.3690695668889,8,32,55,63,86,106,1.99780354350018,0.278126961940172,2.25187529009069,2.38914708853801,2.53721112926296,0.295793649822769,1.19532041169785,1.88167510142318
9.80669178464669,21.0365930797038,40.9366321696913,53.0744149266286,63.3481962957533,76.5521675968158,8,32,55,63,86,106,1.92437919272667,0.258184203235781,1.79099215045835,1.9646679636861,2.68609709646388,0.21559959879364,0.815997305100805,1.49339382943063
9.66857456606022,22.0260160716827,39.1682135284421,51.7009786061658,61.5914731797186,73.5012698536757,8,33,56,64,87,107,1.88084548917399,0.320172307923198,1.21355898088575,1.58440015128467,2.8195009879069,0.183702476412851,0.601432341056836,1.30079827588957
9.60836963953223,22.4873345947082,40.0329328656986,52.587089177694,62.2293652835721,74.1504095815293,8,33,56,64,86,107,1.8619334406479,0.376125043261877,1.29293206151141,1.71876776477826,2.82675692993239,0.202249536664747,0.521761775424869,1.26956072336415
9.53583344322057,22.1800241018013,39.3675289317073,52.1221195256073,61.8722248222845,73.1609462087454,8,33,56,64,86,107,1.83920037829539,0.35036484664203,1.2223799000413,1.61496204965197,2.89489545207827,0.211639871185051,0.435434532891431,1.22323503235206
9.44516309037478,23.5091477604634,40.0929425837889,52.4567804995456,62.3095508061952,73.0570199411373,8,34,57,65,87,108,1.8108659064074,0.453222861201328,1.10684556032988,1.63524161111581,2.76231175640936,0.22079833308228,0.367444802287785,1.10818901699645
9.45551701699181,24.1609232486948,40.4341878029159,52.7257293057742,62.616665065923,73.3379545285531,8,34,57,65,87,108,1.81409686309565,0.533526218494606,1.04914698621622,1.68803981221323,2.73789730859841,0.22425701837315,0.364298640665452,1.10002281382138
9.6993815370611,24.9255077049828,43.917985729891,57.211349554321,68.1128652619815,80.2951133991797,8,34,58,66,90,111,1.89053798393475,0.603277845229443,1.45847310415886,2.15888221673941,3.07935848777156,0.228396432585878,0.559508328974104,1.42994524869264
9.96276096225411,25.610335358366,45.1791669705252,58.0873791352202,69.7589474815895,83.3489889429106,8,34,58,66,90,112,1.97381298902673,0.662620318394135,1.57816047174015,2.37884810325373,2.94730114272753,0.301356012079969,0.689378012971396,1.6135653960522
10.2319879841112,25.5489295952613,45.4980852025302,57.7854920680226,68.6964924706014,83.3813123671082,8,34,58,66,90,112,2.05967240155249,0.615849832235482,1.6589475443076,2.4357818472727,2.73650216379012,0.229228905636973,0.87093238422312,1.56907867205936
10.5095685371439,24.9023264956519,45.0320430820611,56.6868054850956,66.6796494121837,82.2811998813446,8,34,58,66,90,111,2.14893944538555,0.493595568525387,1.69778978123654,2.35275925004504,2.52450726454426,0.156399902879613,1.15277526267651,1.56277942154048
10.791858696353,24.0642461330944,42.7428443367648,54.0503413641955,63.2572261314957,79.6215187816481,8,34,57,65,89,110,2.24046050299249,0.363015236242992,1.52550678592735,2.06327249931359,2.40945169858925,0.106522458144503,1.30702380621604,1.50573021296727
10.7364620668329,25.0440924539999,43.4167460816068,54.5353053090496,63.8929358408286,80.05911408515,8,34,56,64,89,109,2.22244320792743,0.482981681268303,1.59819626818209,2.28680582451669,2.3472669516641,0.0912122412077339,1.3992111654531,1.46981481574009
10.6199475802113,24.6195113264489,42.808646221537,53.9860278017497,63.512072430335,79.6322710521988,8,34,54,62,87,107,2.18463844200447,0.445509200046715,1.85764391791531,2.40232632578515,2.36659499593002,0.0998426139161056,1.38930630503051,1.49733034704443
10.5204385622898,24.2046610587427,42.3705398513342,53.4714848215393,63.1544951137168,79.1177220207701,8,34,54,62,87,107,2.15245002193248,0.408695642686067,1.85213753774291,2.3226102086941,2.34148489902164,0.108328287184411,1.35567643766246,1.48569944042419
10.4455972272138,23.9170955039629,41.8940583445495,52.9125110176352,63.4062097016662,78.2450930208227,8,34,54,62,88,107,2.12830177686575,0.384758067898692,1.8076000534648,2.23708959848745,2.31444123904312,0.129236762415361,1.25146109159815,1.42604859340395
10.4352796809514,24.160746415359,41.765852567727,52.7588180454051,62.9533056765953,77.6418831932704,8,34,54,62,88,107,2.12497686548033,0.413420799420034,1.72095267967724,2.21429115552812,2.30609753081759,0.111947565447726,1.21982997710933,1.35591946259875
10.5771056357498,24.8476679508273,42.2274849001083,53.325998742018,64.0363554663013,80.3943039019717,8,34,55,63,89,109,2.17076901390725,0.478394834396799,1.52291121036873,2.18640865472099,2.34068706443967,0.142706702501336,1.44078309910152,1.61309654418457
10.686757777974,28.4779175012094,46.8349668259746,57.0391038524875,68.9108017508975,83.1363206190317,8,34,54,62,88,107,2.20630084457528,1.00164396175645,1.89755359369457,3.1806149733668,2.05075692962793,0.22868043850826,1.12421732831186,1.41864207625391
10.7189328456914,29.2893222106332,47.8056404004148,58.3778972758836,69.2312574055983,83.4373827812664,8,33,53,61,85,103,2.21674772547835,1.25192917832555,1.93565312154592,3.51866149675662,2.16920036924334,0.224195487113573,1.25140531433615,1.58950593965306
10.8171569974655,28.5224654715571,47.5284612313435,58.1663980368911,68.7852560486878,82.7209772475426,8,34,54,62,86,105,2.24869770253469,0.986941950796589,2.05424795251852,3.32246467524076,2.19046721504881,0.20435279878514,1.06583411674253,1.42860534194947
10.9467996633285,27.7545354869188,47.2631965368162,58.015740993645,68.5293874615851,82.1398975020576,8,34,54,62,86,105,2.29099861970529,0.838685623275631,2.17819847810626,3.26795064751959,2.2276710325183,0.195782443316089,1.00169995385007,1.3810399099776
11.1083667069416,27.0235439554336,46.916655395197,57.8385125132962,69.0083815655774,81.7985492059798,8,33,53,61,86,105,2.34392083553945,0.787866950801061,2.27445052028625,3.33233757958815,2.28284867606802,0.2103780601863,0.846754780646021,1.29609331407772
11.2994375153787,26.3218770275323,46.4653303816188,57.5879973909617,68.8984090828192,81.287931147068,8,33,53,61,86,105,2.40679302097152,0.652449540323491,2.33778144723222,3.23909173067861,2.34861575009852,0.222070127819485,0.774834129737373,1.28755067324159
11.5129460556899,25.6207586275876,45.863712536512,57.2100233736856,68.7898275749323,80.797681549406,8,33,53,61,86,105,2.47740419549898,0.525750456748381,2.36309329734042,3.11624080949323,2.42226310655889,0.245465373536887,0.708741045354736,1.30361651901097
11.7359440945037,24.9064206078277,45.1499451531338,56.7141694502159,68.6595391353125,80.3016045966904,8,33,53,61,86,104,2.55154196805563,0.409395577416025,2.36323868907022,2.97268001575265,2.4944174752033,0.279267087450712,0.744953347983186,1.42241292011855
11.9500018081416,24.1914709735841,44.4535970076954,56.1938431955429,68.5830025427151,79.9028010720195,8,33,53,61,86,104,2.62306852195869,0.308362212002423,2.36797955885797,2.83497310760022,2.55297605277909,0.323442680240888,0.688624064567015,1.46777299827494
12.1344402371801,23.5231727799352,43.6538490381764,55.4920349889069,68.3990667484547,79.4676007137724,8,33,52,60,85,103,2.68497292007455,0.228738745512331,2.51951711584701,2.80451410143694,2.58566228035718,0.3792667074648,0.64597499985694,1.52417105359211
12.014249862458,22.6114370577135,38.4926064148307,49.7818060811683,61.8054098328304,71.9577723646105,8,31,49,57,80,98,2.64460406102673,0.244720976892812,1.62976842652849,2.1859039804872,2.40341652449133,0.396641022733559,0.500412278939332,1.3451611864786
12.0477187294364,22.5410601140622,38.4117415038731,49.6405031499613,61.6914122885242,71.3619141321334,8,31,49,57,80,98,2.65583473338009,0.235151030371063,1.62729912380661,2.17112013528032,2.38350143465148,0.399911461580591,0.430493454124033,1.2687518189919
12.0772625800697,22.5459069949704,41.7644389045867,53.3923077498986,65.4625238018631,75.0160120950866,8,31,51,59,82,100,2.66575520032586,0.232905510481563,2.10638888921345,2.56224531076319,2.51556263068844,0.402231876785009,0.414241723908331,1.31323515305443
12.1029224815394,22.6234651915551,42.0457332296395,53.5255216340252,65.4714052174369,74.9419750066916,8,31,51,59,82,101,2.67437667877096,0.237637800279058,2.15673995255625,2.61632841564107,2.46641419086645,0.387404800346681,0.336659149765392,1.17796539441274
12.1255577573361,22.7043147994771,42.3251163133876,53.7396297662912,65.545417906567,74.8789824886039,8,31,51,59,82,101,2.68198590583369,0.243007464967663,2.20614658349402,2.67045382264353,2.4448048120185,0.371028505886382,0.320236865590923,1.13027767009408
12.2774317210852,23.113224756018,43.9938233309763,55.6665085850054,67.3190469409668,77.0220433306592,8,31,52,60,83,102,2.73313676559897,0.267489811404121,2.34599346194343,2.87164126436823,2.53047143376569,0.353519240836594,0.365438522778375,1.19658290001507
12.3304842937464,23.1662052049294,44.1524930129724,55.8919317366429,66.6623340609363,77.1685779691403,8,31,52,60,82,102,2.75104367059923,0.267482765516388,2.3725042901863,2.90316553180476,2.55270687711142,0.311967247326218,0.401868657807208,1.19486564580699
12.2606102503302,22.972377876673,43.5130084625165,55.1674871303223,65.9397090934539,76.3625439076627,8,31,52,60,82,102,2.72746317046554,0.255519461749699,2.26131973557373,2.77687398078437,2.52441286640927,0.312164415578985,0.391189566136695,1.17140796441697
12.1889842692335,22.960813640284,42.2435214085903,53.6350016202235,64.6998915398634,74.6334731206623,8,31,52,60,81,101,2.7033276229317,0.261279848112869,1.95640532803192,2.53229415197259,2.43718784141459,0.406642494907652,0.331365853741616,1.18786040649804
12.0345962973167,23.5214305703182,42.484430372429,54.2210314303917,65.1519217641541,75.4021905054592,8,30,52,60,81,101,2.65143043977809,0.394460350686537,1.72873546616804,2.57806720785901,2.55176095482707,0.389859414279994,0.369535881300561,1.26400795299804
11.8566111290266,23.8781646271872,42.8528291105012,54.5892468412047,65.3789960701595,75.5738121495,8,30,52,60,81,101,2.59181964057365,0.462213794545864,1.73134933135294,2.64864874771751,2.55169984569826,0.372553934188146,0.362704759118471,1.23537515075326
11.6986601561189,24.2430622235721,43.2825086851156,55.0033548874041,65.7404406584196,75.5529987085112,8,30,52,60,81,100,2.53911951454319,0.533359436806305,1.74588981450513,2.73185313256365,2.54651027957787,0.366195380038418,0.37940056048396,1.25437163498192
11.5740934471696,25.2836398039571,46.1099613705422,57.8827348598943,68.6289463424872,78.2644278792184,8,31,53,61,82,101,2.49769429147703,0.622423718928799,2.16212315473482,3.16632326573402,2.56382350326287,0.367293358486893,0.356960504887225,1.23736783271388
11.4971788285267,28.9850625796008,48.6493055391694,59.9554916766344,70.9760866846372,82.2858530360603,8,32,54,62,83,103,2.4721770983078,1.16265805873276,1.88816545781123,3.55623053900011,2.40901922481635,0.401056828587298,0.511646701125587,1.37101678267584
11.4662397752635,29.6106348773577,49.1603916877679,60.4344705518931,71.7202953160629,83.0901322578666,8,33,55,63,84,104,2.46192607332981,1.17178643205286,1.86182323751545,3.52403364937102,2.39843118837237,0.435055933268065,0.520342400683227,1.41573824149807
11.4243116990182,29.8861997656238,49.3610973418282,60.5530379468784,71.9228603244362,83.5445071398609,8,33,55,63,84,105,2.44804634394123,1.23132393309653,1.84466399423953,3.5660765746269,2.37138334910501,0.446098094775786,0.479981912680635,1.36500070305568
11.4212194718691,29.9695112622462,50.7441639403653,61.6389821918466,73.0949243857728,84.7353050959646,8,33,56,64,85,106,2.44702326539998,1.24772210457072,1.98969807260863,3.71725189166526,2.27401991347452,0.457554875044989,0.482548890597371,1.33629936196643
11.4376076421652,30.1692287192426,52.071393860372,62.6678084212715,74.652303266793,86.3245204279956,8,33,56,64,85,106,2.45244625287579,1.28278797582298,2.25557827154122,4.00168249761816,2.17701788942161,0.530821065756504,0.486925797670571,1.3754728507244
11.3678394945108,30.85322737308,53.4927275189362,63.8087272143447,76.3538606612782,88.4728680590249,8,33,56,64,85,106,2.42937446734987,1.43075429423146,2.43495978655946,4.31392074922423,2.08661160376112,0.613901244667135,0.550260140420989,1.48671198407858
11.156039656322,31.1794216567252,54.9577988094461,65.0696323968116,77.4196875900674,89.6300065180968,8,33,56,64,85,106,2.35957901975434,1.53995306760687,2.71996164336293,4.64365360762932,2.02126413862618,0.58438227915064,0.563635525584198,1.4391454715959
10.9323632309857,31.3908428834767,56.381796655776,66.3432716030567,78.35400576295,90.3145876199123,8,33,56,64,85,106,2.28628087208215,1.63035688609795,3.0332156617933,4.97145605771023,1.97340462255986,0.534588164172236,0.527398499340184,1.32764128603308
10.6922939860371,31.4430143323448,57.3010853785768,67.2047194272687,78.7937322247973,90.0651563950377,8,32,55,63,84,105,2.2080977198553,1.8337054253131,3.26296645279734,5.35471621526698,1.9550551913315,0.475525506565971,0.433176043002012,1.1594513866863
10.4283258651747,31.4339483333213,57.9726126743966,67.934969722322,79.1432626761276,88.7504186158826,8,32,56,64,85,105,2.12273651176895,1.89050899419092,3.24792123724319,5.34577983922044,1.97368472658697,0.42498046729691,0.294189877761801,0.968515601752679
10.1299853654162,31.4963611160672,58.4482087203045,68.494536934552,79.9859165990318,88.8567335070423,8,32,56,64,86,106,2.02705730493437,1.97187815181095,3.3575068728179,5.45929166083396,2.00038548164588,0.395014385250095,0.218658623689392,0.852186343216189
9.78667365422607,31.7452033539384,58.8462634135036,69.0115658115546,80.9920764758866,90.1888144212465,8,32,56,64,87,107,1.91805702525277,2.10784745098515,3.39732425297006,5.55484892990485,2.03833819218235,0.391506584657869,0.250646157105854,0.898368119812396
9.39531459084076,32.6889654667665,60.0470912699934,70.4431715662407,82.7360834951162,92.0342382722085,8,33,58,66,89,109,1.7953275149265,2.26104112826327,3.27077037218548,5.50235099552949,2.11235376025624,0.429471473931862,0.261070318753449,0.979327127414842
8.97053408556957,33.3811131344806,61.0115927374685,71.5499867117563,84.4651774246122,94.1274578100533,8,33,58,66,89,109,1.66408753164958,2.52726961082719,3.34218432770009,5.73285066074158,2.15825130690543,0.51012764378403,0.300311318184854,1.12886253331996
8.5456400521544,34.4761067380197,67.5245611501927,78.0047282580852,90.9312318188431,105.049421032366,8,33,57,65,87,107,1.53502637275656,2.90367946413998,5.07613490633446,7.55368858883251,2.13944952354474,0.588301756224909,0.983297403483907,1.90401965148107
8.36901352709597,34.4906461049497,67.2880345521166,77.4853194277099,89.1301947491008,106.509881941756,8,33,56,64,86,105,1.48207112037472,2.95210308138744,5.24345865759563,7.6893730172063,2.04856463183731,0.413946366287523,1.82599545426899,2.32094051653974
8.17555889949239,35.3217744799618,66.261421971215,76.7332395104947,87.3753191898291,104.485669917924,8,33,55,63,85,104,1.42456342567293,3.21550401526881,4.93066853123923,7.61774868703387,2.13675600709616,0.298224100105319,1.76180147792425,2.13699044203044
8.00700234142209,36.6254304698384,65.3263144667577,75.9053193275036,86.1239084006457,103.168127456246,8,33,55,63,85,104,1.37489239472367,3.60474622807697,4.27010048183296,7.37135511084113,2.17138350020105,0.255148981081698,1.74615053933543,2.06802300793846
7.8942270800246,37.9771864211556,64.3229863540428,74.992264149632,85.0824494318133,102.004410610588,8,32,54,62,84,103,1.34189289133608,4.21809493161456,3.60080998173497,7.30535780632969,2.20062923358891,0.242787606675482,1.71733347389127,2.03936024942739
7.82988351827506,37.1074683155018,62.8991222328685,73.7048808740097,83.5023564074575,99.8717779040729,8,31,53,61,82,101,1.32315103996424,4.2102153169077,3.44758966646821,7.12880973795821,2.24498565851006,0.261988013127814,1.58903364406714,2.02346333071885
7.80042819043143,37.9639785447206,59.4803315647749,70.723004492128,80.9860950598189,95.439385363263,8,31,52,60,81,99,1.31459247975381,4.46521858622194,2.50677076642749,6.43476706194825,2.38808268927233,0.311414633266805,1.30510705936157,1.95303965958802
7.74305034456867,38.4162150430122,58.7197431456489,69.9215111772098,78.9593477327214,93.0504710693418,8,31,52,60,80,98,1.29795922285868,4.61351037453405,2.20282094739644,6.24043300743248,2.37461652051891,0.234761336362002,1.22668600996981,1.77521208807299
7.68910898550446,38.6150926293679,57.7361989282473,68.7900041543885,78.1371063050912,91.7248078044469,8,31,52,60,80,98,1.28236900992061,4.68750021332592,1.91823961564164,5.99165379934589,2.32602381963661,0.266180643514962,1.12053789744046,1.71647901397991
7.63746359936313,38.6050173552345,56.5954330969502,67.4481967252293,77.2596487479206,90.1200379240647,8,31,52,60,80,98,1.26748540433196,4.69969249151394,1.65809340424354,5.70677978959688,2.26030096912878,0.317196420215562,0.973402345248624,1.63809631120907
7.58381809476897,38.15574921934,55.0229539713801,65.4828499925595,75.8332815988044,87.8795651451525,8,30,51,59,79,97,1.25207044799787,4.8206826574988,1.41249253954675,5.49661406425926,2.13291134096742,0.382031766152253,0.818103657312512,1.52788894058937
7.53210819036853,37.0184349729089,52.7018833487355,62.8729921661506,73.7683329620438,83.9130295596917,8,29,50,58,78,95,1.2372556254583,4.73881282612489,1.16899529693205,5.10429022979749,2.04019405088799,0.453486923743811,0.585535462356615,1.36032124222298
7.47080640345501,36.4841546132912,51.1582761011365,61.0813986737848,72.850730293474,81.9776810898149,8,28,49,57,76,92,1.21974927899715,4.84397622320865,0.975150447584977,4.90322264806041,1.96123386916206,0.668678680192437,0.50970419773678,1.48871168249355
7.25457228483491,36.0514828010161,50.0204521627481,60.6072022026296,72.6705271121168,80.5162215811581,8,28,48,56,74,89,1.1584993008953,4.77794837573756,0.955159906294169,4.80025892688003,2.17388976588742,0.821246981199788,0.394853078998513,1.63959455607746
7.00125383864635,35.3111417508288,46.7308367492284,57.6309403253878,70.0188124274023,78.3978104399275,8,28,47,55,72,87,1.087777528926,4.63010494774815,0.611738759895557,4.18724088072416,2.27574517947615,1.00068285517951,0.476857166479862,1.96609234695816
6.7617713697816,34.3808386658938,46.1468704110998,57.6482731979142,70.4450513597159,77.4247515870082,8,28,46,54,71,84,1.02199774254599,4.42218425329722,0.767096637607338,4.21381836114264,2.47357721569,1.08517719284802,0.423993524900068,2.13704881360752
6.54023991879285,33.2299828752922,46.2579940602255,58.2123010958872,71.0332803959541,78.397222806378,8,27,44,52,69,82,0.962133886490803,4.38700529704666,1.13403248129459,4.57869168297677,2.62451064597264,1.09025467995939,0.488588632818395,2.31095565861946
6.34063744576156,31.6282352013024,46.1099755932297,57.8562605466092,69.8306202062825,77.8425579296388,8,26,43,51,68,79,0.909048758371747,4.20932336381978,1.45761854996249,4.71865909417934,2.55498929056596,0.917807197583991,0.853106962292366,2.50012054592704
6.16040043972272,31.8499329598739,47.174684274425,59.2908711279124,69.1836019575002,78.4564990887197,8,26,42,50,65,76,0.861841939683986,4.33181589269509,1.82647740502946,5.17051569427003,2.6788352663344,0.743960856662918,1.15645551001557,2.6940046236006
5.98003313194015,33.454428707561,48.7682291231278,60.5539028735464,70.241672322432,78.9288715679631,8,26,42,50,65,76,0.815324063568618,4.88462474982951,1.82370099715317,5.5833034079066,2.56812783006919,0.705053837218905,1.0119832665731,2.44675075133094
5.83457771851326,34.2217113624951,46.0876145994894,57.9960517780645,67.3970265317978,75.7564793529417,8,25,39,47,62,73,0.778359010703392,5.45052972651149,1.30666033610364,5.46867923870985,2.60915273502768,0.651988775340969,0.933787316270934,2.34085390612445
5.86752031092428,34.613524362166,46.1681462104142,58.2954411446697,67.7397472314425,75.8229525252849,8,25,39,47,61,72,0.786686862090499,5.56720152742898,1.2327314671796,5.49008394501577,2.68257004124501,0.771473286913888,0.869458705367339,2.48162527486437
5.89886722734525,33.7706031613608,44.9262247218787,57.3339677559175,67.0188309119178,75.2580716768608,8,24,38,46,60,71,0.794635387138576,5.571413206408,1.14001360488703,5.35980741555066,2.77715645048911,0.82016899476393,0.905611681396089,2.63218197849033
5.91772422078904,28.5149053563858,40.6585395903262,53.08358411375,63.2051569209497,71.3912751225351,8,23,37,45,59,70,0.799428112093848,4.14661991284789,1.37375049207322,4.44116978705896,2.78300993666801,0.911296742588655,0.893249641298146,2.72269587795377
5.97886667472032,28.0567204866687,40.6204799732586,52.9526831607246,63.250960611792,71.9766913575421,8,23,37,45,59,70,0.815025650165111,3.98313995708521,1.47717555765546,4.4314876623944,2.7516241845775,0.949128801063864,1.02130512832592,2.86542248969409
6.07405106943648,27.6119340102475,40.8698818420536,53.1167595219568,63.5962333153049,72.9401052072068,8,23,37,45,59,70,0.839479693277225,3.81461925969067,1.65288661642118,4.49504334454723,2.72283290624892,0.988475450838707,1.17435244694371,3.03170747388161
6.23255609786488,27.1971257643767,41.4995570786992,53.6638003529368,63.9864558063777,72.6808444959154,8,23,37,45,58,69,0.88065565084802,3.63739506610008,1.92761093203496,4.6566399903487,2.69499931969768,1.095572742189,1.0137205806027,2.98527401418235
6.50551635759365,26.841541999334,42.2729732059491,54.3670473566915,64.7006083724702,72.0250404780723,8,23,37,45,57,68,0.952839761767824,3.44521542467635,2.23703976890668,4.85729717616618,2.67140318103382,1.25592125599847,0.700835055922703,2.81151847920524
7.11358841502205,26.8417866727665,40.3112635836388,52.0478185436984,62.4954315120802,69.7285948876477,8,22,35,42,54,65,1.11899815486468,3.50869128289882,1.89678648865017,4.73248752123062,2.85095169676254,1.2845322044557,0.68140520943039,2.89579260959926
6.13142344816162,25.7947281396592,38.4230100020734,49.8685423253183,60.3695726493867,67.5792518198018,7,21,34,41,53,64,1.03508236792859,3.48856527252159,1.67050011656695,4.43214629132994,2.74941492460914,1.29799807333895,0.676436983366311,2.83368240031482
6.25353217270757,25.584365985244,38.053904388286,49.3059101962654,59.7709911413361,66.9212746166738,7,22,35,42,54,65,1.07022805571858,3.14278677285514,1.62869502589431,4.14904686928887,2.68221149040203,1.28893109194496,0.66392913716203,2.7654546101465
6.2303585061925,25.6835066710659,42.0090142689785,53.7120646103443,64.4123785966997,71.38759287235,8,23,39,47,62,76,0.880080966054817,3.17924917146274,2.08524547707174,4.41580917636063,2.54058169995396,0.904795626480469,0.343508237834381,1.88979987115763
6.29382698494702,26.5453837587448,41.4251111541657,52.0578025676516,62.7109503462096,70.9234864427038,8,24,39,47,63,76,0.896720676821407,3.18234747850927,1.89214402116126,4.27042635136547,2.18876732440396,0.777192178514355,0.644097037431186,1.91286244607056
6.5767637197964,28.6738454544588,43.1393959447375,53.7694993792582,64.8184335500322,72.6298208015254,8,25,41,49,66,80,0.9719363019972,3.49398747331542,1.61252370530131,4.33993191247933,2.18792872288993,0.742358620658198,0.472435246352999,1.67883883336718
6.94148243477927,28.1628102321953,41.4824150918094,52.7028671840324,65.447775921957,73.655040919723,8,26,42,50,68,83,1.07125931490281,3.01827503590494,1.34035319275503,3.77460508817376,2.38076570703203,0.950750657343723,0.449711362701836,1.94316442183539
7.13717439165477,27.443671533116,41.9367549230228,53.3013277028576,64.9753320969991,73.4998246743992,8,27,43,51,69,84,1.12558209988895,2.56597034034989,1.61925413161932,3.71931083132347,2.4282951602211,0.750633471916387,0.50038918295782,1.8305088136008
7.13333333695761,27.7553219118844,41.0008139395038,51.5722993857328,63.3082030575722,71.9667917694009,8,26,41,48,66,81,1.12450920771378,2.85118308781413,1.47928150050717,3.82509531046263,2.4480367319299,0.761691141163106,0.522502841927369,1.83498948527103
7.270781218522,28.3000690586901,43.3407483910303,53.9721325855234,67.3111419677829,75.4425343724499,8,27,44,52,70,87,1.16306300772352,2.75934978408387,1.58898218010895,3.88393444024538,2.18834372911493,1.06937762386446,0.296460882282681,1.70664721237014
7.41097444140529,27.8225762592019,44.1024805212793,54.9571978676988,67.8916748337051,76.0192329478973,8,27,44,52,70,87,1.20272255682508,2.59385139844054,1.89246861619418,4.06193528555903,2.26093795988257,0.988039703081064,0.295998088741639,1.6744651427957
7.54615538456146,27.6893132412452,44.7755495199101,55.8229359151707,68.0932469651624,76.5923518049661,8,27,44,52,70,87,1.24127583420217,2.5228070851079,2.09821717211083,4.22126279406955,2.32392001617398,0.859800998669797,0.342478137250884,1.65718292532818
7.65091386458207,29.8952743282992,46.0305222251807,57.0551068039397,70.1168308730979,78.6521729983166,8,29,46,54,75,91,1.27135753673958,2.69459961433684,1.85622178235386,4.18653135015522,2.31644946895962,0.695119671704563,0.419032307856934,1.58813187984177
7.793232423812,30.1855593156899,46.1187528818923,57.0856557182686,69.7209564263709,79.0583429065203,8,29,46,54,75,92,1.31250370322148,2.73324225735142,1.80594446667219,4.20721893894004,2.29757125293096,0.627761244091571,0.459025118768692,1.54140721948241
7.92527627337261,30.3027835662062,46.4514148846735,57.26504873468,69.6217393932944,78.7981119906224,8,29,47,55,76,92,1.35095928370358,2.72936505205208,1.69313923843556,4.12236409426194,2.2475502136697,0.585375758990941,0.517627651353113,1.54258180794283
8.04601001315869,30.4652146896125,46.6266442554646,57.1615258119878,69.4843576933428,78.4298338275536,8,29,46,54,75,90,1.38635052514255,2.74027813516853,1.8627667180128,4.32691747144435,2.15711622947336,0.580314188774836,0.571149638360635,1.55218159687451
8.14886712741641,33.1902481977099,45.7957838058943,56.0228218148268,68.6220808361871,79.3063101308826,8,31,46,54,75,90,1.41667036096902,3.04644960670788,1.32624584992523,4.13164685535267,2.05808729039058,0.622204858123843,0.901480029112315,1.84690674463692
8.27575441297895,34.0116730645654,46.4946532791885,56.715200686936,70.5155602713901,81.2431347534366,8,31,48,56,76,92,1.45428278214244,3.23032439828247,1.02011434520976,3.97363711293101,2.056009194797,0.923748417278722,0.791367426782367,2.07298909023403
8.45061870399559,31.375146041582,42.6141492942677,52.9061688389245,68.0208993115668,79.0077406135693,8,30,47,55,74,91,1.50648513696551,2.68448145645719,0.777211248808817,3.26533386428036,2.0789151292605,1.31024892189184,0.731110322461078,2.38843418782496
8.49197042829291,30.9115856275554,45.0297471175765,55.5672810727663,72.0573466166398,83.2908270314514,8,30,49,57,77,94,1.51889092710903,2.55575356469178,1.10245576942262,3.49725668953202,2.1579733714054,1.46966562338906,0.776189666946907,2.63223822943299
8.50237757310147,31.9261275807433,45.635780564708,56.3032935497475,73.0747152245129,84.8269353143568,8,32,51,59,80,97,1.52201676217649,2.45638885138458,1.02109390005835,3.34139975306667,2.20005677218453,1.39218281689062,0.874397367262456,2.68896557614736
8.5165933380679,32.0332889882122,45.853176057667,56.5089300712648,73.78925319811,85.7585595915743,8,32,53,61,83,100,1.52628887850602,2.47904935469996,0.821983184096371,3.11410417123676,2.19624317470585,1.36614995849431,0.916810931642741,2.70208959885132
8.54075582655841,32.2626715357384,46.3888983326201,56.9506610318624,74.7900044593869,86.565810714342,8,34,54,62,85,102,1.53355637122174,2.20336549408538,0.984821922112606,3.09053204349418,2.16580609602328,1.35189097300115,0.878968771972707,2.62740688504247
8.57847375598799,32.1836310784864,46.0851964932494,56.445547961138,74.6332543645002,85.926162189186,8,34,54,62,85,102,1.54491651858077,2.1766512759507,0.942553749175893,3.02972762588284,2.1008610146274,1.42304429804797,0.787209809026856,2.56136522777945
8.62591298585692,32.0166695309495,45.6989421498314,55.8141492092575,74.1763929670461,84.8950393682523,8,34,55,63,86,103,1.55923124405296,2.12787401861829,0.79830230821559,2.82707148272897,2.02234053812562,1.45918478200627,0.683320205249252,2.43632539061102
8.67298506177555,31.7903862408574,46.3063539906249,56.1211607660318,74.5220851932426,86.1497605338551,8,34,56,64,88,106,1.57346428126605,2.0662128361084,0.841784499389592,2.82064415516026,1.92694328998446,1.33920811780987,0.742399842888178,2.31929325478449
8.70871373017075,31.5410922372942,45.6768289175745,55.1345514521372,74.4371095156749,86.0128646476431,8,34,56,64,89,108,1.5842866378046,2.00256244259894,0.777653168305544,2.70077673036022,1.81478525321877,1.39431506475447,0.636887731785791,2.18091403309093
8.7260797532671,31.3016271895158,45.2921979120546,54.3821774714563,73.8455267621965,85.2531746270439,8,34,56,64,89,109,1.5895528186456,1.94578068111193,0.753730333655452,2.62849472283243,1.70077520921287,1.42634356178448,0.525849780511487,2.00675412379601
8.72326212641929,31.0804703031305,44.5500291906569,53.3170357202646,73.290577668667,83.9184478054049,8,34,55,63,89,109,1.58869812058979,1.89794395497228,0.762261574579625,2.60820035294073,1.6019789944042,1.40361410802524,0.417686910603816,1.805207289434
8.70219147683165,30.8530144223113,44.3154406142238,52.74923321092,73.0483958115048,83.0193727732555,8,34,55,63,89,109,1.58230979151223,1.85309994567561,0.761065046603691,2.56432057033837,1.50144380710487,1.46795164248868,0.335766174625299,1.69786081116371
8.4675885708659,31.0149535645385,43.4120648387789,51.7967196620264,71.8709426447769,81.0131732513339,8,34,56,64,90,110,1.51157341985243,1.93958346319149,0.512838699564597,2.28597591454583,1.48674351542363,1.4233930387052,0.245135464497411,1.52580201808098
8.03138842689859,31.3581044090241,42.8396767811504,51.2797067645253,69.3062542651631,77.8651486749,8,35,58,66,92,112,1.38205294996831,1.96617509639015,0.334489538812619,1.97758518841979,1.50331216500964,1.04240695458359,0.190229983564142,1.1553074753528
7.78585667394975,30.0545787225949,41.4510683584773,50.1832117290504,68.2872014028963,76.3776218859841,8,35,58,66,93,113,1.31036351133055,1.74031173489264,0.325218784188283,1.75373809113959,1.59139249992271,0.955356786231204,0.151599222063262,1.06720549460281
7.45899734232659,29.4564124979919,42.7535906515666,51.667295093951,70.5606932666248,79.0414744548439,8,35,58,66,93,113,1.21638399772453,1.68395946116576,0.56285453181767,1.96338855419142,1.64669345456773,1.08995021385347,0.183448407001195,1.24954176901006
7.07696592962591,28.8144787967178,45.111488642701,54.0401478071302,73.677232149127,82.4169316137719,8,35,59,67,94,114,1.10879481427152,1.63059890924154,0.947177121416546,2.25828064949769,1.65126684543623,1.22321247150428,0.20644659255043,1.39420377864391
6.68079404940628,27.8428257815611,44.551403804651,53.5137636466658,73.1286607368355,86.3028859455713,8,35,59,67,94,115,1.00000297396575,1.51467441968743,1.01966477974441,2.16219597119703,1.66158316113066,1.21914925817855,0.713379533812957,1.99912016906816
6.52259118295559,27.8779714727248,46.3310266261666,55.6236341452984,75.0569853265651,84.5136887602123,8,35,60,68,94,116,0.957406943101946,1.55327473450374,1.22965224659802,2.36287353077187,1.76340155831408,1.29927509362358,0.186639622194251,1.43696980202889
6.52592047088485,27.8541239048379,45.8916924586839,55.5526046941172,75.1989574834069,84.8494116619205,8,34,60,68,94,117,0.958298156233834,1.67807888490574,1.04433164024002,2.2864711362183,1.87843635470811,1.34005414140262,0.165180235069074,1.46477020145605
6.61748551747309,27.4775949345083,46.3352108737744,56.3449665968987,75.9549873109122,85.7896799699863,8,34,60,68,94,117,0.982897077036537,1.58124188720929,1.1914819566356,2.36360591548054,1.988747506981,1.33306467345526,0.179296559699716,1.53837443271782
6.77734207509572,26.8091409319502,47.0906382200767,57.4882750484606,76.7280950890202,86.7333746233688,8,34,60,68,94,117,1.02624159155532,1.41504622778864,1.46443399706032,2.49727148120907,2.11285472076923,1.26264076477622,0.192955873933367,1.56667524550086
6.97466903547614,26.0735015095202,48.1622079912948,59.0231918223075,77.6688592067232,87.9480016600775,8,34,60,68,94,117,1.08042252122404,1.23620616596961,1.83967503355736,2.69168607805681,2.26298131389561,1.15271627493442,0.216065926266538,1.58832731543139
7.17881561878388,25.4309673881464,49.5765665241918,60.8995305710931,78.8101044528219,89.0535892604758,8,34,60,68,94,116,1.1372301948287,1.08209000595106,2.30118295888912,2.95661531797423,2.41455546806464,1.02224085139581,0.257583563606768,1.63185632139701
7.26788545518203,24.6155937481903,49.8480042051384,61.3162293727963,78.5198120769563,89.3462508843718,8,34,60,68,93,115,1.16224735801372,0.926669232998211,2.5581688897957,3.00850870198325,2.46258366203319,1.00223170121644,0.318068369735076,1.72896443697825
7.28187759131905,23.6549923769793,49.0624772559592,60.5113127024023,77.621297721359,88.7372016480731,8,34,59,67,92,114,1.1661898615962,0.770603855844141,2.7724099546307,2.98081882052495,2.45616288240203,0.985945642327533,0.350541022026665,1.75721659616001
7.29185518011502,22.7790441441331,48.4378559579887,59.848536616004,76.9792795073067,88.3271874769169,8,34,59,67,92,114,1.16900326198757,0.639737923973081,2.83527088622095,2.86161003135925,2.44353702859114,0.989548187462829,0.377710809435039,1.79182744078891
7.29901964803729,21.9948031746198,47.3776093533892,58.6150414138898,75.7904989375347,87.344536179507,8,34,58,66,91,113,1.17102449580721,0.532275162625295,2.94681582886034,2.78162694871639,2.38635658099197,0.997326541768399,0.402690377618527,1.80441002186817
7.3046759944701,21.297023923882,46.6348612723725,57.8058204361529,74.9735389869161,86.7900505155117,8,34,58,66,91,113,1.17262088136519,0.44464924384681,2.93526971526573,2.64288597188883,2.36448327780637,0.995978539258471,0.435623626482336,1.83508799863599
7.31027942734696,20.6763383923504,45.8273504533147,56.9195629558546,74.0512945993963,85.5387770295217,8,34,58,66,91,112,1.17420287338783,0.373163857810721,2.88744021536794,2.49510513867984,2.33861935903361,0.989719919245924,0.461784940252806,1.86167219015001
7.31735572091732,20.1222924484598,44.945892095393,55.9486976171419,73.0119987489866,84.8232647575985,8,34,58,66,91,112,1.17620145877225,0.314525340389109,2.8041678584901,2.33753436595625,2.30931818761911,0.977863134150739,0.506256352076399,1.88924312125479
7.32760485048308,19.6242421595722,43.9730217525458,54.8791279500497,71.8392836675364,83.5995553738771,8,34,58,66,91,111,1.179097676547,0.265936318914644,2.68467602705457,2.16830538557981,2.27770488709935,0.960101521338595,0.578457005991504,1.9495779331539
7.34304817663982,19.1696701661095,38.3500460431885,49.6863549088027,65.6459609063577,77.7514082713091,8,33,55,63,88,108,1.18346505907047,0.268029115752538,1.77766081917179,1.5498543379372,2.41896053869376,0.794895723081413,0.63208297779648,1.91145580774201
7.36378546112464,18.7401364819583,37.5642472948245,48.711106684047,64.6350904024138,77.0785256680051,8,33,55,63,88,107,1.18933594499925,0.227677249017944,1.69771421877329,1.43210296708868,2.3565622657251,0.789258031830856,0.784362907505527,2.03582391468542
7.38064294133159,18.2728567994117,37.0692555501763,47.9618104986542,63.8362365820134,76.8932998078594,8,33,55,63,88,107,1.19411378727562,0.188317939680926,1.69154717894442,1.36000431022288,2.27328118819969,0.78144359489336,0.896058644429185,2.09005748321068
7.41152167467774,17.7956123549775,37.1783404437154,47.7044612128589,63.6185905574828,77.3290644448574,8,33,55,63,88,107,1.2028780157839,0.151526358533568,1.82360824924184,1.37575338601878,2.15428558330278,0.787701492823467,1.02125506419256,2.14785543885882
7.39117769975514,17.3416082568418,38.1207662558135,48.2986838289603,64.0563198674319,78.1156426143604,8,33,54,62,87,106,1.19710203977186,0.123778532492614,2.32063143737714,1.60591353960061,2.04237070344593,0.763160498862045,1.09059522075574,2.12020528828899
7.30017289825085,16.5780987061215,39.9999591078767,49.8486071272681,65.2820288979665,79.3254155121286,8,33,54,62,87,106,1.17134993207915,0.0872973328675044,3.00626813748254,1.90971537466958,1.93764358432436,0.713395564228867,1.08739097551041,2.00304121961724
7.49783218770385,15.7229438605538,43.2026253006476,53.5088297216026,68.819090414095,83.4632144836444,8,31,54,62,85,106,1.22745960053963,0.0781425304132733,3.70442343617149,2.47488477077556,2.08346711941567,0.878096816289339,0.969597118572676,2.16743113750752
7.52026644290496,16.370213496837,43.8833494254601,53.9142468806432,71.2978968691619,85.5596639125461,8,31,55,63,86,108,1.23386909996119,0.111507039836508,3.50794189435808,2.48423325490443,1.99547350296609,1.26084244605093,0.798676020973391,2.31011272517556
7.50299669120191,17.5730045946424,45.5425076196344,55.1811897861173,72.1983936361593,86.4070942172947,8,31,54,62,84,105,1.22893437546458,0.198286820452119,3.84059624159077,2.9221571495207,1.87145053337213,1.31220368960414,0.890402777787853,2.39206998797326
10.4884055222441,20.3626166293399,43.4184118193549,52.7460415775772,69.552809511453,82.9291742431743,8,28,48,55,75,94,2.14210782485243,0.324439070853837,3.10897656224571,3.29457921265678,2.02971402289594,1.53968926060162,0.956457580144592,2.75384101439797
8.15226132119116,25.044764463936,42.6887108603493,51.755624576775,69.4672198768881,83.1668259912203,8,33,56,64,88,110,1.41767349636321,0.948524131602694,1.31256449435783,2.15915577295545,1.6936770942024,1.20504070911592,0.706737303118145,1.99041513922267
8.47904838555867,24.2432217214816,42.1174439067992,52.189814298334,70.1219248046792,83.5572597374179,8,33,57,65,90,112,1.5150117544161,0.764178944046355,1.23621250517205,1.95859752804409,2.00868078623469,1.13261809148392,0.66518486471791,2.04998320429972
8.85266181355992,24.9495358041374,40.5806138295477,50.7550629408762,68.9267765990673,82.0038702411111,8,34,58,66,91,115,1.62805446517236,0.728639900558524,0.834557530282648,1.61916773786085,2.04126183320635,1.17686448127979,0.461692807874816,1.84501134310743
9.19080016144777,25.1048087889203,39.7080878973706,49.38617891122,67.5313816499348,80.0918632963205,8,34,58,66,92,115,1.73187551049295,0.701432288826846,0.672735407456558,1.48889320184849,1.88383846431382,1.06320373868838,0.463342175960719,1.68019542672757
9.25174649769539,23.8644862433085,41.5075412505368,50.2705659497315,67.9655637360748,81.877083220063,8,35,60,68,95,120,1.75073387484813,0.455868393223575,1.08012767783924,1.58103048132917,1.60076909293633,0.888537857142332,0.500225134897857,1.41607315566394
9.10508759558651,24.2656513023445,41.7805132907475,50.1418137506226,67.3737528841132,81.485771251187,8,35,61,69,96,121,1.70542790473734,0.522995275034868,0.954647289563702,1.5348190451483,1.47976829747447,0.815384854046873,0.526303944680469,1.3234943934148
8.94877419770778,24.84750902891,41.7457961547216,49.7817548703446,66.9827447536223,80.9388162146877,8,35,61,69,96,121,1.65742269637898,0.620389578895725,0.853180729806704,1.5297698013202,1.38339591136435,0.810592248207712,0.505965594881596,1.25402352782553
8.78485650506425,25.3684265783991,43.0168864535629,50.5338893922171,67.6384245986139,81.2481175780237,8,35,63,71,98,123,1.60740528838373,0.717581828172834,0.792127611870277,1.54428487681567,1.23293619959357,0.795734698484393,0.46216292378746,1.1282033341042
8.61541682653251,25.8026151372154,43.3007040226652,50.5117394762163,67.613015480426,80.8967905439421,8,35,63,71,98,123,1.55606149601882,0.808460521858781,0.769605692290538,1.58540013859562,1.14626384587434,0.795234752864351,0.422706027306911,1.04849624263145
8.44254578634135,26.1129446036635,43.5981691713069,50.5193476477285,67.5652904658027,80.556945708981,8,35,63,71,98,124,1.50406590246101,0.884584318705645,0.767692265931559,1.62899424798381,1.06566321813564,0.786767848130881,0.333460996105107,0.90660438439892
8.26836301659746,26.252865670533,43.8597617429637,50.5182598798999,67.4141693997038,80.1661893776167,8,35,63,71,98,124,1.45208555483057,0.935625415669043,0.785873722932919,1.66775164534396,0.993969588234502,0.764010176011525,0.309264485862937,0.833584362739234
8.18781066691744,26.2627873836933,44.216383946794,50.7047968896384,67.3954565264172,79.7678263382942,8,35,63,71,98,124,1.42818982656764,0.950549955427981,0.838703042503823,1.72121609388874,0.948270921246147,0.733354803203059,0.272899182863722,0.752861763484259
8.35616130389026,26.2836365047949,44.1522334660274,50.729148470012,67.389404754463,79.3678560052456,8,35,63,71,98,124,1.47823439944264,0.926269070682895,0.825612293462503,1.71154564124964,0.971976960360413,0.728861236928816,0.237749402234374,0.718281515619639
8.52211865579962,26.1035178641228,44.0004948820257,50.7152349340543,67.2877880784901,79.0452614571842,8,35,63,71,98,124,1.52795007397892,0.870343022899169,0.829973137685439,1.68876412502212,1.00920769675888,0.715967852774921,0.219193472237312,0.701004585923938
8.68257037629661,25.7338510033003,43.1658481506696,50.1240167932119,66.5660977006717,78.2560323083965,8,35,62,70,97,123,1.57636609170597,0.78758289700729,0.846658678139668,1.65232643032892,1.07586402703572,0.69697762053819,0.2136895772185,0.705576294691248
8.8345413599714,25.224720987481,42.8811706864707,50.0843194338339,66.2953447457104,76.5693917044577,8,35,62,70,97,122,1.62253045888906,0.689487199294202,0.882345749159407,1.61006774886806,1.14405092521515,0.663912921132193,0.14416779930726,0.62069372023287
8.93678216928667,25.6111566237732,37.3448217880072,44.8692294355656,60.2403932024176,73.2810443892626,8,35,61,69,96,121,1.65375214718707,0.730946351721369,0.217244324560118,0.951220849531606,1.23505314912577,0.549981859451441,0.394403944040735,0.853335204984738
8.84151940934048,25.9550623644597,37.6896100437134,45.2098540741003,61.1133707466457,73.9913737071722,8,35,61,69,96,121,1.62465722387004,0.797117155279692,0.217316400848984,0.991940542910758,1.23386269255877,0.621045785482704,0.376017596199556,0.894649909192907
8.73601804389278,25.8944619836878,37.8069966117276,45.3130986440323,61.384702916154,72.9939520663271,8,35,61,69,96,120,1.59256830972989,0.804023880400432,0.232126534550142,1.00599002668169,1.22982134701623,0.644315026637757,0.295050366321569,0.831023342796677
8.62957954618189,25.8108780401201,37.6672074342258,45.2832622607089,61.4903706079278,72.9555401071305,8,35,60,68,95,119,1.56033885290708,0.80754934754995,0.270817328609428,1.05728558093451,1.26132809126366,0.663358674766193,0.280740390709967,0.842323953589989
8.52362146309813,25.6565839593386,37.280755812637,45.0304176528791,61.428697195769,71.3665279328986,8,35,59,67,94,117,1.52840196585839,0.800101109535214,0.296553921133654,1.07934098825386,1.2998732212693,0.690653782231337,0.187487452556684,0.770304148752232
8.41969314604645,24.3817409561001,35.952711312276,44.0100636777687,61.2120813876292,70.8931904995578,8,35,58,66,93,115,1.49722238019714,0.629103869420028,0.34437358591611,0.984487277463907,1.38968642813695,0.810751214169841,0.205604266847979,0.92976151159367
8.38833853519095,22.0954633075614,36.4472123045056,44.9895484849064,60.7342930697779,70.4547620799449,8,35,57,65,92,114,1.48784440856839,0.354946096247863,0.813828344164536,1.11741738646664,1.53403197437186,0.599429527206361,0.20903559732645,0.821836222473414
8.41794801027407,21.7732245236355,36.9516390054298,45.492548877204,61.210637905449,70.6493601390953,8,35,57,65,92,114,1.49670006827265,0.319218462795228,0.958424356365392,1.18380957083645,1.53360272924577,0.595835346894557,0.185164193226234,0.78743263852887
8.46319526278883,21.3867554969347,37.5645134840928,46.1128598348749,61.8115474735756,70.8954698717286,8,35,57,65,92,114,1.51025574736337,0.27810922916613,1.14548957051681,1.26681371275483,1.53584102180297,0.593225637456474,0.157395939982012,0.747648764525483
8.52414129608875,21.0132536147626,38.4537862249294,47.0278169484381,62.7099756514715,71.5232184124729,8,35,58,66,93,115,1.52855828586645,0.239817071941586,1.27207953292088,1.31000747463511,1.5435773567417,0.591006521439367,0.137934236954806,0.719909804036564
8.58138093872698,20.7214621617831,38.570860328174,47.1626179118537,62.701779059342,74.1597717676763,8,35,59,67,94,118,1.54579290536142,0.211312701798904,1.23143481494112,1.24743638698971,1.54892191295392,0.571970724825443,0.280037421845174,0.876269106691405
8.56768399563617,20.4925297045754,38.1689239463091,46.7283519687336,61.9533953971498,74.1592317078644,8,35,59,67,94,118,1.54166485992976,0.194743763526732,1.19833337392683,1.19387056662814,1.53917783654752,0.531188992182911,0.358258813144632,0.922616573658328
8.5456174471222,20.2458784459189,37.7918331583915,46.3401399132515,61.2711108375511,74.2125445533118,8,35,59,67,94,118,1.53501956860754,0.178277046878479,1.17360384504131,1.1445938334185,1.53582910195147,0.494317436569342,0.444742216112732,0.973590787310083
8.47727909690794,20.06063925184,37.8906686141787,46.4738099282365,61.0616407031824,74.4887565976981,8,35,61,69,96,121,1.51448079211044,0.170037938236846,1.00832956006493,1.01606174297767,1.54632363473296,0.452923331655244,0.439847065618762,0.928838214104432
8.38820949912574,19.9639363045077,37.9284581562252,46.5134158500068,60.8591114271407,73.7681232780505,8,35,61,69,96,120,1.48780584244323,0.16950784823509,1.03160175941394,1.02062614143627,1.54687129151722,0.424788054520464,0.440736602044815,0.905086965534752
8.29569873343855,19.9482217418464,38.1229035389066,46.7166418077061,60.8111063234888,73.5078301519644,8,35,61,69,96,120,1.46021540993674,0.174885039658974,1.0683961656965,1.04426533390108,1.54951933648409,0.396549939419424,0.414946198104297,0.853161044798771
8.20242341919836,19.9987971798891,38.4123932091133,47.0190560330085,60.8665099107056,73.6077859347582,8,35,61,69,96,119,1.43251785272688,0.185221342386464,1.11085081422824,1.07993194872226,1.553418968353,0.369745672475519,0.48692312947611,0.894534165216154
8.11120182865763,20.0993928523045,38.7450827707057,47.3694225485459,60.9822976088232,74.0330535812073,8,35,61,69,96,119,1.40554972151243,0.199540079738665,1.15272036967763,1.12161353659964,1.55875605714498,0.345181667700967,0.528565363369033,0.905308300140501
8.02482807212931,20.234942584862,39.0834144505621,47.7320992473121,61.128946476794,74.470803838006,8,35,61,69,96,119,1.38012575258506,0.216870003671932,1.18979915740366,1.16475399986919,1.5661130824058,0.323336262750633,0.569177364063953,0.916947826406949
7.94575466637707,20.3931221462221,39.4817698260767,48.1664198088099,61.3662448974683,74.9996507902041,8,35,62,70,97,120,1.3569469284168,0.236301584638407,1.12434472682769,1.1432580338933,1.57699581844526,0.304067360114923,0.611221618718448,0.932333822253935
7.87596541607467,20.5653430228751,39.7500523305145,48.4783586024657,61.5191802972198,75.4488957453472,8,35,62,70,97,120,1.33656727347288,0.257082471633234,1.14142319800964,1.17746672039911,1.5902282822012,0.288975354758848,0.655324846851008,0.9538738370292
7.81687565043429,20.7466524241711,39.964762604261,48.7470360236369,61.6649085948248,75.8765481002118,8,35,62,70,97,120,1.31936982060307,0.278679650104518,1.14738542743392,1.20517956210259,1.60661979403985,0.277587891038847,0.698541472218886,0.979521019763559
7.76924606346713,20.9352273972479,40.1068879040744,48.9540125892681,61.7889515738928,76.224919565099,8,35,62,70,97,120,1.30554676002682,0.300820625340413,1.13909727662111,1.22368662727668,1.6263660387299,0.270046272705893,0.7337841281312,1.0046696501717
7.73323029677089,21.1306400672437,36.9508342952092,45.7638306183123,58.4356067465043,73.0522174938522,8,35,59,67,94,116,1.29511762224304,0.323392176227741,0.865939070477821,1.0381669370766,1.61596784419224,0.255538488337918,0.859109069145042,1.07292059422244
7.77311683109472,21.39269128359,37.3346403425236,46.2315446450919,58.8231036777665,73.5029050319149,8,35,59,67,94,116,1.30666882459552,0.345871065425225,0.886397516686098,1.08613686224276,1.64155901002716,0.248566585552209,0.870060231129092,1.08146068549975
7.9920497348257,23.4613927014724,40.8020836558615,51.4260315960761,64.4500522070422,76.8154101105826,8,35,61,69,96,120,1.37050616327166,0.56278294289385,0.925502244945932,1.39531676382679,2.18593436054449,0.287404693603358,0.376223585495689,0.925309441480132
8.12770385141004,25.3493553893323,43.3621049157572,55.6754607899416,70.4401492751528,81.6630335685553,8,35,60,68,95,119,1.41041940790198,0.813790422373197,1.14743554809678,1.86635805111014,2.74526011076565,0.47403707979861,0.257526972648743,1.21134480614824
8.15861410831287,25.742188042272,43.946765054596,56.6493319259488,71.9511680543849,83.1340468560736,8,35,60,68,95,119,1.41955147218702,0.870689838186356,1.18298447429144,1.96037663031394,2.87718376487633,0.541026710339622,0.25379718618222,1.33164390054095
8.1511952560864,25.7495193149612,44.1266158473008,56.8082721803281,72.0738825578521,83.3962677664532,8,35,60,68,95,119,1.41735840883606,0.873043675445295,1.2153125145915,1.98967857206901,2.87006979081168,0.536375197366527,0.266930641117883,1.34308255629292
8.10316118592394,25.6708624396712,44.1788480092155,56.8362730156021,72.1388142808324,83.5199531872557,8,35,60,68,95,119,1.4031783846763,0.868159891010368,1.24006226501806,1.99822163631203,2.8618297284706,0.541117442093413,0.272568229506148,1.35304046600911
7.93794766672058,23.6249558088366,41.297879452465,52.8825251619778,66.2826951609611,76.0615794089695,8,32,56,64,88,111,1.35466351047537,0.843787978205896,1.19767284684771,1.92344746894881,2.50119877069835,0.50328396940597,0.174950743102801,1.04627758794018
7.50426329689634,25.4602565713439,45.2419403275933,56.3132150473282,70.1855127343188,78.5216252935969,8,34,58,66,92,115,1.22929613407747,1.03011960151131,1.62320036798147,2.39001334427959,2.33175131953134,0.430462354000755,0.0835355808482335,0.742169144227887
6.86867087744586,26.7457443331751,47.7896234763621,57.2259741237396,71.7290813532725,85.710051985936,8,34,58,66,91,115,1.05122698334325,1.38475954937928,1.89908404718313,2.85972400782059,1.80811692056278,0.578961836169235,0.582281771762375,1.31617420579078
6.4305978943009,26.9611789908574,48.1491091873349,56.764695562012,81.5601129401118,93.5841545521795,8,34,59,67,93,118,0.932871456201,1.51431816313637,1.78593507377052,2.80711274220847,1.55611268660377,2.45381403842489,0.286848446560232,2.31453649825181
6.41846666958793,24.7846480534612,45.9222429729843,54.6020844884786,79.4426124766571,92.8147007902697,8,34,59,67,93,118,0.929649028769162,1.10237287510032,1.77504251404769,2.40026149619569,1.57553984880677,2.46452380758166,0.433227109902085,2.57454229687043
7.11534345867752,24.2082101330671,46.0519105605163,55.505533270765,80.3747494103424,95.3179736218361,8,34,59,67,93,118,1.11948772794922,0.884684183778011,1.92989697205954,2.42328093823881,1.81350565220727,2.47134227524756,0.640982741299922,3.02005805092868
8.40658564044267,26.332036510491,49.1295795216151,59.8293406246348,84.672109536257,101.566939507257,8,34,59,67,93,118,1.49330037279696,1.02481880997203,2.14582728740682,2.99373140329772,2.21052174699978,2.4650562080948,0.948921365704337,3.6546414204945
9.7385744462684,30.0363358230315,54.066091508848,65.9432820989327,90.4736828078447,108.396906486104,8,34,59,67,93,118,1.90288358994285,1.4676725073623,2.43546446354091,3.99667221699571,2.59869996339318,2.3911924841021,1.13098974168421,4.05323983423637
10.1624128634576,33.8067018209164,57.6379611693532,70.3193022290159,96.0862907716995,109.351623956529,8,34,57,65,91,113,2.0374147581873,2.185592760652,2.73341824046623,5.10102506602699,2.86996255413339,2.68763223244696,0.639035113732785,3.92432715900589
9.96323087134065,34.0830810030156,58.1032112077356,71.0988945944615,96.2403557422202,109.879472998264,8,34,57,65,91,113,1.9739622101175,2.29519931933127,2.78163511326499,5.20990202618219,2.97720951908094,2.53633907744196,0.697130542704421,3.93782705721289
9.77036535701517,34.6604078309209,58.5037770142545,71.8654099922081,96.7197048873371,111.433859702714,8,34,57,65,91,113,1.91290963748286,2.47629586451856,2.73650245570062,5.30420796549787,3.10286301101547,2.46779512852535,0.876037494458789,4.1893974420408
9.56472033013207,35.0118081519307,55.7840355712877,69.7322712038545,94.5541188177697,110.713800416144,8,33,55,63,88,110,1.84824668747917,2.78228764665196,2.14911371688807,4.99544113129273,3.30597471825196,2.62757198730312,1.14199298421185,4.79654851466872
9.48194409966402,35.1177030901146,55.6021882218781,69.7416666122479,88.0318213268744,104.166335573995,8,33,55,63,87,109,1.8223489151494,2.82948772670813,2.08032491522587,4.95289288274074,3.37262143841004,1.31729263513744,1.13713149589193,3.53827845636064
9.38468371901265,33.5720513757738,53.9406431278794,68.3439069390609,86.8705594748929,103.32353611625,8,32,55,63,87,109,1.79201737725507,2.64440619952848,1.8965912823877,4.56945328419702,3.46487940981201,1.36424453640077,1.19922066737541,3.71215102866195
9.27410620415019,32.8462446346038,53.1158427691404,67.6918109374553,86.4978972927337,103.060568713234,8,32,55,63,87,109,1.75766340588225,2.49259658779447,1.87411461363584,4.38278444180385,3.52548432562863,1.42049480014836,1.22089200851791,3.83308435177951
9.14519060003892,32.3230681547784,52.0043363868179,66.7004747909375,85.950119051193,101.912406457053,8,32,54,62,86,107,1.71779130409174,2.39675164049406,1.89209305576451,4.28723843827948,3.56774634327221,1.51146151335138,1.22484469292548,3.97275446569545
9.05892798760964,32.5624279301446,52.3126921293723,67.5338843987604,87.1459718712223,102.155604694879,8,33,56,64,88,109,1.69122111511181,2.31035003221105,1.75766354547456,4.05414386891877,3.75325806223433,1.5872774825915,1.03809717025329,3.95840764395295
8.97171552211906,32.3678176093815,51.3276323033791,66.6096033852686,86.481429370655,100.654524932449,8,33,56,64,88,109,1.66444956010173,2.28507235980106,1.5853267364624,3.84142154436738,3.77482005473305,1.64240775811517,0.884045869555929,3.84539412800281
8.8814427948402,32.132911026972,50.1978561931902,65.5677822195235,85.4239015045697,99.260570432069,8,33,56,64,88,110,1.63683677578925,2.25117011525146,1.39781996199757,3.60225479184444,3.80605443764726,1.63905533927227,0.728713540443124,3.64381950540172
8.89708044593065,31.6099289999283,49.1807716802174,64.6457368662315,84.4331195005296,97.7947969366937,8,33,56,64,88,109,1.64161282464021,2.12635268093085,1.29796099807802,3.39149951951359,3.83984581637031,1.62441234549984,0.744248094789184,3.69107069770362
8.94000279201615,31.2636570200003,48.5602386604907,64.0895796721307,83.8295439489711,96.8582262725048,8,33,56,64,88,108,1.65473774918488,2.03760803124744,1.24371412771065,3.26510549528323,3.86275889170253,1.61433752783988,0.785353099246337,3.76832946786382
8.97609028773226,30.8722948272136,47.9304599703583,63.5054152882221,83.5709619235833,96.3502786094007,8,33,57,65,89,109,1.66579027155906,1.94158502749304,1.08290043334709,3.01073313839792,3.87900593385087,1.68395003084895,0.742589039378115,3.79490058957342
9.00441815305047,30.4704521373131,47.1813660363704,62.8233743112709,82.9020961186749,95.394499106468,8,33,57,65,90,110,1.67447742605272,1.84652561857409,1.02008229250612,2.86570993581141,3.90290654407426,1.55134930747167,0.694620664619244,3.60522095739633
9.02417466929829,30.0805303556437,46.4075501195674,62.1165042215447,82.160830370862,94.3214480240211,8,33,57,65,90,110,1.68054183846874,1.75751067832336,0.952389558752562,2.71868238642211,3.92678958441137,1.54426259941377,0.640844883710381,3.541587721369
9.03324480247245,29.7336348113177,45.661894845595,61.4405054210727,81.4860231799025,93.3170418564577,8,33,57,65,90,110,1.68332757186419,1.68140415622072,0.88408747733737,2.57975367416733,3.95166134691552,1.54450791833113,0.589278735564211,3.48687524790174
9.03101544502418,29.4435612018341,44.9820198162172,60.8254955009264,80.9099826473047,92.7269038200319,8,33,57,65,90,111,1.68264277113145,1.6207266650223,0.819365997088669,2.45549499601321,3.97484202876683,1.55253830476731,0.50704986528357,3.36717352997118
8.99366039876318,29.3855157879949,44.801383749742,60.7712209460221,80.8908429331119,92.688176636258,8,33,57,65,90,112,1.6711772495385,1.61639542951507,0.799440024211682,2.42287544935995,4.0200536397262,1.55979126876462,0.433175099275816,3.26130221644841
8.94609990930558,29.2943183452227,44.7866062453756,60.8943751503765,80.9781882035881,92.3111050520569,8,33,57,65,90,111,1.6566039902363,1.6072740904754,0.811837014799885,2.42021431610021,4.06948562939349,1.55239926837654,0.441230422882693,3.32164805236214
8.90058599992887,29.3209431126082,44.8889759213358,61.0293925235356,81.0201245364572,92.1066049539744,8,34,58,66,91,112,1.64268390758999,1.49216814979878,0.82420401518629,2.32749705727923,4.08119809218883,1.53324352449996,0.409378591802891,3.25861791554594
8.85778770368199,29.1193967137921,44.7848619478153,61.0429201619475,80.9656972034537,91.8972351743866,8,34,58,66,91,112,1.62961783590181,1.46047741355669,0.84022759531084,2.30917987957066,4.12344061804264,1.51931261403943,0.389939704540533,3.23709612967554
8.81820485105691,28.8198413120004,44.7120169443633,61.0859322238215,80.909327817001,91.7446572039734,8,34,58,66,91,112,1.61755382480428,1.40912296640887,0.8780101564057,2.2963975757836,4.16510026507096,1.49902179609524,0.378100604261868,3.22082636316044
8.78212684296044,28.4476165021361,44.6564775716578,61.1496963811745,80.837971307541,91.6512789662432,8,34,58,66,91,112,1.60657522394073,1.3437411837011,0.931933903166711,2.2866705752334,4.20805845231418,1.47159265768937,0.375415757137746,3.21311530314388
8.74962501784993,28.0367541696955,44.380971213051,61.0014814802118,80.5363172093474,91.4189077417036,8,34,58,66,91,112,1.59669900962398,1.27155909728686,0.955381795531899,2.2386587823173,4.25395830810427,1.44066876471221,0.383894161448002,3.22190619087841
8.74678745854674,27.660128566824,43.6103551153622,60.399794068994,79.9047148719005,91.4851478394435,8,34,58,66,92,113,1.59583740990934,1.20175716322374,0.887795562411943,2.10651135225939,4.31497476699327,1.31292375768917,0.474357083968632,3.25886062167777
8.7378135146024,27.172064341207,43.8500861642233,60.7433191491233,80.7229937175722,92.3654628010164,8,34,58,66,92,113,1.59311322914962,1.11455204553856,1.01420946738222,2.14727903761632,4.35252205303714,1.40481592594779,0.482835440142605,3.39008836118244
8.70550616551673,27.1436261020206,45.3692481120763,62.5767185954709,82.6990112499004,95.9523313081222,8,34,59,67,93,116,1.58331438041463,1.11524591310591,1.18691003442546,2.30305255526683,4.46645684891539,1.43287256685574,0.556679323845634,3.54455315668193
8.65100661728523,27.3204505703963,45.6540646006567,62.8481446924146,82.69384117837,96.1198557724985,8,34,59,67,93,116,1.56681513658854,1.15703999230368,1.20713281093376,2.35292377507144,4.46159396467274,1.37864752601182,0.581174324190415,3.52030612928074
8.61257051166402,27.5402135715354,45.95304612503,63.1371941024195,82.7046372568145,96.3836783403296,8,34,59,67,93,116,1.55520218267792,1.20439984382485,1.2220508548687,2.40572216445565,4.45798744312582,1.32489130120391,0.617924723147963,3.51304919707502
8.59300921203598,27.7985181483793,46.2719987632834,63.450400454335,82.7387288229343,96.7110078905746,8,34,59,67,93,116,1.54929942895901,1.25618778132638,1.23351921624796,2.46254658794129,4.45590104179018,1.27178547633543,0.661771815711333,3.51477774934875
8.59454203544655,28.0936080925098,46.6188961430179,63.795909999156,82.8044999962664,97.1125176132768,8,34,59,67,93,116,1.5497617870784,1.31180519646479,1.24334824425666,2.52492810850261,4.45539715624421,1.21939945659254,0.713590886980023,3.52605408490026
8.61858866750866,28.4249313668601,47.0078456545615,64.1855313443238,82.913162948814,97.6085090454814,8,34,59,67,93,116,1.55701921204069,1.37099598363848,1.25431614441251,2.59557967871811,4.45564108004114,1.16764808124828,0.775457824902711,3.54819236580043
8.66544359458733,28.7947131394106,47.4644442107976,64.6399798755227,83.0845907410831,98.22807659619,8,34,59,67,93,116,1.57118205211718,1.43425037235442,1.27090890161195,2.67946119117543,4.45486047287521,1.11641034990648,0.849735948683713,3.58198939811362
8.73418330191375,29.1986184133687,48.0215923824446,65.1817517782211,83.3406855798101,98.9907122931143,8,34,59,67,93,116,1.59201151426717,1.50101153012764,1.30039831922661,2.78316981669844,4.44927834971962,1.06562105742576,0.93704884940231,3.62476145995472
8.82269244143836,29.6241499733102,48.7186822037803,65.8326387620978,83.54931018708,99.8398849155345,8,34,59,67,92,116,1.61892055653681,1.56925391190467,1.35327786954455,2.91498382180676,4.43251062265291,1.09340260589571,0.946060916640877,3.65652974781626
8.9277898126581,30.0401212384145,49.3111798526704,66.4456000816636,83.8561805643221,100.667199426821,8,34,58,66,91,114,1.65100090819716,1.6331656509693,1.51590432403626,3.15493672114507,4.43993618338646,1.03863092388813,1.14981737088073,3.84749782897711
9.04555377715059,30.3963105840885,49.5284476971946,66.6493511515923,83.7715634939771,101.073146647241,8,34,58,66,91,114,1.68710965248736,1.68279607381738,1.48716542897951,3.19794286221092,4.43503122914526,0.988067058371993,1.24469567409876,3.88796659353385
9.17169712672878,30.642999714642,49.3941564497555,66.470306948084,83.3244799265859,101.064025698341,8,34,58,66,91,114,1.72597351358028,1.70808803817492,1.40937201667834,3.17133650776183,4.41879639851191,0.94199026971021,1.33175219290687,3.9148920174981
9.30192801312785,30.7443854735567,49.0674024714943,66.093270063526,82.7133151183053,100.816383658695,8,34,58,66,91,114,1.76629379253898,1.70202390033666,1.32378036813403,3.10693290027436,4.40056483677804,0.90248551553306,1.40563597365676,3.93194190351402
9.43228802792286,29.7289681250994,48.7000801266775,65.6911330195437,82.1323479054219,100.506569612466,8,33,57,65,90,113,1.80684990636528,1.5965246963785,1.45410130592357,3.16241495221062,4.38794755364509,0.872786057449447,1.46167683219103,3.94435141450237
9.5593805802085,29.9814673075592,48.3701779805653,65.3513132632396,81.6884973286882,100.204252544806,8,33,57,65,90,113,1.84657378156799,1.62272531044357,1.33678509927658,3.09706713285303,4.3843541620532,0.855700774710093,1.49123744364058,3.95030853867277
9.68051659621176,30.0351115543348,48.1948369095886,65.0333638696197,81.3371983516182,99.6668932217719,8,33,57,65,90,113,1.88460147950217,1.60860582206128,1.29166008813521,3.06253515069969,4.33272686962929,0.850253781881986,1.45242053506411,3.87236903627127
9.76643707079025,28.7595295337744,47.6705791904405,64.4968099361658,78.1841726408342,95.3287794501569,8,32,55,63,86,108,1.91167017384305,1.45859889705615,1.57489608721249,3.21740947164781,4.32827917800441,0.619150569347686,1.33822668870641,3.4875191558854
9.70918105558664,27.8572871318169,47.0625537874945,63.5154889156004,77.0533636516667,93.6396361975039,8,32,55,63,87,109,1.89362324976671,1.28938573169942,1.63818847749034,3.09510949725447,4.19354664077528,0.521527836183256,1.22557346660614,3.12842376735985
9.6550876822184,27.0194831950757,44.6600237654291,61.5968411057456,75.340439800278,92.2579379418487,8,32,54,62,86,108,1.87660546556991,1.1395132923457,1.44125697263502,2.75025979906246,4.36830144655775,0.549349341558964,1.29196766010302,3.33678969452141
9.57471494756587,26.8185113405493,44.5204294611679,61.4239363208954,75.2284932438018,91.9626271406031,8,32,54,62,86,108,1.85137877309783,1.11708412697938,1.45419601590788,2.72341859215639,4.35624095224067,0.557722140058195,1.25505319604195,3.30470229590917
9.47760201533167,26.7914112188069,44.5993113847005,61.426699350277,75.2236443102064,91.5954690728899,8,32,54,62,85,107,1.82099253100986,1.13008414308103,1.47663369492434,2.73857412536044,4.32869773274225,0.635394066566002,1.18328147269356,3.34885811762948
9.37148785804955,25.7197057885182,42.871731799078,59.6866354543071,73.4819262407378,89.9927434428824,8,31,53,61,84,105,1.78791036414407,1.06296368946154,1.33974780102386,2.53111070289618,4.32418256793287,0.635147474115953,1.33745205163969,3.51487583050271
9.21960339996169,27.1723691339076,44.0841448957924,60.9246315814812,74.9219120774202,90.8277224797557,8,33,54,62,87,107,1.7407825564716,1.13640632717108,1.42197841543117,2.64015764300475,4.33343578252581,0.511303063356682,1.34344741337372,3.29647015702082
8.9795936598083,26.9144406664603,44.3869986302133,61.2942317606856,75.35679033876,90.6272180538789,8,33,53,61,86,105,1.66686410056868,1.13311969008965,1.69040090699844,2.82192679639102,4.35758987789106,0.519812379618706,1.3438438599364,3.32915315948375
8.63470663652299,27.1777341366192,43.9159669822149,60.8836596499183,74.6514657300067,89.1889304238456,8,34,54,62,87,106,1.56188795903137,1.134124665784,1.52444278587065,2.60831885939072,4.37948419579578,0.481921331637755,1.18832029385357,3.12924412197196
8.22128617005809,27.4282547224587,43.5605834709152,60.6783423057067,73.7826015355786,89.0878553319825,8,34,54,62,87,106,1.43810913543818,1.25646203677086,1.39191699026098,2.54151414394892,4.43389021448692,0.401714239023874,1.35139847843817,3.18138509415543
8.03517856785967,27.1572758412108,43.3207254420657,60.4677812779229,73.2736676434485,88.6844544348018,8,34,54,62,87,106,1.38316664627334,1.24055338208809,1.3986226852125,2.49679391754693,4.44452202232187,0.368007000487055,1.37437990945287,3.14781917281602
8.08961074574318,26.5729800230124,42.9852779605399,60.1149278280941,72.8907846067036,88.1760598229658,8,34,54,62,87,106,1.39918422644672,1.12337341763024,1.45264087456551,2.43475502012233,4.43820503807762,0.364697163369658,1.34706285642508,3.1124590904787
8.1440812814425,26.0427514118037,42.7033758065342,59.8156469344018,72.5958029812796,87.7474229935892,8,34,54,62,87,106,1.41525621159577,1.02018000917018,1.50723965175869,2.38307798881889,4.43189911067222,0.36517009318239,1.31818194606562,3.08256859389115
8.19489404097301,25.6006415952186,42.5009315934644,59.5959346290759,72.4098314757989,87.4243347223701,8,34,54,62,86,105,1.43028741101589,0.9363446470366,1.56057638817288,2.34622814911642,4.42563449710522,0.42908726225811,1.2887795885383,3.19259356603796
8.24386125359225,24.8166003786903,47.4333989335878,64.5769548146697,77.2986362029596,92.2789239143394,8,33,54,62,86,105,1.44480744599799,0.894588820783128,2.7921573371388,3.30289242763336,4.44325172218262,0.41793871437512,1.2814787882108,3.17646851899323
8.26296535032018,24.8122638586619,50.2867071656829,67.3372632824143,79.5974101385845,96.2232481313413,8,34,56,64,89,109,1.45048148422466,0.797902428852015,3.36066700506948,3.62087354201894,4.40951515622821,0.310248571471113,1.49955013122333,3.13102344891849
8.23305888320252,24.5735043078787,50.4699234802174,67.3353935893299,79.6029446364132,96.1180396779466,8,34,57,65,90,110,1.44160134888678,0.765587409740404,3.27323231573483,3.52115939357821,4.34247465738539,0.310998029884358,1.47515941441418,3.07262445777236
8.20083943609854,24.3830888849046,50.8752063076296,67.570404595909,79.9005556268228,96.3363939280274,8,34,58,66,91,112,1.43204855950663,0.741499128478431,3.23563869530255,3.46910303836419,4.28092102691395,0.317372293851476,1.3218501840618,2.90615898610842
8.16693254173353,24.2237347358953,50.7010541481601,67.2051302216302,79.5914503322939,95.8986563478231,8,34,58,66,91,112,1.42201139625526,0.722638563181202,3.23173656935516,3.43360160642271,4.21197083674025,0.323149226336651,1.29523682365184,2.85452255489447
8.14785889084741,26.4039731279322,51.7049851821769,68.3829166949019,80.9762139787396,97.2142384199621,8,35,59,67,92,114,1.41637241404509,0.980725418226594,2.92582418435692,3.504311160616,4.27468561377421,0.344903687782744,1.15717625393732,2.79048778865022
8.16374674408052,26.91123248097,52.120097716121,68.9660442818976,82.7327328759671,97.992186175521,8,35,59,67,94,116,1.42106917623452,1.06452827979655,2.9022271994489,3.58924903715193,4.33541092563898,0.361189805404361,0.973107249381123,2.61863911914955
8.17437267569176,26.8285887487892,51.9624302733259,68.8825011245508,82.623741945737,97.778193137906,8,35,59,67,94,116,1.42421242906518,1.04840566712358,2.8830556951028,3.556904449527,4.36223760999016,0.358515386655418,0.954099566534585,2.60819747646777
8.17972855516164,26.6818789676127,51.686411795369,68.650875428049,82.51992145986,97.4922114306109,8,35,59,67,94,116,1.42579736164391,1.02233486133305,2.85009834637979,3.50052742661696,4.3783144932775,0.372050492516806,0.921479205226761,2.60635212848025
8.18002673180979,26.5293958181882,51.3451657389402,68.327907059482,82.4322210707053,97.1601985847692,8,35,59,67,94,116,1.42588561127017,0.996412767635278,2.80218515234417,3.43126536581989,4.38493604231065,0.397638557112245,0.878447238798238,2.6080622487147
8.17574555711264,26.3853846252216,45.6397841677005,62.6253127306539,77.3700229728673,91.7436644946802,8,35,58,66,93,115,1.42461865838986,0.972945841795737,1.64884155485584,2.46124439374874,4.38594590652578,0.471628368167322,0.817532735811185,2.66177356255157
8.16758626992148,26.2338766465422,45.5786986944014,62.5578910319891,77.6733629306122,91.7616259630326,8,35,58,66,93,115,1.42220475851197,0.949112781153139,1.66850886382967,2.45025517831378,4.38365023125897,0.51730153473981,0.769795105827876,2.67654389223132
8.15648599309477,26.0771678177704,46.4632786382976,63.4462680624186,79.1671775982195,93.2413353216161,8,35,58,66,93,115,1.41892230604004,0.925157130759286,1.90057816775353,2.61121560462561,4.3850259331138,0.59621518202085,0.767466787612025,2.78872223149642
8.11491646170549,24.6868485098896,44.7658240042898,61.5781775773824,76.7203755968072,91.7932451308616,8,35,59,67,94,116,1.4066455528022,0.715876910805252,1.6868430484009,2.19878499831297,4.32326036411551,0.520672631205247,0.939434434566468,2.83623220916564
8.04222571479741,24.225444144051,44.1854146753436,60.7798863029532,76.0655250673054,90.7458034046838,8,35,59,67,94,116,1.38523794344348,0.659982837536378,1.66126529200071,2.10030967110058,4.24456362042206,0.538944547885021,0.870143108907834,2.74749449102275
7.95536331079823,23.8281151105263,43.8371292568151,59.9907744697032,75.5771814196041,89.9635186310032,8,35,59,67,94,117,1.35975854973648,0.616829560249772,1.67178988244935,2.04208798451658,4.08594521490091,0.578227760797314,0.725922537728742,2.54945469659688
7.89920378595109,23.5102444524797,43.5729986937384,59.2454302823935,75.2063939048469,89.2104183858978,8,35,59,67,94,117,1.34334511502877,0.581502813566925,1.68334867248218,1.99837559986498,3.91375757037428,0.628954172324778,0.6665982762252,2.46081867560315
7.99120264693744,26.6012572767027,44.6007954147421,60.5017820071065,79.014474682286,91.5120654214613,8,36,60,68,96,120,1.37025777571834,0.942770355972342,1.26043753684786,2.06777911389439,3.99541036105075,0.927008864812239,0.391449814065244,2.4652764161801
7.97038728618112,26.2239391709873,44.1308318214398,59.7473227665433,78.1824912589179,90.6224965378811,8,36,60,68,96,120,1.36415753436667,0.885608561994662,1.24251099284779,1.99036758110327,3.89380860572232,0.91453931839553,0.384781901015722,2.39105414400924
7.93803641462855,25.7819957719644,44.2298315794792,59.5027138849097,77.8989218792362,89.9493906007544,8,36,61,69,97,120,1.35468946263527,0.821834622750051,1.22866485972541,1.90879677772251,3.77159457542073,0.908299711665565,0.399858606766527,2.36445071725956
7.92958677786267,25.3180888319155,44.6877206176179,59.3095110932951,77.8034428620276,89.7900442407488,8,36,62,70,98,121,1.35221910239761,0.753373561071846,1.28716921936127,1.88607098097451,3.54159047795894,0.923984662591591,0.392230274850154,2.25669508550354
7.94468377262023,24.8615645278895,44.0040177026478,58.1197121960395,76.5242442013132,88.4989255698781,8,36,62,70,98,121,1.35663365573403,0.685289918668738,1.2443618701376,1.77944916723259,3.36432181520866,0.909631294238101,0.390814574326613,2.15259609117503
7.98158696953327,24.4448780663766,43.3615052123506,56.9460101330616,75.2573592555098,87.2549252515771,8,36,62,70,98,123,1.36743896276866,0.622587260298535,1.20236414977917,1.68164227069224,3.17979326249694,0.894772372414417,0.284284997074282,1.85540787882115
8.03752555071196,24.0989222748612,42.8209309239704,55.872461376336,74.1049734376634,86.1490009774268,8,36,62,70,98,123,1.38385639037184,0.569372437154762,1.16662131299312,1.60118594904468,2.99633067272893,0.882282700667603,0.288791651583541,1.76711171654116
8.10918563294757,23.846981137554,42.8861054136516,55.6315284940526,73.4813582614656,85.6028698064114,8,36,63,71,99,124,1.40495501949657,0.528162985039022,1.11558032375936,1.52549785309096,2.89177302415276,0.822734044605336,0.296391146008113,1.67368475420355
8.19310201415548,23.700875519796,42.7123624149002,55.0058107889563,72.815575613168,85.2027825091334,8,36,64,72,100,125,1.42975667441454,0.499776448274872,1.00892937161634,1.41933877724635,2.73854078237939,0.816604112849025,0.323240866590684,1.6396403047376
8.26902310524161,23.6715599761737,43.040771293122,55.0146341091922,72.4166535455273,85.0797884492375,8,36,64,72,100,125,1.45228174706635,0.487043623097999,1.06944421112152,1.46494236816597,2.63106299542749,0.755367460712929,0.352408912868024,1.57264239695166
8.26252612449218,23.7489444102385,42.4470754169653,54.5396058135413,71.4357177944156,84.309047866869,8,36,64,72,100,125,1.45035097372664,0.497179662333018,0.957125024470023,1.38297006125675,2.67088445827815,0.682358773228965,0.375495893002691,1.54669478377815
8.26196150142729,23.8431335312303,42.4734643986951,54.6412086067243,71.9709521007983,84.8208829950012,8,36,64,72,100,126,1.45018320697743,0.508751858763521,0.946066882854894,1.3865688673175,2.69617753373033,0.744733583131317,0.319035304430479,1.53211279548056
8.26787116213267,23.923133708259,42.845288599235,55.0782817817702,72.6922159482075,85.2812879265171,8,36,64,72,100,126,1.45193936930692,0.517890479916184,0.99404503440678,1.43772005110793,2.71815278773417,0.786931173385353,0.293359068562137,1.544933835904
8.28078199709649,23.9503338400827,43.3762267478551,55.6756628489713,73.4619936678614,85.9163151540915,8,36,64,72,100,126,1.45577776050428,0.519662033696242,1.07916510366112,1.51218195591417,2.74056150907863,0.81302798940682,0.280543349984343,1.56005887812209
8.3011092292248,23.8919866877078,43.9849915566834,56.3546095030803,74.2595605479946,86.7279642567293,8,36,64,72,100,126,1.46182577122066,0.509944478142464,1.19622565938034,1.59958366425578,2.76426526083067,0.831200214720278,0.281868330017375,1.58972321041663
8.32917493106495,23.7365395611938,44.6181918523695,57.0619530303208,75.0564488867655,87.6883945578838,8,36,64,72,100,126,1.47018568693572,0.48762423035026,1.34069453937114,1.69274534813581,2.78934455516153,0.845033753183839,0.297500791272131,1.63807598876831
8.3651573779566,23.4993379608997,45.2417029960987,57.7631090492626,75.8246090756397,88.7434528985634,8,36,64,72,100,126,1.48091972137548,0.455305132548455,1.50548435859323,1.78668004527596,2.8156492643986,0.855449674072965,0.326008088614506,1.70279077209602
8.40907534512548,23.2148914475578,45.8354119472013,58.43683687515,76.5409175847307,89.7906986747671,8,36,64,72,100,126,1.4940451581128,0.417915428188125,1.68082918568618,1.87811199782421,2.84280161589366,0.862097536414032,0.360587448821554,1.77194918489723
8.46074505776224,22.9235566709279,46.3942629274593,59.0765694469636,77.1929668720494,92.4741658838483,8,36,64,72,100,127,1.5095209774572,0.380585522876535,1.85712519689202,1.96591264580155,2.8702909465167,0.864024605212414,0.538374487627904,2.01205022621477
8.51977948977401,22.6628045804958,46.9178109756533,59.6789849323911,77.7703508331152,93.2102786725705,8,36,64,72,100,127,1.5272467502715,0.347396879808142,2.02513993202132,2.04966704415061,2.89713807095776,0.860110127170325,0.55893304439018,2.04641397961072
8.58551659739299,22.4659371747271,47.4130085617478,60.2477655228918,78.2678320546868,93.7101155632532,8,36,64,72,100,127,1.54703981533893,0.321323279749559,2.1774633784193,2.13019855228668,2.92222362551772,0.849002251234792,0.559240898354449,2.04716663442957
8.65711934341541,22.3613404360399,47.8944971702471,60.7925874410403,78.6826644591265,94.004374516951,8,36,64,72,100,127,1.56866379109097,0.304431369216682,2.30930800829536,2.20970400313923,2.94384344491632,0.828911972729925,0.543586711910719,2.01688152178018
8.73343839193128,22.3608326690173,48.3835829235019,61.3233695250256,79.0008955846551,94.1085914805292,8,36,64,72,100,127,1.59178546618154,0.297218572070131,2.42137090895712,2.29165914999578,2.95809143667892,0.796513998170716,0.516322684433294,1.9552107418378
8.81167313677476,22.4501568164897,48.8798316140342,61.7987871750793,79.1258901343489,93.8701867036609,8,36,64,72,100,127,1.61556499259421,0.298253955873541,2.51580256552282,2.37602599971901,2.95097187930385,0.74434635681312,0.47157855645227,1.83970163379829
8.89130639691289,22.6497280782018,47.1482713725517,59.6344035475962,76.4299118416684,91.2417862867844,8,36,64,72,100,127,1.63984896123789,0.30957569765221,2.07831755041689,2.08698825540063,2.80369393243552,0.668241449546575,0.479749954586459,1.70271438885457
8.98448086808022,23.1512594047536,46.197318482661,58.4640609404465,75.2437248494464,90.0185834879848,8,36,63,71,98,125,1.6683623441585,0.349808036136931,1.90533507779569,2.03100246947644,2.72953122570939,0.746579944027759,0.475265567959178,1.75139140378191
9.0845282173879,23.4375108032884,46.6652657821522,58.696859500891,75.5355482419678,90.2110704122268,8,36,63,71,98,125,1.69909707631241,0.369010226067954,1.94464810873737,2.10725365997366,2.65042286019476,0.755408122610282,0.46333307291732,1.70945731140989
9.18384460783735,23.7255906447024,47.1700409044215,58.9276760406463,75.8063287572225,90.398043641252,8,36,63,71,98,125,1.72972605270466,0.389018314428218,1.99189055720918,2.19077910899723,2.55877403859092,0.761411424007174,0.453381941492277,1.66161532776054
9.2778989133565,23.9751123486782,47.7171901376642,59.1661088750133,76.0832747860161,90.6067281412916,8,36,63,71,98,125,1.75883938560635,0.405903712399744,2.05739961493789,2.28278355580063,2.45619045716901,0.767216593845499,0.445355487737381,1.61130310786211
9.36149506410405,24.116609170902,48.3819192819991,59.5000890881251,76.5048118539796,90.9401073282998,8,36,64,72,99,126,1.78480157635468,0.412285597961883,2.02738031471737,2.29137835681677,2.34713909181989,0.780486248731004,0.435094693049447,1.56269544139425
9.42939169905819,24.0826760890136,49.0371399546808,59.8042661159039,77.0919912358913,91.2288812738427,8,36,64,72,99,125,1.80594673815671,0.401095506393978,2.17911036872725,2.40302138964728,2.23241304732728,0.824054418000013,0.462030741542663,1.59517531287414
9.47711252247109,23.9126157650788,49.6355316101942,60.0443233960257,78.0956636292453,91.9158263330948,8,36,64,72,98,124,1.82083963600442,0.37769018278233,2.35253748123492,2.50680144238243,2.11644555224835,1.04673870187592,0.424372241416046,1.69748888625941
9.50177014586103,23.7793268128748,49.581400120181,59.6653031053569,78.8677279446373,92.4257053980474,8,35,62,70,96,121,1.82854486476426,0.417032754335872,2.5294335489889,2.72067445364422,2.01235648648702,1.2556083686693,0.45578728340986,1.8797862062707
9.64501922079805,25.1512115645927,46.0068020856268,56.0998631481493,76.5844571981721,88.8479078141456,8,36,61,69,96,121,1.87344141326035,0.499583953735222,1.71444277857347,2.20098729961881,2.01527632653436,1.38229161233093,0.310582863716086,1.78419422773591
9.74281119252758,26.2404399942247,45.2914651957432,56.1439957665349,75.1799452872375,87.5409742147785,8,35,60,68,95,120,1.9042191310259,0.70503462837409,1.34475293907677,2.18369622240557,2.26022498526181,1.1150194076351,0.320541332703928,1.69278202126729
9.73023480521161,26.8558798172957,45.1485131209523,56.4470154946032,74.5689847212239,87.1083897786279,8,35,60,68,95,120,1.90025526101784,0.798976154488918,1.19944318739637,2.15949652833403,2.40648457041774,0.958340686555157,0.339168798119193,1.64877168827414
9.64995571336984,27.164494278115,45.159414877862,56.5707880177268,74.04416875955,86.922123372702,8,35,60,68,95,120,1.87499258759885,0.859709200130103,1.14415299980404,2.16133824355932,2.44376607378256,0.853191091042388,0.3760121965964,1.61909444017207
9.46819866138645,27.7895152768208,45.1373009330912,56.0273286140808,72.7894111866907,86.2892740389943,8,35,60,68,95,120,1.81805582515731,0.991682964966479,1.02753369149924,2.15760302409564,2.27245636010966,0.743959229432118,0.448674167272014,1.52864114817362
9.33167458658439,31.7225207956868,47.8372203866134,58.0597114352194,67.4792543274764,77.0682240901832,8,35,60,68,94,118,1.77553111679427,1.76589116590001,0.819641217007421,2.63213778864544,2.05663144686582,0.0740945728694902,0.129341821739503,0.338840227242134
9.41153995857721,31.9220479912818,48.7148221535454,58.5128065130259,68.0629333317729,78.1571694143804,8,35,60,68,94,118,1.80038208169847,1.79108180047654,0.931562793902056,2.79409225376865,1.92162867572491,0.0797883676969274,0.163670083847008,0.353685856553922
9.52320903703896,32.2821361629938,50.5557833104928,59.8293403928875,69.4206013185063,80.1849933413369,8,35,60,68,94,118,1.8352497732448,1.84377437480703,1.19588704318976,3.1453680834376,1.75749315722087,0.0816384114814786,0.216547169807434,0.367115399346426
9.66374678854741,31.5456171798673,49.7135556012943,58.7783795984019,69.3365203220951,80.3447556388796,8,35,60,68,94,118,1.87932750041397,1.66016100549712,1.17616222319089,2.98276336509205,1.6930343351451,0.1331594015231,0.237859088131542,0.443973930306305
9.7972455568174,32.3571076541171,51.7325629243329,60.5574908766932,71.0557659806693,81.9964194273199,8,36,61,69,95,119,1.92139533824082,1.66849204087054,1.40880251450368,3.24909405918033,1.61960149406346,0.129512997108856,0.231842285196853,0.414849857650287
9.92273124612177,32.559601370153,51.9070085008502,60.5249543557443,71.3900429128313,82.4591659065585,8,36,61,69,95,119,1.96110976362984,1.68416009100348,1.4032217498934,3.28336621684499,1.55682510844984,0.152818996860093,0.24335203477805,0.437614938390904
10.0395269567659,32.7491080996379,52.0596242429822,60.4711612506865,71.7053695108362,82.9659784215869,8,36,61,69,95,119,1.99822018198709,1.69900219524561,1.39589395217092,3.31345550775401,1.49478163789211,0.178607135017114,0.261070959981781,0.46650369836018
10.1472496794054,32.9324078846801,52.1898888884008,60.3995338566744,71.9985358977645,83.460008403225,8,36,61,69,95,119,2.03257028417267,1.71447881793223,1.38538421488272,3.33921590057566,1.43465786262536,0.206403350296027,0.280378152311525,0.497224568082744
10.2458212397908,33.1154297291492,52.3045576248522,60.3178138878343,72.5961514081257,84.8288130340063,8,36,61,69,96,120,2.0641034434131,1.73183184904262,1.37188237009291,3.36195115939619,1.37672791501899,0.22236199012024,0.36124875521343,0.561721827181237
10.3354524998386,33.3033382723797,52.4134588665769,60.2362491656587,72.8709582025398,80.858711289396,8,36,61,69,96,119,2.09285910109453,1.75210448494952,1.35633719263938,3.38359386893766,1.32108881069751,0.252303693768227,0.0673663138658652,0.286842777226481
10.4166034555249,33.496463773207,52.5221611048243,60.1611027612255,73.1374310227919,81.3782701124113,8,36,61,69,96,119,2.11896086919821,1.77530467990374,1.3397993586701,3.40524636329104,1.26791077409163,0.282971230620557,0.0788928458457249,0.313403034357089
10.4899123857741,33.6959212388928,52.6353361733244,60.0982167381742,73.398694694799,81.8750966553001,8,36,61,69,96,119,2.14259411570155,1.80157085802168,1.32297574133654,3.42784198689739,1.21749036246546,0.313832941648143,0.0906787623399535,0.339448099737678
10.5561421649101,33.8996598741675,52.7536418714105,60.0497682059601,73.655874502796,80.8845001142926,8,36,61,69,96,118,2.163988590689,1.83035709479514,1.30639637483927,3.45151864672068,1.17020813056275,0.344485858356197,0.0533220742486156,0.298649367618192
10.6161286328223,34.108134633865,52.8784729332201,60.0188860551521,73.9112656909556,81.3426397381704,8,36,61,69,96,118,2.18340142937216,1.86162122468381,1.29024053481198,3.47656382496686,1.12648695305897,0.374549464247487,0.0614500035528995,0.320792432712739
10.6707230871461,34.3168133353696,52.8916102288978,59.9566427909518,74.1259918543358,81.4492535157037,8,36,60,68,95,116,2.20109807198913,1.89425860632287,1.37387669493425,3.61231682300187,1.10547527976862,0.404864489662272,0.0755854823649397,0.363076557036653
10.7207503613747,34.5246531076784,53.0327435053602,59.967721004434,74.1881614877258,81.5171441275211,8,36,60,68,94,115,2.21733813207638,1.9278894345205,1.36053749362497,3.64125549608215,1.0694656161446,0.472226470984743,0.0758681361573689,0.396100831159736
10.7670061680394,34.7272704015819,53.1365249751364,59.9600204710821,74.405058825792,81.9273139290792,8,36,59,67,93,114,2.23237401738641,1.96141223254795,1.46897420675701,3.80018240753862,1.03884821475674,0.500169118056053,0.0858093211533556,0.420342063105745
10.8101443229212,34.9244164092514,53.3454850063625,60.073257520713,74.7399463116148,82.3987787220612,8,36,59,67,93,114,2.24641378391767,1.99462411818077,1.47143798824565,3.84405779525949,1.01274753602426,0.528501007170165,0.0932979339145849,0.44174553384286
10.8507678566324,35.1161617542955,53.449231647803,60.1050638050554,74.9871708469621,82.6980460492105,8,35,56,64,90,111,2.25965030211608,2.17428872531718,1.7356213402357,4.3042519307354,0.993248817767187,0.556745784597036,0.0962534046616476,0.458066554103586
10.8882348971871,35.3376134701211,53.7046102744623,60.2863854371604,74.8123108139926,82.961801999791,8,35,56,64,89,109,2.27187128062807,2.21588861671346,1.74336085176383,4.36112150121636,0.973283397015094,0.582106173131481,0.156199817230765,0.552584711069098
10.9304070165343,35.2386309101839,53.6971313808458,60.164111247345,74.962103923006,83.2136156308009,8,34,55,63,88,108,2.28564173183226,2.33908886020735,1.7642910419319,4.51408277166349,0.942553994062037,0.620198801109936,0.164329524216225,0.577463909388377
10.9738921371742,35.5078507173455,53.868503294993,60.2795675508271,72.1579605615226,81.3361672635473,8,33,53,61,84,104,2.29985719361326,2.55723531555355,1.89841292585672,4.87540635472516,0.927684230401753,0.379471663003107,0.248765426935125,0.484258692000446
11.0299918005025,35.7955367031905,54.071874302448,60.4136245322013,72.4789250361253,81.7882220644546,8,33,53,61,84,104,2.31822062987272,2.613770763438,1.87833684826075,4.92330652643072,0.909342392882355,0.401640471823277,0.262229093214116,0.506935802194309
11.0838263342136,32.0112901789596,52.3145754673614,58.3459380267576,70.9712134268645,80.9239655238613,8,32,52,60,83,103,2.33586806786333,1.87303029138377,2.37847939053714,4.67551588745098,0.828486771763076,0.471729290838173,0.333618049071021,0.592888387296306
11.1357775070377,32.1913697852653,52.5278761336436,58.5062067562503,71.2963153583978,81.3357360154474,8,32,52,60,83,103,2.35292156478406,1.90171206738633,2.38696396298267,4.72540435599591,0.814888523171147,0.493387318316276,0.34389449531468,0.612940051484865
11.1409236443379,32.0208713851755,52.530085427555,58.5094623594266,70.065814987277,80.7468713904146,8,31,51,59,81,101,2.35461208232044,2.01407650989275,2.43121306112255,4.89216592570055,0.815156184774511,0.402975409149066,0.424695230227388,0.607164089656201
11.0697971761315,32.4444620434824,52.7468278621687,58.735267350559,70.0431465590364,80.772743837895,8,32,52,60,83,103,2.33126679509231,1.97376103498561,2.37824468464769,4.77678493795569,0.817475585862496,0.315705532613715,0.43113951933641,0.535933951210625
11.0286998596751,32.4953355793245,52.9214191509311,58.9523531295311,69.8681656318302,80.8588390402522,8,32,52,60,83,103,2.31779742570115,1.99469177946204,2.40988515460616,4.81787846536164,0.828376617054741,0.275367693494999,0.466579187259489,0.527557501862137
10.9564913945214,32.593735861319,54.269586439132,60.3407760012008,70.905011234973,81.9133478824981,8,33,54,62,85,105,2.29416684428028,1.88416732050444,2.5475890732614,4.80530389262367,0.838741514767428,0.241661903310831,0.469023891380907,0.500259721931382
10.8471975083234,32.732020702799,55.6320712688132,61.6276312050623,71.8635031999752,82.9570051297811,8,33,55,63,86,106,2.25848637521645,1.93904940063346,2.67819914762248,4.9598771043255,0.819299274008996,0.21231794361538,0.48089405118667,0.471493188172793
10.6998525589012,32.9291991645188,55.4286227387045,61.4838661072668,71.3966846618119,82.1309352114983,8,33,56,64,87,107,2.21055143917682,2.01629102945126,2.40056086505042,4.7512557506297,0.83463131009828,0.18548206164195,0.431759691237467,0.417951903446529
10.5221799588939,33.1842885235446,54.446269903344,60.4568932504264,70.1470088281839,79.574403047604,8,33,56,64,88,108,2.15301252491361,2.11471313456791,2.1033205865332,4.52764185367328,0.823161175636451,0.135833582169789,0.274674747974806,0.265413765814288
10.288365024752,33.4278319200983,53.2507796931628,59.3527415658462,68.9438405490468,77.0065711625475,8,32,54,62,85,105,2.07774269357108,2.38747567275438,1.92487945954232,4.56998528181713,0.846689526263512,0.160773250793333,0.149469575349403,0.212536932546627
9.98808126593633,33.9892357890312,53.315927609952,59.3410142116074,69.1565674748981,80.2432971622121,8,33,55,63,86,107,1.981856753185,2.42861200339969,1.81084572615153,4.42783802112248,0.826874133369856,0.17779933864223,0.409410232559198,0.394446496364581
10.2001113953619,34.9347673495812,53.7334711612963,59.699995846195,69.6654436521711,80.128619394079,8,33,56,64,87,108,2.04946890102724,2.60620843584194,1.55095713967188,4.36756368558482,0.811870151309557,0.18971582239331,0.333997250391432,0.353243269325501
11.6909048878836,38.0692897778655,56.7212120609117,62.6356177879001,72.721630266092,82.9026870567298,8,33,56,64,87,108,2.53653692744576,3.017503307567,1.51987423203166,5.05061603682338,0.798584069122756,0.19961747451662,0.302387423542602,0.337417461918864
12.1268351965804,39.6201576696114,59.4715609540969,64.9829833967544,74.1773692785317,87.015841709577,8,33,57,65,87,109,2.68241544975431,3.30616675829938,1.63804922692585,5.53417620732545,0.69808465738165,0.165766720484077,0.575427887972708,0.445377671539082
11.9106263558249,40.2935738384833,59.7401959910526,65.1965795738417,74.0107388349994,88.784472353762,8,33,57,65,89,111,2.6098853455561,3.54167483009631,1.55250260301364,5.59853322730836,0.684678233477933,0.0858379878125225,0.886443142537807,0.485216853106863
11.5252550245673,40.0674118657481,58.9068270303306,64.5978995463842,73.1150287364333,88.7286556915756,8,33,57,65,89,111,2.48148620186498,3.5842847753134,1.42725907122746,5.39962061135172,0.742388589293747,0.0720154633708097,1.03830256144364,0.556003347934471
11.1697900038385,39.4834926087646,57.5113863085989,63.5628929920383,71.846144578527,88.31205388664,8,33,57,65,89,111,2.36409889032211,3.52318559082674,1.26594352365163,5.07152784480009,0.83366899999601,0.0622051492134447,1.20176814030631,0.652319589591794
10.8968911520012,38.9145635629348,56.5296764154855,62.8624386688467,70.6025358211301,87.2229941002436,8,33,57,65,88,110,2.27469653229891,3.44443969311713,1.18669070956601,4.84457390150971,0.906971455673583,0.0571975182199124,1.23236621378782,0.697493600124238
10.7307271329925,38.2208965867798,56.504130153045,62.9195702064795,70.577157273665,87.7243012262124,8,32,57,65,88,110,2.22057954456037,3.50175175965704,1.19768208954714,4.83871175413398,0.928845545422831,0.0540477124034775,1.33874679314186,0.754940811424048
10.7211449216159,38.1194475952448,56.2413037039277,62.6357020744395,70.2071586766576,87.361770591764,8,32,57,65,88,110,2.21746630601323,3.47702032143429,1.16760323370593,4.77853095631991,0.923264862794915,0.0508841384193026,1.34027811928201,0.743895822746393
10.7066373588971,38.0183791400921,55.9635112187823,62.3360848527752,69.8161379367744,86.9236612430234,8,32,57,65,88,110,2.21275441206005,3.45376042141269,1.13500571364135,4.71518340152661,0.917486334590243,0.0476640196683457,1.3306330458152,0.726305590908799
10.6871926603266,37.9185663751071,55.6783345151325,62.0280222289181,69.4115041040307,86.3782392131226,8,32,57,65,88,109,2.20644198333615,3.43220228990783,1.10120376982798,4.65043249665096,0.911437650990093,0.0444129087439599,1.43370570684528,0.757799883393765
10.6628147563287,37.8191789876978,55.3105150781726,61.6238995416208,68.8983472444919,85.4945934314341,8,32,56,64,87,108,2.19853292009359,3.41211447051928,1.16330768744225,4.72419007578292,0.901865658952237,0.0409254748494629,1.35530769394132,0.700945215822579
10.6335237794583,37.718863680694,55.2068513090701,61.5054350748787,68.7313321806346,84.8906597428565,8,32,56,64,86,107,2.18903705501637,3.39312332537642,1.1626776033486,4.70047474081906,0.897971285746777,0.0532177959457285,1.26488282203656,0.70549175446526
10.5991777308689,37.6032165715105,55.031762158708,61.3159951649953,68.5741391981502,84.5427728177677,8,31,56,64,86,107,2.177912405388,3.57341574910445,1.04181454132745,4.66050536382208,0.894199799325278,0.0544588048026957,1.22612690690655,0.686715334151796
10.5598771680651,37.5770016760757,54.1772172623531,60.4452947044297,67.6024514717359,81.4257430540461,8,31,55,63,85,105,2.16519634142394,3.57700351049918,1.00037127651689,4.62345159150969,0.889959315633704,0.0506347879313052,0.92799651741866,0.512246789162107
10.5159412148142,37.5641049149531,53.8398420297678,60.0566449939486,67.1818388073933,78.7795978313425,8,31,55,63,85,104,2.15099742742879,3.58551743844059,0.94348929536994,4.54650669421442,0.876538438041553,0.049462484755803,0.640468359760185,0.358363663862318
10.4677345039391,37.6455310573011,53.2509640274578,59.2906313285227,66.3741856598594,77.8224353402535,8,31,53,61,82,101,2.13543908542319,3.62113219341355,1.03677562504458,4.73084834849356,0.830622104499681,0.0643341788911191,0.616307900792312,0.369450698044193
10.4138857427201,36.606460491151,51.9044941462845,58.0980002871471,65.2566277197148,76.7076820789967,8,30,52,60,81,99,2.1180857140182,3.55827181256171,0.980128347555802,4.58006755359481,0.87045960068537,0.0677343363552325,0.711348547564847,0.432099182952983
10.3547373790877,36.6592685359934,50.6625177224664,56.7872194880727,63.9933827850626,75.0297152931147,8,30,51,59,80,98,2.09905626499226,3.58934023734558,0.853973944568766,4.45363845358128,0.852576614284226,0.0699453373883144,0.640591404955719,0.394598078548119
10.2915343425018,36.3662148234524,49.1541716832477,55.229081766194,62.5264433057392,73.438227848782,8,30,50,58,79,97,2.07875946022447,3.52563092130835,0.74405422324224,4.2659278779134,0.839701327903437,0.0743141442789211,0.619947304038199,0.387657339653419
10.2735744085184,27.1653580742054,43.6311836669039,49.6844966740722,56.2420547161237,67.6722381113697,8,30,51,59,81,99,2.07299892301459,1.28676730911049,1.32808220546638,2.92876606385327,0.834134143540888,0.0315633108836955,0.707714960980392,0.328345000805919
10.2909122372306,27.3965491463359,43.0813379954727,49.1500514876401,55.3800389824702,66.9504704241095,8,30,51,59,81,99,2.07855987144409,1.33024718282348,1.16926147925756,2.81897140924375,0.838102917033369,0.023586501005453,0.732277074454005,0.315605668889073
10.3057388562009,27.7487996950117,44.3723568178457,50.3407057498174,56.2537707342923,67.9305891071773,8,30,52,60,82,100,2.08331768667089,1.39990441081003,1.23298264402833,2.94705129858161,0.812336336594848,0.017336957063722,0.751134750892799,0.293295680935128
10.3173546629879,28.2074180078583,43.9594743025723,49.9334950731757,55.6634471912242,67.5747434569595,8,30,52,60,81,99,2.08704664922223,1.49411128939906,1.06422993961387,2.86483314877219,0.813786266604825,0.0208772245277006,0.793373008401201,0.334293584056556
10.325138731669,28.7388583461631,39.6229027009018,45.589205054453,51.1654243905973,63.0705387950123,8,30,51,59,80,98,2.08954625824747,1.607164190285,0.384073061419013,2.16457602020766,0.811813339962287,0.0178485258578845,0.792247636846929,0.321608133765286
10.328477693157,29.3073379850236,39.9691100570013,45.9229046288879,51.5856138906984,63.6835514311689,8,30,50,58,79,97,2.09061864000502,1.73228986541018,0.42214776738951,2.34269926144866,0.808619138631708,0.019510850512932,0.827645916875428,0.341928837756686
10.3268804878947,29.9937881052728,40.3681558818802,46.2708776268281,52.1784977154788,66.6574173574445,8,30,50,58,79,98,2.09010564858831,1.88877999924429,0.385047716417637,2.41758575239759,0.795614374101114,0.024810993323803,1.17619207699319,0.521066813492235
10.31993543061,30.5801422956802,40.8200095016739,46.8744432519825,52.9682125958186,67.1224291458792,8,30,51,59,80,99,2.08787531680977,2.02719667172762,0.308845346615389,2.38375394360198,0.834422781739683,0.0294597417615172,1.10974686045532,0.52233578039831
10.3073140693565,31.4623681936817,41.2226538083572,47.3166714515967,53.4403685354651,66.7619347939814,8,30,51,59,79,98,2.08382329273635,2.24169996469601,0.258231267984073,2.45926263742264,0.844635604143605,0.0422502136810936,0.945984426828564,0.499589182474608
10.416719228427,30.2101983580322,39.2085099703773,45.931590875003,52.0028504799042,64.3965577072379,8,29,49,57,76,95,2.11899815183203,2.07857244401987,0.230895523940888,2.31844334944144,1.01147283337647,0.0557921157611016,0.775572142843844,0.516446079034698
10.5324977971088,31.6218308897672,40.5542140004252,47.3033186769625,54.079185190542,65.717382726742,8,30,50,58,78,97,2.15634595620418,2.22572024209791,0.22452325097597,2.45280289235022,1.01854884527424,0.0693168900744032,0.647071007869063,0.464452884431937
10.6414714192937,31.8675578020052,41.1251215429792,48.0455948023984,54.8148652006783,66.1264833070951,8,30,50,58,78,97,2.19161283059085,2.25901029776356,0.256871525436893,2.56203976153432,1.0654689868349,0.0689992326414014,0.594577656593482,0.449755325904901
10.7425840332948,32.1516042552495,41.7303151522851,48.7932142511006,55.6059131546155,66.6742732555107,8,30,50,58,79,98,2.22443297131679,2.30377664896698,0.291056206639036,2.6797373419457,1.10488207957781,0.0529850970908553,0.556729444329672,0.39993867278181
10.8346314755516,32.4300000576339,42.2822833692054,49.4692593933407,56.2197848334685,67.1320598862616,8,30,50,58,79,98,2.2543907703689,2.34965083546298,0.32189921269504,2.78874985071139,1.1395164496572,0.0505791979110887,0.533021252993026,0.39210397206483
11.2069484973138,32.7319793595795,45.189215439502,52.5489529989598,58.9124170869972,68.2370107930958,8,30,50,58,78,97,2.37632119197068,2.33230346385639,0.688833803179037,3.38772092436329,1.18818938055392,0.051200602731851,0.319175721817352,0.292471221056031
11.6784497625069,32.6459910539647,46.9685373601528,54.5549953030863,61.4191420624177,72.8109983077795,8,30,50,58,78,97,2.53239021556039,2.19620003748848,1.0223384166496,3.77360343862919,1.25282792256531,0.0736572839272738,0.607298245522198,0.528895652441287
12.2600297447665,31.0209763844097,44.9368734470516,52.4362865192844,58.950208263442,71.9115848076319,8,29,49,57,76,95,2.72726741187314,1.83404645903729,0.945228668140494,3.47715447067191,1.2279109911958,0.0772005447882312,0.878256801781886,0.706505186733299
12.7886710753393,29.0972588338852,40.5712790877494,49.2252031928711,55.5338032007397,69.5250461883833,8,29,48,56,75,93,2.9065080607526,1.29552166641146,0.620444056789984,2.70570611317831,1.56769740355075,0.0667262107457148,1.20535707848322,1.02762434422999
12.7470788799825,29.343188956605,40.3656252862953,48.8976903664357,55.0188841151334,68.8859536887216,8,29,47,55,74,92,2.89233694317182,1.3552791784773,0.638274006084192,2.79514490015123,1.5309415087429,0.0579895596326049,1.17902419913591,0.968515703236455
12.6850588555713,29.574904319087,39.7953539098784,48.141327876181,54.0201263223804,68.1072356557983,8,28,46,54,73,91,2.87122716298125,1.55823904390156,0.510671765266134,2.81206760849075,1.47519483335516,0.0478260197255907,1.2258263193246,0.940660218903238
12.6038553941322,29.7969197998402,39.9968530283189,48.1847548720401,53.9071603441388,67.9222620972656,8,28,46,54,73,91,2.84362701592976,1.62656757117441,0.507570596076207,2.85355215290828,1.42821682201865,0.0419294610256641,1.21044008092461,0.890009331210301
12.3377442361359,34.5645426719334,48.2528257339947,55.5726451850631,66.1246956601215,85.3974450198273,8,32,54,62,86,106,2.75349567925441,2.17040120981641,0.704934693790077,3.47291454109567,1.17689750051329,0.19888687785744,2.11975311602875,1.64012111414288
11.8430599730463,33.6764318639147,48.2298859850079,55.755605450168,66.0011851905926,85.7402652535635,8,33,56,64,88,110,2.58729083956395,1.92760049162335,0.75253867270043,3.19851001778163,1.23542828117067,0.174879070725548,1.90544947427423,1.5119938409187
11.1985719071769,32.9954675341599,48.2455286683363,56.3221724269244,66.4581957045155,85.5478469319452,8,33,56,64,88,111,2.37356492368429,1.91949756598564,0.867815356120468,3.2016524326289,1.39536454735125,0.166722227147559,1.61321439821141,1.39374890430687
10.4328145123816,32.3012858280802,48.3926462069961,57.141836536822,67.8583517969267,84.0649979707565,8,33,56,64,88,111,2.12418259448203,1.93540833594364,1.01591081984964,3.23125996914418,1.59656701378737,0.212492115926681,1.03692619569707,1.16547888478586
10.2330683654176,32.0922066643879,48.1708496927613,57.2127042497545,67.94252455809,84.769753800008,8,34,57,65,89,112,2.06001839975792,1.79035200554703,1.01360297899748,3.05782192774904,1.68597282992257,0.213614753501846,1.15290692616704,1.29301362089658
10.0411923409112,31.4921037497757,47.5816144523354,56.5562620636041,67.2118435059378,83.7651720685276,8,33,57,65,89,113,1.99875034296975,1.84321319798563,0.911456388226657,2.94287230270843,1.66534811617223,0.207392738552454,0.992069009710744,1.15751627219145
9.88023303326525,31.5343514374261,48.0745574138952,56.9638109190318,67.6239423845169,84.0232900953749,8,33,57,65,90,113,1.94764129248891,1.88789102630113,0.989750374364876,3.03892796338308,1.63922194130745,0.170939127087289,1.07242923560168,1.12648075693778
9.72417464633228,31.7706272502913,48.7229000697407,57.4881375553407,68.0842211861142,84.3325248809193,8,33,57,65,90,113,1.89834580182208,1.97516177700428,1.06358739788633,3.16695324099289,1.60144143554408,0.16631321970019,1.04456147365892,1.08234729732248
9.57570062859693,32.1561629638408,49.3802370532472,58.0102111208881,68.4759637628243,84.91455009373,8,33,57,65,90,114,1.85168772254493,2.09602744164395,1.11343263759044,3.29867160054633,1.56045804196366,0.157127078333634,0.971869159514479,1.00178354804675
9.43738695214371,32.6289832112709,50.0108206151181,58.5107216862768,68.8096279156098,85.176154301862,8,33,57,65,90,114,1.8084401439613,2.23718329682341,1.14277143785823,3.42680227809736,1.52127280145279,0.145811200091018,0.959269174904278,0.956732002560013
9.31155707127295,33.1287193531746,50.6143854528569,58.9961580188567,69.1108259636935,85.3131563868268,8,33,57,65,90,114,1.76928282894902,2.38467361542134,1.16224083560345,3.55103381600685,1.48588227017245,0.13389345650967,0.930808598442233,0.901181650898295
9.2002467474664,33.5856380366149,51.1869225039618,59.4669711608557,69.3929219861473,85.248601590688,8,33,57,65,90,114,1.73479567737236,2.52116543147043,1.1840695069983,3.67028726654662,1.4555596759291,0.122311823131171,0.871881198093422,0.827921035116588
9.10504092857134,33.8202019696717,52.7322210502325,60.7851317690945,70.3987173785123,85.9221850474469,8,33,58,66,90,114,1.70541352888241,2.60143904505042,1.31765067505916,3.85544566224538,1.38837986950045,0.130904258754267,0.816918230486411,0.791722537285062
9.02704707353917,33.0861013873357,52.3908492892883,60.4230203641489,69.8253236786945,84.2865747938709,8,33,58,66,90,114,1.68142393946942,2.44249022435479,1.39474946412971,3.78337742655226,1.38228290620504,0.11785807976243,0.651576084217203,0.654521046334205
8.96680844374023,32.4471539167047,49.1392763894059,57.113800501871,65.9413822688577,79.7846541754812,8,32,57,65,89,112,1.66294599258524,2.47017950607597,0.914572640045093,3.25016617333259,1.36536937802019,0.0864992916706139,0.642317423696226,0.583963494866715
8.92841252941881,33.5709938681872,49.7128001138392,57.3232879649623,67.3567255975872,82.1839223921946,8,34,59,67,92,117,1.65119139811956,2.41763785616414,0.823999329564529,3.10681594164139,1.25972819204403,0.128830895312245,0.624353207228715,0.606142177996198
9.13847773683258,31.9450157151191,48.2058790569618,55.6139346533064,65.1421251067112,79.9524885136904,8,34,59,67,92,117,1.71572045454153,1.99682470401255,0.843256950399917,2.81779657360403,1.20189345103316,0.0999557332754073,0.621957049271214,0.539067855155993
9.31218602951553,31.4288061758507,47.4445715521664,54.8311873484075,64.1841628247456,79.1909799787489,8,34,59,67,92,117,1.76947810628433,1.84570372812207,0.803818603219658,2.6757894294589,1.19580779704014,0.0909806133919344,0.65018088040845,0.539049820114621
9.42680137479063,31.3226423187555,47.1621589675854,54.5101328672393,63.8853645416774,79.0527306355078,8,34,59,67,92,117,1.8051390720628,1.79820651792073,0.775959056343212,2.62381545463314,1.18485890930054,0.09209139737957,0.673664415621329,0.552065524221692
9.47492145840906,31.3219534612924,47.0944331534893,54.4075391918462,63.8778406377932,79.1668696262428,8,34,59,67,92,117,1.8201552814044,1.78776382133262,0.765473839301507,2.6114089190807,1.17500110158544,0.0969319579253284,0.691707543902618,0.568719931594285
9.46166989009996,31.2606343844115,47.0932634535153,54.3467097797576,63.7840301109319,79.3205017793913,8,33,58,66,91,116,1.81601744507771,1.91995684340537,0.774878933370975,2.7281992261467,1.15818245034552,0.0952350858602249,0.72905397566993,0.583101790517584
9.39902067077482,31.2691577730465,47.2035675694094,54.4566443464782,64.0336617800981,79.609501548264,8,33,58,66,91,116,1.79648177943926,1.93577915122921,0.790906311255268,2.74887915718831,1.15807846208838,0.102551267969368,0.735075277416424,0.599937959705268
9.30079107252998,31.2794600403846,47.4005843608111,54.667442623807,64.3841703171482,79.8979474526961,8,33,58,66,91,116,1.76594093583679,1.9599900816131,0.820673273144704,2.78596071500731,1.16195806354601,0.11020711996162,0.725592734474348,0.608649010018536
9.17958659160055,31.1401352218822,47.6641899500462,54.91055955226,64.6715863077856,79.5315845229021,8,33,57,65,90,114,1.72841048953534,1.9559408854263,0.986899597169078,2.95888481125532,1.15619152651326,0.112705850616972,0.71173728523602,0.599260581054101
9.11562639186137,31.5681621328299,47.4850483290835,54.7002632240452,67.2461704899724,82.2278384172026,8,35,59,67,93,117,1.70867506550097,1.77886212742729,0.882170026304624,2.68327010399772,1.14743699068635,0.289220474189532,0.730557211709963,0.842762468915457
9.09172752171837,32.4703956195762,47.1775892094735,54.3234244460389,66.9570601295337,82.1772039479467,8,34,58,66,91,115,1.70131337473169,2.12513462214388,0.68840604991153,2.74400345996648,1.12800222806551,0.349228617543021,0.768060211602626,0.93681890388512
9.11315607850377,33.0765497643148,47.4977374819438,54.7105528503812,67.5821975623996,81.4837821437546,8,34,58,66,91,113,1.70791380602027,2.2589489675164,0.645661928355448,2.80431435932596,1.14676342029217,0.375307821310919,0.739221920602463,0.949020147491666
9.25026014701453,31.1909976534258,44.3015417671558,52.0383087484448,63.2273408280342,76.928589824315,8,32,54,62,85,107,1.75027344356969,2.10371948147915,0.615627302032602,2.68152640443689,1.29614084947414,0.303174547029802,0.706999011062706,0.919250358550143
9.36026448393477,31.3709987311728,46.1112106868384,53.5993182103948,64.5626517993196,79.0241428839807,8,32,55,63,86,108,1.78441881794752,2.11997440647594,0.782765442817558,2.90718079591907,1.22468381658877,0.280103373330375,0.832467419863242,0.954532890358216
9.14281705252795,33.2186518066929,52.9532774543508,60.2288171797334,71.2892483993724,86.4293292474062,8,33,56,64,88,111,1.71705902785621,2.44651696498437,1.75419570442794,4.1945072254079,1.1644036505415,0.242563733100123,0.84916091845738,0.887681116487723
8.96411543123486,33.4018961821948,52.2046610883239,59.3619713461512,70.3277304593158,85.8676938907788,8,33,57,65,90,113,1.6621209577989,2.53386693100521,1.41982133245819,3.88557245006338,1.13121077827388,0.194026748291601,0.917781625121596,0.845108856772178
8.77743907991202,33.5373336464394,51.5534620398957,58.6154564134239,69.49916806011,85.5688043049509,8,33,57,65,90,114,1.60514994028688,2.61238693557424,1.26365788196618,3.74734083981363,1.10463054944934,0.187664226194458,0.9080645635107,0.822710839142152
8.58487394124441,34.0573720699437,51.53617010141,58.6000633587314,69.8963784011013,86.1436656281466,8,33,58,66,91,115,1.54684603832678,2.78863090761311,1.05074052615145,3.60499713833334,1.10515849081239,0.220881483552976,0.938566397718109,0.890500876997525
8.38907412705997,35.6162771136743,52.5560431974969,59.4284368976389,70.9898243404864,87.1912729310996,8,34,59,67,92,116,1.48806426563046,3.05085469468354,0.956606187050939,3.67920875988238,1.05224881692562,0.243824923456604,0.930656691205147,0.893739751435034
8.19339812438249,35.9771452664019,52.3781497326187,59.2400411654487,71.2354242042242,87.556674947207,8,34,59,67,93,116,1.42984436890857,3.19278691971363,0.866165363591987,3.64240625451055,1.04936684505722,0.23920575028521,1.05798449893338,0.958325698405663
8.00077087815416,36.1714095671888,52.2287066642003,59.0858414360348,71.4216268126252,87.8955049533636,8,34,59,67,93,116,1.37306404094805,3.2925322618987,0.810444765005987,3.61158876919752,1.04806223439814,0.269523448925155,1.08628527859864,1.01819851273747
7.81438495507027,36.2590420584327,52.0854345685041,58.9445192010436,71.5193463081745,88.2638033194804,8,34,59,67,93,116,1.3186461040041,3.36369908422575,0.773901464996183,3.58212934304808,1.04859697150799,0.291989815006919,1.13716449154106,1.08275360507129
7.63742719707733,36.2876789143987,51.9139432011883,58.7829492578643,71.5036747836034,88.6143651037237,8,34,59,67,93,116,1.2674749285646,3.41737404071997,0.742819248320448,3.5469781402615,1.05131897202684,0.306175292108437,1.20743899717752,1.15052524429814
7.47297212836524,36.2952016691676,51.722743108697,58.6131134488106,71.4195743414713,88.9334770209608,8,34,59,67,93,116,1.22036670559978,3.46245375670613,0.712506558897414,3.50793010961373,1.05718668232982,0.314677561847111,1.28662819233521,1.21858963454119
7.32380281583352,36.3008361522426,51.5612172205649,58.4859618357026,71.3470216560829,89.2443698965468,8,34,59,67,93,116,1.17802308159541,3.50317130937083,0.687439850109483,3.475060455733,1.06664554812665,0.320156008855053,1.36364666008382,1.28317363986632
7.19229940162634,37.2057821498964,52.3376328551894,59.4336060654784,72.3214075007869,90.4061633919889,8,35,60,68,94,117,1.14100850099245,3.58227164311045,0.668437440034921,3.49950944421626,1.11408740612423,0.322857367749634,1.40187957502576,1.33696122111249
7.08033074861572,37.178378373903,52.1942405114505,59.335861627433,72.2994774688089,90.7053070822485,8,35,60,68,94,117,1.10973127783544,3.60446633158312,0.651493948710208,3.47051541854901,1.12682449634193,0.330580505317799,1.46826021518494,1.39993019039845
7.00047590925512,37.1486592123683,52.18316714419,59.3882597745196,72.4237542751924,91.0950635841614,8,35,60,68,94,117,1.08756212125408,3.6176427083406,0.654204534136994,3.46827991420675,1.14459625577241,0.337990678761107,1.52396702722288,1.45805932406813
7.01108758220108,37.1350604312407,52.3663939729272,59.6454547679272,72.7414049667347,91.84765313803,8,35,60,68,94,117,1.09050143445179,3.61127819387594,0.683124610492019,3.50533518107568,1.16539591391703,0.34428931535511,1.61679137159386,1.54238808544488
7.02813028886848,37.088692995461,53.8017476037057,61.3280293003994,74.7342094411575,93.0491997809456,8,35,61,69,95,118,1.0952263725557,3.59462344913938,0.823642991267979,3.66377305524475,1.23558906751238,0.377554369743584,1.44936834266157,1.50751117312666
7.04994142987536,37.0008369818911,53.8838763754878,61.4644602588761,74.9431331050323,93.2561579943498,8,35,61,69,95,118,1.10128102253174,3.56586965681666,0.850732526796939,3.68059207946021,1.25114258088842,0.385553534506895,1.44896055122494,1.52608925029739
7.0750006412211,35.9619860785054,52.9461645713312,60.457164240193,74.0275010281746,92.2631560082318,8,34,60,68,94,117,1.1082479486472,3.47947028441176,0.86702737282247,3.62349337978931,1.23122056924508,0.395789718170746,1.43294044413184,1.51784845078673
7.10209957209744,35.7855254850995,52.744250410162,60.3956592141084,74.101395336925,92.077730016577,8,34,60,68,94,117,1.11579467737245,3.42605704960019,0.862914116851701,3.58218747307358,1.27150007740936,0.411156967367958,1.37971398699663,1.5203039425855
7.13040918616378,35.5865622405787,52.5200789566533,60.3439722337474,74.2050420587456,91.3041677954836,8,34,60,68,94,117,1.12369260304138,3.36669408029524,0.858848686990657,3.53652266273109,1.32140943156033,0.429147141313039,1.20519560024387,1.43941239049327
7.15953132146345,35.3901090454231,52.3186754066356,60.3452870668119,74.3604015709945,90.3322003441197,8,34,60,68,94,117,1.13183208278102,3.30806274987273,0.858051280418968,3.49567136398656,1.38064964419745,0.447365265401169,0.99429589799943,1.32922397615702
7.18953580964781,35.2206956336154,52.1619889472988,60.4163154182439,71.892337877782,86.4429701265299,8,34,60,68,93,116,1.14023385149446,3.25647266900648,0.860101981514625,3.46400585051594,1.44791504618496,0.236299727543536,0.752085840095002,0.917394271602875
7.23772177141084,35.1902417983749,51.7575270430821,60.0682538417214,71.6962397337605,85.8072305383544,8,34,59,67,92,115,1.15375977599564,3.23619150398492,0.893680271831755,3.51502263734571,1.46468931823586,0.249785522238192,0.682974272354631,0.890005064960604
7.29154404177045,34.9900192438657,51.5469060223117,60.1016465849472,71.7934891909714,85.6110473195066,8,34,59,67,92,114,1.16891550385301,3.17092056432658,0.891949082013438,3.47215344274516,1.53776619142762,0.255574446323875,0.725632138216849,0.958585367324149
7.34756843483423,34.2191075268713,51.0179690778453,59.8241105648358,71.4969396522912,84.9672636421151,8,34,59,67,92,114,1.18474415785427,2.96113754360031,0.932594491601351,3.36531428653416,1.61388108982995,0.253843241416401,0.670623650315269,0.944534764604816
7.40300135713842,30.2435742121829,48.3492209064345,57.3007395813682,68.6975491431162,81.8234968276765,8,33,58,66,91,113,1.20045811828291,2.15574351625025,1.16459838468248,2.96706673304774,1.65826298161335,0.229432678259796,0.6179393741406,0.887470954354658
7.45483497972887,30.9562715857245,48.7535620712355,58.019268131698,69.2560126894781,82.3083028557887,8,33,57,65,88,110,1.2151983808797,2.30986356887772,1.22142884618579,3.17305477232952,1.75505942370141,0.308173706906569,0.606918215499466,1.03601127180739
7.60009770198983,30.9640495548831,48.1715880861918,57.1919390069709,68.6577863176113,81.2544262650354,8,33,56,64,87,110,1.2567434859812,2.27752244643649,1.22628791039851,3.18680837378996,1.67936773973418,0.332766085003847,0.468013788874512,0.907008159777685
7.76257347429456,31.5951436543141,48.4712708989156,57.5812054308254,68.899607492197,81.2968125572372,8,33,56,64,87,110,1.30361304480706,2.38834352006658,1.16224557938813,3.247122805944,1.70692115359019,0.316827672846439,0.442526413755811,0.876246195636996
7.92956446588804,32.2349781435944,48.7085205684299,57.8803625613286,68.9193830731356,81.2212468415309,8,33,56,64,87,110,1.35221258062265,2.50181309649932,1.08622271052373,3.2951549100859,1.72601825465558,0.287733716424932,0.430584604218724,0.839534970155009
8.10026727927886,32.8760190895957,48.5504475248346,57.7337573197363,67.9612058993743,80.103841561127,8,33,56,64,87,110,1.40232514645218,2.61627110590943,0.941342399152945,3.26312473549199,1.72956080435417,0.211592535761629,0.410994390671817,0.731738898173242
8.27374732050643,33.4077227659549,50.4349007383017,60.0481187840068,70.7862219462191,82.3379998387352,8,32,55,63,86,108,1.45368606158779,2.8830898845706,1.19127391394453,3.79388048019508,1.86345500139044,0.258036795941813,0.40241233906971,0.832743476417236
8.44887316885209,33.9717162903626,51.1982612488424,60.8684385822984,71.7259138524224,82.5577497077175,8,32,55,63,85,107,1.50596197263463,2.98285414883232,1.22999984723706,3.95869473945643,1.88134949989072,0.321473522952702,0.318659176246852,0.833674879505369
8.62437649998136,34.4677695893316,51.6456028011726,61.3547028766967,72.3442491842523,82.9242067787656,8,32,55,63,85,107,1.5587671486852,3.06581307689978,1.22049491449868,4.05635762044447,1.89359774990276,0.336169808331228,0.291685631751858,0.82418088199252
8.79885008281313,34.8566383540367,51.9810466167605,61.7330050954427,72.8607294818262,83.3072641799725,8,32,55,63,85,107,1.61166208697292,3.12165527252848,1.21010215640796,4.13010503852687,1.90710326409816,0.351900869049186,0.277897040439661,0.829763264719511
8.97077495621221,35.0950438336702,52.124660300184,61.9208829128738,73.2433286311812,83.6521405207805,8,32,55,63,85,107,1.66416134042585,3.13902829258212,1.19174475585535,4.16181175749734,1.92107226931835,0.374679781155736,0.274061786151434,0.853560998885988
9.13859146071663,35.1609523585257,52.0332288248688,61.8825607900217,73.4676234397605,83.9498013761438,8,32,55,63,85,107,1.71575553273918,3.11240824663645,1.16150910863588,4.14161651700169,1.93785996555186,0.40651786231982,0.281546510981073,0.900483288814931
9.32180296150367,35.1251920864388,51.765300658416,61.6808801897837,73.6018297115012,82.459142377212,8,32,55,63,85,106,1.77246451325489,3.05542490642153,1.11743680050666,4.08262302013526,1.958841943227,0.449073569371931,0.175883935072649,0.820247046417198
9.53872123113632,35.0822070441547,51.4317955520775,61.4166598377833,73.7429777157212,82.76975053633,8,32,55,63,85,106,1.84010431288281,2.9881770549076,1.06321699484226,4.00958123338104,1.98083441785087,0.503108126421461,0.190027581146908,0.897802714528067
9.75104340715802,34.9882879619959,51.0734299917392,61.1473957222717,73.9238142412244,83.1389979598174,8,32,55,63,85,106,1.90681470256591,2.90948874131026,1.01478210564061,3.93158303335852,2.00918917735446,0.566430155866218,0.20646774657811,0.989399547117593
9.95731127788425,34.8375853732542,50.7680376707506,60.9416921128828,74.1483772258768,83.4867587160503,8,32,55,63,85,106,1.97208259035483,2.8185315624349,0.986864045085659,3.86551833019845,2.04100779353778,0.630120750149536,0.21762284387916,1.07513883344776
10.1559878054039,34.0556786586191,50.0318747001641,60.2324454778851,73.3972986331014,82.5605540922249,8,32,53,61,83,104,2.03536174263199,2.57308607466498,1.22765548844292,4.00006158295665,2.04961587552944,0.623796165394106,0.201861699781107,1.0498539957539
9.80751612472339,38.971861105005,54.7820247747762,65.1538056780935,79.5962041214201,90.7843215414813,8,34,55,63,89,110,1.92463962817123,3.55261425267821,1.19425647324065,4.76240831985963,2.1045361457625,0.499836182418467,0.422377062255274,1.21021129036354
9.99294717286988,35.8912338371195,49.2060897208415,59.1398092564672,73.7187859101168,85.9256814163688,8,34,57,65,91,112,1.98340330753514,2.71972617968168,0.565352360710168,3.26359019073815,1.96459519750718,0.517200323925889,0.563131457748479,1.31006013505793
10.0675556957205,34.7451818235992,46.5440527835407,56.3904444901548,71.1247484199922,82.6007850389375,8,34,57,65,91,112,2.00714662911922,2.42591802889668,0.37022905680042,2.74440955711007,1.93692978505234,0.537291594915841,0.460247756652145,1.21766443859824
10.070475497352,35.0415218598232,49.0699572156963,58.9434872939157,73.9060446416203,85.0431235065338,8,35,58,66,92,113,2.00807696832666,2.33522841414776,0.670320102836664,3.10743459580325,1.94551871434973,0.567471461977982,0.415825330827174,1.20623129740166
10.0546191176175,33.3631893418489,47.5766015580847,57.3559048297398,71.9675932276278,82.7329216671461,8,35,58,66,92,113,2.0030256689141,1.96222181100064,0.698817023419191,2.81924579410128,1.91573036255821,0.521401251707132,0.369598694773106,1.09705801584116
10.062417682423,31.9416864471076,46.363106298604,56.0456858106642,70.1180126068844,80.7138447678439,8,35,58,66,92,114,2.00550970762096,1.65962655011989,0.731475909017115,2.59279278286299,1.88525046061406,0.454226487955091,0.293349319643922,0.925733457038204
10.1182751664723,30.8720582779515,45.4269261155299,55.0082281644755,68.5860409649317,78.8457336010973,8,35,58,66,92,114,2.0233196012544,1.43435479015779,0.752765578907645,2.4230334046583,1.85344362047602,0.396630540910018,0.25917514225944,0.817334578834921
10.2321968028239,30.1544962477852,44.7167043497102,54.1887273467198,67.4424499220661,77.4157281850913,8,35,58,66,92,114,2.05973927603097,1.2759116726095,0.753944185031955,2.29721925257025,1.81925006151732,0.361010139678376,0.231818726837953,0.738137575307493
10.4055793596759,29.7509916446626,44.1919665598151,53.5426779721881,66.6449281592129,76.4292054873193,8,35,58,66,92,114,2.11541133619497,1.17022235437946,0.734579253035058,2.20595348222768,1.78144802822116,0.344949152663691,0.214664700925986,0.689448224537232
10.6351269742326,29.6090433813396,43.8089388384743,53.0213149948786,66.0887420515022,75.4540565475062,8,35,58,66,92,113,2.1895565928427,1.1040820878289,0.696717164009167,2.14025957710696,1.73854670604411,0.341310091460315,0.220104054650434,0.683954794256117
10.914533505877,29.6593214385171,43.5027583263312,52.5533797931518,65.6219717477692,74.9873789579509,8,35,58,66,92,113,2.28045672857607,1.06406053508827,0.642342138902229,2.08831539414497,1.6886672934901,0.341431501589394,0.220112622277474,0.667357110239188
11.2345607599938,29.8046333865992,40.6241147874149,49.3536160111954,62.6350507888076,71.9792150371459,8,35,57,65,91,112,2.38541099936476,1.03394661938685,0.317307578962193,1.71773081761709,1.59059082342198,0.363989206475132,0.218154297667756,0.654113978576168
11.5826399907453,29.8674220203617,41.122497225643,49.6678430336161,62.6046689750758,72.1435304335315,8,35,57,65,90,111,2.50053258994486,0.985536967010902,0.366718280966114,1.79666668667637,1.53493780534218,0.382616157869936,0.236456604529317,0.675093479212997
11.9429129321543,29.2630914123953,42.1160880881607,50.7534736825969,62.6156120684137,71.5892509718935,8,35,57,65,90,111,2.62069425975135,0.8291161500185,0.577543118315868,1.95837299413249,1.56269751963049,0.271364349030781,0.185527217282571,0.523628855192271
12.0220977154042,28.6525882363904,44.2992184099786,53.1544513697752,64.5860085647818,74.1131913585239,8,34,57,65,89,111,2.64723671101538,0.810620890264052,0.936451846775485,2.33307894184227,1.62883861072483,0.277456120834613,0.192485985328081,0.555262655793548
11.971969553404,28.4125195660774,42.6836317535849,51.2607243375968,63.139802862325,70.5598249337384,8,34,56,64,88,109,2.63042851521955,0.781003775925829,0.800244169624895,2.15827535227763,1.54450019552121,0.322854797446448,0.0804556620644619,0.429818161542796
11.9083640767341,28.3723095812126,42.4945398744928,50.9390445882171,63.2077121062086,70.7223057800341,8,34,56,64,88,109,2.60912827203933,0.784626005067372,0.775414120531391,2.12559883713213,1.50465285875908,0.36528172051862,0.0854006658811687,0.459502435066685
11.8152835990713,28.4046171318458,42.3820759279903,50.6682212604235,63.3668949154717,71.0247157405392,8,34,56,64,88,109,2.57801232620176,0.804162939583101,0.751585056442368,2.106257842297,1.45737296613796,0.415179609570223,0.0932410456549871,0.495915511717229
11.6652532083457,27.667501772675,39.7944303611516,47.9100142796622,60.8997685901775,68.4725354194802,8,33,55,63,87,108,2.52799797533397,0.801667087652405,0.476169327258588,1.77648789115606,1.40684247632827,0.450744682450689,0.0885339006741161,0.499097458414626
11.4228516573895,27.7018050701039,39.7281285507028,47.6296455223198,61.2001476198908,68.8655087611664,8,33,55,63,87,108,2.44756327235597,0.846199513537368,0.462841278843954,1.76580333441074,1.34402023974691,0.525895198608812,0.0936656006220006,0.54128235043609
11.0584891061602,27.8118922541297,37.0339569245104,44.7520230841095,58.9577480268139,67.742104320471,8,32,53,61,85,106,2.32755920726987,1.02768866667435,0.207082359343651,1.52953201580284,1.29073258018283,0.614270783305906,0.169982849033671,0.699079562625943
10.5700605128195,27.9849406145722,37.1532377081528,44.6581237211151,59.493090395905,68.6969554486648,8,32,53,61,85,106,2.16848988553928,1.1489536631745,0.202306397473984,1.54792297434735,1.22947399931739,0.707891979228535,0.20545892648645,0.791335336850961
9.99666234519774,28.1162123447474,37.4882838707434,44.8598316073541,60.2096939122766,70.1742102767686,8,32,53,61,85,106,1.98458428113635,1.28380253362659,0.220728937813348,1.60007689685188,1.19153537720123,0.788797697341605,0.279212188623636,0.92646540302365
9.60554180928706,26.1078467120653,36.381283808376,43.1389751661457,56.3966095545682,65.6890463722064,8,29,50,58,78,98,1.86104610962021,1.33567750016609,0.312562792568901,1.71126300594088,1.02088649489174,0.825473577221236,0.260476698073474,0.853275994302081
9.49826375915555,25.7342391934267,36.8907140775381,43.0822250120419,52.9219226688495,65.7805930794955,8,29,49,57,77,97,1.82744874537803,1.28058339153862,0.489758804659062,1.90035437556348,0.86993954721633,0.320445948428412,0.756090537692447,0.802493708796527
9.352329453571,25.6612894447256,36.4027041062699,42.5089565954332,52.5933144129544,65.6267279975255,8,30,50,58,79,99,1.78195112920982,1.17098897870147,0.432715320021683,1.71479672408636,0.84779942552132,0.291920682688909,0.786173948735137,0.776925499820435
9.12713672051801,25.7328641040959,35.8074379572292,42.1222432559571,51.7589628285905,64.6759348292922,8,30,50,58,79,98,1.71222308368829,1.22943746380943,0.34810660597774,1.61771291345644,0.90223975768866,0.245954450188433,0.870043110361335,0.799935491437458
8.85472920530248,25.8015547770148,35.1777343057622,41.7363604467464,50.9051966131161,63.3056337336139,8,30,50,58,79,97,1.62868496967147,1.2979080021262,0.269240799865916,1.51757851135218,0.967065086067816,0.202353978208172,0.884388843217615,0.777295033911284
8.53464851937541,25.8785382518125,34.5924672513858,41.4180726124842,50.1373566351345,62.4107709680574,8,30,50,58,79,97,1.53171870616535,1.37929966215038,0.20409097547757,1.42693528685616,1.03942548895829,0.164815133404855,0.86038425493943,0.740871530533786
8.17979431176516,25.7967542409774,34.3794455621207,41.4824513351729,49.7340645503324,61.648548040442,8,29,49,57,78,96,1.42581682313827,1.5749513475546,0.192322927647398,1.48551635398208,1.1160472710668,0.130331807191444,0.793953471108353,0.678363835298209
7.84227655187657,26.0137531433656,34.1081238162167,41.4135779546673,49.3710759455056,61.0179788293132,8,29,48,56,77,95,1.32675594748642,1.69891389486582,0.190675909987741,1.53687137059548,1.17284053912462,0.111030168106011,0.745812534607501,0.638952977192733
7.64315342886416,26.4275162334571,34.9978427856506,42.430205878071,49.8417329455757,60.7674751711416,8,29,48,56,77,95,1.2691230703556,1.83948348596819,0.236317962764913,1.68220944932832,1.20880240576181,0.0800204447558134,0.62224664054418,0.521776069205885
7.76110427751272,27.1143731430125,37.0171258982227,44.5538485266307,51.5308985766236,61.8412898454114,8,29,48,56,77,95,1.30318736474835,1.97314412203736,0.391082671240337,2.03143205245187,1.23857589084381,0.0597013332232975,0.524365435988509,0.433950020446302
7.81403306069192,24.0957450232795,34.5834037920723,42.3180974862956,48.851686746549,58.5058293756964,8,27,43,51,70,86,1.31854386241528,1.56896657909309,0.746029195688665,2.16088186975275,1.29554098606003,0.0782540738067607,0.596877644917937,0.548927727087768
7.56292501080682,23.592856298711,34.0173584751825,41.4829718714662,47.9720646641574,57.4891617285204,8,27,43,51,70,86,1.24607938525136,1.51183030579151,0.73426736018499,2.05368837692193,1.21826912017244,0.0758831349935714,0.5736612420635,0.502970096777457
7.32333591482314,23.2548375183104,33.5272840496862,40.7948952433825,47.560671577405,56.8276540813811,8,28,44,52,71,86,1.17789113517358,1.34891453513024,0.706251379486004,1.84989948529566,1.16217011427837,0.0913632962150789,0.627762045967429,0.539417875309492
7.1235492141168,22.8531873370759,32.8176455123494,40.0677626384007,47.6639365129168,56.5936455953714,8,28,43,51,71,86,1.12177746950531,1.30616849942702,0.757765424125223,1.83341927040936,1.15724572468814,0.11616963124901,0.568429585664529,0.533767444751477
6.91503383845379,23.4349736869414,29.138800370559,36.5738815511149,44.1547752321066,51.7971024527026,8,27,40,48,66,78,1.0639711696917,1.62366421406256,0.239044216991802,1.51001540962596,1.20957558474626,0.186532559592177,0.645435540115883,0.713992044425531
5.84577982781687,14.01619540955,24.7986629854529,31.9644380250364,38.5517032290607,47.9739917496936,8,24,37,44,60,72,0.781187971553844,0.367100620533734,1.20425622290005,1.09331286166508,1.34113976177172,0.180484769571724,1.03456814985164,1.02225843210891
5.82272977610648,13.5853250482399,23.2186844449,30.2964211406555,36.6938161111522,45.7883416664078,8,24,36,43,59,71,0.775370238965637,0.312863055049904,1.08464319816915,0.942627703952547,1.31439974324383,0.162601787973487,0.958332240134802,0.93128225122018
5.86823486626112,13.8543242872558,24.4529719604458,31.6744633807975,37.9011578810377,45.9857631265327,8,24,36,43,59,71,0.786867788735758,0.3420800331538,1.32271299720356,1.13051806290449,1.35812343549305,0.147383120254849,0.736107766541946,0.784358560132034
5.8993111705027,14.6688906995911,25.0661205025443,32.3375413198495,38.528966682361,45.9371256164732,8,25,37,44,60,72,0.794748123803817,0.378351331910069,1.27186947482687,1.13487777516983,1.37338259336044,0.144340649667366,0.599227955776115,0.696651891044803
6.05954655928023,14.7955151974981,25.9142676468677,33.2117320572559,39.5065060636266,46.3734334163947,7,24,36,43,59,71,1.01452941903634,0.373801925585408,1.456645085142,1.37138862836865,1.3813565668064,0.153354799211511,0.497537670713083,0.644545999888515
6.07914681677963,14.1763683610534,26.7845291946322,34.170431952824,40.5403391049706,46.8888942396569,7,24,36,43,59,71,1.02012398760981,0.2923490610801,1.85916497135296,1.52371888266309,1.40850858051818,0.160096026776092,0.407340413583539,0.601215639185163
6.04035902867356,14.0870028535173,27.4736680196235,34.9314006673725,41.1330672430752,47.2846212178124,7,24,37,44,60,73,1.00906001852677,0.286315015449712,1.87416806837579,1.53760026713313,1.43064467356985,0.145220497111111,0.29846705820151,0.50641775468996
6.01949450429863,13.996243148266,27.5114475522049,35.0775256699964,41.0518984092363,47.0541817603872,8,25,38,45,61,74,0.825437978427594,0.278079019903887,1.90930685557524,1.43840144822265,1.464172143794,0.126388544488029,0.277967415537808,0.477655221115817
5.9753309149314,13.8361913073861,27.4364089210095,35.1311040219002,40.8655578834172,46.8095085919599,8,25,38,45,61,74,0.81412129396044,0.264687757992814,1.93264151491178,1.42559238707584,1.50418363555752,0.108094940111772,0.270141594794348,0.459907681801261
5.94632480717003,13.6073039123514,25.8331577952352,33.9082202821036,39.2092690381387,44.9580978416575,8,25,37,44,60,72,0.806713274741773,0.242373605133874,1.75335948752778,1.25770580919919,1.62379482103904,0.0791701444677704,0.312633488456038,0.489298282550358
6.18778922181932,14.6732751909844,29.7938418925574,38.0763143238855,43.4075773469347,49.3364563453433,8,26,42,50,67,82,0.868969712092098,0.279756588925853,1.77491512311827,1.41854885297713,1.4562804994107,0.0587071990120148,0.161300583844843,0.291334159890535
5.93991562490551,15.7441144828403,29.8095054408961,37.8558569342115,42.9516675358444,48.8871904336659,8,26,44,52,69,85,0.805079053164413,0.449414136497217,1.22117848390497,1.23508589343613,1.38645093045978,0.0479912447753965,0.123315743334397,0.223467691323495
5.69978834641904,17.3503759122593,30.2536743380488,38.1928388512202,43.1228688109277,49.3092252630988,8,27,45,53,70,87,0.74455879497888,0.649099747705999,0.981869893461887,1.21424240596248,1.35501935781269,0.0412565954666593,0.109544522456226,0.192222463872858
5.46259384159434,18.910477967507,30.8824220981182,38.7233192712713,43.5579225459071,49.6685952254059,8,28,46,54,71,89,0.686186941836154,0.859422731923796,0.804447081310763,1.22121843543196,1.32635459512735,0.0376752052000846,0.0780007601784091,0.151745590478936
5.23511245726334,20.4155384833631,31.5251174904657,39.258966503615,44.320269673945,49.9539716391273,8,28,46,54,72,90,0.631601807521131,1.19237185044577,0.652864389336064,1.31783852979431,1.29529661404636,0.0325311553384875,0.0542033367339646,0.114200542318321
5.0266108014413,21.378158430859,31.9319288255846,39.5371156812957,44.9151664842723,49.5967896052716,8,27,45,53,71,89,0.582843444626197,1.5849375099499,0.562214168691214,1.4749045964016,1.25820519522342,0.04363057769674,0.0219451768068795,0.0854490548754486
4.82735739564302,21.8900995758919,32.0244461702332,39.5613897627631,45.6521711016107,49.0597232178237,8,29,48,56,75,93,0.537450272756526,1.45427216088217,0.421847399105798,1.21843368764041,1.23863912096216,0.0566447325516414,0.00366564590039659,0.0541076084335766
4.63960330405679,21.4716747279483,31.3259108470202,38.9972844137386,46.1454723978523,49.4674527718174,8,29,48,56,76,94,0.495810901624744,1.40503092980426,0.384777725862407,1.11892708696981,1.27725309797195,0.0887589282173173,0.003137816677862,0.0720938237911863
4.55718260682825,20.6365445700468,30.3707920991651,38.0338626385359,45.3039286617394,48.8101948632869,8,29,48,56,76,94,0.477894523119839,1.24857753239392,0.369395351545435,0.989070564547174,1.27485973982813,0.0957773620466934,0.00435592904199711,0.0812806988184833
4.55140592953539,19.6208175830903,29.534535404695,37.1014366725388,44.5547023615962,48.3334934450271,8,29,49,57,77,95,0.47664731102377,1.04947121189179,0.329040220791021,0.813602066877216,1.24721902735947,0.106942841519532,0.00677494745158067,0.0933854564566535
4.60283171183514,18.5825617042809,28.6570097453846,36.1296744566639,44.5116559424712,48.4166885933547,8,29,50,58,79,97,0.487789704903406,0.849842914892012,0.290858736301438,0.653066109221248,1.22027905933158,0.139475532734259,0.0081841876950431,0.112119775184001
4.61163525681997,18.0161842573663,28.0449260459588,35.5750265497675,44.0069507640541,48.4952890093237,8,29,50,58,79,97,0.489706001412979,0.751385008715074,0.285986589690366,0.589707069786761,1.23668130225612,0.143074367871209,0.0176018814140226,0.141427286840249
4.54549889510015,18.0038903724236,27.7099641796695,35.275528920456,43.8583619728969,48.5616934567096,8,29,50,58,79,97,0.47537311635072,0.760388559696952,0.252806189762047,0.556436012079816,1.24683593438758,0.154272026204883,0.0224753315739924,0.16050007119483
4.49121711098659,18.0046093333902,27.5076178089318,35.1008841431195,43.7845786531747,48.7627162851535,8,29,50,58,79,98,0.463719449972609,0.769631894944799,0.233026733655878,0.536822847586541,1.25478203189083,0.162026973418127,0.0204442740019464,0.157063099732868
4.44731835512991,18.0215406886171,27.3560153685554,34.9868875693112,43.7264985836625,48.8630049438864,8,29,50,58,79,98,0.454368618053731,0.779908876421141,0.217264193342808,0.522369210932755,1.26558889135958,0.166419709920868,0.0241609920976391,0.169500044278202
4.41247095922948,18.0546080994364,27.2428895914718,34.9200607038517,43.6966463247415,49.0085095250619,8,29,50,58,79,98,0.446993321914138,0.791449381881715,0.204074405522623,0.511718901409238,1.27892489540297,0.169360996797762,0.0287948019358725,0.182889897070053
4.38555713732389,18.1032327225735,27.1656324164073,34.8957304240522,43.6985656956592,49.5249684106507,8,29,50,58,79,99,0.441326195167581,0.804367353896254,0.193078662773767,0.504511945701379,1.29421155727808,0.171466805493692,0.0326823534988705,0.188942330118604
4.36568194752213,18.2473163191945,27.6788033324086,35.4958769848035,44.3070754803342,50.1902947540787,8,30,51,59,80,100,0.437157545745449,0.735985626203287,0.226264848659492,0.503476815021497,1.31942735774635,0.172140805785085,0.0343842555481418,0.197186507771819
4.35210236197426,18.3238515547992,27.6511645220259,35.5261605334892,44.3412248689027,50.8327496569727,8,30,51,59,80,101,0.434317393429746,0.750651700655149,0.216607571246602,0.50093846473086,1.33628470901602,0.172452860935389,0.041332688157703,0.207535568979823
4.3441882071781,18.4180415722094,27.674769569276,35.6100784399304,44.4226091176627,51.0398564092141,8,30,51,59,80,101,0.432665183629776,0.76741658082416,0.210193702925988,0.503105929553598,1.35389191292032,0.172248305164196,0.0456665346424346,0.217972233891858
4.34142363538969,18.5340736959624,27.7760591669815,35.7727643316051,44.5736870902437,51.3248460415198,8,30,52,60,81,102,0.432088560073461,0.787117765299121,0.169450337958771,0.465387574195138,1.37187144267084,0.171312883496151,0.0506033436392562,0.22873181643155
4.34335231736091,18.6777545527771,28.4997625052189,36.5710088030367,45.3933837897197,52.4677493104857,8,30,53,61,82,103,0.432490808246334,0.810898081197624,0.17830347398358,0.483206753306961,1.39377534194695,0.17304385524532,0.0639256776487552,0.254457481960342
4.34952223834908,18.8547784228577,28.9280905209655,37.0604499145282,45.7994145258901,53.1225452726123,8,30,53,61,82,102,0.433778505123635,0.839949147265283,0.198561131127962,0.52183397409976,1.41179395237063,0.166368548438723,0.0989351883322411,0.302936669847231
4.35954783833963,19.0526507603665,29.6892679114828,37.8886956240046,46.4045826335857,54.2780655898367,8,30,53,61,81,102,0.435873793868162,0.872372636836586,0.248408719986555,0.594359379279455,1.43163033238889,0.18647940284574,0.105852730187928,0.331605778570374
4.37304527719954,19.1469010007727,30.2737388562739,38.4713636606075,47.1471588639644,55.1195722516295,8,30,53,61,81,102,0.438700311554588,0.886464537253181,0.296721756874041,0.653373820690461,1.43109625692973,0.200632200443836,0.111964895919608,0.351088242472034
4.42007813265576,19.1785572540618,29.9574838642187,38.0526996644286,46.8771959261222,54.8532028192643,8,30,53,61,82,103,0.448599734627383,0.883774158579615,0.261965059168547,0.621085708662124,1.40083606162528,0.173215552488544,0.11219079855318,0.31721619110611
4.47725042189338,18.9434123299738,29.9581313248177,38.0709239970029,46.9861822829357,55.2444161940973,8,30,54,62,83,104,0.460737223482693,0.833264593067493,0.238440759242725,0.568937343002435,1.40601900213772,0.180651587795838,0.130787442263404,0.346041262821899
4.52835511486081,18.885314487669,29.9969031715851,38.0976479149455,47.2103249509971,55.3794844932869,8,30,54,62,83,104,0.471681737502203,0.814709350216815,0.247223453239989,0.572644902642401,1.40246591339582,0.197430164135245,0.124735485035846,0.353366912357008
4.57202447061972,18.9299468021087,30.2411992035421,38.2686824710371,47.5765449216981,55.7950251690178,8,31,55,63,84,107,0.481104092553254,0.72143799571783,0.265869509919965,0.54585881200834,1.3809056776201,0.214829690407493,0.0778275236090393,0.293309132426665
4.60839535864022,19.0133852034602,30.143973906822,38.1576275658365,47.580406546815,55.4689426865743,8,31,54,62,83,106,0.489000463271852,0.728872870846646,0.297108868642378,0.586822749687981,1.37684456991222,0.225448869505021,0.0631624081533743,0.278109448382056
4.63606359303613,19.0682400907182,30.1302803405493,38.0610015588598,47.4565501169323,55.3514825528913,8,31,54,62,83,106,0.495036823773077,0.733182265819338,0.290075790530562,0.585495047595592,1.35255070841868,0.222907515982099,0.0634281477768011,0.27137316229502
4.66582943376208,19.0616435660808,30.1510889122813,38.0243296630148,47.2739840051018,55.3039540988967,8,31,54,62,83,106,0.501558938590543,0.727420882085246,0.292876998312992,0.587513224092611,1.33577311758584,0.209556722090701,0.0692084410823525,0.266989805224256
4.70203861234412,18.9733569158841,30.2302056277036,38.0162884586179,47.0732955040847,55.2920349034,8,31,54,62,83,106,0.509531841114006,0.707843908966753,0.310292836912071,0.595219501944065,1.310429121896,0.192615108888267,0.0778398187227364,0.261215717784725
4.74382763496685,18.7696915080314,30.2848991865058,37.966688092628,46.8232046707563,55.3350215004548,8,31,54,62,83,106,0.518786012420395,0.66992761047806,0.338191167884647,0.600577311305208,1.28025687656252,0.175818931954198,0.0925401795887734,0.260478593310865
4.7410131937794,18.6501196575816,30.6016712917255,38.1914916591984,47.5467592709882,55.7770970120717,8,32,54,62,84,106,0.518160995401887,0.572218391887336,0.453051566857739,0.632096136026448,1.25379289495623,0.178402371829832,0.101064589019933,0.26843226473917
4.74453728979247,18.4851993824974,30.7999052957626,38.310997734331,48.0739443582548,56.263169898333,8,32,54,62,84,106,0.518943648975769,0.54894747176657,0.501520318063127,0.652241500413751,1.2312470767278,0.212773795970306,0.0987217913480469,0.287238026264728
4.77166910394879,18.3779358273035,31.0570639163837,38.4602179376046,48.5935284314978,56.8895909057851,8,32,54,62,84,106,0.52498251143078,0.530702085084128,0.552452514703452,0.678854811968441,1.20050146646175,0.24690269134437,0.104879930991252,0.312456670883453
4.8231932089741,18.3247037575182,31.421478418955,38.6936908497222,49.1794348473566,57.7021278383999,8,31,53,61,83,105,0.536514605433264,0.592033163727474,0.613563766013146,0.777486075438006,1.16346619072057,0.281913005394296,0.118699844749669,0.34471175332352
4.89917682043786,18.3784123224304,31.9371279192076,39.1066073886218,49.9406547972206,58.6416515858316,8,31,53,61,83,105,0.553672378321149,0.588819803284081,0.684449026053489,0.836717493061663,1.13461597595494,0.318901433193961,0.130300750941175,0.376884942897798
4.99901156935386,18.5293544814251,32.5575666235094,39.6387788279996,50.7970486825045,59.6255869958573,8,31,53,61,83,105,0.576484303929197,0.596204203728459,0.759903280285122,0.910770470702574,1.1099766296895,0.35542707506722,0.138994247903321,0.405759515343866
5.12138768958443,18.7597067748756,33.2196481409904,40.2085934777491,51.6720920337977,60.5702275145953,8,30,52,60,82,104,0.604851727441191,0.697004156419753,0.832202997556998,1.06622160125403,1.08437062019832,0.391621969625203,0.143877520746995,0.429020714859911
5.26439346409444,19.102721493018,33.9532499238055,40.8938429512501,52.5850037145021,61.4669459504836,8,30,52,60,82,104,0.638548347418664,0.728981314356202,0.899928964392114,1.16518536659556,1.07101401958241,0.419739565362122,0.142732531766711,0.442772801850478
5.425689649163,19.4886214128977,34.6438898457006,41.5468597581186,53.4113720405842,62.2367618665861,8,30,52,60,82,104,0.677236533580085,0.765615873596052,0.954246930642953,1.26195363389037,1.0606511775009,0.441781090687221,0.138775663101211,0.449533211826958
5.60261113844611,19.8818711344492,35.2824582385624,42.1544837203921,54.1229294282072,62.8945797549559,8,30,52,60,82,104,0.720470011144486,0.801612444978819,0.998888180525483,1.35445197881738,1.05214773739749,0.455254787738523,0.135075838544778,0.451185226653869
5.7923918477462,20.2413801497455,35.8707425504905,42.7144482268958,54.6798229867172,63.4661535483492,8,30,52,60,82,104,0.76773263878314,0.830335106339236,1.04123728184103,1.44217660518225,1.04438134244818,0.454853916108027,0.136080710408524,0.449750921758834
5.99230750520254,20.5541920730867,36.4128740130169,43.2285908942558,55.0716091364141,63.9845449610608,8,30,52,60,82,104,0.818466116163222,0.849670639425789,1.08436831936287,1.52510156187025,1.036720662917,0.439018754570929,0.144928686287752,0.44771751331913
6.16479344252764,20.9597949716023,39.3403835688129,46.5048062514928,58.2946344957627,67.5962611530296,8,29,52,60,81,102,0.862984073351167,0.997653545677,1.46300209960066,2.00562516651656,1.13320066466322,0.50325346601989,0.214261390010345,0.611171315560669
6.01234793111172,22.5113863427105,45.1259324809638,52.6510875973177,65.2139580393228,79.2297926845105,8,31,54,62,85,107,0.823603652152324,1.09097842422076,2.42882096369789,2.84054062331469,1.23526689452586,0.46365011633136,0.757871108215836,1.10817205953542
5.8998877020963,23.6084324427601,46.19441643858,53.5829104907982,66.7999781914465,80.390012998747,8,32,55,63,86,108,0.794894537463958,1.20445888027706,2.42180025938058,2.92344739194639,1.19634062851972,0.551598580156323,0.689376964368419,1.12044412694876
5.84631926894566,24.7759339944364,46.8528227566549,54.22520189631,68.6144001584481,81.3311348254229,8,32,55,63,87,109,0.781324277140297,1.44562389684463,2.29770490645646,3.05331623481091,1.19177101466601,0.640956958140997,0.557836634117555,1.08256009696416
5.84723071737111,25.9835540734532,47.3620294160314,54.7274259880957,69.5796369958786,81.8527772384769,8,32,54,62,86,108,0.781554597123488,1.69921689874976,2.29628338814316,3.28822478405915,1.1897923677871,0.710540051175995,0.495855812102805,1.08418940428045
5.89856089111108,27.1421562248228,47.8265469766182,55.1507313091173,70.5106282532107,82.4144358117125,8,32,54,62,86,108,0.794557597637044,1.94405767382711,2.12804128393249,3.38409741393752,1.17813090112553,0.790411706346384,0.446852568217118,1.09695537473726
5.99453989512556,28.210797443333,48.2207580365699,55.4954565666295,71.3790394064457,83.0105130190109,8,32,54,62,86,108,0.81903794918699,2.16793233795823,1.9684328346863,3.46620552546434,1.16416662710935,0.876565523251816,0.4122762527125,1.12370292422832
6.13028396731888,29.1688825168034,48.5739523011877,55.8038490478794,72.1983335251395,83.622967961231,8,32,54,62,86,108,0.854023554792528,2.36316933026732,1.8287048585265,3.54034384213746,1.15156051641665,0.96414986742802,0.386917131475813,1.15848606269449
6.30821717689028,29.8821276101174,48.9496940484925,56.1534996412415,72.8818720901941,83.8891911334717,8,32,54,62,86,108,0.900505503473931,2.49302993917859,1.75221398452444,3.61980195061554,1.14423518706898,1.02320497745803,0.338172875346982,1.1437339078261
6.34773255085872,29.9871762291908,49.1646298704421,56.3136286088433,73.4258064359752,83.9656751017644,8,32,54,62,86,107,0.910921422156697,2.50907240951585,1.77700010985057,3.66552340362044,1.12888654739369,1.09280393779607,0.342863932230061,1.20297152451066
6.36124854929211,29.932435772709,48.9120784473744,56.1043912525598,73.6191887565181,83.882117224016,8,32,54,62,86,107,0.914491759649601,2.49236397518356,1.73246526345586,3.61182035148571,1.14101225840783,1.16772612930778,0.311396662010716,1.22647699498178
6.38362330473347,29.7901691370669,48.6085166430402,55.833082494307,73.7282496453096,83.7735459557572,8,32,54,62,86,107,0.920410697315771,2.4522013621529,1.69643103320584,3.54762801249811,1.15006285366093,1.24024906130971,0.287746348655066,1.25385040101932
6.41266511689727,29.5770091622818,47.8946428130659,55.2052591833707,73.3397440891011,83.2684295878055,8,32,53,61,84,104,0.928109044504912,2.39348210881547,1.73210371628616,3.53750626893634,1.17429801810213,1.41208870665467,0.330791867261876,1.45621829031062
6.45163552193663,29.3184513510935,45.9914533109737,53.3525059450315,71.8742990372388,80.5781876645717,8,32,52,60,83,102,0.93846696780743,2.32195213158825,1.50997891438054,3.27732882145776,1.18856184383576,1.49250317022446,0.250060647677283,1.42605915299187
6.54110236421849,28.9867238499426,45.356770756227,52.4798763534871,70.7436617511753,78.4095822003167,8,29,48,56,76,94,0.962365041709407,2.74719826675865,1.58917703108741,3.7176007330978,1.12165365155959,1.87535380533026,0.194451683465415,1.55993155182078
7.36635681979553,26.3431730571252,39.9309839901028,47.0642142462822,63.0870993403525,69.4275409512079,8,23,38,45,60,75,1.19006442389117,3.03780266598052,1.56323963950444,4.07825307151451,1.33124107223646,2.19747175344212,0.202780090786802,1.91251161351828
7.35157274970903,28.6778314151102,42.3347640116457,49.113299224177,65.0208331949154,71.3230066574949,8,26,44,52,70,87,1.18587754959008,3.04777708040117,1.13493258171789,3.65275143359441,1.02656697792892,1.63598101002175,0.117906414987845,1.19917763093173
7.30308820576931,28.3386498142905,41.8936068507798,48.568710871353,64.5049172205172,71.0445556098025,8,26,44,52,70,87,1.17217270585091,2.96622469334372,1.11375257343176,3.55281159139579,0.998462292152208,1.64274592071674,0.136164048011154,1.22382357278106
7.27667932949349,27.8644310513587,41.0950290091693,47.804368150448,63.5654367081782,70.342466955412,8,26,43,51,69,86,1.16472477600523,2.8417123906762,1.17745308200113,3.52688780099237,1.00774168840622,1.60156332995204,0.155909326648995,1.23854127593299
7.2506045292968,27.2548404571519,40.5049563133853,47.2186836518128,62.5794220766886,69.6341879354529,8,26,43,51,69,86,1.15738285167328,2.68157713024166,1.18166632041585,3.3939717569224,1.00893276516656,1.50870098613033,0.180894534503324,1.22052145638162
7.35340518356304,28.6832692393474,42.2632395076841,48.5359398216589,68.470054215341,80.0521097942792,8,30,50,58,80,99,1.1863962971191,2.28437335038646,0.883313025365415,2.78496265722092,0.89117214225723,1.95073139665488,0.637912112938164,2.05854453862267
7.42442128280766,28.1673800586792,41.0918360919896,47.0972905334227,66.4878804808943,76.8697186623752,8,30,50,58,80,99,1.20654400853863,2.14208487077996,0.767359488095731,2.5556227646167,0.821835400305371,1.82540117304618,0.455926124441527,1.71139090778429
7.45279192735446,27.2184111710316,39.7107864820498,45.5294034428401,64.0405934958136,74.7734297128583,8,30,50,58,80,100,1.21461653827682,1.91159104418319,0.694616102264918,2.29469581142182,0.774333528560934,1.62851797249737,0.43157114944166,1.49956735990808
7.53324168368342,25.6872401156679,39.1569799129472,44.9514372807281,61.3831435431399,74.555319826053,8,30,52,60,82,103,1.2375799040707,1.55073712906433,0.670532683880696,1.97396896188597,0.768251927015814,1.19503521709745,0.713045180722972,1.45997581276713
7.17240402438571,23.5741048173808,38.3238907219804,46.1333451084223,62.7188973246403,76.0657490998227,8,30,52,60,82,104,1.13543471655715,1.18914021761839,0.882254610335695,1.83271976369672,1.31721371944877,1.22543048572466,0.65151706693077,1.7365659236045
6.69368957327743,25.3399013144622,39.8386645852902,47.7387407304638,64.2756738344288,77.3973136113286,8,31,53,61,83,105,1.0034970347972,1.51866941732859,0.838837432852164,1.9857673425631,1.3435997116749,1.21579419718775,0.617292371197801,1.70673879929269
6.60046536797155,25.7729609826375,41.5532770253779,49.3956754169909,65.6525291111767,79.1238067607736,8,31,54,62,84,106,0.978311849106736,1.63109619953967,0.960064999808834,2.17669004597205,1.3267914001098,1.1608367193887,0.670772159163154,1.70866657205051
6.59168407562247,25.9644894445278,41.6716256924616,49.3724823984921,65.4103778996288,79.077867700629,8,31,54,62,84,106,0.975948438013847,1.67461150236463,0.947109827582189,2.19759301355221,1.2857604604133,1.11854106755489,0.70162959487608,1.68208879837704
6.55275496299255,25.8361552375783,41.6696651003336,49.2592077108338,65.3683712569456,79.2116215017632,8,32,55,63,85,107,0.965489686579052,1.51846694291008,0.969526267407217,2.08943419922624,1.25371317538989,1.1322425267279,0.729775991487488,1.70403175658947
6.5087545166403,25.6899834897322,41.6724606650009,49.1106285142129,65.3375633831772,79.33761421668,8,32,55,63,86,108,0.953705447652409,1.49729867514906,0.996218893936807,2.08991586094105,1.21045375817688,1.04064210288424,0.755283008127892,1.62790127189306
6.46045500840191,25.5050981535554,41.6378203960754,48.9273106758801,65.3073303002877,79.475881522754,8,32,55,63,86,108,0.940815476763145,1.46916668501657,1.02343114958385,2.08395062171519,1.16833627167265,1.06884722640367,0.783104323878874,1.65529599326027
6.40882987198666,25.2982111002585,41.5691660088941,48.7173789126756,65.2684526256682,79.6044018415436,8,32,55,63,86,108,0.927091390632549,1.43742177258919,1.04872235538959,2.07214795436833,1.12866686011427,1.10070939478175,0.81115922351261,1.6867674779948
6.35507206564224,25.0792971871974,41.4671234273965,48.4822890377238,65.2073773853812,79.7073348932861,8,32,55,63,86,108,0.912859720895974,1.40393022287536,1.07029343864434,2.05465459426856,1.09163154930068,1.13349272788651,0.839041864303825,1.71974418706788
6.30049091469311,24.8350165732684,41.3251680554849,48.2163955159372,65.1070763316886,79.7742304891206,8,32,55,63,86,108,0.89847283243309,1.36581799633298,1.08931984983668,2.03041715632059,1.05742226976527,1.16503058876155,0.867863901726873,1.75361491025565
6.24654516530516,24.2912875592181,40.9436699910232,47.7136546597018,64.7702001167358,79.6990265321019,8,32,55,63,86,108,0.884316356038416,1.26921941295124,1.11975036407717,1.96585119641601,1.02423572275296,1.19694906827661,0.913763184557037,1.80377791392793
6.20239695878617,23.2693393586032,39.4466927052173,46.0464883616734,63.2740250165402,78.2233829966312,8,32,55,63,85,107,0.87277807207392,1.08450738418138,1.03157038136241,1.72074706621662,0.978131547401772,1.35526464813312,0.917404877689301,1.90896988581784
6.16672653947527,23.4667300086679,39.3962075432317,45.907501971201,63.5171835913024,78.7604928159462,8,32,55,63,86,108,0.86348679365159,1.12751606713461,0.986689103230988,1.71271582587853,0.954384614982564,1.30571213790688,0.970175166530356,1.90520758979727
6.13544759261141,23.5247559539117,39.2803214135272,45.7223187789837,63.4206002896507,78.7079257501416,8,32,55,63,86,108,0.855362618983576,1.1441681124797,0.955675443674429,1.69433970007902,0.935902303632094,1.32345754661055,0.978177605507538,1.91588310510183
6.10962043039655,23.58664220274,39.191305489831,45.5763080223612,63.3738241673618,78.7438126292213,8,32,55,63,86,108,0.848670937061223,1.16061506444486,0.929088099943557,1.68028056312392,0.920775899174431,1.34343696327885,0.993276219733836,1.93701174901497
6.090187977758,23.6686753457601,39.1309940967381,45.5133227036237,63.4353498605947,78.9300312625151,8,32,56,64,87,109,0.843645981361028,1.179753108329,0.806965729998976,1.57872061805755,0.920067914392942,1.36865948198278,1.01622310995524,1.97898676553642
6.0779071243948,23.7706709951837,39.0944075706442,45.4387346969132,63.4390055597291,79.0167740771383,8,32,56,64,87,109,0.840474727591428,1.20145072681554,0.784602132769778,1.57314612214575,0.910022469483829,1.38459650749404,1.03162684722813,2.0001197612072
6.07373444211031,24.1161323498695,39.3052760708052,45.9311470090515,64.1242482602065,79.9571275117349,8,33,56,64,87,109,0.83939800428209,1.15290233421752,0.857462096726219,1.60538996702698,0.985158236986115,1.42415651763133,1.07948166741793,2.12692874035377
6.08394153608848,24.1926189762423,40.4118698452278,47.0172107351317,65.2250115704685,81.0177584116368,8,33,57,65,88,110,0.842032551754411,1.16515998606032,0.933725327609505,1.68456514826581,0.979624722291737,1.42718861288925,1.07189803035042,2.11884846928529
6.10232557543896,24.3014432775418,40.4049812760818,46.9935928815094,65.2460580446243,81.0933976682066,8,33,57,65,88,110,0.846783593018308,1.18196696115364,0.913853446781164,1.68349328045732,0.975121873988971,1.43641572250968,1.08221920748103,2.13336545149771
6.12890649600582,24.4507686552365,40.4439699056411,47.0212485782347,65.3000548743578,81.1975171185656,8,33,57,65,88,110,0.853666441002542,1.20492575599013,0.89506849811682,1.68956372750606,0.972074699959015,1.44186744797484,1.0917286449737,2.14484958368089
6.16358691317942,24.653786266838,40.5389203044532,47.1103553211302,65.408025396906,81.3521965393887,8,33,57,65,88,110,0.862670345941225,1.2366878785585,0.876826239979335,1.70438565260531,0.970504481383891,1.44577614597819,1.1006190521827,2.15540240364582
6.2061187540223,24.9206503870305,40.6900646459487,47.2612310074304,65.5892014930181,81.577464711066,8,33,57,65,88,110,0.87374912669521,1.27950367405132,0.857465256196168,1.72809132438095,0.970432308993189,1.45206248923595,1.10903662145255,2.16852654464234
6.25616481340111,25.2474904417063,40.8787941771431,47.4543340028918,65.8436731160246,81.8716619166615,8,33,57,65,88,110,0.886836130747802,1.33308792644191,0.834594694786902,1.75788363825243,0.97160739146346,1.46482421532936,1.11664149720772,2.18725375461277
6.31327644168628,25.6146570626328,41.070383884026,47.654370883989,66.1390573140092,82.198484419232,8,33,57,65,88,110,0.901837219138732,1.39408151551024,0.805895921566208,1.78834384356004,0.973878108151283,1.48473046956249,1.12267389662714,2.21135759579285
6.37698014865082,25.9915367991132,41.2407348713659,47.8369350398915,66.4257522567189,82.5047820661783,8,33,57,65,88,110,0.918652236595895,1.45670571809835,0.772684441178645,1.81560925411729,0.977163713286615,1.50657896340171,1.12644151875315,2.23569172215826
6.45113379371784,26.3406234637491,41.3926115905859,48.0075031284423,66.6750764381884,82.7587139566013,8,33,57,65,88,110,0.938333412905724,1.51250534091457,0.741531548468308,1.84006123582309,0.982197884910191,1.52317801955509,1.12732781131655,2.25402691663543
6.5086256398433,27.0645358661588,44.5089404373847,50.9941829873889,69.2406382702628,86.0055096024676,8,33,57,65,88,111,0.953670989768354,1.65084999271622,1.15448851708154,2.37042187304678,0.947424673530408,1.43517291500918,1.14103940098847,2.16670185184855
6.53853418621322,27.0187551099361,45.9508893933734,52.3196807005134,69.7942878390421,86.7485034395655,8,33,57,65,88,111,0.961676755425688,1.63492203721311,1.44613810272859,2.63327357453104,0.916485911210832,1.27882860538868,1.17721839973134,2.04508005145579
6.58234892912216,26.9945196904796,48.0806808806844,54.5255507212838,71.4640886099243,88.1457566223577,8,33,58,66,90,113,0.973437659885588,1.62064812862016,1.76393590487759,2.91537377812626,0.936666452737034,1.06109239986861,1.12527798067462,1.82037725966909
6.64035328307515,27.3070045628844,49.5414706007052,55.9713909488846,72.228466823971,88.5218137005516,8,33,58,66,90,113,0.989066752853873,1.67425165006284,2.01744631372008,3.20052724897811,0.932691398077788,0.940259017445097,1.05284197716574,1.64715715154083
6.71241519573521,27.7905671296446,50.7693185300908,57.1795616195065,72.8251963487674,88.6152846997923,8,33,58,66,90,113,1.00857657431784,1.76220854218742,2.18768619205505,3.44750224862515,0.927466341577159,0.836955800988412,0.961800355207137,1.47385791218316
6.79794601143055,28.345898827709,51.7764480853047,58.1647317387493,73.2875777623005,88.4927745377993,8,33,58,66,90,113,1.03186443453401,1.86450394974846,2.29317043695558,3.65484575068256,0.921644859065474,0.752661301925848,0.86018543032922,1.30959763433028
6.89593052995572,28.9220671885855,52.5784227705422,58.945941431956,73.6435501386472,88.2383672650684,8,33,58,66,90,113,1.0587151970039,1.97061047484865,2.3464776013475,3.82291945539108,0.916149365142419,0.686953956683528,0.759189628731458,1.1638116626659
7.00478155396476,29.4758024523462,53.2044087405447,59.5542964016189,73.9276183418202,87.9462527576489,8,33,58,66,90,113,1.08875448783507,2.07106538623831,2.36361525928216,3.9558885167237,0.911490448384325,0.638627608354521,0.668824699775259,1.04348358493502
7.12226286840029,29.9776516594373,53.715557442038,60.0456031635935,74.1918109277964,87.6671408363424,8,33,58,66,90,113,1.12141844707895,2.15916126252887,2.36582390724263,4.065595782451,0.906255201075435,0.605724121302627,0.588257204288078,0.94481382382695
7.24692241540713,30.4610792763508,54.1222713153025,60.4588533164398,74.4356141393241,87.5363694249054,8,33,57,65,89,112,1.15634702046466,2.24245046757917,2.51440326329156,4.30224365860557,0.907978856108991,0.581690041264749,0.535442276532465,0.880363482968285
7.37717189284746,30.9296122686051,54.458536228452,60.8055599509686,74.6468277620698,87.4228009918171,8,33,57,65,89,112,1.1931296111578,2.32189795005073,2.48203536920461,4.3767415082066,0.910734287681301,0.562792731332254,0.491512023194095,0.828110484690838
7.51154314903377,31.3854481061287,54.6696299710139,61.0358427688846,74.7460972200032,87.5682036780709,8,33,57,65,89,113,1.23137586215205,2.39819745954591,2.42248105283515,4.42372067938057,0.915804070379758,0.544794252848008,0.430086742490353,0.759692926357776
7.64875153602598,31.8328044607149,54.4084166414691,60.809222937745,74.3907511850238,86.6612549343458,8,33,57,65,89,114,1.27073483998022,2.47253483251929,2.25259928307272,4.36561132117061,0.924963391424629,0.527374968837051,0.311297169180654,0.636711690251151
7.78552417711686,32.3752358647791,60.3650404726581,66.9531975718453,80.6458620698062,92.5071443749685,8,33,58,66,90,114,1.31026705186318,2.57081157451051,3.43705175059938,5.57801876163936,0.974999617626785,0.542398423695183,0.320980881531983,0.679625777467653
7.91484533803798,33.6443217004599,57.1712560730296,62.8215897315878,76.223315037768,88.0343013677453,8,33,57,65,88,111,1.34791182040494,2.85301977019674,2.48154946021279,4.99252782056043,0.732269978459103,0.577700103636361,0.371629850445,0.65872577853297
8.0469327210479,35.1027412157587,59.5513916157796,64.6191540751778,78.1679697735549,89.6835968253669,8,33,56,64,87,110,1.38662183262352,3.19200631829973,2.89192208456876,5.72533796609603,0.592367044991396,0.598883517958266,0.338237451575624,0.58568158480498
8.17543823845427,35.0686923386003,58.7444168714898,63.7636418818514,77.9224106535764,89.3369839293665,8,32,55,63,86,109,1.42452772186666,3.341906139993,2.6938953260074,5.70345588515805,0.581139466520645,0.690344959807831,0.32717805976117,0.631178691140899
8.22946047773531,35.0351206996344,58.0736071717727,63.3222690020988,78.3892761586787,89.8341532675992,8,32,55,63,86,108,1.4405337234298,3.31862095679531,2.53374058065485,5.54055473176498,0.634813244331717,0.836859311565018,0.389364201371402,0.816195377672895
8.17768029841779,34.3066035032212,57.0917803724123,62.6263877752088,77.7437318555204,88.8632024709128,8,31,54,62,85,107,1.42519118519679,3.33565985475679,2.470889929443,5.47584026205377,0.703755810610032,0.845325315780875,0.350951062564388,0.817452218183288
7.83690225165834,33.8631438385408,56.7024202641877,62.1620051804756,77.299448837384,88.1455987941417,8,31,54,62,85,107,1.32519237284873,3.30805057269191,2.48427335821449,5.3817594409258,0.68545583189159,0.848715666075295,0.320228828161674,0.779935857998534
7.50493710441974,33.3079416219131,55.7167073563658,61.1304017725078,76.2914489010513,86.8942260942193,8,31,53,61,84,106,1.22948859275842,3.2482403326485,2.55300768534051,5.3159167077178,0.674335127548689,0.852704215873298,0.294078716123032,0.75020602867776
7.19034335844737,32.682053975464,55.3436294977043,60.7052719188262,75.9138993285524,86.2693677521204,8,31,53,61,84,106,1.14046019784498,3.16533497435013,2.61721337456321,5.22606714660512,0.661789564369256,0.860767885252439,0.268686127537835,0.722557167232336
6.91070094352774,32.040637600422,54.9997906392721,60.2895164684775,75.539921550724,85.7219868970984,8,31,53,61,84,106,1.06277844422564,3.06972846506253,2.69337582875363,5.14366987248283,0.644577374132538,0.867873957375172,0.251599520898613,0.700583684089046
6.59767283239278,31.8848367084188,51.8420833614078,56.2009269266398,67.6940498652348,78.7736217638988,8,28,47,55,74,93,0.977560093877981,3.73710632015751,2.47392760672075,5.42656066146479,0.43572648843482,0.62351766328554,0.558449928516697,0.701561307469213
5.83896128711491,31.722522786474,52.6192105576608,56.9812243024155,68.5768937952592,79.5476823440732,8,31,50,58,79,98,0.779465670123165,3.26978932098688,2.72358875116072,5.08423784262148,0.436389700487232,0.476432954401093,0.541855594273407,0.584568139076174
5.55419586008843,31.3015304801141,52.7254889496199,56.9678905530713,68.4018769248116,78.8931263637151,8,31,50,58,80,99,0.70855811677691,3.23337124315609,2.86652207786759,5.11002012785819,0.411616431300889,0.388046714947852,0.47138054983851,0.461133567293959
5.29319993586262,30.8793081386563,52.8184762889138,56.9692854220574,68.2704663517119,78.2677501535408,8,31,50,58,80,99,0.645405586614793,3.19041360259984,3.00803177792292,5.13261005144917,0.39300043264944,0.372157670581757,0.403507213371633,0.39928688459452
5.06552940563547,30.4718262809103,52.8866691158092,56.9653909080895,68.1793332455106,77.7210778528187,8,31,50,58,80,99,0.591848978469861,3.14268987942687,3.14023710027933,5.14919539680777,0.378570538756375,0.361899131445773,0.34534991826287,0.3502089722733
4.87525821043451,30.1004018022781,52.9248615642576,56.9519544146756,68.1266759668876,77.2648508227098,8,31,50,58,80,99,0.548252094020381,3.09481045504378,3.25523488121493,5.15849124254217,0.368358325150636,0.35733355919435,0.297521879289535,0.313344936352112
4.72346567921898,29.8500932540032,52.9818144165232,56.9795809040015,68.160452436908,76.9229424670246,8,31,50,58,80,99,0.514269851426492,3.06885771370767,3.34217502859599,5.1723625472761,0.362603747550001,0.358047549202752,0.256218108925861,0.28530019606453
4.63630932926549,28.5097347590907,53.2117554293073,57.0485704980594,68.4287075862838,77.8488291099393,8,30,50,58,80,100,0.495090549020354,2.93120479183951,3.56961207358603,5.22847891549572,0.331630506109139,0.381564647035238,0.273899688921007,0.298911307620464
4.59405539784912,28.5472335780062,53.7096793844485,57.6538867514647,69.1985031520668,78.8506784633018,8,30,51,59,81,102,0.48588189739097,2.95221606665325,3.48322382697026,5.17555692782699,0.352181542563793,0.401531654776014,0.247472740878047,0.29920398339042
4.56733209946222,28.7067647973578,53.9342401094474,57.9330642420952,69.673649121995,79.3384217468753,8,30,52,60,82,103,0.480088563270588,3.00144678358087,3.29339870652794,5.05838183650658,0.362810698431146,0.425968529300692,0.248713899987518,0.317656702570499
4.55687416651258,28.9542329723576,54.003331007937,58.0838034109965,70.0224546775004,79.5432517255897,8,30,52,60,82,103,0.477827901017854,3.06998927519065,3.2450380644249,5.07491772512428,0.378918613516179,0.451372601141373,0.234725123133422,0.327422278032826
4.56331655011719,29.2479190369246,54.0196260783413,58.1890416411034,70.3196340180834,79.7112395755743,8,30,52,60,82,103,0.479220098864595,3.14681635522823,3.17021483325307,5.07882009318381,0.396756852584636,0.476658064896531,0.222540812944534,0.338535534542093
4.58713930731651,29.5539215273474,53.9975137974318,58.2619721924516,70.5701476899469,79.8440490380216,8,30,52,60,82,103,0.484380273783709,3.22278551108158,3.08232015532248,5.07352483092428,0.416145725243504,0.500628380662521,0.211744545343006,0.350102995907783
4.62879413516894,29.8518692881577,53.9408059261141,58.3055681871614,70.7735463414076,79.9340421800204,8,30,52,60,82,103,0.493448403487394,3.29220347502498,2.98807752635892,5.05995256423929,0.436964987869017,0.522665674450062,0.201618514744241,0.36125919818731
4.68876678975006,30.1337787128043,53.8501451210477,58.3196817297927,70.9293223853713,80.0268921123042,8,30,52,60,82,104,0.506604576047357,3.35263176224374,2.88994890200989,5.03827704605116,0.459093010091591,0.542566605363521,0.158416665977786,0.337071928462737
4.76781124553887,30.3992957987131,53.725238269797,58.3033578954801,71.037435123896,79.9960133668371,8,30,52,60,82,104,0.524122421090292,3.40362708393685,2.78810606902492,5.00846020510137,0.482424314985988,0.560327548506863,0.148198415664568,0.343981526039695
4.86613816744095,30.6393288088888,53.5509315452752,58.2425392862387,71.0947944998978,79.9117539144342,8,30,52,60,82,104,0.54619000726409,3.44251444163512,2.68116364942423,4.96694116424266,0.507230703201469,0.577435051220295,0.13819137085449,0.350673204437804
4.98856423111544,30.8783427435139,53.3385751711087,58.1474491547604,71.1071479020973,79.778835143468,8,30,52,60,82,104,0.574083052325652,3.47459499007789,2.56604097244798,4.91650166900487,0.533301305208593,0.593189468097568,0.128349593396631,0.356637018198524
5.14317869479101,31.1224917618961,53.0886076842689,58.0201659048496,71.0744669946215,79.6031426745966,8,30,52,60,82,104,0.609948768733343,3.49928389688594,2.44172072294062,4.85733111271953,0.561038355454724,0.60721793317946,0.119078672428165,0.362264585138755
5.34537574481001,31.3608900626848,52.8053686861048,57.8699184900851,70.9897315631438,79.3949537841444,8,30,52,60,82,104,0.657883999940315,3.50927914454183,2.31248455231421,4.79055157605084,0.591621757860097,0.617018109997965,0.111407657319061,0.368001241289237
5.60614632183535,31.542319640403,52.4989379912752,57.7219807513304,70.7858447680436,79.0867097049439,8,30,52,60,81,103,0.721342144129398,3.48738256839196,2.19355843135435,4.71862643840211,0.628745413172086,0.695465122825199,0.105162097996005,0.408484081755446
5.82064999963824,31.6592781397694,52.193345141675,57.6130898820691,70.6303543256461,78.8989086182754,8,30,52,60,80,102,0.774845942167384,3.46051081782397,2.09212828257338,4.64723505364914,0.675798098890997,0.783373598262606,0.103272579328943,0.462716925137117
5.89752791432537,31.8639109504647,51.8817293354705,57.4522471870089,70.4016904722298,78.6970948282002,8,29,49,57,77,97,0.79429530503261,3.70948969439665,2.30593499021727,5.07867025361346,0.712567185733971,0.771657703535971,0.167898866237693,0.573057020784076
5.99481877463565,32.0041265471384,52.075989451145,57.7162668903411,70.7881365420151,79.9298691730656,8,29,49,57,77,97,0.819109393070473,3.72167044013369,2.31961878363049,5.12609353153702,0.729778661049058,0.79285884879566,0.245085416048444,0.68312068070135
6.07333046370128,31.8418255496793,51.8625653944333,57.5360445956057,70.6709584563669,80.9307475221187,8,28,48,56,76,96,0.839293782247416,3.87626942234855,2.30667408336172,5.25059753789342,0.738013704050476,0.803867756541876,0.370714919057019,0.823979200174143
6.07959492224312,31.4120892371432,51.1918849756515,56.8544336736798,69.8890486880445,81.3902432158599,8,28,48,56,75,95,0.840910360887049,3.750159810054,2.24595261186694,5.08525358755155,0.735299547086565,0.89186981699049,0.539587445225933,1.0420979188414
6.32493161142966,30.2597584663545,49.384557612408,54.8968745275124,67.947058053571,80.1220698099033,8,27,47,54,73,93,0.904907216315631,3.57205501900436,2.08334480238512,4.81869255601563,0.861545376866056,0.894774083738093,0.643139426020599,1.19987571054634
6.14950562871648,29.250732247526,48.1056699930384,53.7010505998462,67.1228565776606,79.4871992066007,7,26,46,53,72,92,1.04026877722765,3.33352102236307,2.01743225614251,4.68127811345063,0.884350059724646,0.965175725437702,0.673646372412276,1.29597687364208
6.21522819436917,28.4484288179884,46.9783380193619,52.5603598852106,66.0127603614028,78.3100835564385,7,26,46,53,72,92,1.0591726489696,3.08958053556295,1.93891521855946,4.4104077709836,0.880671996289878,0.97106240160384,0.662778530848143,1.28843391603394
6.21577332354835,28.218617242405,46.3332712998932,51.7747315615011,65.4034275265385,77.2211720236542,7,27,47,54,74,94,1.05932979064485,2.82324473269511,1.84002722361818,4.09502924387682,0.8422165540895,0.892191438556131,0.587241548376211,1.13815938712116
6.69783132144643,28.2123105078568,45.8971137621062,51.2216338419124,64.6390788711662,76.088177261038,8,29,49,56,76,96,1.00461994001137,2.50629234962587,1.73940767956104,3.68684864908439,0.810573633278211,0.853954246274199,0.531917296051259,1.04110211877868
6.54773820846515,27.8016295606989,45.1055010305053,50.9383328212084,64.4767766464949,75.542715757383,8,29,49,57,77,97,0.964144105915095,2.44001924644547,1.65177827948858,3.51368210436532,0.777918369021957,0.875774160057722,0.477037434544853,0.997864548739724
6.52448297730967,27.4177705909159,44.3562073967621,50.1874433846707,64.3639242922026,75.2023960698124,8,29,49,57,78,98,0.957913327551351,2.34917169764138,1.56912306218327,3.35235888714202,0.777515680474249,0.884649503411235,0.445759625346095,0.977403172490925
6.57322739684597,27.1013564528373,43.7283610876106,49.6229980847615,63.6043559540869,74.0549953931415,8,29,49,57,78,98,0.970986029385193,2.25822381548133,1.49980780122351,3.2191754473731,0.793561380179825,0.850128582218495,0.394734135124853,0.910827256865467
6.67455035462329,26.8915281707416,43.2583392250663,49.2859426393329,63.0454253246732,73.0704615752745,8,29,49,57,78,98,0.998312410769657,2.18158263673908,1.44271444013796,3.12068907650935,0.827520732246346,0.811553779898191,0.342178230610376,0.847078993804792
6.81238215753897,26.7985826945565,42.8409914202445,49.0557628170951,62.5886701942325,71.9742449961082,8,29,49,57,78,98,1.0358089262264,2.12526004578685,1.37260461497427,3.03413180577759,0.876007866738159,0.772922733324326,0.270233448186845,0.766359044343854
6.92061797738248,24.6518330962441,41.0813377989113,46.9734873540458,57.1625940998033,64.2748515540341,8,26,44,52,69,87,1.06550884438966,2.08289822234537,1.76049930010241,3.37117266417277,0.792930045263461,0.592876518132618,0.146093522237782,0.475626970606393
6.9927993165848,24.8329843708938,41.1381255872995,46.6281137454593,56.68240389507,62.1885133519004,8,27,45,53,70,87,1.08543707669786,1.93739056552332,1.73057287799316,3.23574606293276,0.692854208880014,0.570710851264346,0.0675627232610603,0.331045509589707
6.87361687493703,25.5162164714111,40.4191880516859,45.8274453892806,56.0733767131802,61.5631422389546,8,27,44,52,69,86,1.0525846087026,2.13621013143825,1.55628334548449,3.22544110918062,0.673021275134415,0.602325777124784,0.0667020207522938,0.338626096495095
6.86893988219827,25.6857799282345,40.4592938211705,45.8039064228112,56.2763179775285,61.5953963837766,8,28,45,53,70,87,1.05130081052164,2.00817938311186,1.52574074157587,3.08951510531105,0.657700949074457,0.64060451319286,0.0581188648013058,0.337986304227789
6.8974431361666,25.6324362681962,40.3294400933428,45.6343704021766,56.3942354445991,61.5616214400825,8,28,45,53,70,87,1.05913111774107,1.98834533646542,1.50778091072196,3.06180447670119,0.648204519044665,0.69058020712133,0.0511041375155335,0.345861471968452
6.93206714268282,25.5483849363842,40.17494074279,45.4521190985,56.6500194632233,61.6121203218643,8,28,45,53,71,88,1.06866335645827,1.95969475467318,1.49130444438431,3.028945577884,0.641588889128247,0.667792163842108,0.0425082454444759,0.321749605892851
6.97139256401315,25.4338367982993,40.0004591680307,45.2631706190956,56.9260303674841,61.6582796690336,8,28,45,53,71,88,1.07951694479883,1.92273920681983,1.47733304899717,2.99198294780963,0.638148664130052,0.748649499582789,0.0340678266765536,0.339286330623554
7.01533017877535,25.3575470143392,39.8226137854648,45.0772026819301,57.2923557395822,61.7711905800939,8,29,46,54,72,89,1.09167716135221,1.73770685735479,1.45375605658605,2.81766738365787,0.63621967538642,0.849459777616756,0.0261425756818465,0.363188741736031
7.06378312182601,25.1036827889689,39.5810441287679,44.8187934749941,57.7091701837905,61.4776967033032,8,28,46,54,72,88,1.1051278683697,1.82239936047687,1.31037832467277,2.76818047394661,0.632226393256379,0.979317088591566,0.0170643155463966,0.4030661196038
7.11669238699203,24.9535577128144,39.4309752594803,44.6755853425627,58.2867867066034,62.2776131328008,8,28,46,54,72,88,1.11986405167494,1.77479529726276,1.31039064179802,2.737594114824,0.633852371537794,1.12541666150534,0.0225458761458974,0.49307313703362
7.17394379152864,25.9250800866199,39.9191066137473,45.2823379013447,59.7743640452608,64.3078835386572,8,29,48,56,74,90,1.13586584097026,1.83177012456499,1.07748828956661,2.57667189099104,0.662171430189902,1.31359329877238,0.0406594394462355,0.659205978483451
7.23535959788985,25.9229240125999,40.1398561393238,45.5499543023643,60.8608336276625,65.9042391366771,8,29,48,56,74,90,1.15309576396008,1.81704139656094,1.12247106916301,2.62009231944376,0.673466015975081,1.49726213732789,0.0644646917743325,0.827395775316975
7.30070927916418,25.9084495270234,40.3595095201043,45.872721040676,62.0244688123424,67.703009830873,8,29,47,55,73,89,1.17150130145299,1.79860174584399,1.30461901653792,2.79390104429024,0.698521775917112,1.6938821170396,0.104065711559745,1.04233966152743
7.36960269421986,25.8349256332269,40.4468083689463,45.9956133439443,65.0841826396415,70.7086395109136,8,29,47,55,74,90,1.19098415602632,1.76585485235494,1.33997000661922,2.81167487421136,0.707235497136688,2.24916906315576,0.100252388679477,1.39777387678549
7.33053417666424,26.3187072431084,41.000082997965,46.6773735408968,67.3744399615328,73.4626999498349,8,30,49,57,77,94,1.17992577996527,1.73437802817129,1.21832162004189,2.66271816790127,0.738960803922956,2.47960605552616,0.102740107536449,1.56171944268835
7.40417063287478,27.4003051390588,41.4960767806909,46.9161237876918,67.0728452411172,73.1561781221466,8,31,50,58,78,95,1.20079013806131,1.81248568528255,1.09793693860613,2.63395377950303,0.675871212773388,2.341152124973,0.102405059087647,1.43123612431026
7.47525390163098,27.7690811996074,43.6786002896197,48.969599102095,69.2487496690272,75.6511483569154,8,32,52,60,81,98,1.22101730024017,1.7333606704617,1.34423614661706,2.80938180430018,0.644880809310847,2.19683271336067,0.125429824252214,1.3869602908948
7.5133930499132,28.2544606094725,46.7785706918879,51.9401094440571,73.0895795336575,79.5176085523478,8,32,53,61,83,101,1.23190448528857,1.83156577295175,1.77934842368973,3.30371101314294,0.614253879508493,2.24034087769756,0.09688163576792,1.32406493828904
7.53976801121578,28.7151060931893,46.8749483178163,52.0530984147758,73.8531467340578,80.1503750733895,8,32,53,61,84,102,1.23944741421694,1.92864784820591,1.69628103228911,3.32368219057182,0.618157250158363,2.23106932416111,0.088799880238988,1.31678410912549
7.57007362705449,30.4426053769341,47.3950793865706,52.6049232055565,74.6935419013086,81.020864653902,8,33,54,62,85,103,1.24812844648346,2.16311798545351,1.43065942794987,3.29501427905643,0.625626463889622,2.30054163581342,0.0906219260206365,1.36938690353792
7.60435070968828,30.896452189269,47.6913470338796,52.9346319132068,75.2644716528855,81.7139030508069,8,33,54,62,85,103,1.25796500838055,2.26067831673541,1.39715048189073,3.35609447839631,0.633538198766516,2.35911482105718,0.0982442858195657,1.43002315881646
7.64263907898322,31.2538433631299,48.5227398823054,53.8384736514537,76.2629922515786,82.9883514645675,8,33,55,63,86,105,1.26897500721153,2.33578771947532,1.36379098198452,3.3916072616515,0.650785636006651,2.38222717060478,0.0889918968825243,1.40760228475987
7.68497878772897,31.5202317521145,48.6020406291392,53.9301655153934,76.5110449131409,83.3303164486277,8,33,55,63,86,105,1.28117717993821,2.38898269447267,1.32537663768953,3.407980511767,0.653750013502716,2.42054617224862,0.0945603508414898,1.4477573848881
7.73138458185087,31.714253228079,48.6162151163917,53.9495980944562,76.6729591459872,83.6073325061797,8,33,55,63,86,105,1.29458370096976,2.42423408705202,1.28882478067833,3.41091000759476,0.655009198711003,2.45562417623416,0.10166531895051,1.48841967369735
7.78186766667191,31.8519240655696,48.5724580437623,53.9087060290052,76.7703247633232,83.8337602790999,8,33,55,63,86,105,1.3092063875254,2.44513012268094,1.25233094724393,3.40186938187342,0.65569561634712,2.4898068241108,0.110000751134938,1.53071312687187
7.83645553799467,31.9463900088546,48.4887821578244,53.8261203878706,76.8228594572687,84.02584272754,8,33,55,63,86,105,1.32506242788475,2.45470606386458,1.21687477151493,3.38460438671438,0.655956883392507,2.52334994312034,0.119453884206686,1.57439092415921
7.89512510515251,32.0079258212077,48.3733555259441,53.7115469920244,76.8427398739907,84.1922385768455,8,33,55,63,86,105,1.34215491115049,2.45539478217769,1.18202879618789,3.36083842799535,0.656161376120625,2.55685983500002,0.129873104206386,1.61955749847795
7.95788944120328,32.0441129673069,48.5154504723719,53.8290118818896,77.18698471939,84.6429424213407,8,33,56,64,87,106,1.36049795925011,2.44901094836187,1.08581180974026,3.2560482562426,0.650266367405977,2.61367535966674,0.137761781359529,1.66962233044582
8.02473021238995,32.0615924711318,48.3727133287751,53.684875352822,77.185261538942,84.7906339351338,8,33,56,64,87,106,1.38009700969309,2.43716803190081,1.0561164874566,3.22724280422218,0.649931934829417,2.64954151533094,0.149285125205117,1.71730880692331
8.09560032179606,32.0649843268696,48.2175304605338,53.5291972749911,77.1719990600511,84.9287543064642,8,33,56,64,87,106,1.40094939862216,2.42100722952203,1.02704323603817,3.19602872569104,0.649813599898629,2.68555079598467,0.161497724787149,1.76602229481663
8.17048733863422,32.0553338101937,48.045595945494,53.3584223710494,77.1459899179582,85.0548237363729,8,33,56,64,87,106,1.42306292164143,2.40080795916328,0.997621760368709,3.16157118287961,0.65009071032519,2.72229888412929,0.174309971438547,1.81608083133553
8.24932855820826,32.0389296797258,47.8702916784729,53.1852943504167,77.1174730035972,85.1785112590424,8,33,56,64,87,106,1.44643074563979,2.37811339984349,0.969143520426217,3.12657552609462,0.650610864185662,2.75915171464545,0.187676360635475,1.86686996851293
8.33208661368814,32.014763567048,47.6871860747559,53.005152918635,77.0810948873654,85.2943083711417,8,33,56,64,87,106,1.47105361436479,2.35271642929122,0.940989152211052,3.09017138307398,0.651319552630052,2.79592965996293,0.20158124854119,1.91820236992948
8.4186733365784,31.9850061436066,47.4933455042637,52.8162265408856,77.0367014990139,85.4009561669764,8,33,56,64,87,106,1.49691715040149,2.32517929141437,0.912275673785715,3.05179982726507,0.652494992404405,2.83304491028628,0.215914419974602,1.97036291220005
8.50902782430705,31.9509989251584,47.2955866849894,52.6245753462599,76.9879628954726,85.5032125766687,8,33,56,64,87,106,1.52401495658428,2.29585756109803,0.883981767164474,3.01283071206543,0.653956814724051,2.8698810411892,0.230769329433463,2.02299045125297
8.60304949586358,31.9146489074431,47.0947822833542,52.4312000717506,76.9356624639578,85.6016097765344,8,33,56,64,87,106,1.55232852409199,2.26524536107375,0.855935092097755,2.97344680164747,0.655736305962769,2.90637572113384,0.246115493173217,2.07601499612119
8.70066790097255,31.8738588403591,46.8894347380637,52.2347649496927,76.8786531839714,89.0422425855716,8,33,56,64,87,107,1.58184808603618,2.23288917490661,0.828245862076249,2.93336640247992,0.65787307770682,2.94257160431614,0.641318316915835,2.63702416623133
8.80176517666618,31.8312858081069,46.6836249902578,52.0390251165587,76.8190731887652,89.1017005709195,8,33,56,64,87,107,1.61254916072897,2.19946037032265,0.801154729398586,2.89339465532551,0.660289963767944,2.97804100438949,0.660405534510736,2.68855275843493
8.90622223995605,31.7880312372952,46.4782089562522,51.8449695627696,76.7576742623258,89.1486201733217,8,33,56,64,87,107,1.64440631775113,2.16526021688878,0.774617879300422,2.85369937903384,0.663019906349654,3.01271207783599,0.677981162096009,2.737905975679
9.01392674899674,31.7393627854848,46.2699108662047,51.6494925287623,76.6902299061535,89.1833574443936,8,33,56,64,87,107,1.6773955693916,2.12924340342196,0.748866248502831,2.81365274069098,0.666105026830734,3.04628057753097,0.694740107011168,2.78574745693779
9.12474276030271,31.6896342014294,46.0607777609616,51.4543758379362,76.6192376483464,89.2128421775553,8,33,56,64,87,107,1.71148502388533,2.09246999161201,0.723523129254323,2.77365540079125,0.669482863488995,3.07892283498762,0.711387313188283,2.83300985521328
9.23854209565598,31.6374107178922,45.8582801692141,51.2669120621605,76.5500247859932,89.2433572987577,8,33,56,64,87,107,1.74664440890628,2.05466199864917,0.699976697532633,2.7351289937695,0.673111759822277,3.11010984578702,0.728073390131895,2.87943724676037
9.35516319957242,31.5812338301005,45.6547827186726,51.0795404080126,76.4754420170546,89.2691296208925,8,33,56,64,87,107,1.78283230393886,2.01555186616773,0.677222299348168,2.69661395294937,0.677010973498919,3.13993690952379,0.745026691265512,2.92538183795885
9.47447598116257,31.5221908895401,45.4530459670317,50.8953451337104,76.3972186660865,89.2929105080217,8,33,56,64,87,107,1.82001614808156,1.97544468115857,0.655497099968354,2.65863311349305,0.681260378646707,3.1680323559297,0.762423796539636,2.97082672018185
9.59631499741727,31.4599333826614,45.2574140004511,50.7179673882327,76.3190803174036,89.3188629138963,8,33,56,64,87,107,1.8581514809289,1.93432817631798,0.635473927761691,2.62199412456746,0.685691125377449,3.19440489060729,0.780346753141158,3.01572047343533
9.72051807540046,31.3933398274926,45.0654865779396,50.5451589648653,76.2383115713828,89.354352061287,8,33,56,64,87,108,1.89719386471523,1.89202133448144,0.61690995228288,2.58623447539963,0.690341222506465,3.21891737749914,0.703910556508949,2.93035832688949
9.84691961117164,31.3228589623925,44.8776684849539,50.3775525315968,76.1553725092449,89.3787239621212,8,33,56,64,87,108,1.93709678632932,1.84869636456352,0.599754032917131,2.55141963049399,0.695267534190292,3.24151140187455,0.721416026758481,2.97284910438272
9.9753400859318,31.249112656291,44.6973336268969,50.2181367974109,76.0723522254429,89.4061331854145,8,33,56,64,87,108,1.97780830965418,1.80456395304774,0.58435888715241,2.51815983418461,0.700377543219103,3.2619347798966,0.73961944602811,3.01466028002195
10.1056257011872,31.1703713030649,44.5218955030002,50.0642990336815,75.9873738069167,89.435218721165,8,33,56,64,87,108,2.01928363845504,1.75931849141039,0.570549618980636,2.48596208643302,0.705665919200285,3.28037320442194,0.758621437719117,3.05602531775977
10.2376019166382,31.0870643498445,44.3529947764124,49.9177354565341,75.90148875052,89.4657828626295,8,33,56,64,87,108,2.06147041976657,1.71313401394581,0.558451665199758,2.45511317843523,0.711147390418099,3.29664430860175,0.778227688408733,3.096558770452
10.3710695827239,30.6413491698019,43.7527261482008,49.3642986447622,75.3318248937137,89.0810057968134,8,32,55,63,86,107,2.10430738434507,1.72824120282223,0.536908481878451,2.46021197110463,0.722681405905729,3.29229085554136,0.809780522324664,3.14055992197101
10.5058705651999,30.5829273247475,43.6907152850918,49.3204588378967,75.3288718125917,89.1991418273522,8,32,55,63,86,107,2.14774540262374,1.686429585027,0.536412850961924,2.44883937157258,0.727171746976369,3.30326307042991,0.830723859852245,3.17751089017784
10.6418270644459,30.5180399484922,43.6273507691592,49.2761887658512,75.3209315623968,89.3103620347825,8,32,55,63,86,107,2.19172810627242,1.64334451770333,0.536623126841955,2.43723922471752,0.731899283238308,3.31302066108508,0.851545773895,3.21346489017526
10.7787463783762,30.4487788639596,43.5640171403106,49.2326754179382,75.3087805687197,89.4148197954272,8,32,55,63,86,107,2.23619334356747,1.59951938505756,0.53744194988719,2.42566569854768,0.736816249406918,3.32145030004534,0.872123284838162,3.24815249324327
10.9164725420735,30.3765552977046,43.5019148416285,49.1910424553365,75.2939310081208,89.5140389770343,8,32,55,63,86,107,2.28108998683538,1.55532137694303,0.538841442212656,2.41433758642688,0.741904575117719,3.32865375756869,0.89244330155437,3.28162436125867
11.0548169090859,30.3015829828537,43.4413637150897,49.1516252141939,75.2773116814139,89.6085088740412,8,32,55,63,86,107,2.32635543593139,1.51086473374177,0.540838397413762,2.40331192092307,0.747169067380691,3.33478861189333,0.912411926064645,3.31390078646441
11.1936138133268,30.2248433250298,43.3834452732829,49.1151858439017,75.2594446690248,89.6983093040185,8,32,55,63,86,107,2.37193376861516,1.46641427494611,0.543449765637211,2.39278369064064,0.752530906953739,3.33978862249121,0.93193262784476,3.34475822344055
11.3326863197472,30.1477487766265,43.3298587793586,49.0834868561947,75.2424662373216,89.7848035430813,8,32,55,63,86,107,2.41776460644712,1.4223154033809,0.54671955291315,2.38305866333307,0.758006422779894,3.34375308717569,0.950846282130342,3.37411098383625
11.4718755175683,30.0715477874983,43.2822493018143,49.0579838470731,75.2290180124127,89.8703130742528,8,32,55,63,86,107,2.4637927897321,1.37886320263693,0.550708571107286,2.37443109089766,0.763548657108449,3.34700055935868,0.969074032459414,3.40208652077483
11.6110372788913,29.9959659244312,43.2406725772594,49.0386228440264,75.2186157979816,89.953332329933,8,32,55,63,86,107,2.50996743804141,1.33603513283516,0.555470225403095,2.36690656098412,0.769130305669193,3.34941454010465,0.986405900094237,3.42834254986359
11.7499836914467,29.9228454974088,43.2087371642811,49.0288157736438,75.2155635299287,90.0367185704911,8,32,55,63,86,107,2.55622253549468,1.2942332172994,0.561262418264363,2.36113313288147,0.774701917049307,3.35123495660113,1.00254849802579,3.45270565062102
11.8885739000218,29.8526362692399,43.1882895609742,49.0302290841783,75.2225705548146,90.1211835577897,8,32,55,63,86,107,2.60250711545297,1.25356168707653,0.568297460110674,2.35743936554052,0.780217808121607,3.35274266102438,1.01710000661552,3.4749208024716
12.0266549737929,29.7856554694292,43.1831462036499,49.0462583255369,75.2429998977343,90.2052973248203,8,32,55,63,86,107,2.64876570327745,1.21409596654959,0.577095380213136,2.35651059080699,0.785570970647301,3.35392877216389,1.02912446517428,3.49385909876115
12.1641004521887,29.7233683449235,43.2000321631371,49.0831405872027,75.2844996648477,90.6729701250346,8,32,55,63,86,108,2.69495125585014,1.17611878897935,0.588449326011392,2.35956034225007,0.790636563047832,3.35517360855059,0.996664436625183,3.44852244534308
12.3007609090547,29.6657151274909,43.250967690905,49.151561992119,75.3571073652757,90.7530879497617,8,32,55,63,86,108,2.74100863712804,1.13961760278886,0.604184227645432,2.3687689110471,0.795073993289135,3.35630230172211,0.998042525907271,3.45465518952912
12.3601421298519,30.2906288748779,43.0824575015226,49.1128784117157,75.1270005108531,89.7900814435982,8,32,55,63,86,108,2.7610627972314,1.2470671724401,0.493615737997497,2.33835682048567,0.828244752709305,3.30479593346474,0.867157021338743,3.28903629713293
12.1978406591379,26.8989855872623,39.7175280215808,45.8712152188032,71.5896908164985,86.8760222721221,8,32,55,63,86,108,2.70630993122931,0.687489530923179,0.497169722947929,1.7640975231326,0.86009739739846,3.22567047350482,0.977996602592985,3.38267919198965
12.0328435515677,25.4784473780511,38.9073864094903,45.1211462472857,70.7051897968788,86.4555252758017,8,33,56,64,87,109,2.6508422602986,0.44208225630859,0.581593259267743,1.54478211264459,0.875743718168762,3.18986450727532,1.06390612118968,3.46433371937334
11.9691959281253,25.9281812858837,41.8826168668731,48.3118740668011,74.6785690943327,91.063157654148,8,34,58,66,91,113,2.62949905143541,0.44068384787371,0.888506805994265,1.82211612357803,0.932515175463062,3.01451669555043,1.18578315359149,3.52824665432474
11.9426789454615,25.6159487108662,42.1358254698263,48.5507402569897,75.0232720717881,91.8403141802945,8,34,58,66,91,113,2.62061589749018,0.407445407987145,0.986162702717525,1.86273976721589,0.928706121188175,3.04158757031803,1.27169554839561,3.63840363415769
11.9377964841322,25.3583906862836,42.2161822772368,48.6194431427588,75.1679631941389,92.0728898618054,8,34,58,66,91,113,2.61898085218308,0.379138099195471,1.04647138034081,1.87570893121842,0.925614244761937,3.06106650406759,1.28942432001185,3.67062301678742
11.9453713195233,25.165525377481,42.2249575742264,48.6205100831722,75.2176188494237,91.9981675410956,8,34,58,66,91,113,2.62151759966913,0.357418336238779,1.08313234935094,1.8771274577703,0.923570722912264,3.07354041872142,1.26436023136122,3.65293753550122
11.9594160666085,25.071048020147,41.7344814491758,48.0183926085833,74.668948521561,91.9383542005925,8,34,58,66,91,113,2.62622219995156,0.34593297531885,1.01160906780829,1.79852191157777,0.894115266469423,3.08727831622204,1.3638960648293,3.74446556366659
11.9597158404995,24.9670608083575,40.6782418106143,46.8727574381971,73.4308941509577,91.2277906919935,8,34,58,66,91,113,2.62632263193432,0.335078482093532,0.847790515032948,1.63403444872318,0.870722758330862,3.06353418656787,1.47429849131191,3.81848364526366
11.959438297467,24.8659527080709,40.0118220869268,46.1708091008711,72.4425401754764,89.9525350678638,8,34,58,66,91,113,2.62622964783933,0.324754768999536,0.756292995925316,1.53370952411424,0.86147455531876,2.99028617022162,1.41387267155032,3.68844532630427
11.9585693388473,24.7887486677935,39.7015819515816,45.8488704336773,71.8095557569464,88.7504689176242,8,34,58,66,91,113,2.62593852794162,0.317051362717024,0.719883563287908,1.48793953956704,0.858435524020884,2.91131854916184,1.29670963017203,3.5007503046035
11.9570902980669,24.7438445247079,39.5665220389132,45.7121544884341,71.4070318109832,87.7593993271029,8,34,58,66,91,113,2.62544303030682,0.312712406911397,0.706007471870286,1.46820199517411,0.858005568145701,2.8443254342601,1.17947169209227,3.32379580363489
11.9549974555782,24.7302084213377,39.5224220948906,45.6714990707793,71.1550048214495,86.9831012311154,8,34,58,66,91,113,2.62474192912461,0.311564320348461,0.701345415036672,1.46178210090337,0.858899939500241,2.7913801025338,1.07857679788503,3.17499966985903
11.952272294539,24.7435837874446,39.5349489995295,45.6904971832029,71.007636272996,86.3883797056492,8,34,58,66,91,113,2.62382905056273,0.313166282775395,0.701215763803985,1.46360447213489,0.860580903716049,2.74991508605106,0.995247326300646,3.05343708740813
11.9489181359653,24.7799342138794,39.5860434200652,45.7500909326413,70.9328180118535,86.0020577553152,8,34,58,66,91,114,2.62270554561202,0.317135277934928,0.703470250381007,1.47104774938049,0.862790109337544,2.7165493170091,0.837234053125461,2.84172031840243
11.9449317143833,24.8360307916292,39.6658885167276,45.839930957616,70.9105930182306,85.6683340363588,8,34,58,66,91,114,2.62137036794239,0.323191309543635,0.707108269623347,1.48271220074425,0.86539011419832,2.68882390308095,0.785628394981547,2.76253690180327
11.9403003506605,24.9102473402144,39.7670857955496,45.9521768373894,70.9249926636961,85.408185541181,8,34,58,66,91,114,2.61981932813803,0.331229766644738,0.711251385926913,1.49755339424797,0.868266788959649,2.66468602300162,0.741298365712017,2.6940315268864
11.9350551262778,25.0014297011414,39.8803349548537,46.0774781234633,70.9598144137007,85.1938071348025,8,34,58,66,91,114,2.61806290073906,0.34120041702867,0.714647785322405,1.51423793711007,0.871407823158226,2.64242370744808,0.702019524416734,2.6324735401238
11.9291885971553,25.1098072571546,40.000479261612,46.2108697384838,71.0046953630678,85.0055659963716,8,34,58,66,91,114,2.61609866594704,0.353211749481666,0.716461744323398,1.53202556651878,0.874864038446507,2.6207003424711,0.666118086229328,2.57501908450347
11.9227259040275,25.4559989655801,40.190150056281,46.4077108170683,71.1961186158408,84.9886971472046,8,35,59,67,92,115,2.61393512177174,0.337045103360129,0.692497297856521,1.47384465216163,0.876736370061819,2.61937239226786,0.634743242481494,2.53680667032622
11.9156637906675,25.5592327954461,40.3545503721581,46.585464185781,71.314632377198,84.908432510291,8,35,59,67,92,115,2.61157126533884,0.348346083318865,0.701819804072542,1.4977578639275,0.880226172664202,2.60486559845247,0.605430742446291,2.49182078850172
11.9080421913135,25.6694159990933,40.5292577086985,46.7746409461686,71.428518877873,84.8537720154153,8,35,59,67,92,115,2.60902055595098,0.360630403154541,0.711713214830301,1.52335335500277,0.884012136471203,2.58646350773964,0.581065265561293,2.4499258299407
11.8998706656958,25.7867003541826,40.7144587349447,46.9756051569728,71.5234951279886,84.8288043704114,8,35,59,67,92,115,2.60628628871166,0.373954300968223,0.722192078663739,1.55069091571342,0.888141805855285,2.56062565263991,0.56400281109649,2.41177611038896
11.8911785407727,25.9118674880588,40.9103397352481,47.1885543027297,71.5963650559048,84.8372673616674,8,35,59,67,92,115,2.60337837589881,0.388444033497211,0.733173284442664,1.5798326994512,0.892619430754246,2.52659850164873,0.554936577694672,2.37794990547442
11.8819956955323,26.0463500681064,41.116824125533,47.4137557672566,71.6664950086356,85.0536872482346,8,35,59,67,92,116,2.60030691334368,0.404307206036279,0.744428257001511,1.61080373008304,0.897536869342048,2.48909238083225,0.501580407840453,2.2691022761112
11.8723383007677,26.1917348335321,41.3366158895942,47.6539783644194,71.7660136881889,85.1181328643668,8,35,59,67,92,116,2.59707741092286,0.421786318849339,0.75613694372424,1.64405259703704,0.902913158173024,2.45521086336129,0.496990123086255,2.24188763599828
11.8622499672529,25.7575216017445,41.46896599046,47.7884642935,71.9295301947404,84.9794743651308,8,34,59,67,92,116,2.59370455233036,0.433159697420793,0.755981092198111,1.66421305728753,0.90347570925391,2.4621897015552,0.458276000332727,2.19471932333397
11.85175063148,25.7115964696856,41.6669546433336,48.0056797979519,72.1034013137776,85.0955267601165,8,34,59,67,92,116,2.5901951004533,0.429003886194823,0.794222545010941,1.69456621572011,0.908544216488658,2.45177213206813,0.451040231976955,2.18053633228388
11.8408746111667,25.7169495605221,41.882414550964,48.2407806387574,72.3380375034899,85.2737343964012,8,34,59,67,92,116,2.58656062133302,0.430905264512528,0.827811127991704,1.72786064899039,0.913730013815333,2.451660529829,0.444032169304597,2.17410004465132
11.8296523752036,25.7544135862279,42.1132707355922,48.4919814218113,72.6315610939456,85.5179866772066,8,34,59,67,92,116,2.58281138772885,0.436634253765452,0.85924849585633,1.76383588716472,0.919110224712833,2.46183226935807,0.437956553781452,2.17641369977803
11.8181073616939,25.8095534164674,42.3550906809988,48.7551397333246,72.9798190395971,85.8323293666232,8,34,59,67,92,116,2.57895531720586,0.44454181903862,0.890061154152815,1.80185159032302,0.924762626221466,2.48232413396393,0.433798155797595,2.18895603960686
11.8062835869259,25.8727184871373,42.6018465146781,49.0245076672556,73.3757636909811,86.2186913931359,8,34,59,67,92,116,2.57500719229755,0.453517531239009,0.920804207283415,1.84099038732546,0.930762865245784,2.51290006637407,0.432626720878181,2.21317990808523
11.7941974864277,25.9365321297382,42.845316446335,49.2919317956107,73.8068150468728,86.6736093573892,8,34,59,67,92,116,2.57097257609997,0.462691844960385,0.951305070586358,1.87994870199841,0.937130884770596,2.552595372082,0.435547179089609,2.25006865236092
11.7818917586802,25.993613259803,43.0726429859913,49.5446007920631,74.2479712689214,87.176481681419,8,34,59,67,92,116,2.56686579103313,0.471157420869995,0.980583246091527,1.91662678573131,0.943880934204305,2.59855579146979,0.443143475330346,2.29849708231129
11.7693642532397,26.0371014743578,43.2674563604979,49.765850868831,74.663331390078,87.6847739393784,8,34,59,67,92,116,2.56268618393956,0.478046124031826,1.00690992933129,1.94828995519642,0.950936570410777,2.64614599992942,0.454702192184166,2.35407935136175
11.7566662476573,26.0602811256403,43.4100337722614,49.9354566746325,75.0040805520458,88.125556653716,8,34,59,67,92,116,2.55845092148017,0.482483773535921,1.02788057600019,1.97159735225234,0.95816494834078,2.68832043486768,0.467304717269013,2.407429338571
11.7497167530973,25.9630734419225,44.7124084528657,51.3684529969943,76.8828545539781,90.1190860710068,8,34,59,67,92,117,2.55613352854033,0.471357824388288,1.28619565256146,2.1896472774483,0.993306233225794,2.79910071866911,0.417094861327476,2.4194105165711
11.7486146016489,25.7493092856033,45.299312363083,52.0597711096991,77.7150914596483,90.179170416724,8,34,59,67,92,117,2.55576603697021,0.445644055441533,1.44371488901735,2.29087085405236,1.02164019639354,2.83439477521226,0.331236132729672,2.32589066194629
11.7448308800878,25.5659002761734,45.4168779329106,52.230882441319,77.9227548366508,89.7206043460616,8,34,59,67,92,117,2.55450449770894,0.424477787905823,1.50464338560427,2.31136340486761,1.03625246174427,2.84357069851404,0.265343445790282,2.22526945328095
11.738478243822,25.7987747381509,45.5661413455382,52.3627183054591,78.0774245115056,89.3229660752493,8,35,60,68,93,118,2.55238669879791,0.392785242720007,1.48762579029236,2.23049566010198,1.03149056582272,2.8493072498669,0.216629598443539,2.13138238644338
11.7298461405296,25.5783024481574,45.5415579861914,52.3379782138101,78.1016431456888,88.851189785899,8,35,60,68,94,119,2.54950948538885,0.36985251244775,1.52760528677249,2.22629109003508,1.03144776672647,2.68682132198888,0.177520291357447,1.95517267514524
11.719354746574,25.3539891597274,45.4592245372275,52.2388870214571,78.029026956056,88.3850984425775,8,35,60,68,94,119,2.54601331634397,0.347423415593972,1.55681994814126,2.21223226954273,1.02687442689793,2.69328287771547,0.149632185998071,1.89291293878672
11.7075315747902,25.127985641507,45.3324682647783,52.0784180923012,77.9030695239568,87.9458694570327,8,35,60,68,94,119,2.54207436377551,0.325687028087227,1.5773589370928,2.19065727353225,1.01769032355309,2.70171289811947,0.129408412371946,1.84283165812451
11.6949556379375,24.9043700851267,45.1710384137706,51.8671829964889,77.7297910041744,87.530465423291,8,35,60,68,94,119,2.53788581220713,0.304990673600122,1.59027690755169,2.16330258506402,1.00416259307292,2.71099364085675,0.114971410297584,1.80253637234997
11.682170619115,24.6867225102453,44.9813462028131,51.6137035621619,77.5347543331171,87.4943719449656,8,35,60,68,95,120,2.53362888206989,0.285590404816968,1.59609632092821,2.13133448056761,0.986908285716403,2.55763607923569,0.124331712427332,1.73324997308789
11.6696561481202,24.4783139336159,44.768449429946,51.3262162946624,77.2819103084749,86.4171288405385,8,35,60,68,95,119,2.52946326534567,0.267679901652196,1.59516151371381,2.09568340701355,0.966834474876177,2.5658662949432,0.102540122125924,1.69175476854283
11.6577516535086,24.2814082430189,44.538233803528,51.0143416894144,77.0042305347358,86.0635523884319,8,35,60,68,95,119,2.52550182031093,0.251343544882261,1.58822975439269,2.05740507752313,0.944987587739492,2.57399806348919,0.0984243580898954,1.672828690724
11.6466748316894,24.0975047104084,44.2990221452749,50.6900667224635,76.7125947226455,85.7366999678347,8,35,60,68,95,119,2.52181679251732,0.23659206946902,1.57674390853726,2.0179337835899,0.922376227503461,2.58176735451268,0.0965499986407076,1.65943761858492
11.6365115330149,23.9275065814741,44.0628341641502,50.3682755285555,76.4214958750088,85.4417863880936,8,35,60,68,95,119,2.51843651875873,0.223389424473494,1.5630373139769,1.97926671959303,0.899775078646663,2.58907988007935,0.096348307492445,1.65049019976544
11.6272592948069,23.7720642101645,43.8423353375781,50.0633025130747,76.1454540770979,85.182907696518,8,35,60,68,95,119,2.51535996353709,0.211684974225452,1.54960709593835,1.94344421885185,0.877626261047976,2.59597869743729,0.0972578147730292,1.64465375905963
11.618819273131,23.630804611858,43.6506709285125,49.7885535947089,75.8989123745812,85.7690833992576,8,35,60,68,95,120,2.51255407212888,0.201358965746371,1.53923009300125,1.91252439168161,0.855994304712723,2.60271036031047,0.1190093060239,1.67280057384271
11.6110622873175,23.5044211485169,43.5112060286341,49.5656368103169,75.7085023416992,85.6236890461873,8,35,60,68,95,120,2.50997574975612,0.192384523009332,1.53654106089456,1.89015391465321,0.834422017156604,2.61047481603019,0.121670241040653,1.67189920055826
9.11481928090354,31.3065469252291,45.0676927882426,49.8339804534414,59.330370427052,71.5230324619912,8,25,42,49,64,79,1.7084263356582,3.52197429256947,1.29380232326691,4.63878951748146,0.664251675926569,0.669461948627859,1.23038413063508,1.36116987973858
9.17199147099505,31.3815157230277,45.1555328681787,49.9306713168676,59.4285194694082,71.629656744794,8,25,42,49,64,79,1.72606442035733,3.52724253122045,1.29667109645531,4.66062167930213,0.666506603106891,0.669730396099609,1.23232830325187,1.36434557932273
9.37321266562795,31.6828161641266,45.3499543261318,50.1105060518637,59.5952447660447,71.7949052428553,8,26,43,50,65,80,1.7884470720056,3.32767891076675,1.27291487050521,4.53136200708624,0.662791502813458,0.667318501654345,1.23198946149487,1.35941482829635
9.61649411956772,31.7213720943091,45.4166833831201,50.2011162319623,60.0351121843241,72.3200423049212,8,26,43,50,66,81,1.86448326694344,3.26890695734651,1.27916256137905,4.54771642448186,0.668876925390688,0.627921054676672,1.25160391455137,1.33594855519802
9.84055176399208,31.7850160779821,45.4896242396918,50.2994298052549,60.358190385774,72.7029569144024,8,26,43,50,66,81,1.93508252861758,3.22303596152606,1.28122651190047,4.56561327059195,0.675359981440236,0.667613800412397,1.2654282638873,1.38778832044831
10.0251779394192,31.8813729471339,45.5735941650669,50.4067129197925,60.7026480929422,73.0933517064489,8,26,43,50,66,81,1.9936534576755,3.19786326941925,1.27847679996034,4.58624200733398,0.681332622120128,0.71055104857167,1.27607483133121,1.43982280775826
10.1705145487723,32.0029233446563,45.6643735298334,50.5171683499808,61.1869173957699,73.4735560294301,8,26,43,50,67,82,2.04000409428382,3.19108825918903,1.27165475812984,4.60857455116575,0.686385173964967,0.674748163554862,1.25199795531222,1.38713726083317
10.2831135481572,33.3716676731282,47.2540137175802,52.0377900208301,62.4166561738459,74.8687826212493,8,27,45,52,69,84,2.07605815250082,3.32992635502348,1.18225274235548,4.64752131128045,0.668709408886644,0.624675007859996,1.29035553383695,1.35486705249477
10.3702014841285,33.4646394857419,47.2590279677934,52.0617095733659,62.6133215531297,75.1779945903744,8,27,45,52,69,84,2.10402820952856,3.33159524969921,1.16370654131208,4.64874231082088,0.673537900416971,0.654220501389369,1.31665509866569,1.40549753233259
10.4379779073529,33.5593325829541,47.2688049945793,52.0859223385236,63.8364075863423,76.4891298277441,8,27,46,53,71,86,2.12584629310324,3.33923251084449,1.02105845041272,4.47973033254599,0.677231571281357,0.764305417616391,1.33734858052732,1.52397719442742
10.4912880906211,33.6525252013356,47.2809180653768,52.1036165189622,63.8336909632298,78.0815376844756,8,27,46,53,71,87,2.14303809799572,3.35055663024387,1.00518777957605,4.48262838073591,0.678661164054353,0.760647044436676,1.55961080959102,1.69328272930817
10.5339624961555,33.7407393748153,47.294987857454,52.1195454803707,63.8362268854067,78.0383856261453,8,27,46,53,71,87,2.15681924371905,3.36349871147763,0.990756670271398,4.48599529005032,0.679137579567812,0.758250337189774,1.54857581507313,1.68315316158255
10.5689383228979,33.8241498243182,47.3104740434412,52.1344599047444,63.8408187861031,78.0017462343968,8,27,46,53,71,87,2.16812689458944,3.37727705418087,0.977605551463233,4.48970203262598,0.678991054401349,0.756405174049036,1.53863816796664,1.67394661493961
10.5986351763201,33.9001712203936,47.3263045640286,52.1482562026635,63.8456416019124,77.9688379831945,8,27,46,53,71,87,2.17773675963947,3.39046817047299,0.966007525093207,4.4934921572082,0.678469818384344,0.754802619615785,1.52956163031872,1.6653562972164
10.6250265704101,33.9709620066383,47.3415525054953,52.1606341358707,63.8506117040814,77.9403377854847,8,27,46,53,71,87,2.18628380847232,3.40312300981399,0.955351924782089,4.49714372111444,0.677734621553315,0.753480699750022,1.52152409746141,1.65766047561715
10.6497582080869,34.0353801775709,47.3563063180357,52.1720986566579,63.8553296833688,77.9728107082491,8,27,46,53,71,88,2.19429913797293,3.41444441748997,0.945862347447029,4.50067781004145,0.676892300369384,0.752277596270894,1.37400330309014,1.55563224943506
10.6741786338296,34.0955529988549,47.3702482301015,52.182506559457,64.2437150980403,78.1225843606861,8,27,46,53,72,89,2.20221909459036,3.42465145978294,0.937061452723919,4.50401819408094,0.67598764742638,0.717834769709587,1.32012011696643,1.47764794173341
10.6993646725514,34.1502196830597,47.3829887960602,52.1917583989255,64.2347976860779,78.1307111177266,8,27,46,53,72,89,2.2103930422819,3.43307360268826,0.929107394949362,4.50707140272847,0.67509492736845,0.714732633371825,1.32394515566219,1.47688809167367
10.6319585092277,34.1642572108335,47.3718234757057,52.1820839768155,64.223556374309,78.3912055444075,7,26,45,52,71,89,2.46870522972238,3.45636713463741,0.924338574652396,4.67623397675333,0.675476387476601,0.714465369546367,1.24311589420974,1.42390412715921
10.6381584298108,34.2029343045155,47.3806470748046,52.1877716801925,64.2161064771751,78.8741949121594,7,26,45,52,71,90,2.47082584665347,3.46566662764548,0.918702018264005,4.67838659316457,0.674674111456034,0.71222611882731,1.21344880470631,1.40475124579598
10.6430120490221,34.2368519138621,47.3873332460885,52.1915230527867,64.2074032475174,78.8957631580295,7,26,45,52,71,90,2.47248618320365,3.47399397863758,0.913572141875557,4.68001795672178,0.673923531830373,0.710105966467308,1.21978439134755,1.40710930306656
10.6467788050339,34.2669590913317,47.3936914938865,52.1950857104318,64.1995237954511,78.9176672395936,7,26,45,52,71,90,2.4737748488419,3.481545201085,0.90910737583136,4.68156946731075,0.673208778629386,0.708160476594802,1.22602929316053,1.40957430693393
10.8489523574459,34.3686516725721,47.4243655818694,52.2186558365703,64.1951644129861,78.9611865720702,8,27,46,53,72,91,2.25905843865693,3.45276108435108,0.895806646857847,4.51699146354065,0.671393479721001,0.703420939798125,1.23609201642914,1.41161246258829
10.881362098023,34.4025945543838,47.4284241133776,52.220553818357,64.1874686814713,78.9826791793632,8,27,46,53,72,91,2.26962858751506,3.45319983291051,0.890232535034152,4.51796485087333,0.670841667372346,0.701795967070034,1.24224084218151,1.41438070577692
10.9129439052953,34.4333481821394,47.43137081519,52.2215596740126,64.1798066933857,79.0023671281754,8,27,46,53,72,91,2.2799376149827,3.4529628259304,0.885058089638359,4.51867161985528,0.670346079628048,0.700329158496842,1.24801217103242,1.41704108083885
10.5197794961731,35.2017311023024,47.7256443227091,52.4487665346029,64.3639733077232,79.3649315335759,7,26,45,52,71,90,2.43038735239509,3.78918239486236,0.798673986387049,4.76278314564389,0.653286150662168,0.693064608399113,1.28588766099517,1.42791498628363
9.90686111948387,36.902808831184,49.0013249105705,53.5593178856686,65.7003358959957,80.8702352632356,7,26,45,52,71,89,2.22283359039455,4.47988386242559,0.72422185027974,5.07867804683247,0.611835385977746,0.731526568202778,1.46507298037407,1.5631434364404
9.0395018920938,35.9226943768622,49.3777578026592,53.8713722736044,66.4752200943008,81.4550716256459,7,26,44,51,70,87,1.93484647827668,4.44563289122367,1.09314441199669,5.35818671983967,0.595894836255935,0.812991022680749,1.57451208878571,1.70237691076185
9.07586075095228,36.2401490174068,50.5278013110479,55.1106961259153,67.0990301601722,79.9708545958531,8,27,45,52,70,86,1.69642963082367,4.53112664890486,1.26903268198392,5.46428610652454,0.618034780636938,0.807450216073986,1.23849556050201,1.45956063601086
8.86045437141247,36.2069379387059,50.658656823144,55.3685031520754,64.664683419427,78.360616877396,8,28,46,53,70,86,1.63043128623254,4.34073894506318,1.3047631905053,5.31209577879374,0.649924296370572,0.452932638350904,1.4279679706804,1.27265644762301
8.73555785128669,35.8702281450969,50.8084954706815,55.5423962131454,63.3445737918058,76.8475330754597,8,27,44,52,68,84,1.59242864944414,4.52210171436156,1.56464386018689,5.72712402241998,0.516582627081544,0.317946948778416,1.38281699630961,1.019674974487
8.57310643474116,32.9593895022766,48.1817652014629,53.1404127436446,60.5491409482223,74.5033028565787,8,26,44,52,68,84,1.54329880224846,3.93750975587164,1.47702772755955,5.05517550776731,0.567224993646238,0.269179952607112,1.48910588100614,1.06092985615958
8.60812478495442,33.4977540669117,48.1853564744771,53.1167067596092,60.5610956203231,74.6756086667222,8,27,45,53,69,85,1.55386021339615,3.85007307813482,1.35672515399844,4.87593396379545,0.560990953319479,0.273436393063217,1.52747515049806,1.08591096330504
8.76266977895198,33.8752602374787,49.3204268497909,53.8115526746984,61.6090977741579,76.0039570449801,8,28,47,55,72,88,1.60066125823822,3.68693921870344,1.38189530409334,4.80311773772798,0.463699936469994,0.257511684349812,1.5952826450984,1.02991672263989
8.9169840237181,34.2961586739463,49.4188072415137,53.5112674910353,63.6600262275492,77.3528446055945,8,28,48,56,74,90,1.64769616562391,3.76361353614401,1.18061879928026,4.65582139754573,0.381305321953473,0.499871831225045,1.42723543551374,1.1284194825309
8.780520224276,35.9314532283786,54.035515917377,58.0808555341574,67.7452069570306,82.0160402722202,8,29,50,58,77,95,1.60608671061203,4.04917181908668,1.6836768703652,5.4309760932386,0.371955743028511,0.360573987314173,1.26538918075513,0.897153094225858
8.8513158923311,35.7031196710886,53.6673801053587,57.6679928135175,67.8308388129286,81.5379456377013,8,29,50,58,77,95,1.62764402051568,3.96271278627439,1.65222394987958,5.34020066093121,0.363160771476251,0.425708884737744,1.14540592065663,0.882927239819128
8.91098531716885,35.5402963986334,53.4807263170477,57.4651772716068,67.95487147903,80.779515317782,8,29,50,58,77,96,1.64586220040516,3.89869818343627,1.64688223949771,5.29434771985468,0.360002045044269,0.471159220041976,0.853061896525136,0.744158705754856
8.96198028814042,35.4022493163589,53.3743068736331,57.3539938199081,68.1423964529084,80.4824106751889,8,29,50,58,77,96,1.66146689584704,3.84450794273117,1.65397295946297,5.2682572838566,0.359072910373025,0.514532452351027,0.766125497690968,0.721887961791144
9.00680346176188,35.2058968208524,53.1988876796496,57.1899583985614,68.2557114510575,80.3509021536872,8,28,49,57,77,96,1.67520936268442,4.0017866849185,1.65867165526268,5.40274924742353,0.361294598271666,0.477011449664621,0.723651597074367,0.665389530532075
9.04535312328775,35.1019555992072,53.1534778545627,57.1463828736442,68.4802425475123,80.3436626812929,8,28,49,57,77,96,1.68704798448029,3.96014635641454,1.67183314165956,5.3914788423265,0.361653063151915,0.515126434484645,0.684365648854974,0.669605423036751
9.08416373161627,35.000787901456,53.1276396836021,57.1308395842704,68.6734106782855,80.3380863232114,8,28,49,57,77,96,1.69898488627559,3.91934100654354,1.68882262465965,5.38506905259327,0.36366737798501,0.545714381704529,0.651409790832106,0.671848713610507
9.12203686580991,34.9046689335101,53.1173595772501,57.1361011109487,68.8339243832738,80.3381177914075,8,28,49,57,77,96,1.71065087667861,3.88037513563849,1.70825149278094,5.38251943994818,0.36671615789768,0.568978167993526,0.62530186484602,0.6729917945678
9.15731839916145,34.817075861632,53.1210182126264,57.157417763914,68.9658068052441,81.3342271776866,8,28,49,57,77,97,1.72153396102925,3.84472425952275,1.72898569206591,5.3834267931789,0.370191558197682,0.58580762870134,0.674310041925322,0.72345763069443
9.16818533563855,34.7959053023258,53.2604888399309,57.3261950451704,69.1457512474473,81.393320727308,8,28,49,57,77,97,1.72488899312401,3.8354418638887,1.76568534880846,5.41804919181499,0.375986339561016,0.58751940809992,0.654759265521709,0.714335581808085
9.16947517605266,34.8004537956769,53.4864457834757,57.564932136321,69.3326659893248,81.5166320216012,8,28,50,58,78,98,1.72528730806887,3.8363857648771,1.66705226242283,5.29575101708567,0.378523735205046,0.579594280073216,0.644568590883454,0.702769229162428
9.16976971898125,34.8030593134758,53.6381398405256,57.751810816465,69.4534012193425,81.6288128472048,8,28,50,58,78,98,1.72537826847325,3.83705519534638,1.70015749596777,5.33300986656115,0.385541714237153,0.569548006377844,0.643203219240164,0.698341655867537
9.16678465849474,34.7906402949692,53.7585259314963,57.9115418300998,69.5737553340031,81.7577819915483,8,28,50,58,78,98,1.72445647300952,3.83432259476964,1.72983014199413,5.36263362430369,0.393445272771167,0.563604105751284,0.644578271741393,0.699302234973174
9.12104851478116,34.6782710378882,53.6750130228489,57.913865231271,69.8121711068439,81.8498137789294,8,28,49,57,77,97,1.71034621905222,3.81503525704841,1.88903112453117,5.52133122192195,0.41088923863202,0.599652820254677,0.62138590191655,0.719091549415695
9.4194474465349,37.9097009030469,55.3756865315171,59.3545804818632,71.3783666534019,83.7137913715442,8,29,50,58,78,98,1.80284652106842,4.4416129478188,1.54175172519922,5.76516786496785,0.358918337715513,0.619209585642265,0.66894783306898,0.737744985104761
9.65255109801342,39.3065960256314,56.7870372144941,60.7426101909664,72.9155079462273,85.3139387563502,8,29,50,58,78,98,1.87580823085466,4.78927935391812,1.54492012168899,6.12322019204871,0.354383694009893,0.642802215536284,0.679202891078023,0.759601704261929
9.67519730262871,39.5446697585431,56.9279699605606,60.8327773220025,73.0021600680598,85.5016415517682,8,29,50,58,78,98,1.88292827285225,4.85427593457056,1.52367127714037,6.15930742805389,0.344587587615259,0.642241694360564,0.695787927754505,0.765064276013336
9.69567026223087,37.735012412761,56.3249172164386,60.4634794903282,72.7822868780113,83.9291706650204,8,28,49,57,77,96,1.88936980086516,4.54842294613281,1.79449003178056,6.1945315952703,0.390535044211303,0.666254203892288,0.568828055021998,0.716187112048818
9.71625062898186,37.7327220170124,56.0620952607111,60.2055371070674,72.5488833257934,83.8230081549117,8,28,49,57,77,96,1.89584966316739,4.54153277181657,1.73477873137165,6.12679274310443,0.391516662286103,0.67023351645526,0.588673574931928,0.734213039104354
9.75156117473148,37.8661377846675,56.1684280709672,60.3002705477614,72.243058089205,81.0348953493988,8,28,49,57,76,93,1.90697797592621,4.57110492337835,1.72860957949846,6.15417359792589,0.389184702850776,0.697716205855402,0.381378195059614,0.592371255987918
9.78674965000435,38.0314414693745,55.4952050955933,59.6457981573328,70.671085515254,79.3267767315711,8,28,48,56,73,90,1.91808101839131,4.61039171374526,1.68838015219195,6.17198168713595,0.392956886795503,0.738066880149926,0.363040587807356,0.596378482742857
9.82218851192263,34.7045153268636,53.0951447881427,57.6030314416204,68.286840752547,76.8613145642805,8,26,44,51,68,85,1.92927630262972,4.08660332152368,2.25218504095227,6.33051326108937,0.599417856598421,0.677208515626499,0.352304311392646,0.649924872103858
9.85610599768084,33.5993853308168,52.301967067583,56.8479003376864,67.5940020613814,76.1849954068011,7,24,42,49,66,83,2.20578933683643,3.98784942501691,2.33357110012921,6.52847986940944,0.608839770312197,0.688152561582405,0.354475689961523,0.663551124778955
9.89229151456311,33.6926837282366,52.3917330352123,56.9286158798619,67.7020928694185,76.303833583922,7,24,42,49,66,83,2.21793859965111,4.00524188914369,2.33264497699728,6.55299119847854,0.606594535622727,0.692984555635594,0.355891754700893,0.666962568053309
9.92909848784262,33.7881328223092,52.4928663643959,57.0160553758863,67.8277205388889,76.4433812547268,7,24,42,49,66,83,2.23030832916352,4.02311727291667,2.33413530523654,6.58063491353451,0.603202072675665,0.699747947620184,0.357729818295534,0.671483351145119
9.96562617110122,33.8807326104866,52.5876472142553,57.0982186819342,67.948361345849,76.5783139285042,7,24,42,49,66,83,2.2425959006596,4.04022550939039,2.33470722036297,6.60656950240974,0.600081285400882,0.70658935644916,0.359621646901485,0.676224525387202
10.0018492212091,33.9702827052574,52.6752112236181,57.1744773634478,68.0631512013576,76.7074714212443,7,24,42,49,66,83,2.25479243595899,4.05651087128211,2.33418643006168,6.63055272743103,0.59728917900866,0.713467120705261,0.361528259862896,0.681153059445396
10.0377677159719,34.0565970409656,52.7536791332235,57.2434088451572,68.1701910283958,76.8286137302367,7,24,42,49,66,83,2.26689760287427,4.07191417799466,2.33212926247134,6.65206358835625,0.594936981341896,0.720295683848159,0.363404315662633,0.686227758468925
10.0732696262128,34.1401443535627,52.8240795432923,57.3073635330942,68.2687270544237,76.9176470854403,7,24,42,49,66,82,2.27887324255522,4.08661088460464,2.32868356097579,6.67137810036787,0.593348697916221,0.726514764611628,0.435829176587594,0.755861397176012
10.107105263596,34.2291385731145,52.9299017899084,57.4173777388191,68.3770328105774,77.0424697570501,7,24,42,49,66,82,2.29029680444797,4.10349760715314,2.33309431249627,6.7004377112727,0.594381489006385,0.72620701671928,0.43829643373979,0.758260552105512
10.1406479242193,34.3148112713152,49.1078480942116,55.0856481425911,65.9244664696371,74.7123175057085,7,24,41,48,65,81,2.3016310238643,4.11947099361574,1.53033438512503,5.87164582307322,0.991278624955783,0.704573073328713,0.456775132111247,0.957636774177564
10.0084555329132,33.5124981827793,48.3515923390634,54.4739226100559,65.3518975082641,74.2108524916889,7,24,41,48,65,81,2.25701804642419,3.9151767201258,1.54118885382651,5.67057079343299,1.03247662185555,0.711554690125866,0.467663141951953,0.993799378605707
9.78615602153173,32.1533588656325,47.0305078500611,53.37319066107,64.3366100326328,73.2885856890373,7,24,41,48,65,81,2.18233659971536,3.57399861681183,1.5501757387583,5.32393837115254,1.09606555008401,0.726885159803927,0.482076944908656,1.05159965808986
9.57133353785264,30.8014437676108,45.7051492810623,52.2535024702141,63.3999535124234,72.4285425457758,7,24,41,48,65,81,2.11058768579479,3.24009646459749,1.55645704796142,4.98235726859332,1.15622595633599,0.760161312844408,0.494091510448894,1.1208488208931
9.36778665904395,29.5556132119945,44.4776004780147,51.2097643799525,62.7380533827649,71.8260800030772,7,24,41,48,65,81,2.04300107074578,2.94110930249895,1.56078583462086,4.67178991653189,1.21062060375897,0.831450035341925,0.503500800894513,1.21687176527955
9.17995572331748,28.5136190172877,43.4502330013885,50.3373687761288,62.5101314651464,71.6448168104885,7,24,41,48,65,81,1.98098784290723,2.70158718832873,1.56425191613463,4.41637245229969,1.25692219680128,0.957240501219574,0.510940757164997,1.35214545336387
9.01247393379817,27.7465145463637,42.6980402663922,49.7045820289556,62.7323998114846,71.9036750258721,7,24,41,48,65,81,1.92599045166602,2.53662924080222,1.56778804167153,4.23207982797469,1.29286315124035,1.13399130242992,0.516807997510379,1.52145756768189
8.92748767805679,27.3986126298639,42.3503142370377,49.4131136652977,62.9475921655867,72.136782666869,7,24,41,48,65,81,1.89819306440904,2.46517352983848,1.56782976610321,4.14768289416911,1.30987465268727,1.24363609452606,0.519691216335734,1.62234766170895
8.92051718383899,27.2738601577636,42.2002579160367,49.2817139683174,62.8056778383021,71.9980447532351,7,24,41,48,65,81,1.89591649669201,2.43334046161273,1.56183072905331,4.11142127832524,1.31552702082937,1.24132538869855,0.52020313346591,1.62433920872003
8.91354680132548,27.1481354848568,42.048692120776,49.1481428936045,62.6581285072328,71.8511145844011,7,24,41,48,65,81,1.89364047627143,2.40135782682374,1.55571183571995,4.07489292401039,1.32098394891441,1.23825578577712,0.520302944012557,1.62515515631506
8.90658647623835,27.0218668082547,41.8962060507251,49.0128597361285,62.5054852783949,71.6966132012642,7,24,41,48,65,81,1.89136825026159,2.36934174527029,1.54951163336472,4.03824284394609,1.32620541912568,1.23444715900765,0.520003429372965,1.624800407661
8.89965838502072,26.89651245573,41.9629334194003,48.9625311255826,62.3820617510389,71.7483780800003,7,25,42,49,66,82,1.88910705428397,2.15063491226773,1.59511829935835,3.88724062767639,1.29076680603322,1.21845499739824,0.548564367892889,1.6221675705917
8.87299975319882,26.7665039281448,41.8871491700044,48.8569599216094,62.2032778908872,71.3916746134723,7,25,42,49,66,82,1.88041092022333,2.12420643348516,1.60806820459946,3.86940799021352,1.28178303394239,1.2025090187562,0.519563323092643,1.57305161557128
10.7257369048999,28.1853788564916,43.2435949885518,50.2477294939095,64.3907646892469,72.3653721631124,8,26,43,51,69,85,2.21895812738418,2.01430743805005,1.59316167850964,4.02438416813957,1.08857527835053,1.23782303999932,0.340548892752398,1.31046610188311
10.1819206983787,28.7482334169529,44.2269483375449,51.6256689523405,66.0059836429787,73.834223056789,8,28,45,53,72,88,2.04365065394069,1.94766115115604,1.69439683872893,3.9286198032314,1.19924278270996,1.15586640422609,0.321315706581852,1.29409112143612
9.81583276994663,28.6528957997115,44.6560159263185,52.2910925224992,66.627269504261,74.2574247868148,8,28,45,53,72,88,1.92726752331636,2.01308935804736,1.82329749568497,4.0282314952922,1.26679852272436,1.14680969291711,0.296139719839791,1.29317725177857
9.59210015624,28.6451124722024,45.1866655322704,52.9658739825029,67.4010625589502,74.9502979764418,8,28,46,54,74,90,1.85682951376227,2.0657481742604,1.78759808879218,3.99029202333694,1.30843514379321,1.04410449276283,0.286141245679111,1.22815319321607
9.77265814169373,28.7870991417727,45.765895151737,53.3297924856249,67.854392113977,75.1762930101014,8,28,46,54,74,90,1.91363313884907,2.05631221205285,1.89454948244349,4.12467479696539,1.24635804084332,1.06150463801773,0.258954706490311,1.17533736374018
9.94980678356868,28.9735027382314,46.3892869330509,53.8167177090288,68.3459365798775,75.4490660579998,8,28,46,54,74,90,1.96970024203703,2.05857511444765,2.00329401740035,4.27084842993098,1.20739968859442,1.06240652073844,0.234069965003671,1.12391802904754
10.1238925767611,29.190955652639,47.0234280385295,54.3821358769525,68.8512561487909,75.7509297063941,8,28,46,54,74,90,2.0251124158015,2.0691887722927,2.10864403919868,4.4211472412404,1.1878977572414,1.05069512334399,0.212072788187337,1.07612740830479
10.3060930555757,29.436142699925,47.6466927033803,54.9766841522599,69.33729350466,76.0536620050535,8,28,46,54,74,90,2.08343137417714,2.0846335994776,2.20557830745463,4.57040736407659,1.17977234295629,1.02967396582422,0.19321431339935,1.03090490264857
10.4989667226978,29.7069470590353,48.2448284561154,55.5701163171563,69.7858965083215,76.3429302621745,8,28,46,54,74,90,2.14551655504829,2.10379096824566,2.29050046809161,4.71505074549865,1.17844278071023,1.00186902440014,0.17757042630888,0.988156296578972
10.7009424009751,30.0030198868366,48.8803000384409,56.2420289992224,70.3069392194828,76.7342763400268,8,28,47,55,75,91,2.2109052744607,2.1269929118399,2.19543986023483,4.69663801253156,1.18875340852235,0.973214757355891,0.165355286780459,0.954950740618752
10.9088228186023,30.3237826431015,49.4394708495045,56.8195865087561,70.6975025121697,77.0134514932614,8,28,47,55,75,91,2.27859190072981,2.15492763867937,2.25609246314254,4.83204078498484,1.19396426939157,0.938146171307479,0.155238699804433,0.917507020299359
11.1189240759101,30.6692906737504,49.9544140000296,57.3574408410191,71.0387609009433,77.270705858687,8,28,47,55,75,91,2.34738674459981,2.18858010138034,2.29948766237014,4.95774609422093,1.20046535426382,0.901819501088801,0.147839038603695,0.883658213696175
11.3278675358654,31.0385701402126,50.4284604692108,57.8573808368711,71.338924942729,77.5117053524752,8,28,47,55,75,91,2.41617392002571,2.22862844716129,2.3264389095722,5.07430974214205,1.20782327556757,0.865486050996075,0.142746394884253,0.853556751649949
11.5328847759377,31.4297987820803,50.866872024421,58.3231828251818,71.6077105465394,77.742857436593,8,28,47,55,75,91,2.48401705177002,2.27540866566177,2.338606016029,5.18281700497577,1.2156187242475,0.830239206449649,0.139558325413347,0.827197458419403
11.7319432349348,31.8399157749667,51.2744890408077,58.7584909632953,71.8531505007401,77.9685089317982,8,28,47,55,75,91,2.55020842647613,2.3287747202244,2.33796088951698,5.28430149033132,1.22351239126277,0.796831339880262,0.137897985202122,0.804377023749939
11.9236739113687,32.265408860718,51.6569360187825,59.1678131081817,72.0837330291484,78.1936101094732,8,28,47,55,75,91,2.61425247075174,2.38830012918831,2.32686069632654,5.38003643925964,1.23118554431025,0.765893397410314,0.137440028127939,0.784888673414556
12.1073770164909,32.7015009090164,52.0179354885771,59.5539196316484,72.3051706677051,84.7598307493118,8,28,47,55,75,92,2.67587384987767,2.45305305558363,2.30753302012441,5.47085558659028,1.23836457491069,0.73783798361979,1.01431407096838,1.60822197966612
12.3064682575451,33.0863961482167,52.3271138845559,59.810574278621,72.2329698354136,88.8601335023998,8,28,47,55,75,93,2.7429350327834,2.50103841265847,2.28809160860492,5.54898312295366,1.2233579010934,0.683120823009566,1.80838878694826,2.17155710711823
12.4015992911675,33.2428609446666,52.4497877586547,59.9168551473949,71.7450667264156,88.2557723517999,8,28,47,55,75,93,2.77507838606402,2.51693626459926,2.27943058764087,5.58006955852122,1.2186835055736,0.588847672382176,1.78012490850584,2.03730998645362
12.4903718724721,33.4024397510234,52.5823426507924,60.0304068388776,71.2344244339413,87.5828797551511,8,28,47,55,75,93,2.80513043403043,2.53532483923771,2.2725108527759,5.61371540949199,1.21327038698335,0.496500548043683,1.74097772444378,1.89246117472414
12.5707685862312,33.5193680495365,52.7022958894419,60.1447802877813,71.0472114182504,83.1992024782599,8,28,47,55,75,92,2.832394001876,2.54482697729898,2.2732851161988,5.64421210089115,1.21168210490746,0.454454692569593,0.953083242815533,1.25067445019073
12.6407894297506,33.4713491016525,52.6577207792456,60.1451252972456,72.4317489737866,84.4980594000543,8,28,47,55,75,92,2.85617495554162,2.51416022942002,2.27416669326891,5.6328739328257,1.22448321273802,0.661050473959091,0.936006017765087,1.46012975865894
12.685671784507,33.5259107881148,52.5766519099979,60.0329146503625,72.9235339291328,84.9110504294324,8,28,47,55,75,92,2.87143565977141,2.51667095732631,2.23952192016621,5.61226977192575,1.21560503511599,0.761554746771876,0.920403004945155,1.54055707396046
12.7181910224548,33.5990994567471,52.5176218828989,59.8953409440497,72.0467509040965,84.0064005747822,8,28,46,54,74,91,2.88250117060803,2.52722797827856,2.39038011172312,5.78561167379696,1.19328474099333,0.639378948493373,0.914908207824361,1.4039959288038
12.0644949080746,34.2160399479447,52.4756616181687,59.8284500918014,71.8007434769372,84.1467147245364,8,28,47,55,74,92,2.6614671838768,2.86314750738142,2.04058998129567,5.58663249172962,1.18622170506279,0.702706783250697,0.874064751227132,1.43298490270797
11.2239202901337,34.5770762859766,52.4250392641726,59.8231626258473,71.7859117071991,84.0673489351657,8,28,46,54,73,91,2.38190746059554,3.19096940321848,2.11259081133145,5.76176069385667,1.1990732424079,0.70109085714559,0.861892853137867,1.42839705471258
10.67238423431,35.0843627959282,52.8218532621019,60.0837356591569,71.8332567331306,84.0782000246845,8,29,47,55,74,92,2.20163695534451,3.27532988474806,2.08449111815602,5.67465470848017,1.16055693767462,0.665395218463489,0.855038927588768,1.36739204591086
10.5068952113188,35.0297858806858,52.9526388409896,60.3341552609661,77.8756278097779,83.9092151639924,8,28,46,54,74,91,2.1480762390634,3.51871747239996,2.13170184094046,5.89804644229449,1.19436148413025,1.70626323756035,0.0990582623035563,1.32078944906806
10.7667087909759,35.1598413978278,53.1874899159583,61.1624672992016,78.1150927320073,84.1321595243603,8,28,46,54,74,91,2.23227729070546,3.48196429661644,2.15852785815082,5.95899513025457,1.36550217483797,1.57230595403303,0.0979612478116926,1.31895262951772
12.3004101450382,33.4175913898295,51.4127189595569,59.5031068610237,76.2470612510575,82.1694349889524,8,26,44,52,70,87,2.74089025163799,2.98906556587911,2.15019263870112,5.88496036705445,1.39941323053157,1.83687033137293,0.0918122226274003,1.47836941784723
12.4318720071636,32.8950823738346,51.1956074603424,58.9176971914007,69.9636039479272,75.6586662238076,8,25,43,51,68,85,2.78532040379739,3.01941151539155,2.22883023408794,6.02569617476449,1.29189573280823,0.741808613223195,0.0780120372088122,0.667816368746363
12.3005201438099,33.5960291733682,52.0355281480429,59.8590665678769,70.7705368422979,76.2554866752778,8,26,44,52,69,86,2.74092737695562,3.03912409483278,2.26488075608611,6.048872064907,1.32130627729377,0.717548838951241,0.0664497190468591,0.639841766012236
12.0512328188858,33.2675639066645,51.6055786785235,59.4389710134767,70.1427794296525,75.4263185581939,8,26,44,52,70,87,2.65701438573896,3.01687198887775,2.23853904619278,5.93558628362628,1.3241714521269,0.586115214277246,0.0564240901074633,0.538376536112877
11.7413139845821,33.0044174879465,51.2350881853375,59.1563164070125,69.5485692192983,74.8157335120778,8,26,44,52,70,87,2.55333202043644,3.03001187100699,2.21077197635339,5.83843715893466,1.34977642559984,0.536967352456151,0.0556538339881595,0.513880799399116
11.496379729267,32.8914783104224,51.2056507289478,59.1742065983594,69.5078842022171,74.8056353229101,8,26,44,52,70,87,2.47191223656254,3.06717118447242,2.23236313222926,5.83073698697807,1.36362111973436,0.527936802457485,0.0570980322663662,0.515832121248231
11.4193042003164,32.9266321556731,51.337864521892,59.2425293329298,69.7103825456463,75.1463865602786,8,26,44,52,70,87,2.44638962720543,3.09885550129329,2.25753496202831,5.86534294497509,1.344939095722,0.548721598279177,0.0639189122155028,0.537115836589231
11.5354107301402,33.4035005123595,51.3822219597243,59.0635307697909,69.6524036861805,75.5504286133437,8,27,45,53,71,88,2.48485503316712,2.98840344318047,2.14599123326873,5.68358245290769,1.28011837938072,0.567767548338156,0.0902692579621675,0.574862094974465
11.7257092129326,33.7181428359509,50.9167868455282,58.0741292050478,68.7394310549581,73.8299216062788,8,27,44,52,70,86,2.54813078739642,3.02276289731344,2.12738124545933,5.75532516256322,1.13121975755129,0.579940303107273,0.0670153284871614,0.499730861848
11.742691776826,33.1352779612941,50.427126185324,57.8658382470528,69.2353710304142,74.1789437218074,8,29,48,56,74,90,2.55379134319728,2.47522816460822,1.80498069214751,4.89864027379803,1.21060860593672,0.697199040664419,0.059256969613714,0.587642324385586
11.7829260414986,32.3828650149473,49.2284942549234,56.9004958641904,69.4990388988852,74.5553137269528,8,29,49,57,76,92,2.56721091715146,2.27602435698867,1.54835705414654,4.44450919765854,1.27743417647887,0.812037735602044,0.0651557981102277,0.705198062762795
11.8525716180527,31.8061332367537,48.1850088755589,56.0845582782907,69.8929796351096,75.1458949363577,8,29,49,57,77,94,2.59046948893381,2.11733073301485,1.44534497813147,4.20235488442513,1.34344598135904,0.92524097414979,0.0549890096958547,0.769359360749157
11.9562707239925,32.046541646635,48.0883000278831,56.4794026214853,71.0011411457029,76.6490849451886,8,30,50,58,78,96,2.62516846950864,1.98723170178039,1.37246528060451,4.02340230047229,1.48867058138321,1.06094616694624,0.0548362010698114,0.899725453408772
12.0953203761043,31.8959120921402,47.7777304039978,56.2919588650616,71.9341367444245,77.6322876379822,8,29,49,57,77,96,2.67182194271187,2.08028981695157,1.33834889521157,4.10900860312534,1.52557799913729,1.28779942317135,0.041060292347584,0.995637812804391
12.0749437597197,37.9774304389577,52.7335905203174,60.3506459773267,75.2465615402447,81.5368446750206,8,30,50,58,79,99,2.66497633673646,3.47809646813314,1.10706747340232,5.11198710288126,1.26161571625118,1.01659189662482,0.0483485026801116,0.728540194205649
12.0694757069667,38.3676539712058,52.8694855686364,60.4961956378115,75.4031211172148,81.3557490748097,8,30,51,59,80,100,2.66313984042537,3.58757542487047,0.943424465910925,4.97320953156495,1.26439169771242,1.01866642241047,0.0365435028679248,0.693099735141382
12.1581465399805,38.3193310648855,52.7110723042203,60.3399810807001,75.2862270289005,81.1832053197221,8,30,51,59,80,100,2.69294771957829,3.54957336109212,0.923368757160963,4.93533246109564,1.26502409839181,1.0260886090263,0.0348052431373772,0.691540301980596
12.2891064217425,38.0726030451718,52.400095522135,59.9089375465659,75.1365280033933,80.9964963404604,8,29,50,58,79,99,2.73707562792781,3.65770367013288,0.911743158987754,5.03120579838873,1.23060409611015,1.0797952164909,0.033680701236442,0.70531422341223
12.4337859662688,37.9878318974169,52.287867146118,59.8031289006299,75.0211157261103,80.8599164107861,8,29,50,58,79,99,2.78596815891017,3.5929909833747,0.906792719064274,5.00410809680116,1.23243853862656,1.07794477660676,0.0330487333744517,0.702604461628511
12.5781347741631,37.8951378061762,52.179637975367,59.6988492204775,74.8961797832734,80.7190461579108,8,29,50,58,79,99,2.83489418657024,3.5264437502373,0.903996551391354,4.97801776445297,1.23356744366533,1.07396878348282,0.0325783573661778,0.698980382148251
12.7159549711116,37.7984921142697,52.0759799280352,59.5982961947047,74.7621168442368,80.5702698385552,8,29,50,58,79,99,2.88174006957388,3.46093173031894,0.902735520209278,4.95306795584373,1.23445514852302,1.06753054945424,0.0321480850947595,0.693986302520941
12.8450034721842,37.7002704097507,51.9774689671688,59.5029320035416,74.6202565398633,80.4122847598883,8,29,50,58,79,99,2.92571964955195,3.39773112088272,0.902683518328884,4.92939212981352,1.23535494966879,1.05862170465032,0.03168100078895,0.687430396201434
12.9649085574379,37.6018031007355,51.8841757628044,59.4133459514917,74.4717810363129,80.2446133211994,8,29,50,58,79,99,2.96668126951103,3.337288455087,0.903613887903976,4.90700198121319,1.23641519657929,1.04737916019958,0.0311310132161081,0.679275209631822
13.0761473416075,37.503733685966,51.7975798624411,59.3372754659195,74.3187161779214,80.0677448498498,8,29,51,59,80,100,3.00476543954099,3.27961965206482,0.804064353503959,4.71864931063881,1.23942669091928,1.03274958704628,0.0304581101165328,0.66944256800276
12.6725788929993,37.4378101728831,51.6689701093329,59.1373372478756,74.1205752906966,79.8216193579991,8,29,51,59,80,100,2.86698246944333,3.37277648135143,0.793549007760425,4.68838358419096,1.21905396167404,1.03309019499755,0.0291320206209142,0.656750110887228
12.3655828384651,38.1119732069471,52.1479956379131,59.5837834299921,74.6026649381082,80.2791797749152,8,30,52,60,81,101,2.76290147147645,3.43515099611658,0.761186775442793,4.63666958654872,1.20977660543496,1.03985380124439,0.0284696927572787,0.654444912167619
12.3684795236138,38.1736464947257,52.2833502112443,59.6779549207093,74.5455426489181,80.1677205687582,8,30,52,60,81,101,2.7638804840995,3.4513053982875,0.773339922781105,4.66822649524494,1.19807453559767,1.0112617722012,0.0270395535962082,0.628232394660648
12.3818488158801,38.1631652694479,52.374645404274,59.7255231690631,74.4501296459598,80.0220921938294,8,30,52,60,81,101,2.76839975972519,3.44474784212424,0.790259704876392,4.68954888190619,1.18568081974355,0.984524475588037,0.0257627244290681,0.603580848399134
12.4036180065729,38.1138506755726,52.4215528455694,59.7267915058063,74.3190774467812,79.8673836572164,8,30,52,60,81,101,2.77576116883702,3.42522309875615,0.806396399571888,4.70051605810452,1.17277971198913,0.960029735763266,0.0251759503392961,0.582999545698843
12.416355289822,38.0702526434253,52.431014247808,59.7387640439354,74.2395186183653,79.9097686058982,8,30,52,60,81,102,2.78006991071624,3.40976996848625,0.815352506660254,4.7027291418462,1.17348862744043,0.943227436526584,0.0196608199166267,0.534055092834813
12.4271583615521,39.3927009360561,53.233254069565,60.5967300332633,75.0852005213716,80.7957058725011,8,31,53,61,82,103,2.78372523920944,3.56286650234577,0.729340505221678,4.72672265087193,1.18924827035216,0.940981346133299,0.0204753080188426,0.542101568119067
12.4375219572911,39.3566231689373,53.1968717778143,60.5725976149199,74.9828891792881,80.7958598799093,8,31,53,61,82,103,2.7872326310317,3.55015091236601,0.729291342423353,4.71825058241256,1.19271965851031,0.926736229131905,0.0226559421140699,0.545633800044354
12.4474607311457,39.3128142393963,53.1466311309656,60.5355809799322,74.8705924286267,80.795438532968,8,31,53,61,82,103,2.79059695089374,3.5354497471758,0.728253328459667,4.70655921965434,1.19646993978666,0.913100670642248,0.0252180832153769,0.550469481054049
12.4910378497214,39.4626082394128,53.4021311204796,60.791419278706,75.0255705402806,81.1335121371783,8,32,54,62,83,104,2.80535609287547,3.36276258324082,0.745392827915657,4.60470795360223,1.19656592166618,0.894957891758661,0.0298366009370076,0.558533373692629
12.5558515343215,39.633002688224,53.7069383835619,61.0879517304304,75.2582055295504,81.7832207390058,8,32,54,62,84,105,2.82733208620951,3.39093558915381,0.767430161849818,4.67488726371131,1.19421882351904,0.783387590861568,0.0424590576826601,0.540732229743761
12.6246540419329,39.7303486219722,53.9394728408482,61.2399109833936,75.2950957485966,82.0700450206914,8,32,54,62,84,105,2.85069199451204,3.39856301341003,0.789866316629575,4.72865034388269,1.17142478472809,0.764339660252907,0.0515155792981029,0.545929376280988
12.6978767428833,38.775059973081,53.5967925590345,60.8510942346709,74.7550496987117,81.7498116374645,8,32,54,62,84,105,2.87558788105823,3.12672086917756,0.894862533308463,4.64948853116415,1.1584231480688,0.739606922471196,0.0604563673567273,0.548085809389184
12.7745023302074,38.3227244746073,53.5890346631645,60.8513929897281,74.6371655434593,81.8108269229637,8,32,54,62,84,105,2.90167925575768,2.98939874151936,0.974353653394656,4.64770126584381,1.16069093346554,0.72051940811314,0.0684287171165465,0.554720369338547
12.8527155813329,37.9813878619888,53.6540996292514,60.9041040509575,74.5679629582181,81.9080503330503,8,32,54,62,84,105,2.92835141184062,2.88173609725027,1.04933869786618,4.66269764280142,1.15721401681259,0.701053147226541,0.0764186782981729,0.557836988094871
12.9320273009504,37.2948635562315,53.6258663320149,60.8197079190029,74.3586561499855,81.7970001525416,8,31,53,61,83,104,2.9554391618378,2.86973868367434,1.17529371969481,4.81844736095919,1.1414408419988,0.681346591164101,0.0813993592496346,0.549829299102734
13.0119904247692,37.2904833012908,53.9962013324263,61.1994934782519,74.6176296207044,82.2275019530759,8,31,53,61,83,104,2.98279072403209,2.84798285037539,1.24936776621737,4.9054663449598,1.14409115149031,0.662518513026318,0.0905689757881858,0.555640919687917
13.1164810585637,37.4057302122846,54.3777622179255,61.6124968053598,75.0559260038678,82.88121282573,8,31,53,61,84,105,3.01859377209572,2.85075474067471,1.30302155037703,4.99562312003726,1.15292008840806,0.583671042861023,0.102949713082428,0.531259190435159
13.2633968478447,37.7929420723755,54.8784677753982,62.1721790060677,75.7877796959941,84.166140077489,8,31,53,61,84,105,3.06905017493583,2.91287805869655,1.32613594641962,5.11469102785706,1.16952680491087,0.60861520358148,0.139216666655756,0.607437945427673
13.5003936089924,39.0625212663665,57.91555756606,65.0407614760203,78.1561815666661,87.3351914572234,8,31,53,61,84,105,3.15072483090411,3.18403755925331,1.70415931271446,5.85459712847034,1.12223934275187,0.537467074964294,0.203253103352584,0.620776179151491
13.7539743357149,40.0106120905038,61.1692754818891,68.1923417179965,80.1332257327839,90.088357477487,8,31,53,61,84,105,3.23848819288198,3.37008582203908,2.24257855093113,6.67860202012189,1.09382185648846,0.386814337809516,0.278229357001994,0.570972213518589
13.6726893038913,41.2709025639549,63.6756452346961,69.9985585004587,79.9536729623744,92.7462242710558,8,32,54,62,85,107,3.21031445361376,3.53089816875425,2.55198971138991,7.13565925334911,0.904375371568179,0.188880308403315,0.568763226859875,0.535034005482357
14.5310989694197,44.0093530336038,63.7435997262886,70.1631020601008,79.5303889557719,93.3097169063576,8,32,54,62,85,107,3.50972382178206,4.04799422097418,1.90433164566094,7.15342224052716,0.929924013124245,0.144772766992819,0.719484671689895,0.582291338169717
15.9557470182606,44.6836035388499,64.0564106164193,70.4434015246709,79.2562160560681,93.5794562730331,8,32,54,62,84,105,4.01500871548903,3.83940823023794,1.82134655240569,7.23534448237433,0.921302466152011,0.137904628243472,0.910975790603069,0.688014868868674
16.3491237311576,40.4403528325966,62.8089276185144,69.4018131476183,78.0668219657389,91.1924499667581,8,31,53,61,83,104,4.15618097560912,2.79984867672294,2.54284331363547,7.10513804837017,0.976271707759902,0.127907441686964,0.70546713163797,0.570486431449011
16.1373362209584,39.6479588065536,62.2196109195123,69.0241936321,77.2038746704929,90.6600609731697,8,31,53,61,83,104,4.08009279799531,2.65212501545549,2.5943226416746,6.95100095340883,1.03367733297108,0.0981827023922156,0.760018931501432,0.57609056807199
15.8959656208676,38.8084138155325,61.5744099957391,68.5860585675514,76.3738352289032,90.1356219730111,8,31,53,61,83,104,3.9936140602454,2.50240933146887,2.64386730678631,6.78331518017457,1.09065687949226,0.0775972463340675,0.811950597694316,0.588072606794994
15.6469923736164,37.9341287924289,60.9147454025428,68.1176747845262,75.6185814446498,89.6193995925932,8,31,53,61,83,104,3.90468392224274,2.34871285967137,2.69889344415188,6.61304680287088,1.14398938932346,0.0644120532338281,0.853546569236698,0.602470314199064
15.4085397088238,37.0405750739166,60.2739035789975,67.6447500102881,74.9606028197847,89.0665243397916,8,31,53,61,83,104,3.8197784724521,2.190926381831,2.7640991060926,6.44879875100978,1.19133662129489,0.0567267679411064,0.872102413830524,0.611388296737523
15.1934382219928,36.1570763738935,59.6769153316022,67.1903844288131,74.4081930599955,88.4219939367006,8,31,53,61,83,104,3.74341791857284,2.03352089267504,2.83855615276567,6.29684094290856,1.23192621757716,0.0529094579949422,0.85582992859204,0.606560165917256
15.0087157755304,35.3246155715624,59.1413657906503,66.7733498154694,73.9457155207473,86.7843984827046,8,31,53,61,83,103,3.67802067558952,1.88461652591495,2.91629873941599,6.16140006871451,1.26590874277642,0.051198994087896,0.752680340889696,0.54990782292257
12.688156558207,29.1578775926875,49.9811196352438,58.6960308181764,64.7448793336648,75.2484624299836,7,26,43,50,67,84,3.18668485826881,1.61208308845976,3.12254261872086,5.70555640811991,1.82899816517963,0.100078053866795,0.645949391862867,0.835301637083698
12.7803488620743,29.8840010750137,51.1058845147737,59.8387089805878,65.6755658390703,76.2252440333594,7,26,43,50,67,84,3.21949470644776,1.76021417663547,3.23770919845664,6.00188373861164,1.83481025148478,0.0864617760933375,0.653886646487696,0.816048938111893
12.8052715624571,30.1823946173443,51.5407778644455,60.1939441012638,65.940614477692,76.4407491167084,7,26,43,50,67,84,3.22837248581234,1.82538092907127,3.27737342143549,6.11753983229725,1.80899157981553,0.0810267300020514,0.645357196056532,0.787893867311211
12.8213974733988,30.2365649722241,51.4995182777377,60.03812189562,65.7543719531255,76.1974278697177,7,26,43,50,67,84,3.23411857862309,1.83450533563825,3.24963113817587,6.106541812485,1.7719832452918,0.0792413380663739,0.635587774692885,0.762375200039891
12.8898216986941,30.58946709712,52.169218640019,60.68539530864,66.4135401541816,76.6904635502648,8,27,44,52,69,86,2.9410193484189,1.90317848649087,3.34194271826173,6.08421577447253,1.52616362271493,0.0799365833270119,0.607505793306376,0.674599265148713
12.7195681302304,30.8410479688348,52.2155999530454,60.7292103486951,66.4481327070106,76.4966556548161,8,27,44,52,69,86,2.88296992342097,2.00642243820622,3.28207938991918,6.09649058107494,1.52539222168913,0.0793972122189723,0.569770636792153,0.646817025997559
12.5581270683114,30.9171011614459,51.9360692868388,60.5005056315201,66.2668241578712,76.0341109315132,8,27,44,52,69,86,2.82810416196865,2.06527028724624,3.17896132057721,6.02261435970358,1.54068643224383,0.0821927136296091,0.524729699905662,0.62603471497099
12.4093921047358,30.7659197197478,51.3798628612668,59.9689933490791,65.7684517507769,75.1862771257558,8,27,44,52,69,86,2.77771427837839,2.06466148795561,3.06248537551135,5.87634742229442,1.54812959568646,0.0841821728218988,0.471023113723531,0.593615793931481
12.2630062129137,30.5464348458755,50.7666089642353,59.3437993911033,65.1754798893407,74.1483920372711,8,27,44,52,69,86,2.72827116451156,2.04649580901799,2.9502803752262,5.71622623881224,1.54452968720869,0.0861440703461161,0.406418907111027,0.547959695487923
12.1013029701415,30.2969981644353,50.0849294205306,58.6580816320535,64.5581791447974,73.0569693044592,8,27,44,52,69,86,2.67383239622179,2.02475703566589,2.82832851506493,5.53968376308833,1.5433125978101,0.0903999891950082,0.342437388909777,0.505667161750308
11.9254268411801,30.304009268829,49.6530706021276,58.2491038729077,64.211715759089,72.2423267733001,8,28,45,53,70,87,2.6148392882758,1.90269078912553,2.70585872773861,5.24232768682658,1.55021163031937,0.0943962717765649,0.284415263525776,0.467741886303458
11.736476130624,30.0031913217774,48.8602582906388,57.4854679191276,63.5537151824985,71.1382549257418,8,28,45,53,70,87,2.55171931232381,1.87604994019269,2.57025107115004,5.04345526400785,1.55901879121395,0.101383213309164,0.234104747171296,0.438043628928275
11.535684147736,29.6530235661257,47.9933227197769,56.6671200258095,62.8314821127842,70.0163627747414,8,28,45,53,70,87,2.48494574207514,1.84066145971993,2.42982194903446,4.82857256515983,1.57371012989281,0.107996728996388,0.193293078707985,0.414486050811404
11.3244268401885,29.2577483055586,47.0680799964469,55.8119540343943,62.047058970801,68.8921805099958,8,28,45,53,70,87,2.41503825885355,1.79736057018253,2.28804608119059,4.60231319544577,1.59495288267344,0.113020768406841,0.161847451579335,0.396588117178328
11.1041727318422,28.8261243727793,46.1689827495319,55.0091118535606,61.3120708254849,67.8641430113348,8,28,45,53,71,88,2.3425442461287,1.74803160684373,2.16496404722669,4.38559644340642,1.62423343879918,0.0891451184834558,0.137161231951593,0.3423055462439
10.8765287077606,28.3597690147961,45.8215318414659,54.7679897320882,61.011227774333,67.3339791362557,8,28,45,53,71,88,2.26805163200795,1.69285654468315,2.19609004947832,4.30270269614463,1.65671357746525,0.0855869073903194,0.119429349427445,0.327673498550381
10.7517854457717,27.9374849294001,45.0414070098782,54.3860975511262,60.8056298764149,66.9576188365035,8,27,44,52,69,86,2.22742425212422,1.77968740955728,2.10279813832312,4.28471267258492,1.77957620885661,0.126742640419211,0.107131637142435,0.40482220641982
10.6950916303943,29.0191362414171,46.0332017136228,55.6351035856094,63.0382790550017,68.772546388833,8,27,44,52,69,86,2.20900585122316,2.05658327165289,2.07955312099319,4.52393141442803,1.8599040800313,0.215077813558303,0.0802958759813029,0.482428688073397
10.6693121697947,33.5318001062073,49.4889205235285,58.6625313747492,68.439932888977,74.1085902929431,8,28,45,53,70,87,2.20064038402288,3.05597525692122,1.81187655789742,5.20096976707606,1.72656457625834,0.526321857243267,0.0764963655171404,0.686149130426403
10.6469685725262,35.5312074630468,51.6370736668898,60.790336168119,71.3865539440783,76.7838355197881,8,28,45,53,70,87,2.193394758702,3.62156886018916,1.8488850833513,5.74945827766819,1.72028211088027,0.661940776382312,0.061959853602577,0.749618081666391
10.6277344187409,36.8195208361179,53.1237809715725,62.2802016675516,75.4653480384847,81.2915724665488,8,28,45,53,71,88,2.18716112746497,3.99964886593417,1.89859192959512,6.13788446682887,1.72125686876306,1.03816230322934,0.0858099568088365,1.07824442613175
10.6111891433886,37.6275944998091,54.1630731170187,63.3364583494424,76.5118553003495,82.3567781110911,8,28,45,53,71,88,2.18180165578017,4.24257942549067,1.9570116942844,6.41347054130202,1.72649489059927,1.03619578909763,0.0869582336072726,1.08197739455061
10.5870859297844,36.8943134521612,53.7014958754825,62.9759709213683,75.8085872832522,81.7250149546927,8,28,45,53,71,88,2.17399846918327,4.03345531118188,2.02631723043759,6.29067352222319,1.75777776283211,0.96793639661092,0.09143398652454,1.05756611669451
10.3531836807173,32.455575686018,49.8138477940227,59.1855779195326,69.9170994583185,76.5093834923567,8,29,46,54,72,89,2.09855685420497,2.65766932635851,2.16899189618694,5.10077330959531,1.78798574839317,0.590576621284601,0.140414244525568,0.875768217738988
10.1346285377846,30.6321712027621,49.3783359848057,58.6192180974552,67.7380558238787,74.7642315323265,8,30,49,57,76,93,2.0285397081922,2.08343133804591,2.16228968893087,4.4796284379198,1.74736897514267,0.295319355996815,0.178229266649718,0.649387288045737
10.9535571578208,29.7796169239776,48.6606167367799,58.9339985924306,65.5940471334661,72.8308179362373,8,30,49,57,76,93,2.29320755666686,1.69814822182876,2.19638246206448,4.3121978010796,2.07293717987018,0.0852398325383302,0.198360161086676,0.520101281893188
11.5072025774345,32.1797162610529,50.2749486021687,61.6323231133452,69.0940733297307,76.1713395355298,8,30,48,56,74,91,2.47549990728458,2.12519687491654,2.1758794809921,4.8617557703382,2.42591719374958,0.175735478193069,0.183007081390388,0.774043482553979
11.3781572974192,34.7593361692845,52.9333361980745,67.0839269712031,76.1423563483293,82.5759332065223,8,30,50,58,78,95,2.43278399243669,2.80245209300698,1.85405982775437,5.16055460204264,3.37650028497226,0.236788961164677,0.127824571985473,1.12479647531234
10.8500901597383,36.4007660071166,53.3425750028265,65.8492185253446,75.8960119254143,81.6846536567649,8,32,54,62,85,103,2.25942936551198,2.99003170406187,1.29689117884542,4.59103481882155,2.81064477452798,0.196365549960748,0.0613422022745172,0.677269722724202
10.2902330370543,31.6252175193798,47.9548654929641,57.9299148828499,68.3000723082765,74.4337483294437,8,31,53,61,83,101,2.07834196930867,2.12051385996778,1.17502896925243,3.55027684314981,1.97771596187854,0.270160817010018,0.0792863901898456,0.539509618832045
10.0211060616745,31.2958419810551,45.9444182536225,54.4901967021162,62.5338521840884,73.0827935347615,8,32,55,63,87,107,1.99235792060368,1.95110142272981,0.767871030517303,2.87467256031989,1.53506803041282,0.0531064248603758,0.407388581932868,0.411484754536734
10.1536897416459,31.2509667438682,45.5877515078608,53.9494553598298,61.7076869620615,73.0406345226647,8,32,55,63,87,108,2.03462753580146,1.91107444432506,0.718109761928571,2.80560589694427,1.47988871442371,0.0434791756639668,0.44123446316757,0.395513413297047
10.2444929166914,31.0733878115616,45.2049607582955,53.476757828653,61.2598088778674,72.4810585505545,8,32,55,63,87,108,2.06367787623827,1.85106456564816,0.686145236668501,2.73216810246272,1.45310629466598,0.0442654456334603,0.426656399547388,0.381653366637864
10.3183276466363,30.8440796750434,45.9770632817393,53.9104083479594,61.8316719138434,73.1113379585245,8,32,56,64,88,109,2.08735906034677,1.78405791276525,0.754259472243566,2.75770403998833,1.35331775417611,0.0488199474007094,0.43425148492659,0.370733586270536
10.3857947730184,30.5989093997015,45.598349568859,53.4418796786918,61.3455199477144,72.5072183425504,8,32,56,64,88,109,2.10904400738556,1.71583464854024,0.733324092699428,2.6859691012711,1.32712071550516,0.0482224658386962,0.418979575754756,0.353743802630816
10.4507863064399,30.3482553267547,45.1078836893424,52.8633798584278,60.7134945259372,71.7593832891357,8,32,56,64,88,109,2.12997437951928,1.64788608930263,0.696373689580433,2.59411796605138,1.30156279917527,0.0464379123910732,0.40424185074677,0.33489425512941
10.513328838213,30.9809589069976,44.3440374283334,52.0481607753959,59.776487117469,70.5764013839197,8,33,56,64,88,109,2.15015374489185,1.63227770839975,0.572191787014676,2.45348126234517,1.28670389359348,0.0425444193146221,0.373787442506501,0.30545249747162
10.5749252372173,30.5792902058528,43.8675772885269,51.4791267040194,59.1932585402646,69.8106971127088,8,33,56,64,88,109,2.17006359625262,1.53604380653818,0.561600152030307,2.36727635050559,1.2600332378569,0.0421055477392831,0.351949869246075,0.286042395922483
10.6359665384104,30.2015050014612,43.4572467168199,50.9843691917369,58.647471140612,69.6136076554531,8,33,56,64,88,110,2.18982867482883,1.44683736439354,0.557019478658222,2.29399082747967,1.23582952195508,0.0405532005324274,0.333540592629886,0.267838387694626
10.6963151787879,29.84200474851,43.0950454180637,50.5350693715924,58.1462469033271,68.8635838307983,8,33,56,64,88,110,2.20940304436696,1.36332746420056,0.556640086019772,2.23004682707865,1.21098190593167,0.0390141446498637,0.30624540726202,0.244163960584538
10.7560072491765,29.4746018222684,42.766826987567,50.1194867827141,57.7013467875611,68.2027711455347,8,33,56,64,88,110,2.22879697019934,1.28028421377311,0.562155591003844,2.17271436378695,1.18618527668849,0.0381630473880523,0.283527474415151,0.224897073759972
10.8150021408861,29.0942875470036,42.4686367378062,49.7358309486235,57.329769120508,67.6413870502816,8,33,56,64,88,110,2.24799585278226,1.19694267520856,0.573795711899943,2.12113793659999,1.16205267659752,0.0385121246311641,0.264309091523978,0.210325145290485
10.8732147677279,28.7042012064372,42.2000827412709,49.385952704973,57.0495228493252,67.1907127658381,8,33,56,64,88,109,2.26697053561004,1.11414323704092,0.591220385043985,2.07510839378351,1.13920650234932,0.0405672632111395,0.298049314143055,0.227350650066358
10.9305436384341,28.3117197163785,41.9613040115438,49.072987258714,56.8763745620561,66.8623976038026,8,33,56,64,88,110,2.28568636826269,1.03342856267131,0.613594227092943,2.03452060345302,1.11846676656988,0.0449168104006363,0.233001249067113,0.195906140089328
10.9868317725936,27.9308527549304,41.7069878310962,48.757012506479,56.7866663983549,66.511989686093,8,33,56,64,88,110,2.30409038651833,0.957335160892401,0.6322949784874,1.9916453235822,1.10130414754191,0.0526038340499012,0.209460951228646,0.19095616552339
11.0871515035261,27.8011951895657,41.5385142376957,48.4864366684926,57.0257993227003,65.4777919554636,8,33,55,63,88,108,2.33695890065848,0.918261958928251,0.712755367255027,2.06688707062155,1.07303588001864,0.0560513986080468,0.180983318610014,0.171781953806967
11.2916645943059,28.5897297721183,42.1981041822962,49.2668785312906,57.9574248118624,67.0618606641399,8,33,55,63,88,107,2.40422939162764,1.01878098267412,0.692269704330732,2.18125786313445,1.10651586570768,0.0617257373457133,0.293684319875309,0.248909930375499
11.0277438183921,29.228938316819,41.5993522877196,48.9207605170091,55.2496689120427,66.2148964022935,8,33,52,60,83,102,2.31748426219932,1.18235399716729,0.771468214473631,2.41141216387046,1.17734640979891,0.0181705433314366,0.541013222702884,0.297415793190651
10.9920530978099,29.202989829425,42.5316466037486,50.3153080792321,56.5599337255137,67.6688345842407,8,32,52,60,83,101,2.30579895035107,1.30170200552972,0.838082979715855,2.58707397893847,1.30972670178021,0.0167295908290266,0.65275031471461,0.373929671099152
10.9417803642752,29.5584147762302,43.936835729927,51.6894558344096,58.9512239989228,70.7328587931562,8,32,53,61,84,104,2.28935813382115,1.38226722039659,0.920953697968896,2.73431806301358,1.30072984616847,0.0405323631730282,0.581715486480105,0.425786441153662
10.8740531567706,29.4712820806083,44.4288378577448,52.3767589248544,59.8378413941058,72.1455505615341,8,31,53,61,83,104,2.26724403152078,1.50834880375756,0.918860548751589,2.83012035643874,1.35758072646295,0.0627045437779695,0.578059807020806,0.506969486077727
10.8074978009059,29.8160830412023,44.7981467472211,52.8532010505324,60.4462724290804,72.8097688958916,8,30,53,61,83,103,2.24555196687596,1.73895788857953,0.822653394336724,2.90281578179446,1.38901039211101,0.0684777975699241,0.673508690816149,0.586354398910203
10.8004469180431,29.6676789573229,42.6731809223261,50.5172038622778,57.8319100310783,70.095172898655,8,30,52,60,82,103,2.24325621257859,1.70732535681032,0.59996329643411,2.61414202622754,1.32726412882766,0.0566811142086756,0.571456743732156,0.48015401408053
10.8265128766459,29.445618762969,41.8947818657933,49.2941019943271,56.4701278399616,68.4382268235931,8,30,52,60,82,104,2.25174544773298,1.65227152865178,0.520048235673661,2.46657602073208,1.19941297074606,0.0513353910824787,0.455209519086667,0.364468403060767
10.8956900979536,29.3031650969618,41.3666266938982,48.4766570596654,55.7119952237942,67.361677046622,8,31,53,61,83,105,2.2743044896957,1.4686032085841,0.467740507082108,2.25412126633526,1.11800579838009,0.0535791866596526,0.414546146825133,0.323945695139763
11.0156831991766,28.6748752401646,40.6844145202281,47.5165420923675,55.1924720647967,66.5518919186831,8,31,53,61,83,105,2.31353432863718,1.31561759165989,0.460635127093067,2.13266061121652,1.04121054827037,0.0722701343578428,0.379085142807255,0.314907272893202
11.0777879016088,28.4190548635213,40.5784611795583,47.4291224452268,55.2463011582572,67.0111741652326,8,31,53,61,83,105,2.3338873812484,1.25249384555675,0.480509962297236,2.11403247723935,1.04628743131598,0.0790375934132251,0.429045780065469,0.356067984703673
11.12463402258,28.1451581969772,40.3134384360668,47.2089666647335,54.9635547613795,67.0611023495353,8,31,53,61,83,104,2.34926167350175,1.18998950863211,0.481699174792519,2.06771901021146,1.05860458359289,0.0759914458815807,0.547137688463809,0.421733504879646
11.2074409709102,27.7753836905162,40.1282655151702,46.9273945138708,54.5617143692502,64.5964772180036,8,31,52,60,81,100,2.3764832558236,1.10387118288922,0.584805398360673,2.14386230317745,1.03218752063536,0.0919254176658216,0.40848410495566,0.361235376424269
11.5054718788684,27.5844235122185,41.6100013066544,48.7843377624809,56.4853939038127,67.7479382935646,8,30,50,58,79,98,2.47492613437167,1.12642648386391,0.965797102448414,2.65618524312775,1.13597579100959,0.0956914663073236,0.586855161688218,0.506589398281416
11.7239031746193,27.6116265685385,42.1768062580598,49.6347196322025,57.2780987842491,69.0249008438304,8,30,50,58,79,98,2.54752893739479,1.08987846250053,1.06943751348322,2.76779722700911,1.2160752101077,0.092431214024136,0.664945091061555,0.5763758603537
11.1251751924893,27.2850348803128,41.9639202740417,47.9401106971642,55.5276336033179,67.094230998515,8,30,50,58,79,98,2.34943938741737,1.1420274130505,1.09178313057372,2.72568201283216,0.814341107268308,0.0893397915038783,0.635400036536748,0.415691360481205
11.339194147512,27.2972721789447,42.1637940444689,48.1062115840951,55.3891171639355,67.4977543406602,8,30,50,58,79,98,2.41991315066202,1.10327135940915,1.12903263535147,2.76521634319449,0.80571688006972,0.0736104583156486,0.725958607131444,0.433285823288588
11.5630079028505,27.0687601373415,42.1518286836194,48.1562006889732,55.3745623910421,68.3324327154047,8,30,49,57,79,98,2.49401365382377,1.01827034247402,1.30345337496826,2.89307638152769,0.821557843762861,0.0529305038957669,0.877607143911126,0.462294226255783
11.7739690722077,26.8559960906143,42.3614589530438,48.4190612852745,55.3570383415751,68.6497343576607,8,30,49,57,79,97,2.56422237017792,0.941076076553759,1.39510979119274,2.93573250753408,0.835238978961248,0.0429565450704099,1.05994617434531,0.520971782378959
11.9654210863383,26.677620822593,42.5954471311594,48.6907052274431,55.4140456472688,69.1723815227395,8,30,49,57,79,97,2.6282341641665,0.875696877889396,1.48661744292499,2.98360432169999,0.844956220311536,0.0362356643644291,1.15613477679256,0.54917727521784
11.7936355557091,26.667126899568,42.3464500844465,48.3562748941891,53.7621572273889,67.5423032431636,8,30,49,57,78,96,2.570785017961,0.903977398107883,1.4334517119534,2.93267114227693,0.822956318133686,0.0148753130101718,1.16071324316226,0.46745237525646
11.4910355320082,27.5444145254309,42.5390978689907,48.6115990662157,54.5231010236322,68.4931011906605,8,31,50,58,79,97,2.47014103176099,1.00902442405567,1.2845487134437,2.84000179320543,0.839079852126596,0.024902326823997,1.2008377115385,0.539897187910887
11.2039305696321,28.0318687176175,41.7078455023008,48.0433819408745,54.464685523078,68.7783649493173,8,31,49,57,79,97,2.37532809271993,1.15304210956094,1.138903809963,2.80346708124707,0.907703073945335,0.0280482148721183,1.27467807442062,0.599190834946913
11.0904510657258,29.0351317010363,45.1222105652708,51.7585604318191,60.3908367894271,74.260306348649,8,32,53,61,85,105,2.33804142613298,1.24981113776558,1.2501476887556,2.96715053802057,0.987985887976511,0.0771906901565698,0.936573943203265,0.592499261568434
10.9728207798698,29.1459908687909,45.9357035742081,52.4777490433849,61.0877308985781,74.8134884973408,8,32,54,62,86,106,2.29950676490557,1.29429362580227,1.26620077031214,2.99995629117643,0.962617832837553,0.0761706831442595,0.909981398810776,0.566959398560643
10.612658394688,29.6508190333879,47.4850180929793,54.0384257742513,63.2931256139248,76.3446379030359,8,32,55,63,87,107,2.18227748503698,1.46783627557406,1.3508501660623,3.1799070868038,0.965664794459142,0.109231479729982,0.789317209946645,0.565198967633604
10.4878033727291,29.8591900218117,47.9056479984027,54.5499751164214,63.9303607648528,76.8907160729117,8,32,55,63,87,107,2.14191350678123,1.53678095535513,1.39403539850406,3.2651398417877,0.990139945875097,0.116551838908845,0.77353783906569,0.577414580376398
10.4045028718453,30.001181211556,48.3946650490378,55.1194121836293,64.4769592682912,78.1096536547622,8,32,55,63,87,109,2.11506479113752,1.58402759273526,1.46568755071114,3.36522159537247,1.01192549623058,0.115200107614467,0.696113793737384,0.54597414963885
10.305923023492,30.1431612415958,48.8892146885891,55.693722070832,65.0235839844367,78.7616560827708,8,32,55,63,87,109,2.08337679876387,1.63502854180979,1.53978238315792,3.46750183963518,1.03365675081003,0.113574363401813,0.712875758324136,0.560787894443333
10.1931377278456,30.2791118933513,49.3909109171112,56.2751327844157,65.5720668831649,80.108556928048,8,32,55,63,87,110,2.04723800570383,1.68835147061434,1.61798830116962,3.57233637175683,1.05549712204535,0.111659056176775,0.749818160225082,0.590918532775244
10.1139883796222,30.4493137710214,49.8052206183797,56.7319175203155,66.0367194958005,80.69729463866,8,32,55,63,87,109,2.02195167152354,1.74239528571875,1.6709253413221,3.65971421983801,1.06718342612259,0.112114899539882,0.866722275162708,0.661717889018583
10.0964650338117,30.6670317492083,49.9832230227668,56.9080745261173,66.2814310802089,80.4643769747614,8,32,55,63,87,109,2.01636181823178,1.79391119795979,1.66227290917552,3.69747527963937,1.06667499525178,0.116134791709921,0.785500593812991,0.620006842161507
10.0745344799625,30.8669234392663,50.2428387348021,57.1476751043072,66.5731140283083,81.1825728487907,8,32,56,64,88,110,2.00937042851392,1.842951373392,1.53772568333142,3.61167678294768,1.06116464860177,0.119246494335321,0.857873180959347,0.666645354339007
10.0871614401411,31.0216998072537,50.6286263747768,57.5611186758339,67.1036555108433,82.2194862783142,8,32,57,65,89,111,2.01339527257483,1.87461014775006,1.45516802045523,3.55398353995533,1.06878054446134,0.126425129722747,0.947145884391632,0.735811520652687
10.2126259406204,31.2497790159609,50.3094943025649,57.1205906790006,66.9889217430433,82.3576127475125,8,32,57,65,89,111,2.05347353944164,1.89757549690836,1.34645410181851,3.48808578246313,1.035457441424,0.147734282192682,0.993038533283115,0.786419748650445
10.3234487203791,31.4459624509711,50.0402361131643,56.7382713657273,67.0038979878112,81.942497419783,8,32,57,65,89,110,2.0890035145239,1.91675000743509,1.25648247903916,3.43282106568588,1.00467523822897,0.176395888393399,1.02464361759031,0.832645751249664
10.4178590804297,31.632419837465,49.8213557304193,56.4256155880624,67.2199515705511,81.7919515934569,8,32,57,65,89,110,2.11936522798959,1.9374978539303,1.18007016775844,3.38812403914381,0.979333582480715,0.219104977848721,0.956295832988526,0.840634943482081
10.4957326858622,31.7779526204296,49.7237250831449,56.2414475955389,67.919619484804,81.8070510428633,8,32,57,65,89,110,2.14447262704929,1.95279549624673,1.13512318454236,3.36825344127786,0.956104061733329,0.302028274139421,0.833709725421128,0.853895153067446
10.5351687466717,31.5492706034842,50.4543784400133,56.993377669044,69.807257339532,83.1049416232947,8,32,56,64,88,109,2.15720903389554,1.89240849651778,1.44062583830503,3.65609858666757,0.961801379601042,0.429085172326487,0.733648200622488,0.922128727642382
10.4739603228587,31.839426834993,51.1212189243393,57.5115878470647,70.1821153788511,83.9945839797121,8,32,56,64,88,109,2.13744719254283,1.97167165302547,1.5181329324636,3.79733636687203,0.922197231872369,0.411816537587358,0.820699380663431,0.949612252062253
10.4001500263737,32.026586612119,51.4281144690026,57.6851869690936,70.1019253801042,84.580560524854,8,32,56,64,88,109,2.11366362718355,2.0312302832858,1.54307263204771,3.86294424026242,0.887073994456629,0.382104018414855,0.939184518431664,0.984574476546152
10.3152444794241,32.024334823651,51.2948748877219,57.4376981986268,69.763129619509,82.1207505092793,8,32,56,64,88,108,2.08636913090894,2.0502135276578,1.51579668616543,3.83441385436592,0.85727637117555,0.371685647803065,0.672552987609781,0.772017462170876
10.2214338249285,31.8945410703163,50.914984858588,56.965281142494,69.2991885614764,81.4124017343534,8,32,55,63,87,107,2.05629297458125,2.04194218231635,1.59832834213489,3.89726035287553,0.833357353604911,0.372646692999074,0.633313166283102,0.735219349200111
10.1213537653511,31.700900586403,50.4476285279968,56.4187129450006,68.7842186639807,80.6061846405405,8,32,55,63,87,107,2.02430210695692,2.02048654474588,1.53992536213701,3.7966091869713,0.813035533444835,0.376240437197198,0.587889082622629,0.698189437700585
10.0179140910448,31.475166482113,49.9686798913364,55.8741197544097,68.2308703254362,79.6926549240999,8,32,55,63,87,107,1.99134245867698,1.9925530119226,1.48657814726801,3.69438519480525,0.796304944862072,0.375242959819376,0.53378055456946,0.65210260374942
9.91401030607848,31.2320661057182,49.6190381681603,55.4767166790411,67.7782289012915,78.6025484568903,8,32,55,63,87,107,1.95834441008357,1.9609139623582,1.46433124592607,3.62035920941538,0.784196142386898,0.368980321020897,0.44384628267614,0.577262057782572
9.81229970099566,30.9801606317106,49.5104841369102,55.3643815198286,67.5949773694947,77.9554753917507,8,32,56,64,88,108,1.9261510545235,1.92696226078365,1.36497810433847,3.45933800342725,0.783239847103653,0.361018057338803,0.383298735993848,0.5257938835299
9.7003934805525,30.7312738301728,47.9573071683815,53.8773676104321,65.5132003049707,75.3233822112769,8,32,55,63,87,107,1.89085653499384,1.89616898291776,1.22989987328026,3.27566227796783,0.80002247452336,0.297731616327171,0.317050689453129,0.430316955036177
9.55918467035509,30.4843615040059,46.1625172670362,52.1962207086957,62.9498464151579,72.3161146650154,8,32,55,63,87,107,1.84651241036346,1.87251965948019,0.941998929222743,2.91720726106335,0.829088504413496,0.215631578703503,0.268195682816237,0.335383009212357
9.38640964733351,30.1736249991532,44.0807083732626,50.3286270708054,60.240284996107,69.2548829809027,8,32,53,61,85,105,1.79255469283684,1.84180254129725,0.837134214990012,2.76220828119374,0.884676016446164,0.150716872943138,0.232484312219824,0.268352152056375
9.18022926388136,29.7987299150029,43.0948933436545,49.5240190879757,58.5962344901106,67.3781235830416,8,32,53,61,85,105,1.72860903684688,1.80447059406155,0.733397061864344,2.57320417693403,0.932480244015319,0.0991162028724928,0.210334708010646,0.214866986312842
8.94270331143575,29.3744109361069,42.4465572525447,49.0203244894063,57.403967447887,65.9550472815149,8,32,53,61,85,105,1.65556428334782,1.76344051302904,0.69680282139911,2.4516347520284,0.971131077652623,0.06630217090792,0.189545434192725,0.174092425183997
8.67972522342306,28.9636411848116,40.7354583562389,47.2736420268471,55.1658286172472,62.9057234621566,8,32,52,60,83,102,1.57550464010207,1.73120523266659,0.580217017822856,2.25283093358423,0.961582825651377,0.0633139805247913,0.160110795330596,0.15553881653885
9.13024671597183,27.9383728655946,39.7177374563817,46.0347082929684,51.9569319651274,59.1518132345381,8,29,48,55,75,94,1.71318199959673,1.84500641648298,0.670344166453117,2.53729426889528,1.08859857696961,0.0355867191371304,0.118892501816438,0.117585896312731
8.80832468658962,28.0230112373442,39.9387020724088,46.125905643966,52.0138407949294,59.2216575333692,8,28,47,54,74,93,1.61454563667306,2.10544200458934,0.693146135575157,2.70878847954844,1.05110176206888,0.0345281578789962,0.119789529191509,0.111494047994923
8.41013382742076,28.1408646596671,40.2168367965237,46.2393901739289,52.2053188133181,59.8386718900465,8,28,47,54,74,93,1.49436182453091,2.23364616774842,0.720359521141411,2.76493925507692,1.00399106957932,0.0369674502809241,0.151501697839953,0.125450387115544
8.04926813693841,28.1119856682732,40.3691162300048,46.2449833874554,52.2665523194383,60.7305230446083,8,28,47,54,74,93,1.38730858005287,2.31730156001891,0.751635500494304,2.79585499400795,0.962475789839768,0.0387767784621892,0.225665749446177,0.159680793148096
8.07272955387293,28.3255392937066,39.9994534689377,47.0112232764472,52.8007272912116,62.0630101040767,8,28,47,55,75,94,1.39421202321794,2.3656048165731,0.652926530342864,2.72101812585737,1.09069047353946,0.0316083036945791,0.311853398525307,0.227479119003759
8.13270648719392,28.1347332958785,39.6113998138731,47.7729540750604,53.6495280608926,62.826143136253,8,28,47,55,75,93,1.41189644395742,2.30194111712189,0.620869450723408,2.64324041811252,1.42042081984138,0.0341821683210129,0.363892338308979,0.342413429040352
8.23063124843586,27.4521711985481,37.7823627450825,47.2979127948205,53.7361495569636,63.4928711709002,8,28,46,54,74,91,1.44088106403715,2.10712968148458,0.527401476349261,2.40969266903209,1.83285387665868,0.0542258165126408,0.523068877688903,0.625616809186646
8.25500358639364,27.0491025371241,37.537389375544,47.4394552003897,54.1035162258664,63.8732874258096,8,28,46,54,74,91,1.44811616573089,2.00266243444101,0.551917622806095,2.36227556117205,1.95455816968616,0.0640566125595589,0.525120578611444,0.695688116955124
8.22921814846049,26.9010431176733,37.2059839913054,47.1980273540169,53.8783229897299,63.5692765280924,8,28,46,54,74,91,1.44046183235497,1.97307928719052,0.523531063115268,2.29868446282681,1.98311602697171,0.0648041133354595,0.512781796765073,0.698841520633476
8.21426698855872,26.6956335987606,36.8638868443328,46.9460430317115,53.6357951434392,63.2657111303663,8,28,46,54,74,91,1.43602792528879,1.92727194625167,0.502798447731495,2.2337213036086,2.01179965629127,0.0652420700897883,0.503314491790129,0.703288780330829
8.22604860021387,26.3408528883883,36.5079356728148,46.6660687070503,53.3839745555311,63.0568036988343,8,28,46,54,74,91,1.43952160875303,1.84006270369742,0.502622517685391,2.16687126973747,2.03604716764675,0.0665570706692505,0.509962540618285,0.720387096582575
8.23732341798105,25.9797312224039,35.866402002724,46.1540902503775,52.9883167677644,62.5606062120204,8,28,45,53,73,90,1.44286684776094,1.75278632958188,0.54365471082711,2.16462536966849,2.07752558553627,0.072167634206384,0.494447290322668,0.737483535837678
8.24811322673355,25.6668892110979,35.7464153793282,46.0826939686452,52.9271473167222,62.6388664704701,8,28,45,53,73,90,1.44606986468021,1.67805526880582,0.574832768681942,2.14209295901078,2.09312449022288,0.0726746522364052,0.51602022814563,0.761117407227918
8.25856789638627,25.4485367961039,35.774680250538,46.129571938234,52.9607521175181,62.8559328467917,8,28,45,53,73,90,1.44917495766878,1.6258651199528,0.615770530735059,2.14739284619439,2.09910586622174,0.0720170361286993,0.545014759063943,0.783959176021946
8.26883300497395,25.3181267146139,35.956862181926,46.288934233603,53.0625346028092,63.195077128606,8,28,46,54,74,91,1.4522252446398,1.59404834084182,0.575696500266701,2.06490036190845,2.09177316835357,0.0692076525939975,0.583533109577079,0.803195226832895
8.27917476433186,25.2268756805243,36.0799645427492,46.4245370254219,53.1580193909033,63.4810697208007,8,28,46,54,74,91,1.45529980298054,1.57120100830125,0.610317431168148,2.08751673755048,2.09578934668154,0.0672917837950804,0.615249779156375,0.823392621841865
8.28583506932034,25.1101984191891,36.1811351254853,46.2580651293532,52.9264680082698,63.3180967830649,8,28,46,53,73,90,1.45728067426682,1.543611795889,0.646377457227296,2.10617414771719,2.28010858691615,0.0642559866608937,0.62683850921288,0.860451803853785
8.25397897527326,24.7757031004433,36.1600346215314,46.1106333321279,52.7036374946631,63.2221599471605,8,28,46,53,73,90,1.44781183413102,1.47661561825012,0.699758978602787,2.10227766844605,2.23753939655651,0.060849650149357,0.648517476787903,0.850852981470579
8.17602379894351,24.6769988569854,36.5926249036164,46.7446164895194,52.8746546407459,63.7434013416545,8,28,46,53,73,90,1.42470099215557,1.47205932333888,0.794161596380283,2.1827070718442,2.30546624613544,0.0424724559351092,0.709906810271981,0.8622292601452
8.01570516533846,24.9464760074319,37.4934946532039,48.4597334687008,53.9313024808989,65.3338338428522,8,28,45,52,72,89,1.37744682299486,1.56740427541996,1.03327425859303,2.47873096341533,2.58345938685269,0.0233365386937681,0.807696979143927,0.953111134019795
7.90670062011946,25.3664462852207,37.621479110735,48.83676387502,54.246090172393,65.5640423498592,8,29,46,53,73,90,1.34553342910476,1.5403847233688,0.97377165249063,2.37851286515397,2.66948924321559,0.0219151937131755,0.79187218027753,0.966940341653447
7.89827108531215,25.0511315173019,37.2798602882492,48.6045226979069,54.0145502124687,65.4956449789035,8,28,45,52,72,89,1.34307292055636,1.61745203993272,0.968474840503645,2.43660159290867,2.70741164913154,0.0219308592751209,0.822504840635752,1.00434755359934
7.91520455051665,24.9885595312877,37.0301629336539,48.3922004630645,53.9441987118271,65.7229767291573,8,28,45,52,72,89,1.34801673936129,1.59947555071237,0.931102936003041,2.38769477463231,2.72038908245761,0.0252669107685681,0.879545391372782,1.07119157704813
7.96917836894442,25.1633199701584,37.383436931688,48.6474113884982,54.5884312793109,66.8509755083026,8,28,46,53,73,90,1.36380344174808,1.62681203846477,0.850388437988445,2.33265472837541,2.68636015268226,0.0361761918655755,0.975286163916496,1.1838125728817
8.01663073423478,25.3648975723073,37.7500772181446,48.9192797482398,55.3152799467289,68.3219737800993,8,28,46,53,73,91,1.37771855914517,1.66191475398145,0.881492060083287,2.4034236519855,2.6535372085083,0.0525031009442026,1.00238559863506,1.26200058338082
8.05598472717866,25.5848057569875,38.1315965074449,49.2219469392742,56.1082333346162,69.8958429433177,8,28,46,53,73,91,1.38928409169136,1.70334758139296,0.912360188092396,2.47788616775744,2.62627645481431,0.0747718715138571,1.16228150382451,1.44790211176923
8.08598841277283,25.8053524824414,38.4815010353317,49.5131078800036,56.8964881848437,71.4690607833743,8,28,46,53,73,91,1.39811695127547,1.74743046180679,0.937358754339456,2.54690332886963,2.60599665374913,0.102595941166524,1.33129940332597,1.64958507245413
7.89598576493885,25.7326125966715,38.5930521391058,49.578956987988,57.2770831998799,72.1608111299401,8,28,45,52,71,88,1.34240604019871,1.77473961631391,1.09855163082859,2.69964431273402,2.59023646265556,0.156703782484133,1.55173107941905,1.97002131388286
7.86806679237875,25.8951716023422,39.7651222765162,50.7419781098049,58.1747055632125,73.2125784074184,8,29,47,54,73,90,1.33426537880782,1.66633838279346,1.17963285493586,2.67395439540344,2.58711774605401,0.136017565133408,1.58831363807744,1.94785927310836
7.84046254443282,26.2584682722942,40.3401816418718,51.3599278645491,58.6662740281788,73.7942366725151,8,30,48,55,74,91,1.32622813895957,1.60810117116349,1.22467098176442,2.65972246841788,2.60190509355144,0.126751730693483,1.60981826913655,1.94907242525929
7.81321536783155,26.1674672813731,40.5020221922323,51.5590699024927,60.1206206000946,76.0822846189031,8,30,48,55,75,92,1.31830629218187,1.59418329645779,1.27921229527633,2.69189566846011,2.61477643470717,0.19046298090375,1.81300369618669,2.23040777169122
8.01267393813701,30.4146574454351,44.0040685364155,55.9710152472292,64.1597537489692,79.4720507721955,8,33,54,62,85,104,1.3765569788156,2.0553692666143,0.782483759210659,2.62497998742522,2.62874536299709,0.0764246471001392,1.35292809771184,1.56340126972349
8.13444213805425,29.9856809715731,43.4867744437218,55.3754214448913,64.1842534197699,79.7225678944893,8,33,54,62,85,104,1.41240898188742,1.93157366293877,0.767560955063314,2.52772108150462,2.60253156731701,0.109084512531123,1.40232756358391,1.68734036232722
7.98677039891914,29.4601080158695,44.554416855643,56.2917989279056,65.0131346192319,82.2263516356567,8,32,55,63,86,107,1.36895830224954,1.99621982007474,0.841446704513761,2.60902371968127,2.55202129601244,0.104036692054582,1.48671033825773,1.7251570564439
7.76041116873646,28.962623546577,45.3490721108273,57.2160360832005,66.0590827692551,85.2742710976482,8,32,55,63,87,109,1.30298655742758,1.93471018574674,1.07003816238311,2.75973145894576,2.59528050201408,0.0872651913056169,1.78553804964566,1.89721962962842
7.53583363491626,28.437606672074,46.2271079549216,58.2292472795012,66.4076664360133,85.0565455881933,8,32,55,63,87,108,1.23832150842782,1.86729685264899,1.34181923130779,2.92984753607022,2.64054234037509,0.0581073958786573,1.80809736982151,1.81599717909843
7.31533780907345,27.9894479336543,47.1665236187747,59.2916869006623,66.5782959239611,85.7443999418315,8,32,55,63,86,107,1.17563144479128,1.816747016019,1.63208677795985,3.11590276929852,2.68185326432887,0.0413049396179919,1.92884289873525,1.87533609629416
7.13700067851398,24.267693004306,45.7800045020016,57.4476406392373,64.9594297186836,83.9904818948288,8,30,51,58,79,99,1.12553357227857,1.33537557098963,2.50573894029243,3.37180920003737,2.82685547294941,0.0852513732065693,2.06037430377094,2.24973498138113
7.09014161261472,23.1154321505358,44.7068547831565,56.5203000043048,63.4509241546722,81.6636944828969,8,30,51,58,79,99,1.11246290350314,1.11612432882439,2.52595877761069,3.14782662694324,2.87787142403825,0.0577512581991885,1.86324539527037,2.02063216350881
7.09585247330661,23.4092152711832,45.8522893103966,58.2878574608302,66.1128286459775,84.081130585031,8,31,53,61,82,102,1.11405376635635,1.0565298035324,2.56169367888685,3.11392437593885,2.78657133940469,0.102930862079251,1.80556649011862,2.13782408841353
7.12552537794295,23.4672623798088,48.1283005813206,60.2662862133248,68.6948481673519,86.2377697659027,8,32,55,63,85,105,1.12232907937727,0.954950046291238,2.94703256247543,3.31057651781749,2.6861653312433,0.112834397047881,1.70659728743465,2.00571219741248
7.14340115373606,24.6166949271726,48.4645385189976,60.4242322334701,68.659433395502,86.425193198004,8,33,55,63,86,106,1.12732192990546,1.04976135981146,2.92447394337247,3.37960786495806,2.62631521912185,0.0786233518007269,1.75821922254557,1.87402916404749
7.14310934344877,25.268365008331,48.9342186648192,60.4740350096132,68.2260694207512,86.6077382884231,8,34,57,65,87,108,1.12724037933881,1.05969603881615,2.69139268430522,3.2090892459826,2.48631671042502,0.0758687667535129,1.74671138072775,1.82553519429734
7.17098259105746,24.6870396338802,48.7839642559625,60.122978050129,67.751847360828,86.2026637557946,8,33,57,65,87,108,1.13503676190427,1.05737820371883,2.62192115607038,3.17910874420643,2.41985360274585,0.0701002207111922,1.76253027971608,1.7829296327976
7.20561508254542,25.078330663453,48.9967183474028,60.0305412380706,67.562031852377,84.0029480263731,8,32,56,64,86,106,1.14474283407982,1.23592234107607,2.57770361467741,3.35383481830537,2.31947567372589,0.065743519841692,1.45889805102616,1.49077207716688
7.24116598215873,25.5099932888523,49.2146953411081,60.0500942155852,67.6030054217238,83.4992413367687,8,32,56,64,86,106,1.15472812473039,1.31308847191114,2.52507848413844,3.39845769861871,2.2546408459721,0.0666865201496171,1.34141194033306,1.38020362588942
7.27657887966439,25.9679579220584,49.2674784785105,59.8225375839391,67.3827484284238,82.9202627462763,8,32,54,62,84,104,1.16469646966409,1.39730374396417,2.78125111572099,3.6874701759386,2.16363839676666,0.0670098456150781,1.26593890277053,1.28643469113634
7.26526519313293,26.3885726671002,49.4621722335989,59.8337384170252,67.8869449949067,82.7845974944585,8,33,57,65,87,107,1.1615094334953,1.3589272146593,2.37159486894265,3.31522301908649,2.10446709111943,0.0912097224294055,1.13525734070498,1.23855075179495
6.8518361006797,27.7844273957307,48.6417840697273,58.5974921516476,66.7822149279183,80.104578440883,8,34,58,66,88,108,1.04660947003164,1.59610185024892,1.85739827215922,3.02376093535463,1.97157359723733,0.0984672423369488,0.836962564980531,0.984298692750805
6.59886480379934,27.8792938351087,47.1146001305806,56.5701797454111,64.8471294272096,76.9657490216698,8,33,57,65,88,108,0.977880955442193,1.80601124857762,1.50848943141527,2.8529116751704,1.81411640049386,0.080632814733039,0.634170211204675,0.723915692118828
6.60024026347497,28.5424134752047,46.462005547459,55.8877726859338,64.2643415637636,75.1144559317831,8,34,58,66,89,109,0.978251244808807,1.8081387708214,1.24496255542448,2.6109811593687,1.80481661711441,0.0855578800023951,0.447336558221345,0.597209729031017
6.80613653530275,29.3002003485211,46.456188995975,55.7053667877805,64.5843318661249,74.7839245686635,8,34,59,67,91,110,1.0341019009591,1.92788100132783,0.993936790330754,2.49559435668618,1.74993817535147,0.0890604763443017,0.430712078252499,0.565022172422894
6.62613417821234,30.1984223564703,47.3084287205055,57.6026871398288,66.1805305319232,77.6662825082145,8,34,58,66,90,109,0.985229243317758,2.16914998074695,1.09240510790345,2.76859259448982,2.07963346451717,0.0747155366173799,0.622330911556217,0.781133665607602
6.25749849016635,31.240081791675,48.9433052228894,59.2825192416896,67.353353810161,78.5193511049748,8,34,57,65,88,107,0.887185633396773,2.49834424180284,1.32444993551232,3.21090551677145,2.0940675781187,0.0710221037851671,0.571790207600305,0.754307070386208
5.96328052387893,32.0313088679122,50.2590013078475,60.6771828266019,69.4107136037603,80.4967575940368,8,34,56,64,87,106,0.811041299409349,2.76138710214934,1.56667749875341,3.6150642383638,2.11946906776354,0.104731491680315,0.559444151796237,0.83163808736415
5.75989153731055,32.5428155180359,50.9435378235611,61.435903623049,70.9584177896648,82.6488070976877,8,34,56,64,87,106,0.759575497173366,2.93890637042425,1.60432400704925,3.75952573468362,2.14338592022407,0.155766443546289,0.655635040705102,1.0159400729564
5.70657293139147,31.259177845818,50.4032010949377,61.2949909142978,71.2332425023775,82.2227112782651,8,33,55,63,85,104,0.746249437550679,2.80865612960067,1.76944736979678,3.78708727550628,2.27303146593035,0.228585533736072,0.544689457932405,1.10793320507206
5.7213594396277,28.1452921960298,45.536886191941,56.268440335341,66.0979817296824,78.0110731432767,8,32,53,61,83,101,0.749938029903701,2.21673746348492,1.52548155499204,3.05020729630015,2.22084827721486,0.218707578302764,0.793699923089818,1.28446910428256
5.70486119185288,26.0953563551426,45.3030109811593,56.0653897399155,65.6351506302717,78.2606354055016,8,31,52,60,82,99,0.745822783273759,1.90157635953742,1.9386503257219,3.13538904042964,2.23086896787886,0.19606669568785,1.04948197124257,1.44859693656844
5.65678956160029,25.6803954228633,43.8823438934527,54.6259839156434,63.3522490283774,76.8659273247632,8,30,50,58,80,97,0.733870700875939,1.97162286891513,1.86068000987728,3.11341702345735,2.2247762232958,0.131996863861558,1.23906644070893,1.452692844581
5.58258741794754,25.4413098339661,44.3173714839502,54.8985883818895,63.6390872910485,77.3491299019454,8,30,49,57,79,96,0.715536165567245,1.93318680911545,2.19513110464494,3.34406747457005,2.17209923763714,0.132957997824854,1.28243350660649,1.4603069469864
5.55084099918536,25.0679265436468,43.5488602952344,54.1185088055986,63.0452592497087,76.5855345549153,8,29,47,55,76,93,0.707734934569697,2.01217746104409,2.27566083344968,3.46802221754315,2.16835661515349,0.181605624793312,1.24491063326534,1.55728575370636
5.62949477956817,26.1871732436081,44.9783784714183,55.2195995255238,65.3080794323891,79.9162698172252,8,30,49,57,79,98,0.727110214809517,2.09775652409254,2.17366067763074,3.48613330438851,2.06262971292182,0.242625638092908,1.20303120321481,1.5741257840671
5.94643830778771,25.1322763255085,51.3631292666577,62.5442747800272,71.6784866685288,85.1962024855772,8,30,50,58,80,100,0.806742223947733,1.7788960113191,4.01108183124169,4.7825231368908,2.36783275448333,0.161176006784776,0.872020711907331,1.31290165957538
6.46151595262544,25.1966992925276,52.3306184712097,62.9522765521437,72.8943736982476,84.6402746923598,8,31,50,58,80,100,0.94109810031633,1.53747878549232,4.52187289212786,5.01442527645014,2.18519254154215,0.228939303064122,0.576269601132581,1.09680561681948
6.25484061869526,23.8681165355653,54.3757337871429,66.2990212207529,75.2008635309703,86.7710162230275,8,30,49,57,79,98,0.886489151194487,1.43552238328193,5.57337101174058,5.69719581797512,2.61412309507198,0.144140372800129,0.635977426849416,1.18861901714997
6.04689985731618,24.5420993499767,55.2898163885609,67.0948687646626,76.5504670594565,87.5800968014606,8,31,50,58,81,100,0.832483040742897,1.48693117353488,5.64987827592385,5.74358252834356,2.57459613498007,0.150969751253416,0.550804123712657,1.09416941947036
6.01241159775163,25.6574600476677,55.875626566242,67.4345862638689,76.6956408151816,87.0827781616105,8,31,50,58,81,100,0.823619988413561,1.73437647881849,5.48141502397912,5.8912976973949,2.49266980565956,0.137519131049034,0.456669184236415,0.95144280754371
6.08719675040329,27.1654290625158,56.6338773011962,67.8648778765963,76.9500018068967,86.8060295275184,8,31,50,58,81,100,0.842873249764881,2.06024221854601,5.24468085012781,6.08406975175059,2.38423864862028,0.125987933669382,0.385009683021321,0.823808132830949
6.27604078576893,28.8268070230824,57.6120256635621,68.4834070159269,77.402200166505,86.8266967108052,8,31,51,59,82,101,0.892048814583921,2.41315202752846,4.77438720968772,6.14574713068975,2.26637246780884,0.115636049441928,0.331091342375057,0.713633672743564
6.57342700305293,30.4023126379185,58.4681411105651,68.8234065752631,77.5744065236115,86.7426755260318,8,31,52,60,83,102,0.971039660394344,2.73281380482421,4.31633192656801,6.17651883209577,2.09922601470385,0.1057317125502,0.300966010826212,0.613088548059671
6.96450618635617,31.7482660790166,58.8125606915998,68.747644819949,77.471242161114,86.5222819870309,8,31,52,60,83,102,1.07761427956122,2.97900959563269,4.02408408923739,6.26405828876732,1.96502812687055,0.104165332774363,0.28766228293747,0.556412249818135
7.42783990924474,36.1196220900554,61.3072219711641,70.545946474418,79.1817104098905,87.857151422972,8,31,53,61,83,101,1.20751602787978,4.04364181409469,3.28257140449849,6.71420567140164,1.74670088756305,0.125981896238742,0.301796749695615,0.546505757480641
7.71008419493693,34.6158691238201,50.0397135678107,57.9147401033393,65.779858106796,78.5708499711982,8,31,51,59,79,97,1.28842586875902,3.54650712864895,1.24234901186807,4.31028304432485,1.33629360602855,0.134770078965079,0.959765928617283,0.89591069426268
7.57103648944781,33.8520812044079,48.7254239164411,56.4407269749505,64.4105812447014,73.0047866946322,8,31,50,58,78,95,1.24840450213205,3.37667557556518,1.2587531528191,4.16782695631846,1.28993395721839,0.142451899749604,0.35489863385882,0.479415738169888
7.44341599694285,30.0646347068536,44.6362842907317,52.4699411854804,60.7624601930017,69.3769744831373,8,31,50,58,78,95,1.211947247625,2.43046199532284,1.19542265169625,3.27069325716205,1.32424839740171,0.167662907078965,0.357578269348841,0.524356488296479
7.33015580155699,29.3953989953415,43.5480305717704,51.3307328484897,59.6732870998764,68.0427285341277,8,31,50,58,78,95,1.17981880731018,2.29488964448182,1.10942597597949,3.0445430936499,1.30944846928417,0.171781077489567,0.325884807300223,0.500130934745406
7.23255348443934,29.0824055393801,42.8068030366264,50.5481841346179,60.8877943802035,69.4656710065916,8,31,49,57,78,95,1.15230708551776,2.24301229449169,1.14902310959816,3.02707883052957,1.2974760912582,0.319956751321203,0.352751070022924,0.670732298667064
7.14951266332849,28.9547929048006,42.3280600055981,50.018607296984,60.2119377756305,68.2903184991596,8,31,49,57,78,95,1.12903022573988,2.23232301222925,1.07637355763104,2.92892164580502,1.28278411767911,0.303729437874692,0.290094035419098,0.595107271862429
7.0704969779728,29.4059581558823,42.7843843855678,50.4210230653506,60.6328161995461,68.3619458623456,8,31,49,57,78,95,1.1069950113928,2.36048517190402,1.07742856387723,3.02245703472033,1.26724801603208,0.305753873788989,0.249869670222338,0.555304514723259
7.00195872108291,29.7461176318605,43.1932007215474,50.7530094104281,61.1137920388748,68.4542215548611,8,31,49,57,78,95,1.08797271955252,2.46075715077921,1.09150405755825,3.10712380152035,1.24518638975152,0.322340955884882,0.208690533707973,0.523614732899254
6.94537245218536,29.9872343040144,43.549089528641,51.0068768140667,61.6382354166992,68.820969153097,8,31,49,57,78,96,1.07233233998663,2.53458124357842,1.11518078832922,3.18148728692093,1.21603929275803,0.353592849797376,0.15182628543831,0.474469171183311
6.93712871689884,30.0533369039142,43.6768258029145,50.9966949605545,61.2604505339548,68.0469155559149,8,30,48,56,76,94,1.07005871521151,2.73382419747377,1.12797067774702,3.34998277720325,1.17691154445227,0.371206687451111,0.121204377015371,0.43963911709586
6.70535805346315,29.0112576897884,46.2761698966816,53.577268306111,62.8722689713183,72.3873926292732,8,31,52,60,82,102,1.00666143787434,2.35328160378183,1.49791127396863,3.33666575924419,1.17161111904441,0.17360732917219,0.284113014393985,0.411591290813003
6.74165414381331,29.1388603061481,45.7776714316294,52.8051159885704,63.0496429024933,72.8062535494535,8,34,57,65,89,110,1.01652165935615,1.90667702960581,1.11719234563773,2.601144996704,1.09503615734319,0.174799617584137,0.257861589095385,0.362711189788953
6.77787215568513,29.0552895506623,45.6652882838038,52.5330315544803,63.0135096915123,72.7727956139388,8,34,57,65,89,110,1.02638614905612,1.88056340082922,1.11176904249243,2.58037970950217,1.05097241618387,0.193123360998105,0.2581306775688,0.368692530529338
6.79209464958825,28.9235195475662,45.5213098521925,52.1498841378911,63.0633893205056,72.832382649637,8,34,57,65,90,112,1.03026676126261,1.848903951312,1.10947413919685,2.55386851752189,0.985887503453756,0.189960663597404,0.213308887771619,0.31068013660369
6.79489386214183,28.7152851589336,45.4019865586823,51.8007486666306,63.0443085233158,72.6032720303748,8,34,57,65,90,112,1.03103098471203,1.80346702524973,1.12622907869405,2.53197584165431,0.924421451184224,0.216464579041001,0.195155186921388,0.303290345799598
6.79396922691613,28.4600726638984,45.2403472554323,51.4247107824619,62.9970317024281,72.4443701879098,8,34,57,65,90,113,1.03077852998594,1.74923863773927,1.1439664800227,2.50243362680676,0.868077286144322,0.244798084344195,0.15038371169507,0.271377602057434
6.78906341996925,28.170904671552,45.0143258935187,51.0014375104547,62.903686507895,72.2771590145474,8,34,57,65,90,113,1.02943936347438,1.68930524682858,1.15599612944123,2.46134648677943,0.817135621533667,0.275157649020729,0.145201882821942,0.275041090137207
6.78005656413142,27.8584881025515,44.7791005727061,50.608793449113,62.8331012428004,72.1608604933108,8,34,58,66,91,114,1.02698191292829,1.62615200491292,1.0578396626039,2.30816790716437,0.777126346506456,0.306634314900119,0.142048170600446,0.282538273212293
6.76697528862906,27.5313001065233,44.457765760649,50.1372869220754,62.6795747050022,71.9943401354487,8,34,58,66,91,114,1.02341556827644,1.56168128593134,1.05890134509832,2.25200136643677,0.739515270459038,0.339474306944641,0.141159152923336,0.292476050809641
6.7499831749852,27.3068488078249,45.0186101364774,50.4912693323343,63.1941869139593,72.5176148277659,8,35,59,67,92,116,1.01878794333486,1.39619838959544,1.20507237857177,2.24223283117133,0.68863436401377,0.356721233112518,0.113198555888364,0.259197329196477
6.72934232587658,27.0101566246936,44.7941934531423,50.1478895956517,63.5302549416577,72.5648677182307,8,35,59,67,93,116,1.01317414691611,1.34336377888761,1.21888875421728,2.20364425228569,0.659880795767519,0.374945132143815,0.122787882948966,0.275755485994836
6.70537312946375,26.7131503759851,44.5508462584748,49.8075567720635,63.4733172441055,72.5321693602748,8,35,59,67,93,116,1.00666552809557,1.29187255061034,1.22918499377826,2.16210114894887,0.636723351245816,0.406589344441589,0.124317377242701,0.289014297729459
6.67845344862721,26.4125205395157,44.2890507041401,49.4687530315371,63.405137823169,72.5286542121149,8,35,59,67,93,116,0.999369135326222,1.24103503230635,1.2366570597978,2.11776087948164,0.618522398358567,0.438007551418361,0.128453203913859,0.305772549754376
6.59997896743137,27.8938254521806,44.3889814633757,49.5584506565691,63.8787873399804,73.5253552824724,8,36,62,70,97,120,0.978180898028448,1.41871111499748,0.789469520243218,1.83916431991725,0.616116410522001,0.421893442653346,0.164889591657689,0.332311198944189
5.79517084689519,32.1900950221718,49.2260505953729,54.2508750538375,70.0165399612521,81.9493684292344,8,36,63,71,99,126,0.76843132546548,2.50769335994391,0.785243851536324,2.5441883529655,0.582431168659582,0.531653716686169,0.195344516320871,0.406859114772092
5.24512500642895,32.625605307673,51.2127714296069,56.5939087263469,72.5377615980819,85.8237731742949,8,36,63,71,99,126,0.63397446027466,2.74083801685914,1.03687730364831,2.9048334192099,0.666479660080465,0.5542328192959,0.312419295303621,0.559740096624235
4.97246938652845,33.2410645921897,52.3032817074767,58.1504582726925,74.3174714858954,87.727981406072,8,36,64,72,100,127,0.570390152051291,2.95633155559354,1.01742273777565,2.98973019789675,0.781540912497111,0.583140621876551,0.324695698821804,0.633798112242886
4.94544399682233,34.0653810589387,52.8231450791679,59.125976596651,75.6331792171829,88.6870217252266,8,36,64,72,100,127,0.56420680382641,3.16744219152315,0.966895680010283,3.08753504413285,0.89908847675496,0.628536066632875,0.290195779471971,0.675775599354486
5.10245800128243,35.0283407843778,53.0123670580184,59.7254572033061,76.5764265131145,89.1649800247472,8,36,64,72,100,127,0.600435093430049,3.37118302111349,0.843411225616567,3.1234229480733,1.00875979017154,0.676007423485083,0.24830742957058,0.704131920012223
5.37771777130354,36.0737057138154,53.1228153856303,60.2158254811718,77.3665759482333,89.561315736612,8,36,64,72,100,127,0.665656244089608,3.56922824656872,0.704085334388764,3.14444115631733,1.11326189785045,0.718689013233237,0.215643002692216,0.732796729018186
5.71647100928322,37.1883164884687,53.5210680645782,60.9091592172581,78.5894570863331,90.453888936295,8,36,64,72,100,126,0.748717978683769,3.7719280033086,0.605058295338153,3.22065680965256,1.19622632730118,0.796932848435846,0.228070277106479,0.842179181935686
5.64783110741148,37.1015888556891,53.0326251554298,60.4927328165292,77.4992149544192,90.5126823942556,8,36,63,71,99,125,0.731649760570526,3.76716719781306,0.624828494873644,3.25066408610888,1.21670031195569,0.698000958557558,0.335710764861362,0.9030841682203
5.55031936098128,36.5542632385042,52.4819091609981,60.0589528508102,76.1594674409019,90.529742504336,8,36,63,71,99,126,0.707606966328942,3.64931099607527,0.624361898390345,3.14450395065094,1.25012712374876,0.574453717715427,0.427603147417795,0.904891509530928
5.49305671342027,35.8513621860643,51.8097895919122,59.5406508079495,74.8114697924846,90.316043977006,8,36,63,71,99,126,0.693602267459011,3.48199266177441,0.628604053213346,3.01670099805474,1.29443231342832,0.471333633211513,0.567410465837888,0.957182066912396
5.47197091769585,34.9540362464312,50.4370992271443,58.3838176027567,72.9803647615416,88.9840721919915,8,36,63,71,99,126,0.688466921884373,3.25853083866315,0.564582904863633,2.76186842225212,1.3572288606716,0.394928543633671,0.634868352363141,0.961895466711976
5.47851032057998,33.9747066852232,48.5216843803295,56.6328903884728,70.5543265873223,86.1197043311736,8,36,63,71,99,126,0.690058311248073,3.01234547640555,0.44811356194316,2.42077646926681,1.40555095436486,0.325325002187737,0.575438793173239,0.854977258033512
5.48075794631724,33.6996899738414,52.7960819743483,60.9073430872635,70.8737068432807,88.3861392434941,8,36,63,71,98,125,0.690605539843915,2.94415118198459,1.12571775564033,3.20490882814119,1.4055672090326,0.0790593141211864,0.859375134161465,0.70170156200322
5.46861501394297,33.4052333300449,52.9086634307916,61.2579412896731,71.5167162005205,89.2741799538143,8,36,63,71,99,126,0.687650687232935,2.87520029368956,1.19881616368371,3.22665637104565,1.47618044917298,0.0732077335550869,0.898610948984477,0.725423495158687
5.46072914378171,33.0480045177837,53.4083065188861,61.9626951821878,71.9705222386272,89.170112711338,8,36,63,71,99,125,0.685733828562545,2.79056931535252,1.35849806889994,3.32381561665843,1.53766022745275,0.0635399956086645,0.902167595712319,0.718948626306895
5.45669285889152,32.7140498736871,47.3386500668808,56.1289694699572,65.9738908400462,81.3446277371521,8,36,61,69,97,121,0.684753344276316,2.71135986253724,0.595793844136458,2.43077741610542,1.60906678796844,0.0577407846337679,0.792156822875913,0.651295733152191
5.33893314679079,32.1364665466109,48.4694363893405,57.3838894374344,66.9370967548779,84.5204642294507,8,36,64,72,100,127,0.656339148834166,2.60214973410582,0.605087409363046,2.30616829111887,1.64692232425325,0.0482640543803208,0.8706569104568,0.694087131364158
5.22169549928212,32.4577263893658,48.9532540666929,57.8977604050153,67.100982257608,85.490543021236,8,36,64,72,100,128,0.628426826620096,2.70626399388868,0.626951870186716,2.38861091561052,1.65611617658119,0.0383667200933924,0.907236957663192,0.689115860091347
5.14283233000253,32.7518379010364,49.1990945140896,58.2046113389904,67.1208226890874,85.6045109544808,8,36,64,72,100,128,0.609867645162765,2.79581104965649,0.620421577823005,2.43093947511887,1.67481454704788,0.0313808299328963,0.922335207150196,0.676327253466538
5.1063976164486,33.0372108951208,49.0881440159167,58.1826979002044,66.8986941329298,85.4579792033632,8,36,64,72,100,128,0.601353420572127,2.87378769892752,0.568016874631334,2.41179989341768,1.70218363735202,0.0270747636676672,0.934537495422107,0.672897875107106
5.11496448817936,33.2780111302571,48.6534138204421,57.8441104759506,65.6310661844125,84.1422077373213,8,36,64,72,99,127,0.603351917293964,2.93046287300878,0.483786652267548,2.33738279003135,1.73184352013043,0.0174622385085965,0.926758669883931,0.639837233104984
5.16893519062657,33.3226195160559,48.015614692356,57.27886144798,65.1185593546081,83.4030018547654,8,35,63,71,98,126,0.615990939148865,3.10412900350261,0.405440743871033,2.33359802274668,1.75429721238719,0.0182785427718642,0.890501283444876,0.630296190316465
5.23646508395763,33.064101719268,47.5056716471357,56.7811977995705,64.7237011862101,82.5198416629618,8,35,63,71,98,125,0.631922172605902,3.02236353238459,0.378332413725804,2.24703692762738,1.75810366013915,0.0199495015409785,0.904871933544247,0.645438053502608
5.27782167841505,32.5541373659029,47.1176043458634,56.3318450159315,64.2374174169289,82.3654283754994,8,35,63,71,98,125,0.641742005976369,2.88558348176039,0.391355440390663,2.18204152446045,1.7391234612635,0.0193369342343106,0.959344246814285,0.667973581853377
5.3243247348496,31.9738136204432,46.6182546391901,55.8432504542322,63.7515386528903,82.6544340640993,8,35,63,71,98,126,0.652840440490403,2.73240200244675,0.400131087825016,2.09954164572167,1.74245117494174,0.0193815070308968,0.990848105505024,0.692625113719662
5.37649783776339,31.3287583178712,45.9918668700403,55.2803620635059,63.2310478630304,82.2280974919066,8,35,63,71,98,126,0.665362562573857,2.56505022006949,0.402168270842511,1.99788800458611,1.762125785088,0.0200871119992305,1.00651764380963,0.71245553933927
5.4348008006808,30.6237827356403,45.2616871274952,54.6536071381082,62.6884647333852,81.6323590957541,8,35,63,71,98,126,0.679442904477843,2.3856798124238,0.399418992135437,1.88202189466461,1.79427040412632,0.0215430694143026,0.997658767130328,0.725943081685967
5.49939225422074,29.863718865137,44.4557786658368,53.9803618518032,62.1430992032153,80.890792584132,8,35,63,71,98,126,0.69514753943178,2.19662575930858,0.394442876437315,1.75750819307987,1.83567970549266,0.0238991905912978,0.965242722828277,0.732443647653774
5.57417285446262,29.0932025036296,43.560982879058,53.2629756903519,61.6188052264153,79.9917744503261,8,35,63,71,98,126,0.713465881114378,2.00823862374311,0.381113552992888,1.62351660263279,1.89136001290169,0.0277998310941814,0.904586625961827,0.732016153864668
5.66461762390205,28.3309701913248,42.5973052696519,52.5228291908723,61.1609665859345,78.9637982546325,8,35,63,71,98,126,0.735813052713824,1.82407607157949,0.36000843551246,1.48436813475596,1.96199546893964,0.0342876723326974,0.815545371461643,0.725521892385613
5.76529572612272,27.5340580728768,41.6332800210185,51.7888788266471,60.7759328977344,77.932187792846,8,35,63,71,98,126,0.760930086451047,1.63698211565397,0.342973393062383,1.35068937776764,2.03523745767122,0.0436831025717122,0.719483739468127,0.7187274390567
5.87366352278836,26.715570793631,40.6857723004849,51.0737223054537,60.474241556199,76.9477527934808,8,35,63,71,98,126,0.788242731795527,1.45155485764823,0.33011693961657,1.22485021160419,2.10973745047699,0.0569323878738908,0.623969463737163,0.715028849407984
5.98662010766246,25.8911336043626,39.7855449677042,50.4036191459422,60.2752539726543,76.0674409335513,8,35,63,71,98,126,0.817009794702372,1.27260020878887,0.322685353656531,1.1105400484963,2.18403160309169,0.0750205962411393,0.534985953566686,0.717022348363401
6.10076206814932,25.0788157555163,38.9698094609668,49.8107005478009,60.1966329010065,75.3707618477346,8,35,63,71,98,126,0.846379234339774,1.10481020309435,0.322352345448894,1.01149856625631,2.25643076944441,0.0986200861936428,0.459962928228435,0.728998686630314
6.21291009735716,24.2964125216483,38.2595502383691,49.3095224438928,60.2295959096132,74.9041311480017,8,35,63,71,98,125,0.875521842674738,0.951961434925256,0.329420521523501,0.928864148402598,2.32476748573867,0.127578337083967,0.463215267598711,0.810942333706816
6.32046152791773,23.5538257826082,37.6059847378541,48.8373096655494,60.2734664726392,74.490722978521,8,35,63,71,98,125,0.903729442874343,0.815605834332596,0.338253804858187,0.85584897249403,2.38434545181416,0.159986236954263,0.410229443930946,0.836927782040111
6.42160465838549,22.8453310164429,37.1132263375872,48.5244654630454,60.3739459452495,74.5344206034,8,35,62,70,97,124,0.930482280711869,0.694324516837568,0.415938938267612,0.862026832547905,2.44372174689444,0.189124334480948,0.403874593626046,0.896433057326142
6.36311315092661,22.2337929147349,36.6144719361197,47.6863467472585,59.5093878887023,73.3006491910902,8,35,62,70,97,124,0.914984610250426,0.616546071694523,0.42879751281257,0.807713207346772,2.33194811022017,0.187175349984965,0.363781995239206,0.81541400189375
6.30971509863857,21.6608859170819,36.1044745458942,46.8582888949758,58.9077591331403,72.3559234774228,8,35,62,70,97,124,0.900899733962525,0.547392178953096,0.436054878454027,0.753995699103447,2.2280839294072,0.204243496947614,0.328457843686031,0.769286158398231
6.26179379728831,21.1238710827408,35.5866224875156,46.0521214165047,58.5133746687692,71.787386181848,8,35,62,70,97,124,0.888311521875864,0.485864747844354,0.438277581077812,0.7013588212036,2.13471810086955,0.237467756719336,0.31124922230275,0.763995668311955
6.21912680618443,20.6222091115885,35.0545120572892,45.2608827348172,58.2559044901428,71.5038089127352,8,35,62,70,97,124,0.877145451812082,0.43137503546577,0.434748475303936,0.649300365757757,2.05147167059666,0.284704546796129,0.308711679453928,0.790112782253985
6.16947557962787,20.1857092404335,34.5371450706267,44.5076319979768,58.1132312117085,71.4684002619897,8,35,62,70,97,124,0.864201850598983,0.387957244520811,0.425444654860891,0.600677962119592,1.97626668069742,0.344433761104774,0.319207854083494,0.842007928697425
6.12053571586035,19.821003841895,34.0466211710465,43.8050472686796,58.0655309147448,71.5825936410562,8,35,62,70,97,124,0.851497204172958,0.354251818956808,0.411169385328976,0.556412674127546,1.90914303738022,0.415100798130786,0.335400571253945,0.909424388469948
6.08095301039451,19.5305258313059,33.5811804078003,43.1547337521218,58.0823124872976,71.7556574506902,8,35,62,70,97,124,0.841260940517291,0.328599010001406,0.391726175995187,0.516076752420675,1.85101469671624,0.493899585679102,0.351430198318365,0.983346110832589
6.05029109116989,19.3394791515606,33.1512761380063,42.5657013739606,58.1498647041536,71.9311173916478,8,35,62,70,97,123,0.833356016682495,0.312729409787735,0.365955646146258,0.480272371754576,1.80128122235945,0.577929902509561,0.419855093608649,1.12601075298264
6.02822045676315,19.2724857134581,32.7658691807511,42.0442122627634,58.2562432172514,72.1139906403269,8,35,62,70,97,123,0.827679279946588,0.308358837484495,0.33300588365312,0.449366250206635,1.75897711688007,0.664055252466668,0.428758343385269,1.199030178198
6.0145343450198,19.337755953806,32.4304381387479,41.5922902563797,58.3869117853258,72.2612118026312,8,35,62,70,97,123,0.824164718862458,0.316062272154007,0.293852578730511,0.423389321023488,1.72293352067328,0.748812772410363,0.43069711316704,1.26269692161749
6.00916831708873,19.4954506451746,32.1314920904376,41.1922906904584,58.5077488062574,72.3489332316094,8,35,62,70,97,123,0.822787911915909,0.332289495663275,0.252419578867229,0.400963063426071,1.69179634559881,0.828379085560646,0.426822697481402,1.31477880479303
6.01211796329018,19.4860013262639,31.6805435514866,40.6494718223079,58.3896352240926,72.1703415964593,8,35,62,70,97,123,0.823544645349278,0.33104058284404,0.215627261446841,0.368430247694143,1.66359548810732,0.895816324712447,0.419791841977875,1.35203142221949
6.02333767221708,19.1742846957275,30.6812761178681,39.7518890096536,57.7521456308945,70.7135504987586,8,34,60,68,93,117,0.826424898420348,0.350071515800212,0.199175828517557,0.369663567964713,1.69481502108082,1.1451350493074,0.447218338803958,1.62592916746539
6.24523929059278,18.9973247108949,30.6621431701883,39.7398857882471,57.5609034280757,70.0486766282161,8,34,60,68,93,117,0.883974449898152,0.309270963092415,0.211662835427994,0.368293151193658,1.69700870584285,1.11232845189708,0.390308986282229,1.5282165459871
6.49165159211487,18.7379421176709,30.6446535763228,39.7193742078648,57.302503622758,69.2393346682198,8,34,60,68,93,117,0.949135601572126,0.261361333691436,0.231633384282293,0.367042974322201,1.69607882193376,1.06936906374718,0.328974866719081,1.41197078716569
6.7573284404306,18.7950832386416,29.814794099068,38.6195046891052,55.7203419840477,66.9455834925154,8,34,59,67,92,116,1.02078766492035,0.242871770224034,0.198276299256856,0.344294960494826,1.61344557000637,0.984359741780833,0.257747654963048,1.20780942270338
7.04036973196883,19.2117602251204,30.0000438504592,38.7607639331947,55.6774312977794,66.4741591443597,8,34,59,67,93,117,1.09862291007411,0.254635036765983,0.180415955515713,0.35729385407983,1.6000689146226,0.856135868610674,0.219310007717396,1.04879602752472
7.33847745612709,19.9158124702135,30.3115347923583,39.0133960054675,55.4179971840671,66.039730211739,8,34,59,67,93,117,1.18217203378943,0.292230633760901,0.152316814480748,0.379772429102748,1.58220970562598,0.775452163982872,0.204589885402026,0.957389781899782
7.64897038939351,20.7820468204029,30.7927090220152,39.4272338813179,55.2807889034091,66.1780606750725,8,34,59,67,93,117,1.27079786091426,0.348187198704844,0.127432476434391,0.416025421845965,1.56183303074022,0.692539117959643,0.228024480469892,0.916708537610319
7.96888573152386,23.2316834902807,33.0369846117081,41.4777730646423,56.7172323249964,68.5684173936705,8,35,60,68,94,118,1.36371773133616,0.536014847906444,0.115237590276033,0.560376020072808,1.50353939432284,0.60511612430616,0.319920166328682,0.933938735906676
8.22281571585558,23.7199917337843,34.9339699625857,43.1912953865665,58.6150153796801,71.6422386839857,8,35,60,68,94,118,1.4385627433452,0.566437255744399,0.214009615760703,0.745003901056017,1.44880585620233,0.630783766923779,0.455425947241328,1.07829668149256
8.23481424224668,24.0407453921907,35.4320670065267,43.9042002618145,59.9961001629411,72.4273547426499,8,36,61,69,95,119,1.44212221983736,0.536716709436499,0.228961057714233,0.740475184609082,1.51293676817293,0.727893765325016,0.383773648822814,1.11497671147506
8.2093876999907,24.601257568536,35.9781441683885,44.6551792968831,61.3773172620134,73.2796664774493,8,36,61,69,96,119,1.43458161187587,0.612967841197922,0.227723108949613,0.79798095311205,1.57469023313076,0.738020179643689,0.382278254691361,1.15473693783691
8.17444478532706,25.2204382378003,36.4136514272028,45.2738385563201,62.4827450461891,73.6798393252534,8,36,61,69,96,119,1.42423376530579,0.703639736500805,0.212295675765195,0.84537970787847,1.6303497616282,0.811816997467554,0.30401630194598,1.15011656331659
8.13006302563779,25.8389238190067,36.7043610990929,45.727799405221,63.3796756167108,74.0179707314524,8,36,61,69,96,119,1.41111591282849,0.801254642105823,0.1862635444569,0.877769691134405,1.68031572113513,0.881612315850704,0.248566312894365,1.15631944357021
8.07652324794811,26.4522736756526,36.9147632292013,46.0857021851621,64.0881728956316,74.3015365068609,8,36,61,69,96,119,1.39532906007462,0.905030665027744,0.156900991605717,0.901583581190379,1.72573936098368,0.938581550436352,0.210382631527473,1.16591943413008
8.01426499848017,27.0630608424881,37.1440755941741,46.4595944985833,64.7123514329035,74.598760964848,8,36,61,69,96,119,1.37702403206849,1.01517285282063,0.131781846953811,0.927890653362417,1.77051296466781,0.980162572322626,0.183377881176032,1.17486286966737
7.9438636144521,27.6637502819028,36.794930292109,46.3225891235257,64.7062337540607,74.3083784247622,8,36,60,68,95,118,1.35639374330963,1.13015602315178,0.102318489074233,0.95189079787844,1.83664206356874,1.00220440210366,0.161588170213638,1.18262662304116
7.8659859810759,28.2376526755827,37.1885339896829,46.8836353315854,65.4228882656814,74.7758341947033,8,36,60,68,95,118,1.33365912612381,1.2465364486852,0.092724265775227,0.998798009128953,1.88919073718176,1.02867113998876,0.143780749518255,1.19241706919543
7.78134284852116,28.765146295449,37.6407592366448,47.5139029862997,66.2035777736175,75.2986556071144,8,36,60,68,95,118,1.30905416758425,1.35987169451439,0.0888919557868663,1.054013003603,1.94539639263353,1.05452329203708,0.126624360485515,1.20181025854347
7.69070068752174,29.2267759252796,38.1398222113008,48.1929501407919,67.029653427769,75.8576956762184,8,36,60,68,95,118,1.28282839108254,1.46533442723507,0.0907852168926415,1.11656443486509,2.0025507579808,1.08004363258835,0.110212367011571,1.20981686177938
7.57518906119362,29.4419387407088,38.348892699656,48.6149996851638,67.4787099149838,76.0113140400684,8,35,58,66,92,114,1.24959522917217,1.65705560073407,0.114919522606394,1.29550810120234,2.07060471688805,1.19260401388831,0.119327817004628,1.36167278155121
7.23915369123744,28.5470882433036,37.6343570182558,48.1237297881429,66.5130158008084,75.9103256320213,8,35,59,67,94,116,1.15416233892504,1.54376970285192,0.0999277443268114,1.1242986236464,2.14241996989814,1.00315896678463,0.181791112415964,1.36631871946936
6.98467771129331,27.3851806945187,39.7915988325227,50.4820126644069,68.6553179627179,78.4357166603126,8,35,59,67,94,117,1.0831900195299,1.36617673117865,0.38091920952145,1.4165716927112,2.20748745099312,0.966881763232004,0.175067873335154,1.33650057577786
6.77240938043557,25.9887241449166,38.689856104821,49.5484546681094,67.4800178795908,76.765215154557,8,35,59,67,94,116,1.02489666301012,1.14706462243077,0.415473982435391,1.26349918557252,2.2622034929695,0.926938466658442,0.172834323226178,1.33792312826656
6.59834622269109,24.5793379745012,37.7628024529389,48.7681613021112,66.3338853271366,75.961146345343,8,35,59,67,94,116,0.977741357363174,0.93504825238226,0.475197254901897,1.14083981601724,2.31015403113327,0.86784496050482,0.200960576006654,1.35529994873168
6.47135124609393,23.416285600342,34.7902338597046,45.5189711542921,62.6680643857649,72.4091584943711,8,35,58,66,93,115,0.94371921968471,0.771414214576473,0.322784976495836,0.84811881060772,2.21993298239837,0.802583404985394,0.210846143295151,1.2743051468167
6.53615472932245,22.0145750837575,33.3930467563238,44.9326117495023,61.3949618437066,71.8475638325333,8,35,58,66,93,115,0.96103916713987,0.563973524000676,0.323272620615202,0.697424389663833,2.48623331383839,0.699912767091258,0.278516504898662,1.39181263520484
6.5024951565238,22.1068322427049,33.1036037726082,44.6683476644663,61.1642711896024,71.6958556158738,8,34,57,65,91,113,0.952032270896775,0.656415726419006,0.283461116961652,0.723504352471091,2.49458997505376,0.789588792449113,0.286646309119145,1.49748876496991
6.46042754952415,22.5211843361171,33.0494518006368,44.6147426681136,61.078474494439,71.3214035701156,8,34,57,65,91,113,0.940808162337723,0.723229844762376,0.238346591644883,0.717812220529088,2.49477156735747,0.784592889221545,0.257529083969855,1.45007059600364
6.39013005267025,22.7950280645384,33.5613384365863,45.2575679236238,61.6047236163234,71.6944232292502,8,34,57,65,91,113,0.922133952273894,0.775497933677153,0.260747671447149,0.772519101173782,2.53831002556678,0.766616618325119,0.242741474175285,1.42971801363722
6.3308999175806,23.2646717696515,34.5226328933639,46.3066836734911,62.3614161410092,75.1777275241942,8,34,58,66,92,115,0.906480405770419,0.85888979299301,0.260821367567655,0.818124788177486,2.56758623644491,0.722329187734715,0.496872446745506,1.72259440579994
6.28624938140036,24.019687788192,38.9663325463098,50.9835959594498,64.7459672288703,78.422023261113,8,34,60,68,94,117,0.894729449693289,0.991749399601326,0.565342382401466,1.22382108391212,2.64561493640361,0.417671782097524,0.617485264418273,1.53855735632495
6.26097624204301,25.0917656656964,40.5977891652562,52.6534519190531,65.959173597011,80.0290965831436,8,34,60,68,94,117,0.88809719294775,1.18654765920234,0.642406147563471,1.44852121678014,2.65850160977563,0.366610363373153,0.676666405096842,1.53490799974649
6.26033007015443,26.4155174359774,42.6689545132245,54.7096250773922,67.5443945197872,82.0581772174795,8,34,60,68,94,117,0.887927803858728,1.43937294515957,0.752296999051518,1.75738532529025,2.65346899357411,0.317511835936766,0.746183195611653,1.52861809825445
6.28860245646475,27.8181145405427,44.9767822614115,56.9654634744849,69.4388789735385,84.5394198146013,8,34,59,67,93,116,0.895347653447974,1.72034851648225,0.994402969824634,2.23502043767188,2.63602993639079,0.282340692117483,0.84249530190163,1.55460757947084
6.34736176609115,29.0012465701719,46.8924524757028,58.9023675148667,71.1766222050793,87.0198743471848,8,34,59,67,93,116,0.91082353166149,1.96304176585473,1.12513067783284,2.57454132450772,2.64315009149394,0.263897101342175,0.971263089268511,1.64054414061147
6.45415373528927,30.8925874669564,48.4016465080475,60.7348442703476,72.9137398145887,89.1678264008383,8,34,58,66,92,115,0.939137369225244,2.36958084013117,1.16664482123865,2.97719720672238,2.75196008724319,0.255304708820242,1.04562313749833,1.74008111308346
6.59273764058648,30.5544961689645,49.5831963270635,62.0839664187716,74.1643655444127,90.7427209101621,8,34,59,67,92,116,0.976231914489926,2.25857108705917,1.3403862896315,3.08155452546081,2.80865410210645,0.292345888633797,0.996497042634971,1.80258991600053
6.77007522612728,29.8259027294579,48.8079405272847,61.4157918962554,73.2736016004989,85.8855954720795,8,33,58,66,91,114,1.02426040532562,2.20556930939534,1.33127654394713,3.05613298269538,2.84498415880225,0.27095666999331,0.470004250405344,1.2791743664235
6.88144370344743,29.6989495331191,47.5789782965239,60.2365044962286,71.7024385136737,84.4354191020055,8,33,58,66,91,115,1.05473393360601,2.15042588386537,1.12308813634159,2.81969624107187,2.86186413186666,0.235418949530118,0.419297012087563,1.17114556392821
6.86707089833207,29.5405876148962,47.5236982592792,60.171428565544,71.6183533278333,84.3657638349242,8,33,58,66,91,115,1.05078790426023,2.1173283114272,1.14198064730032,2.80922629973328,2.85853407428499,0.23376425011129,0.421034806204759,1.16923865650877
6.86008659588535,29.5865625462769,47.3737342155719,59.9943201061717,71.4324827570001,84.1837961796831,8,33,58,66,91,114,1.04887178163408,2.12948227713513,1.10617559944722,2.78089623027887,2.84930987561938,0.233003697584684,0.488248542580345,1.24218965939773
6.85333120565029,29.6950951651733,46.4300790592854,59.032346978308,70.4414297819521,83.1867101641527,8,33,57,65,90,113,1.04701933699508,2.15601821616202,1.02438851132342,2.72292228245792,2.84308789587263,0.230489350452621,0.487451690961413,1.23486315897476
6.84324484513608,29.7376360686134,46.3868882539415,58.9923766492,70.4078292463972,83.1667423050786,8,33,57,65,90,113,1.04425509000865,2.16816670015292,1.00908380026194,2.71479603469443,2.84418161488095,0.231038818515229,0.48925318607997,1.23804512245799
6.83098281434822,29.6487837153461,45.9885830912495,58.5755248808015,70.0373928925727,82.7513679263688,8,33,57,65,90,113,1.04089718178155,2.15049387977039,0.954612780998507,2.64028466749894,2.83788389353467,0.235064475695176,0.48332671220925,1.23570597269944
6.82142947940606,29.5684937102056,45.414296906152,57.9988208000603,69.5438660753679,82.1246721357659,8,33,57,65,90,113,1.0382830200071,2.13421330009166,0.87022566920403,2.53423115607905,2.83706304074624,0.242374300555923,0.465965318897446,1.22853624556328
6.81454449775025,29.5086456440307,44.6443818561767,57.2489278022559,68.9115727689925,81.277110977905,8,33,57,65,90,113,1.03640010091188,2.12204968849742,0.754693667178332,2.39466009378588,2.84386153859372,0.252918591694699,0.438542535333595,1.21794867159426
6.8102098228998,29.4808253886387,43.8340376491881,56.4584401115103,68.2713924794604,80.4389980056827,8,33,57,65,90,113,1.03521510900295,2.1166631592318,0.635682603664843,2.25107419988792,2.85060651928213,0.266751354943799,0.414037092571399,1.21417224620042
6.80826319516733,29.4901962107158,43.2054288329203,55.8134979257629,67.604504324269,79.7177938737576,8,33,57,65,89,112,1.03468306633825,2.1192583155207,0.545473192419018,2.1420951284756,2.84505810692905,0.313636123650012,0.407432459392138,1.28085144392188
6.80851623619798,29.5330027215053,42.8076388470027,55.3547964526375,67.3731694585007,79.456819378605,8,33,57,65,89,112,1.03475222216692,2.12902529408547,0.486920304530836,2.07424221459342,2.82438261197824,0.337716688841723,0.403850328311683,1.30010288534095
6.87393283416402,29.0786487749291,42.0335298623859,54.3863689545622,66.748616379175,80.0377763967758,8,33,57,65,89,112,1.0526713519154,2.01073576609591,0.446408754963871,1.94472040229958,2.75859508090852,0.375869063162643,0.561723251722499,1.49754419718237
7.06042807351096,28.6398912629049,41.3679018275763,53.4536846486175,66.3125482065796,81.1594338774736,8,33,57,65,89,112,1.10419512442682,1.87143505775252,0.418699289625263,1.83607381402801,2.6686173842702,0.434575662822937,0.80025617572011,1.77602027179192
7.34607065096542,28.4647464922554,41.0672005697445,52.9391646461621,66.1892117347741,81.9575868940467,8,33,57,65,89,112,1.18432029109471,1.77095433980861,0.403738490493734,1.78783596615359,2.5969522817839,0.483745170588874,0.957946257280425,1.95690001924891
7.67475459688132,28.8078610462857,41.3671678805745,53.1478307831893,66.6036280467388,82.8911132401501,8,33,58,66,90,113,1.27822799717284,1.77407231936616,0.341280860983902,1.74057090282197,2.56645574912057,0.510616934981556,1.05176294794959,2.06438841931386
8.02813008142066,28.4363474335942,40.7925930629107,52.1999395216,65.7922880160293,84.5563259054333,8,32,57,65,89,113,1.38109568552904,1.75830344559049,0.320049341799503,1.7442498363644,2.44243426375118,0.52882899695382,1.41197748729399,2.34864550586852
8.40323901818563,29.1910790595855,41.5625463218572,52.8462001678368,66.4600209763887,85.0137718702819,8,32,57,65,89,113,1.49229937729086,1.84194124479926,0.321616345289905,1.86757988185845,2.40158784518013,0.531719994712818,1.36966299798921,2.29292209009799
8.76353294396372,30.0333359862691,44.0876763726433,55.2941719603262,68.7840812279551,89.0696704907009,8,34,60,68,93,117,1.60092351470978,1.66588581390693,0.452063931111999,1.9833193630657,2.37617214967024,0.447461339529783,1.73156906445924,2.45549034351429
8.88173778317978,30.5038166685123,43.8808916517579,55.1286221727321,71.490480930481,89.4840745106747,8,35,61,69,96,119,1.63692684290841,1.60709768443719,0.374366750625046,1.85343175570881,2.38974865218433,0.685415305900242,1.3832338429035,2.45465758620705
8.9621338800532,30.8242286898364,43.7615931480468,55.0036574448846,70.9318401211938,88.7101068926618,8,35,61,69,96,119,1.66151394404668,1.65610002961605,0.32789550656598,1.83465853857591,2.38788222173765,0.624435757762172,1.33955283826905,2.33799710524474
9.07809859318415,30.9969756168886,43.5481869429757,54.7327986230718,70.3147005513859,87.9133732465143,8,35,61,69,96,119,1.6971182488109,1.66776998822584,0.289727331806391,1.80127534009281,2.36897269866706,0.5776297563517,1.30351334640725,2.23592011444046
9.22238623195873,30.5939968921346,43.0483729012832,54.2289491439634,69.751336158296,87.2116645968519,8,35,61,69,96,119,1.74164362813311,1.55653113117726,0.280548473519135,1.72409863703659,2.36764554382018,0.569756925665312,1.27599884214227,2.20100819049515
9.33345317368635,29.7420840602624,43.0193539335473,54.3232814735799,70.5335622964604,87.7276066592857,8,35,61,69,96,119,1.77608375072595,1.36773120857303,0.363540677434786,1.71966161759562,2.40827412748233,0.663807560518677,1.22365506446275,2.29573781181005
9.28618986394745,29.6714925238999,41.4127962021623,52.5659783403847,69.0447212204597,85.9272349729389,8,35,59,67,94,116,1.76141068459686,1.36327143704662,0.308494830623399,1.65564415312519,2.35863992626252,0.702290632091407,1.28489449146324,2.37140398549397
9.16501135751131,29.4003838112483,43.5850651457987,54.5602807660927,70.6323280992698,88.0827289518818,8,35,60,68,95,117,1.72390892230377,1.33474074841487,0.535909796672938,1.9019875684844,2.3002901035436,0.644376880956794,1.40143376769839,2.36840813264386
9.06316307939454,29.0314472685357,43.6436100498505,54.6272458092552,70.2628198418472,88.2475981132488,8,35,60,68,95,117,1.69252350504782,1.28448869095319,0.594060531542091,1.91138920618088,2.30304467799796,0.584773135840682,1.51434771240819,2.38742138042548
8.98316831900721,28.5913510882381,43.5471611806175,54.5118343190123,69.9224237773049,90.5271416255549,8,35,59,67,94,117,1.66795993478224,1.21792068737552,0.726539631963716,1.99412021162446,2.29684209082602,0.555105631223329,1.95055680963655,2.70702161959764
8.93610138703921,28.0848160599468,43.4328874328621,54.4643514829632,69.966038905458,91.3195049023039,8,35,59,67,93,117,1.65354382486536,1.13501181265043,0.78850978488751,1.97534378368557,2.31870291572788,0.641791422748928,1.9689468594442,2.87822523715653
9.05970319629155,26.2569199501072,43.3961190510804,55.6140440123162,69.4107963784602,90.4375984803194,8,33,57,65,89,113,1.6914594937795,1.00112059797697,1.09777166197032,2.1749288092547,2.71307522898211,0.556646889611921,1.89525471582964,2.96302401389754
10.2405607997606,27.4237199129341,46.2185205013764,58.4323162892977,71.135202581235,92.379853140481,8,33,58,66,90,114,2.06241820867528,0.998668765569404,1.29495760283928,2.56628907169779,2.71168410047779,0.415684119945956,1.9442962199321,2.79286048144443
10.8606275811472,28.2714000889196,47.5043303620581,60.1914166755558,72.5532928971065,94.3000290591695,8,34,59,67,92,115,2.2628651398421,0.937184294417201,1.38052905464152,2.68683645998959,2.8719168422406,0.32062852303287,2.21830700050499,2.91513649394578
11.1234787138564,28.0545692622755,48.3811016501056,61.3665516043493,74.6421876869796,95.6525908199967,8,34,59,67,93,116,2.34888229183495,0.858457838942309,1.60274789948523,2.85086768369054,2.97370792428164,0.36336480775873,2.04441218207999,2.88301886465816
11.0555129690725,26.6427141916642,44.4813526949351,58.0669445410797,70.9960122097044,88.9786811474854,8,32,55,63,87,107,2.3265836002861,0.827346168140585,1.35174833568086,2.59532554882873,3.18016917437506,0.443212355778277,1.80894023268895,2.97210089097377
10.7460250131915,28.2095382549783,43.0317568236037,55.6869835490921,68.3382964958105,87.3828735422565,8,32,53,61,85,106,2.22555150787222,1.15807621826609,1.00274774672317,2.56126889634792,2.86108238067617,0.409528403694227,1.90024889954153,2.81490675568161
10.508481795917,28.8933207049,43.5964195750205,56.2595197118764,68.8023887591596,87.841583955146,8,32,53,61,85,106,2.14858853287831,1.33601734019344,0.980526682356756,2.66874155209976,2.86375924869751,0.396732732494837,1.89898574872907,2.79421505125303
10.2642893420726,29.4798192643456,44.2943320554699,56.8136216029022,69.3661565973968,87.695550663154,8,32,53,61,85,106,2.07002202601591,1.50439346021108,1.00130444000301,2.80381022889785,2.81493167800479,0.397865081019376,1.73478347714483,2.63140383557092
10.0152428791705,29.9024510878292,45.0586553791199,57.3065288616744,70.0049860922376,86.6751222663408,8,32,53,61,84,105,1.99049274536719,1.64569322772342,1.06606927792128,2.9544933753556,2.72316861957215,0.481288138254008,1.37081917550186,2.41459504678962
9.98115096930278,30.0821524352565,45.7266564477742,57.6152942265471,70.5368256548467,86.2127916844859,8,31,52,60,83,103,1.97965448163528,1.83603827080731,1.16127179898081,3.22247520753395,2.60252848248242,0.510983216604384,1.29488494230637,2.32181676606305
9.98514675218232,30.1050407349602,46.0960952329525,57.8195003104954,70.5432228667968,87.2864286125689,8,31,52,60,83,103,1.98092417961951,1.8402921464765,1.23066083247101,3.29909415065628,2.54736295436173,0.484609327911753,1.52554735033697,2.45316897975368
9.96633301750124,29.8648673521468,46.2983388638155,57.8559986524421,70.4452649760536,88.5325728129442,8,31,52,60,83,103,1.97494736310223,1.79065626442941,1.32135875881173,3.3413013352671,2.49223831349499,0.467059311991144,1.83357245998031,2.65280247639269
9.92597326028696,29.5133985238012,46.4742252338769,57.8477861428928,69.351372790048,88.5617779641634,8,31,52,60,82,102,1.96213798569861,1.72166737763135,1.43244335395144,3.3781579465159,2.43126500551379,0.39650416765756,2.10438790595332,2.75011184429709
9.86695167049048,29.1125264609732,46.6609542522539,57.8410667380406,69.1056228302557,89.8568890278662,8,31,52,60,82,102,1.94343603089227,1.6469264116282,1.55985119806973,3.41743829641784,2.36749303449265,0.36783355845309,2.49361904962424,2.9725917371881
9.79367246690261,28.6427976135348,46.818640415128,57.8090858630801,68.8062706961671,91.0475693041061,8,31,52,60,82,102,1.9202669236391,1.5616852373467,1.69990231825579,3.45073006054331,2.3052728571467,0.3370299683418,2.88730519920164,3.18538364857594
9.71169466238439,26.9399796073456,46.5371921985858,57.2419179471436,68.1064994889819,91.7095519891545,8,30,51,59,81,101,1.89441479598427,1.35541873744515,2.03135651320526,3.53299296027466,2.21213368451969,0.322255785255672,3.26029955847603,3.38413273649302
9.57391871281989,26.564252572347,46.4485143863033,57.0732610964997,67.5025070308168,91.1335847725045,8,30,50,58,80,98,1.8511292110189,1.30673896901193,2.27222110996839,3.65939351868216,2.18619314006787,0.276135835093485,3.71297315244559,3.56909269079697
9.41985159484941,26.1936622739923,46.2984561067509,56.9037099101189,66.9741811871135,91.9859695572601,8,30,49,57,79,97,1.80297249647411,1.26300756739483,2.51269868552988,3.77568861292358,2.17987964880657,0.240918801054327,4.12571799664802,3.7914510015008
8.67019521844726,27.2780939361789,44.6711846105806,55.4499981755199,65.3466409102817,90.5495948246195,8,30,49,57,79,97,1.57261992166697,1.64979928051927,1.82920880313453,3.41986230374672,2.23621520426007,0.224776718084942,4.18362612933624,3.83429013472112
8.50198631053695,27.1778258009575,44.1984460049619,54.9604440445006,64.9184180538299,90.2307743697781,8,30,49,57,79,97,1.52189921834858,1.66480586760964,1.74057627013906,3.31872045751698,2.23074514877556,0.230403020572404,4.21684641962473,3.86894423920836
8.30325237912528,26.9693420618387,43.6407082308676,54.3790244065578,64.4414277119613,89.8254021967781,8,30,49,57,79,97,1.46246376378707,1.66264953591462,1.65874729233454,3.20072917207526,2.22304579528805,0.240156225750189,4.23862468400461,3.90334781378796
8.0797123241967,26.6307318780364,42.9960634774281,53.7008965234789,63.8982224276046,89.3976072018641,8,30,49,57,79,97,1.39626823211486,1.63727134195224,1.58809606188943,3.06619458378877,2.21216852469117,0.253079358446952,4.27377127819183,3.95248040982029
7.99057420771984,26.2556611325813,42.337723609392,53.0207129933513,63.3399697852969,88.8852425222041,8,29,47,55,76,93,1.37007350835036,1.72014690747954,1.67729552467218,3.20618371689732,2.20507790428925,0.317673201501118,4.54425655795822,4.3082012515472
8.25379239903335,26.1606996627247,42.2641538595109,52.8761075371184,63.353001721309,88.9889803225525,8,29,47,55,76,93,1.44775641855335,1.63937777277252,1.6823817460253,3.19050306665208,2.18204925406873,0.335574741207196,4.57266320847911,4.35017608314164
8.55303394891754,26.0607151347589,42.2947480522812,52.9495337603449,63.5434116771625,89.1247961307473,8,29,48,56,77,94,1.53725231100769,1.55089664966167,1.55809324499629,3.05736346049664,2.19592919605758,0.349177660172306,4.5555614018866,4.37514478528783
8.88287396980028,25.8120376160175,41.9762490417591,52.5986277615843,63.0923058439892,88.5139767279919,8,30,49,57,78,95,1.63727375846539,1.29432934712066,1.54221524576241,2.85751932226417,2.18542599332461,0.337509794216212,4.50560683775393,4.30588698545902
9.13581345653996,25.6372680312582,41.4545584067222,52.1138290460274,62.5291478351754,87.5084744279588,8,30,49,57,78,95,1.71489869971836,1.20878019593942,1.46412728179417,2.75279801124403,2.19738353288756,0.328523352833161,4.36785511349753,4.19201344154749
9.18209178943322,25.0471118871733,40.4012754557365,50.9869126791674,59.9172677483141,84.3639161910519,8,28,47,55,75,92,1.72918447338992,1.33478318545679,1.3620327814624,2.80239951244007,2.17352963504361,0.224328740890807,4.20318124203815,3.86765144165053
9.94410005670993,28.3983432824923,43.9948797620644,54.3744609917339,64.5172414951932,89.4018898637557,8,29,49,57,78,97,1.96788899373821,1.763315447625,1.27825016941321,3.27548624774508,2.10704505623796,0.298221779029993,3.84861001853673,3.72878793814535
10.1933144510534,30.5176673526735,45.6517996469326,56.0773424138947,67.9646485109932,91.8923971393484,8,30,49,57,78,97,2.04729453401941,2.04234769164494,1.31441917229287,3.63289065930668,2.12183999232712,0.516973705676812,3.57001274041314,3.91599520750946
9.82734757054106,29.7892307506663,45.2794165649219,56.0732227127512,70.5930518097818,94.0139318523108,8,30,49,57,79,98,1.93090717357036,1.95720630552727,1.39175762342353,3.55148867844893,2.24109439589321,0.842446517666712,3.42451028325703,4.32934474804026
9.5206516245374,29.4639195458946,43.4453544687345,54.213929333576,69.6881727651497,86.8933008234801,8,30,47,55,77,94,1.83444968707372,1.9528649857746,1.34319353405947,3.44537698716423,2.23288427442628,1.01244792211979,2.12906700993294,3.44594344322366
9.58349200921732,32.8222173797169,45.5698170624762,56.0147441879784,72.1331014177826,90.0155200034426,8,32,51,59,83,101,1.85413020899191,2.41146865759095,0.838992875731048,3.32752292277058,2.12808580067012,0.916388640914261,2.12137726932316,3.23068441241363
9.63272455965143,32.7458638484299,45.6746019613934,56.3157729260286,72.7781607467028,90.7563927034381,8,32,52,60,84,102,1.86957926012098,2.38112409379575,0.768095375790935,3.21172984375178,2.19151544477154,0.976045536853826,2.14586591723141,3.3648747830271
9.67759524811045,32.6500293050003,45.6168551899711,56.458576814095,73.2154462451295,91.5253971937326,8,32,52,60,84,103,1.88368251914343,2.34726737084538,0.774653601706207,3.19982409061471,2.25670146656645,1.02831018853023,2.05308125963194,3.39899048381585
9.72148557225114,32.5418111521546,46.4073999523466,57.5079162126685,74.5813592049976,92.882652500138,8,32,53,61,85,104,1.89749864333417,2.31083610428197,0.829910152183474,3.22718992661426,2.34134420367065,1.08569812266268,2.05093088065668,3.5197121545106
9.76455122244488,32.4223072905709,46.4332786148738,57.7443403008891,75.0093944251,93.3469393457408,8,32,53,61,85,104,1.91107520398962,2.27209601199702,0.855332066141675,3.23250480461507,2.4106277814047,1.12102509757905,2.05993952094148,3.61407479948891
9.80697110378287,32.2927161607518,47.9741833183188,59.6865328239675,77.2253099881469,95.786148799144,8,32,54,62,86,105,1.92446743778974,2.23132997436249,1.05097791273035,3.41476815237922,2.54367935243385,1.17224881766235,2.1156874242558,3.81001190683269
9.84894915467526,32.1539555815136,47.835933750144,59.7630165783614,77.3423787951879,95.9108829802758,8,32,54,62,86,105,1.93773885446645,2.18874681673504,1.05107361658173,3.38604461842115,2.61539367403079,1.17991864066092,2.11760901194989,3.86801848296521
9.89069464955888,32.006681480961,47.6877061126238,59.8252264404096,77.3904547713862,95.9502208303333,8,32,54,62,86,105,1.95095503390756,2.14449185322417,1.05089503773068,3.35534147905693,2.68600883177212,1.17724542228007,2.11541854355661,3.90956546556489
10.1101935387824,32.2138447024418,48.0754803691019,60.3533130371349,78.249124429606,96.7499819882605,8,34,56,64,89,108,2.02074087691108,1.84290189121054,1.08492825192854,3.16755079972911,2.73327202277338,1.12597272041628,2.10066895142762,3.8506460368289
10.5704582313621,32.2411865835807,48.454904793593,60.7745634308492,78.5660393710413,96.818455378713,8,34,56,64,89,108,2.16861853700133,1.75021978186218,1.15245748513272,3.24381861599882,2.74738805209888,1.1069573262337,2.03880347195845,3.78262092449967
11.0774673562778,32.3009463118808,48.8362240364171,61.2124704377557,78.9372413377389,96.8491560689872,8,34,56,64,89,108,2.33378224679391,1.65623648380809,1.2154665984544,3.32111169761365,2.76650580024134,1.09486706334366,1.95492369234607,3.7064027101146
11.5874775981021,32.4406189870393,49.1945975968215,61.6612825046236,79.3775413732073,96.8637849136597,8,34,56,64,89,108,2.50213941010491,1.57981596027628,1.25902934149064,3.39433479161909,2.79710636877509,1.09332803274162,1.85158978151802,3.63218373228125
12.0563715747349,32.6820745099281,49.4886614169483,62.0900744529325,79.828175772927,96.8682992483248,8,34,56,64,89,108,2.65873958954678,1.53352871420531,1.26959242320262,3.45483353279136,2.84279757741412,1.09727900766941,1.74518272003703,3.57005889571156
12.4518121846789,33.018574868654,49.701179433509,62.4781479022313,80.2064076197187,98.043582345909,8,34,56,64,89,109,2.79207015370865,1.5216149238673,1.24475024977688,3.49878633781936,2.90251963691626,1.09549811129252,1.77486753345543,3.63282914307183
12.7589647846153,33.4264035178066,49.4017493086283,62.3502748649481,79.9403741405853,97.4861987688077,8,34,55,63,88,108,2.89638548557463,1.54198528385661,1.2274835937642,3.57461298312138,2.96107904316181,1.07061818445629,1.70726658761399,3.57780888200337
12.9787015594677,33.8762676950172,49.4675465578621,62.6192547307645,80.0379544162465,97.3639399513567,8,34,55,63,88,108,2.97139918119544,1.58891489276695,1.15074690054431,3.58844439418544,3.0306797405318,1.04006925419485,1.6568248831587,3.53787726877966
13.1218205843897,34.3404678132679,49.5237178087429,62.8761468013135,80.0520637861057,97.2333394885843,8,34,55,63,88,108,3.02042519050505,1.65523117717003,1.07126170279223,3.60026675325207,3.09969248290236,0.997406595604873,1.62389294168027,3.49836966258
13.5691530514097,35.2948199213271,50.6287631064396,64.1818652692774,81.1890662928993,97.1613702715516,8,34,57,65,90,110,3.17448458677411,1.76188926698451,0.882155162571715,3.5540118653105,3.16893569062969,0.968186231438365,1.35761329063752,3.25293293368479
15.5343905435631,36.8267545805987,51.7278805421378,66.1786506880119,82.7241766432008,97.9878920697021,8,34,57,65,91,110,3.86455697325592,1.67059246278553,0.809211960677237,3.78419832822227,3.48153445052281,0.797313582609386,1.34238948160638,3.19697815904472
16.767533953629,37.9702103737763,49.4632230964406,64.7095803903291,81.3046804015201,96.3443325568414,8,34,56,64,90,109,4.30705621414689,1.65190977343787,0.395213530436073,3.44958533345835,3.76218349041714,0.805066417220254,1.29415501979895,3.32496030939905
17.1533425486399,40.0365164533032,51.6265717694084,66.3795245384164,83.0712329467296,98.4005870758131,8,35,58,66,92,112,4.44680388890792,1.87032705014985,0.3465025868265,3.62372431278286,3.58775304703429,0.820267700890376,1.22286092567047,3.16825195212169
17.0059701663799,38.0851153909101,49.1220642064006,64.1204584632399,80.5389903704211,96.8084348746394,8,34,57,65,91,111,4.39335317583321,1.62629955063266,0.28752342576452,3.24671111327184,3.67437150590274,0.777601455421672,1.42154513161907,3.3550653030253
16.8385384712496,38.00642360022,48.8358439742359,63.4630193115949,77.7082721944928,96.8725191893597,8,34,57,65,90,111,4.33273103366268,1.64468252942052,0.266867636104696,3.1894490387423,3.54348392920738,0.543979581017682,1.92840494267155,3.42777933610031
16.6450008371471,29.7927727471946,40.8473274227796,57.354596077881,71.6254681732765,95.8517464521685,8,33,56,64,89,110,4.26279699898191,0.406753635536667,0.289313102236202,1.84946086203282,4.21312136794173,0.547409767296262,3.22440352670534,4.97730374364676
16.4439695072247,29.0970257992844,38.9412642576902,55.5934096656731,69.6186253355083,92.2310269736805,8,34,57,65,91,112,4.19031778502414,0.299551486137667,0.180045965413211,1.46235878644387,4.26537595104813,0.44857292606019,2.79099996449495,4.42193798851672
16.2138852529855,28.1605809522147,38.0272585168191,54.458392875451,68.819921627719,91.2629530110159,8,34,57,65,91,111,4.10757208579059,0.235031268169042,0.181814560731679,1.33115391506025,4.18569595409608,0.489688907430717,2.94180107210519,4.56652903251926
15.9800887871914,27.3973616256635,37.3748870889291,53.5412983471064,68.2883586260879,90.1746638522922,8,34,57,65,91,111,4.02372472740658,0.192268997981972,0.190695004810199,1.24086069499163,4.09052706360552,0.538957737446654,2.79207896361636,4.4670131391434
15.75326862068,26.8390591446175,36.934030942389,52.7539340954598,67.8923228890773,87.1748164091118,8,33,55,63,88,108,3.94261011838538,0.203552159768142,0.243242517181758,1.34059191299054,3.96641577962447,0.669398316508612,2.12215768592614,4.04627914299083
15.6847931713185,26.7205166460325,36.8320278314319,52.4786109275508,67.8597847272848,86.9405786149308,8,33,55,63,88,107,3.91816776487699,0.1995475817538,0.244817934139943,1.32603002918577,3.90453796559768,0.705513689731227,2.24718515553336,4.16946389283937
15.6913016758002,26.5766644615489,36.7552093096665,52.3228376521658,67.7567772171786,86.7895416843493,8,33,55,63,88,107,3.92049005999308,0.187791076655594,0.251258789509396,1.31510983407377,3.87639553836242,0.713473869243696,2.23494163744214,4.15276213741472
15.7253253613906,26.4294583043898,36.7108670732239,52.2070429702133,67.6426492944085,86.5944602104978,8,33,55,63,88,107,3.93263317602918,0.174159812536178,0.261315773170686,1.30882450975542,3.85095212197238,0.7137259556505,2.21434925874704,4.11890722842295
15.7739065397266,26.3059941575147,36.6894191523519,52.0891451592864,67.5339285524515,86.3892166765523,8,33,55,63,88,107,3.94998101586667,0.161764530959532,0.271496454010446,1.30578914091137,3.81664529406959,0.715114629322258,2.18986926433261,4.07774968859118
15.84079501909,26.2080500566682,36.6874867554356,51.9623425363631,67.4259386081653,86.1742805359805,8,33,55,63,88,107,3.97388367082885,0.150386539931271,0.281264955323051,1.30551581605259,3.77229490050177,0.717965075336256,2.16283893183268,4.0302197759854
15.9300244147871,26.1361882548855,36.6989311638238,51.8175864692374,67.3119508937551,85.9446773290019,8,33,55,63,88,107,4.00580112435365,0.139736365105013,0.289887044635916,1.30713492185891,3.71692240260953,0.722637751798017,2.13372876992451,3.97665165047227
16.0456200603955,26.0906472590331,36.7167993854134,51.6462838717307,67.1856357120386,85.6913296377326,8,33,55,63,88,107,4.04720238144879,0.12954603113717,0.296540542295831,1.30966461776758,3.65002206102272,0.729493759203576,2.10187873338439,3.91666033257908
16.1913691800892,26.0716642946792,36.7351435962465,51.4428583126978,67.0427834263929,85.4035477801796,8,33,55,63,88,107,4.09948672222564,0.11960463726469,0.300493814295473,1.31226395381935,3.57182149981192,0.73876977562445,2.06571582262307,3.84930827958505
16.3702750903957,26.0800059001545,36.7508454326279,51.2070107362268,66.8825351989326,85.0720486547298,8,33,55,63,88,107,4.16379046639682,0.109815597698113,0.301276517524233,1.3144906820407,3.48342667494159,0.750418558914714,2.02322794533109,3.77338796440704
16.5840272952617,26.1169278897516,36.7648045237692,50.9451542354461,66.7083069932106,84.6918016662534,8,33,55,63,88,107,4.24079611171256,0.10020431281281,0.298838066572679,1.31647166777929,3.38689118142711,0.764019909479902,1.97246810890886,3.68780111903523
16.8323873376431,26.1839358955808,36.7824282983456,50.6704578441363,66.5252977912392,84.260673649145,8,33,55,63,88,107,4.33050601697019,0.0909096865344821,0.293628598515269,1.31897460564637,3.2850359652752,0.778364412523107,1.91185874768965,3.59117523135359
17.1127190215671,26.2827818642926,36.8150061102826,50.4023099814006,66.3318911231836,83.7704517229132,8,33,55,63,88,107,4.43206161547581,0.0821712217792304,0.286712665013066,1.32360685368191,3.18076129042333,0.790142755982113,1.84012286265859,3.47970242508676
17.4197158506413,26.4131082894601,36.8930726074939,50.1657287179081,65.4636933520627,82.5244726364305,8,33,55,63,87,106,4.54362800010812,0.0741975710937463,0.281319136268714,1.33473631004801,3.07223466658476,0.780472737161107,1.75006558977411,3.34047759990494
17.7173302872642,26.0873632199506,33.9662051351195,46.5218465187453,61.9849533152444,77.1681028913669,8,31,51,59,82,99,4.65212390597898,0.0852291062220215,0.135762654121921,1.24784108962209,2.82726078505909,0.904423819842672,1.62303621330921,3.24840067424012
18.8338077304878,26.6885365082136,34.8155034750797,46.6481218453793,63.5742421922831,78.627674880077,8,31,50,58,81,99,5.06194179724325,0.0617698658927283,0.193634292492982,1.46119874692091,2.5838022031101,1.1718229791214,1.43865533813527,3.23684706701939
18.6423772704258,26.4930159627701,34.6691971071717,46.6412802690308,63.9743787842415,78.7337261709821,8,31,50,58,81,99,4.99137313702546,0.0616027606872347,0.198147798668287,1.43868367034799,2.63046658753366,1.2508872001313,1.37266561784401,3.29025689068786
18.4347962763631,26.3046037683496,34.4887391817264,46.5805537174008,63.912729186392,78.9002530729986,8,31,50,58,81,99,4.91498840492186,0.0623884722540259,0.198882589092925,1.41111855613466,2.67064392502942,1.25070569519874,1.4237762809263,3.3641787574712
18.2117174621945,26.1453620019148,34.4227696610265,46.6224463659268,63.9290691923188,78.9663631651011,8,31,50,58,81,99,4.83306386855011,0.0650519615388811,0.207608451579528,1.40109862140721,2.70692827359087,1.24568500161558,1.43500723770521,3.39246318302088
17.9739103227464,26.0419313131231,34.4663451682993,46.7653598049816,64.0569799638579,79.0345440932712,8,31,51,59,82,100,4.74592067023094,0.0708962641776923,0.178639143529231,1.32027807936776,2.7404192657361,1.24274072294597,1.42153232154429,3.3977411982133
17.7223976527642,26.0181313955922,34.558563959331,46.9350757576977,64.2012200911128,79.0884698582248,8,31,51,59,82,100,4.65397405311244,0.0815474221934482,0.188614928316894,1.33382950697679,2.76659551573193,1.23774704402745,1.40123823597206,3.38952830732278
17.4583458647796,26.0816813234526,34.6410698076474,47.072017547684,64.2984967525356,79.108345753298,8,31,51,59,82,100,4.55769201677787,0.0985558955603319,0.190273309630306,1.34600465055332,2.78500760648056,1.22998699837647,1.38392375139055,3.3761102482334
17.2595539649702,26.1346171958602,34.6217079827505,47.0915521948748,64.4388501084019,79.0047980039852,8,31,51,59,82,100,4.4853781650912,0.113002833530274,0.183991147887782,1.34314316539551,2.79817637280519,1.25368056151106,1.32984008328941,3.35810236678634
17.3340216932942,26.1209173318402,34.6725095327449,47.1954149390761,64.8938384875697,78.9797668434214,8,31,51,59,82,101,4.51244946355254,0.107805238378897,0.189590275495356,1.35065676180916,2.81615762819368,1.32348606547457,1.09595247260666,3.2017269809264
17.3736622248176,26.1006628024777,34.7614476347179,47.2816211371072,65.2080861449125,78.9187301995311,8,31,51,59,82,101,4.52686862176311,0.104359089529561,0.199279572629488,1.36385454844033,2.81523137297402,1.369561613561,1.02128847352575,3.17045990365159
17.3397066121829,26.0430076876282,34.7937410332847,47.2542943738923,65.3076572944905,78.7188048990205,8,31,51,59,82,101,4.51451697412898,0.103014382024114,0.207459659540059,1.36866041379712,2.79502990598858,1.39544849552158,0.963128153228251,3.12225671012186
17.2331190462716,25.951882109328,34.7649520178398,47.1258217347248,65.2154155813208,78.374346797452,8,31,51,59,82,101,4.47577336686373,0.103890481540902,0.213233503535512,1.36437571261556,2.76130867143738,1.40287161307494,0.915162748647208,3.05714471477089
17.0585829424679,26.0191122564558,34.9949775478444,47.2390038692572,65.2370341813389,78.1474813308172,8,32,52,60,83,102,4.41242563278104,0.0932228328657028,0.22871531249683,1.31245460734527,2.72187167165184,1.38413921363276,0.868838730254635,2.96375859931448
16.8126033278399,25.8575308238798,35.0523659173817,47.126029963451,64.973255528435,78.2248040298912,8,32,53,61,84,104,4.32335068349404,0.0976555314192163,0.204656035352946,1.23800151897335,2.66454651335473,1.35348625085029,0.824396662309158,2.83705846853119
15.8693619269235,25.0034305981368,34.1027322618445,45.8879428298173,63.6319004996839,76.50179094813,8,32,53,61,84,104,3.98409821177374,0.102476987907868,0.196267300720493,1.10802155243473,2.56797326162203,1.33264016308367,0.758007651550359,2.68484658722104
14.8439181752919,24.1779149526476,33.1707707308125,44.7494843862843,62.375835137547,74.8708337594232,8,32,53,61,84,104,3.61982008958465,0.113816279921075,0.187147941688196,0.986890869967252,2.49922858631637,1.30904402574738,0.695048595823802,2.54992676696853
13.784148438339,23.4480995526674,32.3975611668501,43.7978771239903,61.2531093562916,73.6711629518583,8,32,53,61,84,103,3.24895645720771,0.134136096192665,0.183499277756974,0.891384948669431,2.44010926643329,1.2749894344886,0.779871018533903,2.59073677607568
12.7379489067552,22.8617144259359,31.7719294088549,42.9735917865916,60.2024025884598,73.8423822978821,8,32,52,60,83,102,2.88922775705852,0.165823538939605,0.222401993389741,0.882900000749358,2.37458175666631,1.23044264446362,1.00745008755789,2.74672821810946
12.2274992114269,22.637158813674,31.4909370155148,42.4506513524709,59.4815127599686,74.1100415870676,8,32,51,59,82,101,2.71630128821182,0.187514545110701,0.265964434321501,0.916713255146973,2.29522060458328,1.19198516507265,1.20727355031247,2.8560367272678
12.3470200036969,22.7471901452886,31.5816588142376,42.672401153002,62.0767990049526,73.9023265864123,8,32,51,59,83,101,2.75662906400213,0.186770089241739,0.263887228520224,0.928015631669937,2.33813699189923,1.54367218979354,0.777816021186862,2.79638885590757
12.466654950807,22.8886392920274,31.7039841458036,42.9323224830018,62.2137297446822,73.5879050209974,8,32,51,59,83,101,2.79709622316822,0.188483938892152,0.261838260249342,0.943358540510234,2.38336205610697,1.51805300993986,0.698001701582872,2.70991613482688
12.5852005238647,23.0491618546948,31.8497369258187,43.2157557623748,62.3745521977379,73.2592900566509,8,32,51,59,83,101,2.83729274622675,0.191806869382271,0.260261424338222,0.961794059024356,2.4287729198003,1.49266523084563,0.615501978147762,2.61711499843467
12.7013989854187,23.2195160328723,31.9823415725175,43.4794432926751,62.5241725989574,72.8916772210292,8,32,51,59,83,100,2.8767863610634,0.196142414730566,0.256253585594156,0.978711477030979,2.47215154048764,1.46918437084482,0.622751632951542,2.64486150175379
12.8359199869324,23.4240455278658,32.0250593369283,43.6741996790223,62.6671866128254,72.4356397009801,8,32,50,58,82,99,2.92262040547323,0.201828072954248,0.293061612701906,1.05837467015738,2.52263693350244,1.45857729196237,0.524913182279604,2.54750347231534
12.9740510533774,23.6408051501267,32.3170570138412,44.0864604132819,63.0656783144285,72.252726473804,8,32,51,59,83,100,2.96980833319635,0.208322579227573,0.247183734692023,1.02202338435998,2.5626992425848,1.45575933357442,0.43697431509366,2.45605069369517
12.9156005028126,23.6652222425447,32.3332143182263,44.197465907189,63.3225240140557,72.55817784537,8,32,50,58,82,99,2.94982546330865,0.215291621391894,0.300916761924189,1.10001471337359,2.59437369845631,1.48570625619724,0.444049997193246,2.51161293683623
12.8489659199303,23.70192285001,32.3623475088633,44.3163767337284,63.572244023501,72.8783037621514,8,32,50,58,82,99,2.92707178865401,0.224160494412483,0.300024083767871,1.1039891250175,2.62441758338593,1.51275211894564,0.454390023178732,2.56796182253883
12.5417339461563,25.6691537603033,35.6538742930429,47.3882047732933,64.9284504874089,74.5678132233951,8,34,57,65,90,111,2.82254286100145,0.347591845831347,0.191279684152129,1.01659170039223,2.55100411334557,1.06169632476957,0.246213749327611,1.73149327733701
12.045303999814,24.6417011169873,35.5024834246641,47.3044619770933,65.4484685234421,75.8381852126832,8,34,57,65,91,112,2.65502418023734,0.29406450897599,0.269936985710007,0.997858580121853,2.57356994556813,1.06299325651829,0.325613644935397,1.86470149795558
11.5331024398662,23.736471572431,35.1160215677044,47.0121030217313,65.2813432820545,76.3362197698484,8,35,57,65,91,112,2.48408925944309,0.216331195888689,0.381494272221374,0.950785690751712,2.60501855436234,1.08512001571819,0.405376523806643,2.01256846867169
11.0519499561688,22.7870342005184,34.7402133696713,46.6636611208121,65.1006284077772,76.5264124617538,8,35,57,65,91,112,2.32541570946043,0.180775320045055,0.45326359888785,0.906051382441364,2.61417676216274,1.11503918455922,0.453527279636848,2.10954965347622
10.61926846315,21.8109698869106,34.6809780023819,46.4143182269637,64.9942471876484,76.9153105760588,8,35,57,65,92,113,2.18441845630605,0.144087585117671,0.58002501258339,0.899094755920291,2.55067404832401,1.03563607712488,0.521764490415549,2.08095639996295
10.2335110969735,20.8863556510288,34.3422962577791,45.8739545013852,64.6682487911878,77.0630941797657,8,35,57,65,92,113,2.060160190339,0.112514383443671,0.668385529404969,0.859817750085003,2.48361016987423,1.07265718458765,0.59110292579429,2.16472106739417
10.0038658957821,20.48046548824,33.7299361218674,44.791947729583,64.2635007300426,76.2451035169561,8,35,56,64,90,110,1.98687453642599,0.103211803205582,0.725704305677533,0.852796339452998,2.32871401591472,1.30655361821613,0.612604622368463,2.34881223264456
9.97516603962,20.3754663591252,33.4619994880584,44.1101949711856,63.6668351101077,75.7452377458568,8,35,56,64,90,110,1.97775301884379,0.0993389959018398,0.699129080129168,0.822213514528787,2.19379250529959,1.32282053290216,0.627806858328021,2.3068485377549
9.98408102565671,20.3468049026262,33.2693818828473,43.4905539736387,63.2100801699029,75.2887851591174,8,35,56,64,90,110,1.98058551892599,0.0974657679846971,0.672814908601512,0.800565499876552,2.05620918156593,1.3541728255714,0.627854594999312,2.25946676709151
10.0237573494254,20.3787118059737,33.2240700446901,43.0123268931871,62.9789795094532,74.9565253358162,8,35,56,64,90,110,1.99320145371677,0.0970812518853833,0.660571956871809,0.795514222099054,1.91855687878805,1.40226445292632,0.611971016343829,2.20836712683516
10.0893760202562,20.4540698866333,33.5822726971292,42.9430894495387,63.2192008260847,75.0032512326507,8,35,56,64,90,110,2.01410133522742,0.0975634169200073,0.705885412175567,0.835874336292488,1.78459059283678,1.4633621325054,0.582084443375545,2.15341570688625
10.1784976498514,20.5752986261699,33.3203936914059,42.2649252292632,62.8111968509402,74.7279191438212,8,35,56,64,90,110,2.04255616608461,0.0991636016546211,0.644820433465169,0.806271028346333,1.65612389025671,1.51748091262736,0.60250598796256,2.15105448756788
10.214113241718,21.066339530172,33.6305955545749,42.0066128533854,64.1468410883854,77.6168814285645,8,35,57,65,91,112,2.05394957632507,0.123643571230094,0.536153802952894,0.780074741075794,1.48416288385439,1.85080779835506,0.762342367702614,2.50322524057128
9.95452790824385,21.3246820958396,34.20713334658,42.6264031642341,63.2142185933831,76.2411886092042,8,35,57,65,90,111,1.9711989248673,0.155596082911176,0.581843442769775,0.844380792896546,1.497095675949,1.65758031847401,0.689519588041945,2.26208813438298
9.70767947957208,20.9209663327303,34.8092986600079,43.3882942698379,63.9657759443434,76.6842711198954,8,34,56,64,88,109,1.89315042896719,0.177082642718678,0.737071486592031,0.981446476749984,1.54507382617633,1.79543320578093,0.6406692300008,2.34630672885521
9.50275932078958,21.0194804328413,34.660502176768,43.3885311385207,63.8086989554302,76.018166972247,8,33,54,62,86,106,1.82885411204249,0.239871309791124,0.79125928158896,1.10654277235986,1.59014415056805,1.76091624549016,0.648646343308566,2.36663403651105
9.67182357271926,21.4927962570909,34.8133924560399,43.5737483981475,62.6307655417821,76.2314683903474,8,32,54,62,85,106,1.88186720976332,0.316757213441746,0.647485309482335,1.12685418181089,1.59995828923196,1.60618908203983,0.784400275810944,2.37779680185565
9.71609715968177,21.3468821408764,34.863591298726,43.5729031882584,62.5609162086627,76.0603816272952,8,32,54,62,85,106,1.89580132555476,0.297221518135349,0.67786352621914,1.13355984720368,1.58446796287162,1.59136914724942,0.767286987162832,2.33700497990775
9.76046882725208,21.2141463654595,34.9470927200206,43.6076558495559,62.5496344551925,75.9673591188383,8,32,54,62,85,106,1.90978737079949,0.279615199609144,0.712056471410226,1.14475426786503,1.56970549961542,1.58150889329292,0.753584107800968,2.30465735090058
9.7858016816417,21.2251871118286,35.0065266225329,43.6717989133933,62.6160893400254,76.1360147416645,8,32,55,63,86,108,1.91778173329252,0.278219187763414,0.63306941073398,1.07755289196213,1.57113022006655,1.58200356194896,0.678366773133115,2.21160544902938
9.79772073891733,21.1815366737004,35.0059872023315,43.6435482089724,62.2925966850912,76.1241319809768,8,32,55,63,86,108,1.92154541526774,0.272826596242267,0.639500634332103,1.07748294397308,1.56275053112585,1.51926787194592,0.727885253372307,2.20957959276141
9.79741650607555,21.133646627471,35.0051333121971,43.6147839994726,61.9281804320225,76.112669553589,8,32,55,63,86,108,1.92144932896556,0.268253433454171,0.646550299037768,1.07737222215635,1.55432078693691,1.4490376358342,0.785757675243888,2.20768561936461
9.80202924323799,21.0732291948565,34.9695777632581,43.5795112168096,61.9104312831069,76.1359956087165,8,32,55,63,86,108,1.92290628135307,0.262070601556108,0.650290362437922,1.07276649021185,1.55440613957313,1.45267495008824,0.792613171756889,2.21820586974759
9.81574369854315,20.9412936922594,34.9271671607345,43.5131656160529,61.9431057348415,76.2033186598692,8,32,55,63,86,108,1.92723937465925,0.248503490008585,0.663836771146346,1.06728471429996,1.54718511120945,1.47328908286488,0.798415358479791,2.23786335425898
9.82830417584838,20.7828355353381,34.9052344746684,43.4634648913749,61.9668757805906,76.2774527880302,8,32,55,63,86,108,1.93120960439127,0.233070953763724,0.684731061150683,1.06445490748974,1.53881714564316,1.48865087110507,0.806880603039473,2.25512753986649
9.79564106560811,20.8065578763689,35.0942858742199,43.7140939274005,62.4413357962209,76.2511950884651,8,32,55,63,86,107,1.92088860850595,0.238099559376599,0.71041112053828,1.08896075791934,1.5573874324094,1.53579658958542,0.820248021550373,2.32968183701952
9.58873947716512,20.7125634609176,34.9613026563535,43.6407680848953,62.8418898763974,76.721047818167,8,32,55,63,86,107,1.85577559026192,0.248345047473039,0.704318109696482,1.07169587253846,1.57542598497447,1.63729086568968,0.832269688860354,2.4413031807794
9.4186087489951,20.6325233810333,34.8394600312976,43.6078826842514,63.3353113242869,77.1972708256644,8,32,55,63,86,107,1.80258509999775,0.256688163932527,0.69781068660837,1.05598940998764,1.6024093400902,1.7526005453309,0.829279516359038,2.55397132830336
9.29496728951067,20.5637107684884,34.7242294443307,43.6067027564326,63.842401817915,77.5577026369723,8,32,55,63,86,107,1.76413372177808,0.261838563268217,0.690615571904559,1.0412343153389,1.6371514225111,1.86643805002248,0.803959931469325,2.64492286670618
9.45564763348042,20.762692589297,35.1155621944747,44.2254466621098,64.8389182320966,78.2447461144914,8,32,55,63,87,108,1.81413762983017,0.265469063391837,0.720641810467432,1.09173481884465,1.70690572830535,1.80336175219818,0.751598344251325,2.57969509630826
9.65025916144939,21.1134270826759,35.1462033020342,44.397276983167,64.9555897154836,78.2856317321759,8,32,55,63,87,108,1.87508794749233,0.28054424154747,0.6709828894934,1.09573559579503,1.75052545127218,1.79121512368018,0.738999992566341,2.58163547666841
9.83129135288319,21.6034137309078,35.2277186173021,44.5872836462947,65.0467910051551,78.2695969526518,8,33,56,64,88,109,1.93215406242421,0.262954373814402,0.609888742981031,1.03362300768127,1.78420126789276,1.76952659152178,0.721326579410786,2.56318086776248
9.99496267903759,21.9985353110167,35.1549664456128,44.637811422958,65.0173465788165,79.3898467909461,8,33,56,64,89,111,1.98404397624129,0.284865503831278,0.543148278115773,1.02445984005577,1.82263035848195,1.61381830867517,0.817339445016475,2.54931629834954
10.1381711560991,22.6261612204847,35.9875260904983,45.5271882661853,65.7318294181293,78.6710866911424,8,34,58,66,91,112,2.02967088732894,0.2837167584029,0.498198239140547,0.988721353393739,1.84039886699639,1.57739182093564,0.675472247888397,2.37946145101305
10.2063785637203,23.0145810865248,36.0568177313517,45.631008268119,65.6676427385039,78.944645132653,8,34,58,66,91,113,2.05147419416861,0.314851549421777,0.457308224675324,0.997174028259537,1.85121440740931,1.54267943474571,0.640815376548011,2.30341926765882
10.2246551430562,23.4132284599799,36.2808083071867,45.9122401582507,65.7064147547675,79.487403969207,8,34,59,67,92,114,2.05732432026469,0.35405606973089,0.374854413517166,0.956877569832133,1.86917327366485,1.49307447071853,0.719751341110553,2.36074617606725
10.2415829282963,23.8192814540627,35.6571261165703,45.2656847110417,64.7106757509753,78.6366698678082,8,34,58,66,91,112,2.06274563661621,0.396617681737652,0.318521543281334,0.948887340017694,1.86199273500567,1.42267321407317,0.840434951771268,2.43369965597314
10.259331319642,24.2552712351981,35.9428040362034,45.6073366492147,64.8556610788854,78.8824939184886,8,34,58,66,91,112,2.06843277219605,0.445077222151834,0.302982588425631,0.983283957731995,1.87957456852393,1.38357267048861,0.858124425671832,2.42636946820633
10.2731379743473,24.7099221412339,36.2919812227545,46.0224694922936,65.1032900274781,79.209475433629,8,34,58,66,91,112,2.07285897849631,0.499128485345219,0.292321124303754,1.02611426194224,1.90033513212624,1.35058898235119,0.872149204732027,2.42229073346079
10.2824011512817,25.2505089473182,36.6825402399799,46.4858590295057,65.4354609965878,79.5857051687439,8,34,58,66,91,112,2.07582965420966,0.568214983746028,0.277502302420665,1.07503652095505,1.92331363011297,1.32495789754271,0.879975607284326,2.41965893175356
10.2799485963579,26.3875360630314,37.4686959750007,47.4039223685813,66.1952383832691,81.1952001475429,8,35,59,67,92,114,2.07504304528744,0.649347373523273,0.244446021025246,1.10312999968416,1.96507326290487,1.29428527525247,0.926405284655039,2.45540049906222
10.2401015731652,26.6759341739824,37.6786140366687,47.6901286970234,66.3935967349248,81.6949140561556,8,35,59,67,92,114,2.06227110367711,0.696073932469773,0.237361307575798,1.12998543493789,1.98930691912791,1.27737913731498,0.980726849273045,2.50877320805684
10.1941847766761,26.864347660738,37.6967899364187,47.7721016853906,66.4031810889868,81.8244362048077,8,35,59,67,92,114,2.0475729288966,0.730324066817225,0.222384051992746,1.13232479093538,2.00961813672474,1.26351142076709,1.00268582405565,2.52939550455134
10.1418151170236,27.0044616722339,37.6564658388956,47.7953894021941,66.3893305929985,81.7749417770456,8,35,59,67,92,114,2.03083455613745,0.759004497719252,0.207095511468885,1.12713784105622,2.02991115152186,1.25641905356563,0.996139962941322,2.5276946731111
10.083184827288,27.1006879606867,37.5644765277878,47.7666805956333,66.9803914585337,80.8455041128564,8,35,59,67,93,114,2.01212755416151,0.782431515249992,0.19179312592615,1.11534636009451,2.05013844617788,1.25772918566738,0.829827404782982,2.37420985478236
10.0185605574502,27.157790593378,37.4343288350121,47.6990535487062,66.9545727537679,80.6461046712133,8,35,59,67,93,114,1.99154811073715,0.801065199022495,0.177224654035985,1.0987618628568,2.07016159229971,1.26559757784,0.799886738337967,2.36168224473701
9.94835485944306,27.1791121735388,37.2781969320171,47.6043085430432,66.931990348371,80.4224167273342,8,35,59,67,93,114,1.96923938654241,0.815201619993739,0.164022559688999,1.07901875914087,2.08985870899276,1.27922287018677,0.765766642657186,2.34948591614873
9.87303486658314,27.1656809463015,37.1466182913459,47.5439546661959,66.9674192722718,80.221800095323,8,35,60,68,94,115,1.94536191768937,0.824821075805322,0.125621192670766,0.99375156881605,2.11275801980626,1.29739394194475,0.726511663580785,2.33704713383836
9.84503108559139,27.1503961589895,37.0853850982031,47.5233979882238,67.0683439176215,80.1211450068038,8,35,59,67,93,114,1.93649936946911,0.826804050450951,0.152337459154868,1.05486818784546,2.1258575657375,1.32058031913582,0.693680026345706,2.32995577472524
9.81955245848197,27.1224574382666,37.0871405719714,47.5809122888008,67.2660258300405,80.0768669198107,8,35,59,67,93,114,1.92844310685627,0.826420345230402,0.154414717437775,1.05508691439103,2.14383968559043,1.34752602095665,0.655130684058615,2.32168559523411
9.79103882253666,26.2858567036248,36.4777943697673,47.1234695898754,66.4008757454296,80.0211215478792,8,34,58,66,91,113,1.91943528090833,0.789416977064605,0.17085723205974,1.04925659086145,2.19297548754336,1.38932925174512,0.694144986471151,2.42188938553235
9.76022399694086,26.2414163017746,36.4695382443572,47.1687461173897,66.6336128185529,79.3876579864231,8,34,58,66,91,113,1.90971014220888,0.787300914188761,0.173564265856245,1.04822318396059,2.21034213630091,1.42664709139717,0.563201777182276,2.30884363154562
9.72781448253771,26.2075193443546,36.4650715453784,47.1903322582354,67.0959963088166,79.4479693355233,8,34,58,66,91,113,1.8994926089536,0.787070062193129,0.175784046636462,1.04766429270388,2.21880341555715,1.51581162925995,0.506624448260591,2.32045977332874
9.79657239909967,25.9564873298934,36.2587198136044,47.0183319082741,66.7047209841377,78.8584571513811,8,33,57,65,89,110,1.9211827385452,0.826916254436344,0.179184979337973,1.09306084821389,2.22996921140352,1.60298096632764,0.555330215880362,2.48015820290982
9.97866596036651,25.8090248232028,35.9329567848254,46.6342411117338,66.4212487717319,78.3342176237742,8,33,57,65,89,110,1.97886492877677,0.774523057742998,0.165835723020808,1.0515538627174,2.21101628859937,1.62433259020858,0.520613886422771,2.4432240084079
10.1709468548122,24.5953667752907,34.9044010724067,45.4421170373237,65.4666824279275,77.172743770604,8,32,56,64,88,109,2.04014227956805,0.646138172641079,0.179705982721065,0.993194014578625,2.15803219157628,1.67513192289655,0.491598806423661,2.41860653895798
10.3730783967407,24.4049463628058,34.5160769850445,44.9882587714237,65.1408945974836,76.6453686851056,8,32,56,64,88,109,2.10495343342686,0.589457660123392,0.164900137131143,0.945642878979014,2.13687349715078,1.70274229414911,0.464071367215062,2.39295433875027
10.588663211797,24.2359430590595,34.1838450481404,44.651302018901,64.8813349499134,76.2283931737626,8,32,56,64,88,109,2.17450893536203,0.536239531394021,0.153238771103824,0.905842295951551,2.13534957696855,1.71950325046678,0.443092620830977,2.37737174658288
10.8172063224737,24.0925083556546,33.9146318315703,44.4381861766925,64.7044931561,75.9323509472813,8,32,56,64,88,109,2.24871376847051,0.487006429457794,0.144591925172212,0.874194084805633,2.15345649681928,1.72737803564287,0.427512361259338,2.37244651337064
11.0538975343428,23.9577773909292,32.8440016740819,43.2996782959292,64.1857462442784,75.2571875942804,8,32,54,62,86,107,2.32605407668113,0.440104175375361,0.14303478726039,0.878436286413307,2.1315509141169,1.8637948257242,0.407471803727855,2.44543722751443
11.2974643839201,23.8364158839089,32.3079548093592,42.7455602564782,63.6276844837453,74.5790400330698,8,32,53,61,85,106,2.40614220455043,0.396274255196013,0.145966807911401,0.880615712466153,2.12572627415914,1.86291577307696,0.392400454768923,2.41911352305912
11.5463736078205,23.7329672907291,32.1445113251119,42.6625042313029,63.5978337105988,74.4912822274579,8,32,53,61,85,106,2.48849253861549,0.356121789539898,0.141599363406365,0.8611341724267,2.15166007806896,1.87478684362805,0.385231271014583,2.43312065490818
11.7988590947452,23.6517084805102,32.0227672961427,42.6308122086415,63.6256389416357,74.4795048667546,8,32,53,61,85,106,2.57252859512568,0.320094877837878,0.138695541311182,0.84675930167483,2.1807834372,1.88809151576132,0.380367796944877,2.45352655752341
12.0529886944455,23.5970183646035,31.9485486557154,42.6574007747045,63.7201245874894,74.5510266288268,8,32,53,61,85,106,2.65760385349861,0.28852626074511,0.13730734154828,0.838053304255246,2.21347361811361,1.90331272643046,0.377560078776138,2.48066966295416
12.3066993296671,23.5764539149341,31.9274454200022,42.749348201463,63.8975089279097,74.7168060436308,8,32,53,61,85,106,2.74301303119385,0.261934058960637,0.137269156771637,0.835585800645404,2.2502435786506,1.92252354216587,0.376145053115279,2.51563919372557
12.5578218253871,23.6331950475031,31.9888843822107,42.9400795661415,64.2453472939204,74.9644784584411,8,32,53,61,85,105,2.82800059272071,0.243919759656506,0.13760230898809,0.842779370111529,2.29243541293188,1.95801560707438,0.429746166523539,2.6723250112113
12.7303182649577,23.7682982050912,32.1165650271341,43.1333647177415,64.5246006602159,75.0531729028006,8,32,52,60,84,103,2.88662959039275,0.24053394876795,0.172254811233494,0.925066396111873,2.31389993441623,1.9775269412554,0.476706299422343,2.79032238377892
12.7357446939864,24.9367525832244,33.3150621087203,44.9991935124901,69.1480243036781,79.7283880761433,8,33,53,61,85,104,2.88847720202274,0.304296521398866,0.174758197323766,1.00521937919621,2.53428166709955,2.63481856799927,0.484141773404982,3.50645104613417
12.789827025004,26.1763000913532,36.2547459846654,47.5722431417122,69.3695176545953,81.3887070486207,8,35,58,66,92,114,2.90690207497155,0.322306041074404,0.198987753452552,1.02150592719012,2.41275129219706,1.77713988985467,0.461902949369916,2.59897137825612
12.8725757486132,25.9017007908476,36.0796804560037,47.4312820337456,69.852609725634,81.1367439119231,8,35,59,67,94,116,2.93513050280303,0.287881398214687,0.169819535494651,0.933093081304386,2.42401039640258,1.77229609746539,0.37014193068396,2.46909558083189
12.9231373416854,25.761875362683,37.2476458475756,48.6378714220157,71.0166564355328,82.0896377633051,8,35,60,68,95,119,2.95240088699362,0.27038927702526,0.237152503277894,1.00593542419862,2.43677306329019,1.76335905354317,0.243702412601175,2.2118410096102
12.9364650538565,25.8286815206275,37.2145540197318,48.6815294602382,70.9120089172606,81.9173701636751,8,36,61,69,96,121,2.95695602141552,0.232923954210158,0.228493304882512,0.936049630281411,2.46216973187322,1.73232874908231,0.197140949304472,2.08474146024623
12.9089328735767,27.137115612761,37.3064793749536,48.8867531666339,71.0016784316059,81.9566490584449,8,36,61,69,96,121,2.94754736652873,0.356081368684421,0.137368395025494,0.946743218444692,2.49974671986745,1.70828629920466,0.193183243668712,2.07598128241476
13.1052531693156,25.1697301299956,36.1467001648412,47.7196374181651,72.0436524062432,83.7450286945265,8,36,62,70,98,123,3.01474327672068,0.170882285774303,0.160387373872588,0.75837280570363,2.49731036499956,2.04016083774327,0.256444903952978,2.47661708065401
13.2169260942297,25.1901990402422,36.1096743961521,47.3451623904344,72.3287089235968,84.157447780198,8,36,62,70,98,123,3.05307576774818,0.164719159971189,0.156471144494953,0.754534025606453,2.3857163502505,2.18559379264738,0.268227282691354,2.5567356751225
13.2332550881028,25.2332159972732,36.4125542069417,47.4361520960345,72.8102905832284,85.0278434213233,8,36,63,71,99,124,3.0586873577199,0.166508803677005,0.143309776165968,0.730171159686526,2.31612630127251,2.27328380664477,0.305955589051273,2.65929461381031
13.259831980902,25.4685960719633,36.7229961354084,47.382569012316,72.4871154874275,85.2392060410547,8,36,64,72,100,125,3.0678242699093,0.180905061507039,0.120783804256987,0.707334373156711,2.19748154663279,2.21263695450041,0.362088447296353,2.64127859949677
13.1410260908735,25.549423215721,34.9740833196855,44.8172951943944,66.3468536424819,80.4767449281223,8,36,64,72,100,126,3.0270140286609,0.195323767721285,0.0444467810028721,0.545551598546726,1.93592391495792,1.46407269071912,0.461181606371699,2.01650456852906
12.6909998010482,25.1623107847946,35.2358322766098,44.5162002984264,65.3720975116557,79.7377373031799,8,36,64,72,100,126,2.87324816924856,0.20000050768088,0.0659839815159729,0.568358757803529,1.75960505491988,1.33587597249645,0.490202327788986,1.85683718538796
12.1634794704291,24.6958274231383,35.4662803694165,44.2148052165909,64.5204641282357,79.1484387728814,8,36,64,72,100,126,2.69474227882177,0.204598516534928,0.0957774881378209,0.588851341076081,1.5963649403432,1.2345454267967,0.523498810340334,1.73016098662698
11.5956720124383,24.2167389703459,35.6304967409601,43.8882584957395,63.8930153150429,78.7063662240632,8,36,64,72,100,126,2.50486162106174,0.211388583520353,0.129816679138937,0.603689248870528,1.44893547458691,1.18046419736213,0.547655373040668,1.63891881964992
11.0328596601402,23.790691980604,35.7961513339351,43.6159030751479,63.5887014332922,78.53796300022,8,36,64,72,100,126,2.31916011287858,0.222103437483166,0.166878936824304,0.618854562180499,1.32020563941633,1.17477679228921,0.565692250068736,1.58955276444211
10.5175770779673,23.4505706319889,36.0347863468677,43.4777900366486,63.6493878686656,78.6984454817961,8,36,64,72,100,126,2.15152577163116,0.236264505700503,0.208552839685116,0.641048445613666,1.21182989890979,1.2103323493322,0.579110417422392,1.57809772941484
10.080271124774,23.2007594345473,36.3641352810869,43.4981603736338,64.0393086568724,79.1807497354049,8,36,64,72,100,126,2.01119878555891,0.251966677141503,0.255637255715954,0.672349346678551,1.12470241110983,1.27753192499742,0.591662368382139,1.60055033891905
9.76259134750699,23.0220173369074,36.7199812476064,43.6081324961265,64.4905534512916,79.7209420190283,8,36,64,72,100,126,1.91045691936306,0.263964100398663,0.303840451084202,0.707036653196915,1.05657680856663,1.34083845264056,0.603865236367461,1.62779254056654
9.67517608196113,22.7256550995797,36.8780870991994,43.599434939583,64.3045578436346,79.6753941564698,8,36,64,72,100,126,1.88292159841109,0.246037892830785,0.34835071083946,0.722736147640592,1.01100207112342,1.30780162962659,0.623367018260181,1.59770861324286
9.58413927665049,22.4177293514649,37.050500621501,43.6528354369729,65.1672034332409,80.4857181192107,8,36,64,72,100,126,1.85433314803049,0.228167808726437,0.398860246112592,0.740057007547216,0.978815194824723,1.4611332007839,0.616068650437023,1.69274383646152
9.4431369685396,22.4167467445722,37.7469200298993,44.3153332172237,66.8390277669139,82.1512208126851,8,36,64,72,100,126,1.81023379322085,0.239618330309944,0.478381497336062,0.812133654828037,0.969692771432741,1.6611516413912,0.615189512781382,1.84155770029024
9.24134046990141,25.6956480074608,41.1909861672935,47.9414356523296,69.9113025096727,84.8307527775946,8,36,63,71,99,125,1.74751090902123,0.621373472188936,0.566195612213937,1.29125311504892,1.01891486349464,1.55022889021446,0.561712475722242,1.72371297574221
9.04859937317143,27.4759093956693,43.2029112248537,50.078155897352,72.0269235367497,87.0123108129167,8,36,63,71,99,125,1.68804573126388,0.913279306411053,0.597036010354375,1.57118035238195,1.05303152314647,1.54605877395476,0.570532605284554,1.74957623413355
8.88473633978825,28.4721005486808,44.7217125745921,51.7055233165196,73.7853206158001,89.0370738628107,8,36,63,71,99,125,1.63784243673632,1.10705313502774,0.669384143960656,1.79819889061933,1.08295022103337,1.57202273785482,0.606813423030253,1.82768058994921
8.77297716651749,29.4606741265241,46.0131443164886,53.1552896540861,75.3063516148216,90.7682450147528,8,36,62,70,98,124,1.60379358415198,1.30457175846032,0.798397632289391,2.1000204120653,1.12697098482575,1.58621068912177,0.636162346799475,1.89671854528344
9.08178434269279,30.2976316191378,46.8927554542057,53.9903922893899,76.1556418205625,91.7023849191207,8,36,62,70,98,124,1.69825254094709,1.4038194698694,0.80507015079424,2.24711936059831,1.11455095230185,1.58904084083154,0.648192006068738,1.90535351037579
9.89750858059532,30.8135415622202,47.0137951534264,53.6916496838348,75.7549169805807,91.270428423183,8,36,62,70,98,124,1.95311397403234,1.34713726980897,0.744223550485864,2.26767195077217,0.999206964587665,1.56873849836194,0.643752184985829,1.81854142022912
10.5412493329409,31.4312260118152,47.286982040572,53.6667707752413,75.2705543162583,90.4077782352482,8,36,62,70,98,124,2.15917413294194,1.34225339033416,0.69286201315352,2.31433167633099,0.919395563026768,1.4784677107343,0.591086671301008,1.64560743900399
10.8811803656412,32.3175243211801,49.1909679280802,55.5669029997952,77.3711305606778,91.9103301456112,8,36,63,71,99,125,2.26956929127246,1.44606981989412,0.760627735560847,2.53798515794849,0.918375686789258,1.51760324279862,0.512113900854736,1.58625861832964
10.7929073644756,33.1407626169841,48.7084675203893,54.7416037975716,76.4607223617315,90.1946411781267,8,36,63,71,99,125,2.24080183887988,1.62563142058263,0.575747117838805,2.45326938120313,0.828942701105202,1.50093970997238,0.414392466636103,1.40990677868562
10.6668696736213,33.2090072160298,46.8781056815854,52.6045902298985,73.3998970336184,89.4637478649594,8,36,63,71,99,126,2.19984810474779,1.66489328601149,0.350989494616917,2.14231251022944,0.751217786387336,1.32456634084684,0.643233034085077,1.48271750355982
10.5080211112867,32.8440513294529,46.1194961869916,51.7499355325094,70.7495331322699,84.6607946071453,8,35,62,70,97,124,2.14843977955091,1.75439346431121,0.311388858954096,2.11759257524623,0.727343854332945,1.10860480375397,0.376577940010571,1.02706705654422
10.2061567592206,33.6767520346617,47.0114337110117,52.6366179851396,70.5951681203038,84.9741074703099,8,35,62,70,97,123,2.05140321723163,1.99761649190497,0.317188750162322,2.26727026562005,0.726044293122948,0.931362563338333,0.491865063997954,1.02476723280156
9.87518738639601,34.7316365779419,48.1463017028306,53.7119528710037,70.9732840133612,86.312912200301,8,35,61,69,96,121,1.94604347905787,2.30883894600581,0.378486240237899,2.5744304532747,0.711371094570591,0.819947647683003,0.699273924799977,1.11996952766467
9.56462159156618,35.7413716771433,50.7646863589126,56.2355163254324,73.2698711963355,89.5560365093846,8,35,60,68,95,119,1.84821575053752,2.61857599837308,0.652576736519039,3.186184067315,0.688189382416225,0.784999713652099,0.945296389511537,1.27727273156009
9.15414994098751,33.0070876071214,46.5405578857113,52.1680770865363,68.311492813874,83.3523353913088,8,35,58,66,92,115,1.72055600190898,2.08198177511804,0.596657419509563,2.62546180778484,0.7266216261146,0.735637710006291,0.83247276520375,1.16522551723592
9.10838481259865,31.9964451804354,45.7129836590024,51.9511603430305,67.7391617456111,83.5656570291227,8,35,58,66,91,114,1.70644368403539,1.87137401307246,0.623456989573593,2.47443776157236,0.882125951302095,0.767896094469022,0.968276500818277,1.38900314200819
9.22380558164101,31.0908765747479,44.888615227753,51.7382624489511,68.3110657577075,84.4426520311581,8,35,59,67,92,115,1.74208284217214,1.65712156861594,0.556782719507825,2.21984784806857,1.04600948854512,0.894599515275238,1.02322431797403,1.64378359292276
9.45696894368417,30.9321198411195,44.2225683038957,51.5281345417203,69.4475760348083,85.1904066852412,8,36,59,67,94,117,1.81455003493997,1.45355458923032,0.561904968462972,2.10655929528513,1.17287218386229,0.924954173842202,0.953420050997346,1.67847236234629
9.4435894735537,30.8064405549158,42.477946926683,49.8946253707792,67.148945554099,82.6696710736713,8,36,61,69,96,120,1.81037496255939,1.43193499281992,0.253723044134011,1.63777291157012,1.2043432056534,0.818858270260487,0.816470818606812,1.47407281999255
9.40261976127153,30.5387658381587,43.1488322157311,50.5782451975995,67.0253098522076,82.4836828131053,8,36,61,69,96,120,1.79760287086081,1.38866452727369,0.346698245668956,1.7394962473653,1.20796336569441,0.69769879433659,0.806325292998336,1.35216750531405
9.41533603956591,30.5161331205887,43.5145008867518,51.0334356789741,66.5629540313119,82.7763098796781,8,35,61,69,96,121,1.80156507615082,1.5025239612691,0.334152505390212,1.79602926206327,1.23348841528016,0.570697604543,0.835549950859928,1.26325456139938
9.48283703770097,32.1447101823718,42.4819650588274,50.2320403408224,65.0538545402897,81.7604817906347,8,35,61,69,96,121,1.82262787801693,1.82312479257135,0.120007926425875,1.6383743780446,1.29999293344678,0.480957636453657,0.917013091937417,1.26550125671825
9.40002123419152,32.8764501670603,42.6870261764413,50.5578870522489,66.0289017877629,83.6226196226235,8,35,62,70,97,123,1.79679343319452,1.99889486097971,0.0724897806444867,1.58151894599959,1.33507954973669,0.563002121260107,0.967965487189072,1.41400708593004
9.26451095298278,33.0382773329177,42.8353184420689,50.7657161768143,67.1494514446839,83.4374751181292,8,35,62,70,97,121,1.75468901577317,2.06441629375267,0.0719364129326446,1.60330533051547,1.35245614961457,0.688559691493331,0.945618570953484,1.53408891825083
9.13103026908134,33.1618271702251,42.7489745004102,50.7612926656345,67.3874137942016,83.6641922636382,8,35,61,69,96,120,1.71342361345242,2.12162339898282,0.0814521742449457,1.67855371445436,1.3764525473514,0.723830772581795,0.943669687648722,1.58056139224229
9.00136670306692,33.3369283889384,42.6880072151427,50.5661577239849,67.1409856337218,83.5415955167229,8,35,60,68,95,119,1.67354118369349,2.1901234768716,0.0908863455192366,1.76034400082531,1.33720424204533,0.716300971867022,0.965220528745409,1.57136562517379
8.90076799270456,32.4482280992228,41.4831437294101,49.2519694298291,65.4463516507595,82.1512707064506,8,34,59,67,92,116,1.64273951762137,2.16348939134537,0.076024829563663,1.66637888766228,1.30542491848083,0.832480293943272,1.01901091555568,1.72464209799468
8.99318072984793,32.3474295454192,41.517935486927,49.399751715541,65.7902264147624,82.6037175694537,8,33,59,67,92,117,1.67103013346954,2.27524541506069,0.0639809473075795,1.6716988309299,1.33827298562004,0.864435121864185,0.93507585759634,1.69671471391472
8.95247180860504,32.3171975097418,41.2571359702297,49.1776650312408,65.6587076188059,82.085632378589,8,33,59,67,92,117,1.65855482722571,2.27770407803843,0.0554679952753223,1.63199591019538,1.34957215280658,0.879364551811567,0.870430748929428,1.65702767424514
8.60346282875575,33.3182090534775,43.3173313079538,50.6395461344085,68.3301443393259,86.9206058169828,8,35,62,70,97,123,1.5524532526211,2.27634184710104,0.0804879455682961,1.67500432034527,1.17757433031152,0.887830208200169,1.14270177978837,1.80986816751835
7.80237684053203,32.6682735163105,42.7966695444518,49.8833979589925,66.1657184075213,84.1077679602096,8,35,62,70,97,123,1.315158268475,2.31101085440354,0.0862874880248233,1.59761481920052,1.11151237523361,0.674037841377684,1.02769822116931,1.46716281465256
7.04059730464776,32.0252483849236,42.38591942795,49.3495889275475,64.0425964016935,81.2433175438808,8,35,62,70,97,123,1.09868608896518,2.33836772266912,0.0973640781353874,1.53767963180425,1.07738316757044,0.465422650013945,0.902353589921407,1.13585110517493
6.3677035257099,31.4448541375935,42.1588723052946,49.1632631200925,62.4054133916311,78.9926100437353,8,35,62,70,97,123,0.916198249638305,2.35974801785981,0.115860374667541,1.50497817258888,1.08864626604696,0.308153873727653,0.803828249522357,0.892376100308672
5.86881471025966,30.8336317330606,41.9901001134897,49.2133821443828,61.4668096382572,77.9914695975275,8,35,62,70,97,123,0.787014615195023,2.33379143790356,0.141877611549707,1.4808694424965,1.14970225088831,0.22034776404141,0.794060069336025,0.800474446841934
5.78079777667885,29.7179554146833,41.0920088094052,48.6444469734474,60.5305097593529,77.7331364256989,8,35,62,70,97,123,0.764819724153797,2.10072186065117,0.155853430346296,1.35548063409729,1.24307496090941,0.191840199042246,0.902667083468424,0.870673594020375
5.70252005640151,28.3520408460128,40.0957218005504,48.0112517306061,59.744106088534,76.9831280308915,8,35,62,70,97,123,0.745239368830289,1.82050246201249,0.181395167121785,1.22222793803163,1.34811177805351,0.180614739827499,0.908663526527872,0.898469673877193
5.6348346315245,26.7564340751571,39.1575451260083,47.4684977360756,59.247394808636,75.8410286477145,8,35,62,70,97,123,0.728431330754335,1.50664761888527,0.232439846420227,1.10254224238178,1.46475656707856,0.183947188182393,0.804836659499124,0.875423681466902
5.57815915176696,25.0491037193989,38.3504463763628,47.0847838037222,58.8450246126079,74.6395410734793,8,35,62,70,97,123,0.714446426724438,1.19291562711499,0.31391754674633,1.00420646442965,1.5920582855873,0.182592645985261,0.683903102989539,0.831685301674238
5.52318913892426,23.4347537870315,37.0907314019782,46.2919988767717,58.0640726029945,73.2965428974431,8,35,62,70,97,123,0.700961099692427,0.923665713173025,0.349629619089603,0.859539583560189,1.73511127151265,0.183451105671994,0.604152209987193,0.822590348682521
5.47898572073888,22.2775460533418,35.574694842784,45.2506513297402,57.2159923249321,72.0955879659769,8,35,62,70,97,123,0.690174045659734,0.749401235764151,0.31350731784661,0.700169282349603,1.88316705888028,0.197802244755754,0.556412508448157,0.857258663814558
5.49482457115353,22.4203048311217,36.6187006675021,46.4482760924185,59.0999674848682,73.2363144314509,8,35,63,71,98,125,0.694033351509725,0.768472377697874,0.353030943876449,0.751163735857243,1.93161152472456,0.253782910367095,0.401189456137396,0.808049862304973
5.54303964779778,22.9698220198718,37.7507524223961,47.93876944477,60.3381067256617,74.071611788675,8,36,64,72,99,126,0.705821842068246,0.759026227283018,0.415147355855234,0.812539600998192,2.04560018344542,0.232292467873129,0.357704436678928,0.776560937672173
5.62182102749058,23.0437691454835,40.0972226432557,50.2234822964211,61.987803712349,74.1174266760139,8,35,63,71,98,124,0.725212941218659,0.845075688780321,0.704706684283201,1.14952844783604,2.02586797018083,0.182888424400782,0.250925691352209,0.60193348738885
5.59170488552214,23.0734451825022,38.6015607891237,48.8682280446692,60.2122781984117,72.9745435032771,8,35,62,70,97,123,0.717781438482637,0.854513262786292,0.57051251380938,1.03433617827002,2.07078433189373,0.15387970832473,0.310279399678639,0.635163220982557
5.49241541430764,23.3346588626439,37.3707799666464,47.5967132146054,58.6507368399065,71.1975737241174,8,35,62,70,97,123,0.693445909851495,0.912359054315698,0.390132567427149,0.89075566058583,2.05773354990884,0.135568063100874,0.28930927453805,0.584112126663947
5.46090139149474,23.6613288916954,37.6401434500685,47.6296730370917,58.6133751572338,71.027091888257,8,35,63,71,98,125,0.685775680136692,0.971406949097684,0.330967149336637,0.859592478194013,1.98231705469424,0.131336895165131,0.23348872512491,0.499727008177744
5.50881965600948,24.0692375305599,37.3444928497759,47.0692237811163,57.8118043164191,69.7735894002727,8,35,63,71,98,125,0.697448877726891,1.03229280672422,0.265350475984557,0.827459287465669,1.89852106197211,0.117443407917062,0.197532584941175,0.423287150010502
5.64025233306456,24.5582617703977,37.1204698545203,46.5258549489045,56.9934947400573,68.408401187191,8,35,63,71,98,125,0.729772444476617,1.09426200247487,0.206869731257323,0.80351573784509,1.79846435235039,0.102752203783625,0.158564885847814,0.341377687607911
5.83942937356267,25.0838653539744,36.9138039094214,46.0228708442615,56.1847618362122,67.0494452766276,8,35,63,71,98,125,0.779583868794945,1.1520934138131,0.155302511677823,0.781738652959931,1.70665384281925,0.0878325149629771,0.124360381730762,0.268814073985578
6.05178541718949,25.5020979445914,36.6620390464554,45.6406532217417,55.6409948937875,66.1221599748003,8,35,63,71,98,126,0.833740771421987,1.18917405470891,0.115617640448165,0.755615374951641,1.66656386072374,0.0805414443349752,0.0825385686346144,0.205915181745755
6.19716524645315,25.8583891367122,37.0199509111918,46.1150803953608,56.4877025979294,66.7892850453717,8,35,63,71,97,125,0.871413580041802,1.22763920865983,0.115705103083964,0.792886294695191,1.70236088149347,0.122057944938852,0.0749474702869885,0.247874040791976
6.26511709558119,26.4434436137484,36.3586309101331,45.8280981611272,56.3857921118372,66.4154701064625,8,34,58,66,92,116,0.889182901504652,1.44395202355542,0.150961373640158,1.03438736228746,1.81845195317361,0.133131962175557,0.159018844064013,0.39891913610663
6.30600250174565,26.1734281251061,40.0814541986996,49.1152451318676,59.7491811114689,69.6282377455301,8,34,59,67,93,117,0.899922722488161,1.38287914011837,0.499776333986981,1.4581262505788,1.68349533821732,0.13786387334163,0.148469364571678,0.36115642907943
6.34535554612538,26.0727864503764,39.9418365954442,48.9032994589782,59.5405359114755,69.4464374318931,8,34,59,67,93,117,0.91029392234584,1.35570135720523,0.494782113316306,1.4380444782661,1.6613084007255,0.138070959798266,0.150318590520549,0.358128290339673
6.38296193470156,26.1360725206366,39.9552473047894,48.8853805574536,59.5229466546406,69.6460406979426,8,34,60,68,94,119,0.920235589224235,1.36067150282498,0.424257254226831,1.35800769680005,1.65171779465404,0.13809165342311,0.134425314599413,0.335747968807507
6.41863859157403,26.3097419200438,40.0369515693477,48.9615471958212,59.5822520663873,69.7054779569322,8,34,60,68,94,119,0.929694675077871,1.38749574291895,0.413621074938671,1.36937353951632,1.65002387752335,0.137035565733966,0.134433646877026,0.334226260216976
6.45227048937541,26.5283516997297,40.1318154194551,49.0662504932603,59.6464674117782,69.8626442814799,8,34,60,68,94,119,0.938635997108563,1.42375905519344,0.399522314793752,1.38262279762674,1.6530339499067,0.134519495635059,0.140384850234083,0.338493983188122
6.4838485374284,26.74346555038,42.0853667421261,50.9348031428439,61.4482216573952,71.5501857061971,8,34,61,69,95,120,0.947052646329948,1.46008134170402,0.546193455295712,1.57946619341082,1.62707089918792,0.130429604525187,0.133093969649972,0.320490051150008
6.51364452253257,26.9305656858614,42.1960106844878,51.0418134637533,61.4573644822442,71.7385333670054,8,34,60,68,94,119,0.955013143239855,1.49147959710904,0.608706273916137,1.68461576939736,1.62596300921391,0.124574755967616,0.144637488619727,0.325690351366363
6.54572728738633,25.075387300464,40.159833266094,49.0798706242026,59.2082536031302,69.2094141599846,8,33,59,67,92,117,0.963604885282197,1.2441790650227,0.583903785422569,1.46945317402362,1.64862982280238,0.134759799197542,0.126851791304369,0.326387151769151
6.21396189460162,23.4318158885699,33.4211077016526,41.9913501897208,48.155239367077,58.4528884170675,7,27,48,55,75,96,1.05880764085325,1.63219658407927,0.281815505744523,1.42840450800419,1.7821891571867,0.0436720053704477,0.315257988860396,0.407321029618862
6.25199027475719,23.4011707453079,33.3661907664757,42.0007561138328,48.171841809252,58.4543484136922,7,27,48,55,75,96,1.0697824929262,1.61661852007731,0.279264986377737,1.41987887323434,1.80297277454955,0.0439298827879111,0.313571005311126,0.412098998781984
6.74235010931286,24.1675092215888,34.1777561149309,42.7586835972436,48.6957359514848,59.1321960340676,8,29,50,58,78,99,1.01671097627325,1.53281527617247,0.284027160583343,1.36415297702788,1.54565620100292,0.0360512209332157,0.330935901182376,0.359508685243783
6.67576875614856,24.0646495830263,34.3075330896255,42.6918301818407,48.4630681659589,59.3259222762276,8,29,50,58,78,99,0.998642248864294,1.52488927349191,0.309178439292474,1.38366918425029,1.48663661587504,0.0310856297624177,0.381469520346228,0.364519071680961
6.65694087380093,24.2541881405474,34.9631089634826,43.0684841468415,49.9594610533649,61.0106243184725,8,30,51,59,80,101,0.99354855171602,1.43215483887299,0.362816866200267,1.39398506937164,1.40383124073266,0.0561189927995406,0.404907554740532,0.406304219467079
6.65679611059887,24.0891241898165,35.2381595744723,43.1687714601801,50.3761652217614,61.611522335411,8,31,53,61,82,103,0.993509414592378,1.2704564558074,0.35435918262007,1.26418590119098,1.35251874878261,0.0700031693734743,0.428484752890511,0.433740396432318
6.68460638574955,23.9311451193905,34.3791892785085,42.0357742111779,49.5422326865033,61.2048793501255,8,30,52,60,81,102,1.00103559180202,1.35917954122872,0.278051087473198,1.22445877962442,1.27299101633391,0.0849680639434251,0.485608109136858,0.473443849284417
6.72196556891638,23.8053765257068,34.4748891247684,42.0750685738962,49.7119889784268,61.4328143400716,8,30,52,60,81,101,1.01116986158002,1.32570390655956,0.301135330885823,1.23795672839144,1.25676696214491,0.0920704363565451,0.572461530799723,0.534715144284019
6.76258719442363,23.6785365884232,34.5933055941945,42.1779381338994,49.923189396852,61.6740702654996,8,30,52,60,81,100,1.0222199822424,1.29165423364585,0.327807988199851,1.25474962793726,1.25230413176886,0.0982365852831178,0.665620377821057,0.600252634643295
6.80721937927402,23.5459317348911,34.7343821717818,42.3344223709962,50.1713966166452,61.928976645262,8,30,52,60,81,100,1.03439780556642,1.25597013935006,0.35892840987003,1.27488664607754,1.25672697238399,0.10364920267622,0.666730114868086,0.612114193080089
6.85575072555863,23.4061666557296,34.900584057807,42.5379511925383,50.4549068330923,61.9660540821623,8,30,52,60,81,99,1.04768271196568,1.21846366121546,0.395384864976911,1.29879125772975,1.2674576440049,0.108513163222958,0.721852882535192,0.655879923583018
6.90767036790824,23.2573526961192,35.0979553044535,42.7886622501478,50.7656395256079,62.2776120310265,8,30,52,60,81,99,1.06194441940163,1.17894628631176,0.43870882410135,1.32743194470019,1.28283019733278,0.112251847590282,0.721997574485471,0.668441276457742
6.96229120189435,23.1009897391617,34.969248098407,42.7320992123984,50.6763939985065,62.1484196290667,8,30,51,59,80,98,1.07700247844045,1.13793921683186,0.514279396613238,1.39490678048892,1.30369349095392,0.110206660675294,0.715007237581619,0.668387650139906
7.01894882738621,22.9284036143767,35.2284863104881,43.0475856390975,50.9619897491766,62.3513215942082,8,30,51,59,79,97,1.09268023658255,1.09400863253483,0.576924392698904,1.43406671100167,1.32001603108311,0.138354311969041,0.700624820926389,0.723596734505256
7.0770470054618,22.6907972351521,35.4123583783213,43.2695121134799,51.0535455729379,61.4773645143928,8,30,50,58,78,95,1.10881737611132,1.03832554012397,0.732825752938835,1.55457546717803,1.33108654953527,0.128991788032875,0.632309118948111,0.664883521291196
7.13609469875136,21.468712541576,33.3054115075342,41.3407389594665,48.8816266140013,59.2312778624079,8,29,48,56,75,92,1.12528049111473,0.912668430368488,0.679895062492533,1.41046839693513,1.38321039873056,0.144247168925352,0.619734250010326,0.711411988759395
7.19569220610641,19.7976361036437,31.8971213357629,39.9087476822441,47.2398253137541,57.4733998905591,8,29,47,55,74,91,1.14195970534521,0.622618028169685,0.827932497463868,1.28548952743379,1.37624948034426,0.128535264200075,0.600265656777908,0.6709382848739
7.25550994326443,19.1872863608801,29.7053252958661,37.7364098134094,44.9334460709845,55.0512901890009,8,28,46,54,73,90,1.15876317955724,0.604842641451254,0.556585567882053,1.0526876915766,1.38196365828878,0.119041668470547,0.581115458793533,0.64491141962771
7.30219490931606,19.639356602749,30.0403490241594,38.3690162086179,44.375106916293,54.7884379697097,8,31,49,57,80,98,1.17192057944531,0.43498737745757,0.538320489927409,0.875085791561172,1.47003434757713,0.0131018762370517,0.540233392497496,0.343605616611855
7.3703381129167,19.4547654770571,33.2022894784034,41.7891559794876,47.9416956749205,60.9655707763632,8,32,52,60,83,104,1.19119256472428,0.34488433012265,0.913989790733969,1.06392847607003,1.54744686302483,0.0152520677135034,0.689021827817563,0.464272046889262
7.43158270242806,19.9702196649793,33.6743495370155,42.2364064053368,48.3224009749409,61.7875319932596,8,32,53,61,84,105,1.20858044116669,0.396237455758694,0.802044546316685,1.0515386067195,1.53996965024273,0.0142453175011804,0.761518696002224,0.495339357569612
7.48036981971287,20.4603239926024,33.9659949945746,42.5265557837903,48.5514811490666,62.1504530256963,8,32,53,61,84,105,1.22247629777071,0.449524141691508,0.768331476985121,1.08984524860235,1.53951901696862,0.0133650900272336,0.784106357251578,0.50179992833293
7.52118783765015,20.0062935875268,34.368413931945,42.9742276051731,48.9643773241664,62.6932093601882,8,31,53,61,84,106,1.23413251999435,0.453675674365132,0.815582391697529,1.14372979411952,1.55316269293064,0.0128821025876944,0.711399140313921,0.467884717635273
7.55635700201467,20.1904553459227,34.6802834491196,43.3197339821952,49.3036624842562,62.6127296328618,8,31,53,61,84,105,1.24419747779368,0.472876899033934,0.837308545984818,1.18629964631689,1.56332159223382,0.0127970744862375,0.735529000485748,0.479157242221725
7.58706188438067,20.3008904210937,34.9811915831374,43.6604535386349,49.666106149361,62.885791098834,8,31,53,61,84,105,1.25300123252826,0.483307447829902,0.870147074866952,1.22803539910904,1.57536438237614,0.0130957996594287,0.720814914686237,0.476689584647759
7.61396339071376,20.3625252745682,35.2648985364171,43.9875280751456,50.0456898383498,63.158842278902,8,31,53,61,84,105,1.26072697294822,0.487885039664564,0.909079761007943,1.26797431317787,1.58850624564577,0.0138390302489538,0.703441955166296,0.475747122885535
7.63751269514093,20.3891199746954,35.5285998949379,44.2964023625814,50.4399872943997,63.4177212014198,8,31,53,61,84,105,1.26749953303718,0.488287371254083,0.951401560272176,1.30560408230876,1.6022208688503,0.0151136543845881,0.681619098362592,0.475320926387717
7.65801834576002,20.3889418043573,35.7709555034628,44.584264052368,50.8474004071772,63.660841658652,8,31,53,61,84,105,1.27340397381257,0.485557881461628,0.99548023443712,1.34061445101919,1.61606290633529,0.0170386998694097,0.655539895172255,0.47538850837745
7.67573745626142,20.3674794218428,35.9917950164991,44.8497172030479,51.2667791990279,63.8891817655721,8,31,53,61,84,105,1.27851143256587,0.48040721796541,1.04029568332463,1.3728691671811,1.62965885692926,0.019771354211648,0.625770312446957,0.476051533915879
7.69093545443422,20.3291079687818,36.1903686670995,45.0908449267213,51.6955944894917,64.1036204844255,8,31,53,61,84,105,1.2828961505501,0.473407277171003,1.08485716372557,1.40215645597018,1.64265037534826,0.0235124617896043,0.593087129727573,0.477455583897112
7.70379906419409,20.2777407991084,36.3687612394926,45.30851157464,52.1335519754147,64.3084440712889,8,31,53,61,84,105,1.28661023048873,0.465078594324729,1.12874846699563,1.42869532980538,1.65466048559621,0.0285129182771694,0.558429035679584,0.479799643545818
7.71455047967961,20.2176458355381,36.5276994530305,45.5020572985536,52.5780335317256,64.5054422399012,8,31,53,61,84,105,1.2897164590694,0.455973873300724,1.17120241358847,1.45252061900112,1.66525931105585,0.0350632163312225,0.522667261089878,0.483185843775303
7.72338800226321,20.1534733784181,36.6699064382368,45.6729095047195,53.0282048084467,64.6973348878941,8,31,53,61,84,105,1.29227109720038,0.446681317830594,1.21173955992072,1.4739811974222,1.67404323672287,0.0434928855152527,0.486500580176355,0.487625584036704
7.73050328221982,20.0908097441687,36.7979065007266,45.8222593330232,53.4825747287232,64.8873659633301,8,31,53,61,84,105,1.29432878081723,0.437886023767862,1.24964340147944,1.49341292906293,1.68059654852441,0.054149992551917,0.450733600410217,0.493198950405156
7.73608339789886,20.0372900180349,36.9170981279488,45.9540700026388,53.9405220035055,65.0551672039113,8,31,53,61,83,104,1.29594306111015,0.430502842610205,1.28434805330027,1.51160503446273,1.68447256613497,0.0876565990480451,0.41296109202484,0.546649095375647
7.74026717063545,20.0044500338455,37.0363437600953,46.0757362776285,54.4112587610478,65.2637705205944,8,31,53,61,83,104,1.2971537104172,0.42590855449848,1.31519476127607,1.52989910894491,1.68521630216679,0.107212071236995,0.380201945511004,0.55526577652578
7.74324552864372,20.0104621507386,37.1715301160622,46.2021107522124,54.9056491223776,65.4957492970159,8,31,53,61,83,104,1.29801571800802,0.42628411466327,1.34160245873874,1.55075156631096,1.68250921615128,0.130470766478029,0.348734174114034,0.564678660278916
7.7451534249627,20.0844088864938,37.2393440258713,46.2626633511958,55.2711439845661,65.5678797572235,8,31,52,60,82,103,1.29856798128631,0.435249217763759,1.47411704317308,1.65526538554392,1.68027918594643,0.151821839854656,0.315156112726874,0.565100354135817
7.74611210985026,20.246414114811,37.5903128342643,46.596452477645,56.0113739559229,66.0472159637774,8,31,52,60,82,103,1.29884550546213,0.455616653783153,1.51508120942011,1.71187858084299,1.67500566176255,0.183221341778682,0.286740666284339,0.577715545090481
7.74625407586991,20.373132488615,38.01958924459,47.0333649648781,56.8160895279486,66.5927162082894,8,31,52,60,82,103,1.29888660360735,0.471937697611501,1.58146573274875,1.78218461850541,1.67734921079644,0.214526743470222,0.259878451343806,0.589261719798685
7.78035362264327,20.1722737988953,38.3275392845241,47.4120231460388,57.1769195347337,66.6925217679775,8,31,52,60,82,103,1.30876726092912,0.441860335772717,1.69524568398641,1.83332915321422,1.69908342332927,0.212946256245885,0.234228458079239,0.568667441482906
7.81449995133336,19.7261953339806,37.949073029599,47.0407767106049,56.6608210372302,66.2234143814582,8,31,52,60,83,104,1.31867951614884,0.383375991019338,1.71056210730179,1.77055619906148,1.70130603436755,0.162913801933943,0.238741653872288,0.51001067130269
7.84761514556654,19.9690865164677,38.3905165372885,47.5632925760342,56.9065863863236,66.6071684871377,8,31,53,61,84,105,1.32830957100322,0.408424014421825,1.60884988457542,1.74409272236782,1.72630673524024,0.14311532795942,0.252260013282744,0.504732668358096
7.88150852187043,20.2412146383257,38.6402569220449,47.954401081355,57.1143099999741,66.9163312323646,8,31,53,61,84,105,1.33818326563258,0.437810719122728,1.60395701234037,1.78485970673472,1.77008609052842,0.130816382322586,0.262449152325475,0.510169670657508
7.91598304725132,20.531137045301,38.8006540523128,48.3051204754212,57.3683993672652,67.2106917808682,8,31,53,61,84,105,1.34824412973765,0.470414423600745,1.57574926906887,1.81124549345821,1.82938783165676,0.124597930371443,0.266553039313262,0.522540352669262
7.95079313389626,20.8663514280217,38.9166585206273,48.7387793277692,57.8076859379709,68.7250303859826,8,32,54,62,85,107,1.35842108105832,0.441543974998562,1.52840364222233,1.73193060886346,1.92925490179392,0.124955141374246,0.328094207431606,0.606152713686195
7.98567090149661,21.0277648918494,38.9500783858118,48.9580150456496,58.3162471310592,69.0178629173514,8,32,55,63,86,108,1.36863599002631,0.457290321933715,1.36871768239657,1.64242795278087,1.98816900547177,0.144145947131697,0.304560703146447,0.632251950979142
7.96531433429573,21.2664265880947,39.1064870722956,49.0104948201466,58.0632537460178,66.3326769441477,8,32,54,62,84,104,1.36267180959243,0.490350168611637,1.48346621236889,1.76256908492179,1.95517363263033,0.155079344254287,0.165780878597351,0.510156488468913
7.74188707059438,21.3405911940059,39.0242594457478,48.8748915860357,58.0745928761902,66.8621520534303,8,32,54,62,84,104,1.2976225307893,0.529683941071182,1.45034449406384,1.74927027596844,1.9382713179388,0.166175779773817,0.210860245997226,0.569024943410543
7.55926142240925,21.2867455695126,38.7835799940717,48.65098258755,57.9390889168888,67.0555128142731,8,32,54,62,84,104,1.24502958443461,0.547145768395073,1.41112236384615,1.71058417504469,1.94357877593446,0.173063500736089,0.24254888003165,0.612821016288683
7.43794611528679,21.1963346305429,38.0841594813835,48.0761247657745,57.4587121033551,66.5116019275418,8,32,54,62,84,104,1.21039066842506,0.551375379787903,1.2859673806223,1.60021348460734,1.98309120977967,0.180600344554387,0.236242612984358,0.628917209551083
7.40066930199743,21.1906050119547,39.3443388651306,48.8872495094268,58.3343882958218,66.8788558554921,8,32,55,63,85,105,1.19979599183477,0.555708529266321,1.41604757265827,1.70448077650255,1.84141584564683,0.185853987774416,0.188967265552922,0.53940898528992
7.45775781669359,21.3731093397004,38.870752787045,48.4708830836672,57.8631210849737,64.6407464970074,8,32,54,62,84,103,1.21603089839895,0.573089713995575,1.41129138062045,1.7245547286211,1.85934830099059,0.181380401248933,0.0920657030057673,0.426301482215254
7.57532474959288,21.2710969624195,38.0148577084536,47.88100706092,57.1038259028511,63.3708351009397,8,30,52,60,82,101,1.2496341417758,0.706126731707192,1.25698148278263,1.78140339679607,1.94318205281048,0.167961532912655,0.0647200231714216,0.391610151691977
7.73559503868826,21.5804665814725,38.702120020657,48.6232765186016,57.5713541224332,63.2670958364178,8,30,52,60,82,100,1.29580176348103,0.730037825930594,1.33352465347811,1.8963265400785,1.96061036303019,0.1474424167864,0.0569945805855837,0.368930887047541
7.93040881004519,21.8856510993783,39.1857711452857,49.3297056273309,57.7262890666367,63.0263726526868,8,29,50,58,79,97,1.35245938705478,0.845550393845091,1.50555638800922,2.19830189944264,2.03151141862039,0.140522236226899,0.0406974489083849,0.351781945591932
7.91586729252404,22.1078204491957,38.9878391553682,49.0761894747138,57.9824838262413,63.1006185427653,8,29,50,58,79,97,1.34821031847098,0.887410427480122,1.41521740852813,2.16237306515508,2.01377431040696,0.179909383773359,0.034365224648306,0.373572304832419
7.88151439163767,22.5288839847136,38.760817082478,48.9864667360265,58.2765438179067,63.1966287741162,8,30,51,59,80,98,1.33818497710404,0.864432624485257,1.27975361164169,2.01183277677863,2.05764274593197,0.213210977917411,0.0282612236269302,0.400376961005783
7.80185225923381,23.2707266284145,40.1702893810351,50.1839500578679,59.4696401217919,64.5163112214072,8,31,53,61,82,101,1.31500595103065,0.905423467568157,1.2883397005896,2.04287165884913,1.98998948053319,0.212812722607745,0.0219996680627706,0.351646875514408
7.7225000996598,23.2451851950319,39.3179550373853,49.464644344359,59.075905003758,64.1125322022702,8,31,53,61,83,102,1.29201437832193,0.914771690017201,1.12523783812853,1.89741158292571,2.03239129497693,0.199592054101017,0.0217667173546536,0.347153120391415
7.64608277844781,23.7427006434309,39.0484318407929,49.2888597868531,60.623829108596,66.0181008717295,8,32,55,63,86,105,1.26996640687741,0.912670574778088,0.877321495004705,1.65781762980971,2.06237565116452,0.318598533336107,0.0311686136596077,0.486474138230681
7.57286796486217,23.6616380335755,37.2966487378753,47.6927971125066,58.8011174443655,64.120808600479,8,32,55,63,86,105,1.24892963323333,0.911329896635919,0.611456784661369,1.39292373750032,2.11237567039191,0.294814484508265,0.0290148053255736,0.473306377997668
7.50308984250736,23.5794130286352,36.103407553083,46.5852815490272,57.5235980461808,65.1303771660349,8,32,56,64,87,108,1.22896097975919,0.90920519371533,0.394526237270157,1.14687992437348,2.14000023524351,0.27760500319252,0.0903982364501163,0.581524994917785
7.43697915089791,23.4881874001985,34.9189492927641,45.4375661046202,56.2561522482284,63.7039216768398,8,32,56,64,87,108,1.21011554849213,0.904924240742352,0.277378660042408,0.994996896749117,2.15186159350953,0.265811635842023,0.0818875067962123,0.557994626625934
7.3062588955638,23.2627248181876,34.3746027598244,44.9442892259535,56.0192465657927,63.3328613738048,8,32,56,64,87,108,1.17306772025607,0.888849977907777,0.247249937368788,0.928594615119127,2.16836889263454,0.291394355030044,0.0751103674036467,0.57479258624202
7.1776817162773,22.9787312325992,33.9527037483855,44.5914325260065,56.020232275096,63.1207693316499,8,32,56,64,87,108,1.13691260843649,0.862740255905714,0.234798140420073,0.878636788168227,2.19072389383096,0.32872366318706,0.06509356333571,0.595477084999364
7.06393398126251,22.665205107254,33.5539833547537,44.2836620115774,56.0809560939688,62.9177633347713,8,32,56,64,87,108,1.10516981388905,0.829655757496369,0.227281081453301,0.832651294428974,2.22023885665279,0.370046930679873,0.0539377816850554,0.615112518805372
6.96607067778685,22.3326454061613,32.6031525737539,43.5129421864392,55.5895874907075,62.1985854884313,8,32,54,62,85,106,1.0780464624809,0.791486564495759,0.260240000530861,0.850069134152066,2.27890758772665,0.403006045631606,0.0453733075012174,0.638775689407433
6.8846240128884,21.8166255248992,32.1744150745564,43.2601446284048,55.6007902189715,61.9983087307176,8,31,53,61,84,105,1.05560760733647,0.814328573130803,0.268918872270904,0.86468287663531,2.33649241382282,0.435423105178428,0.0382784707871673,0.662558346253301
6.77033681750946,21.6236439696992,31.881778019799,43.1892054502851,54.4954617306564,59.7964078870238,8,31,53,61,83,103,1.02433170623792,0.801314262306862,0.259021866059871,0.830258190647349,2.40942873760822,0.372758866885341,0.0195871988523764,0.576646364623142
6.62189482172588,21.5969836656891,31.8450282749262,43.5574544297455,55.0035180576386,59.9937787385186,8,31,52,60,82,102,0.984085887537169,0.821491426935133,0.309748808105285,0.891765479414255,2.54370488788706,0.389507870622398,0.0138897159991311,0.600222022411961
6.53410420297578,21.1159191674607,31.402520321551,43.5248482421768,54.8643597722163,59.6905168118921,8,30,52,60,82,102,0.960489809950157,0.853103026019221,0.261828985005596,0.838747260443557,2.680899913665,0.376709963653378,0.0114199852466258,0.614473855690023
6.53805830803258,21.3632684885201,31.5536768399968,43.9143563640843,55.06013639845,59.9798544611072,8,30,50,58,80,100,0.961549232094624,0.895473778879132,0.362164446795082,0.99610398558597,2.76124439903752,0.353983110339018,0.0127848819800893,0.628785435851669
6.63805796161627,21.6146849666345,32.6361668736896,44.9697477321161,56.1187158525524,61.249368042705,8,30,50,58,80,100,0.988447010129885,0.922250580230351,0.470847113168554,1.14166016653098,2.75208947405239,0.354351409943799,0.0162914330000219,0.648422214518848
6.89530374561841,22.3205201189997,33.934170027196,46.2114567563388,55.2117008072817,60.4024201919887,8,29,49,57,78,98,1.05854286292233,1.11813957313748,0.556311597356288,1.41641857650543,2.733087853673,0.187773144576767,0.0174047788202353,0.488443255991761
7.6116680697324,29.8733320012733,42.4937822048034,56.083400022354,65.5415435022974,70.3463052187341,8,30,51,59,79,100,1.26006733486732,2.51586316967478,0.625469190539546,2.70332556725607,3.18156161296428,0.277964207352238,0.00720352003868837,0.624889548644597
7.70048955201691,30.2250943331606,42.491021028132,55.8409816589196,64.8527393328786,70.0161638057086,8,30,51,59,80,101,1.28565443377089,2.58236962408674,0.571851534972415,2.7027862543405,3.09884228619362,0.188749747819879,0.011285771341159,0.538506993062799
7.60519777093595,30.5367282527993,43.0389210053127,56.1027010798382,64.6675288383635,72.2536905541637,8,31,53,61,83,104,1.25820833074689,2.50714543951104,0.52744090980862,2.56262216791844,3.00052741830301,0.121383222797735,0.0892652624881124,0.655116343533324
7.46936660413054,32.03653171352,43.646176663931,56.3967639561573,64.7147478968697,69.6518334730637,8,32,54,62,84,103,1.21933884943824,2.73944479797497,0.409562986709336,2.55754459465179,2.89353187057362,0.106171672219973,0.0195504306733576,0.446766443459966
7.37506834074991,30.571605072481,42.6469698410676,55.3915976264722,63.5995651399005,68.5227679699063,8,31,53,61,83,102,1.19253327184422,2.57319270257649,0.469315918014274,2.48897832223707,2.89150217541723,0.0997856390840225,0.0192544781038353,0.435425260825289
7.29776102037423,30.0853117058965,42.4713014446472,55.3488564818381,63.4650159538281,69.5021009066841,8,31,53,61,83,103,1.17066934904188,2.47147672195827,0.511304323694114,2.45623391438851,2.93683054356926,0.0946409616032264,0.0392917128799537,0.492063582054144
7.22433762978062,29.4196357966441,42.313038260687,55.2643500411749,63.3308838214824,69.247209029244,8,31,53,61,83,103,1.1499987481231,2.32638990148266,0.583445961299159,2.42687398470003,2.96203168000685,0.0919295904712585,0.0354030808623651,0.483243962195486
7.15463779716958,28.652125255263,42.1323213403911,55.1040985823306,63.1676343706661,68.9449297362557,8,31,53,61,83,103,1.13046331880748,2.15894382475472,0.672161675845475,2.39351214260828,2.96903055717115,0.0917673487517304,0.0312583000347023,0.472269303905498
7.08851010343106,27.9080964617544,41.9656361915129,54.9025258583643,63.0049898939087,71.2092327529058,8,31,53,61,83,104,1.1120085247583,2.0000896430685,0.76472751407748,2.36289630092755,2.95710116424467,0.0938878284170831,0.127098999376277,0.658158290738233
7.02577586487305,27.339932272815,41.8641616457769,54.7196562786343,62.8864894503716,69.8011138855821,8,31,53,61,82,102,1.09457331451608,1.88422074987581,0.843201194315956,2.34433155058172,2.92929986068523,0.124579685554432,0.0762138288568236,0.633771411202572
6.97449592749858,27.3586317315525,41.4275903349377,54.1289005133138,62.3750461048348,69.322462874067,8,31,52,60,81,101,1.08037467136109,1.90012856804209,0.865558328905376,2.37955668517832,2.87675614251256,0.129956229733388,0.0779039624110574,0.629336734835834
6.96446212545881,27.0290707285077,41.5568948838672,54.2738630805823,62.6427292424673,69.3497964863092,8,30,51,59,80,100,1.07760210861289,1.98121853073299,0.948184424870436,2.52260993895396,2.88208494438704,0.138539269735641,0.0660488499126789,0.618655734955459
6.95819997429684,27.0074769328511,41.2923842012076,54.0088945591792,62.5757633963359,69.1147774262378,8,30,50,58,79,99,1.07587267816625,1.97762880559621,1.01510419659823,2.59437523967961,2.88192910751091,0.153064476805191,0.0584830248017405,0.621735313148162
6.95545685952993,27.0633975100624,41.5143033801284,54.1508532321417,62.8666295269565,69.3439949175593,8,30,50,58,79,99,1.07511533500292,1.99137542719779,1.04715535281816,2.63750597362122,2.85473413531772,0.164539130721635,0.0558540943581824,0.62249861731847
6.9559698321264,27.4706552558822,42.9821327934388,55.8446788495927,64.7196415247113,71.3165992248323,8,31,51,59,80,100,1.0752569503992,1.92992207320441,1.26052148537457,2.79932257030902,2.93170663364225,0.1773285791268,0.061025322205073,0.676439048540284
6.95950800509662,27.4577042627947,43.117860156246,55.9440117402398,64.9195210040029,71.6333240200836,8,31,51,59,80,100,1.07623385973536,1.9261506343294,1.29156777252407,2.82621753943012,2.91928807630812,0.185684616448701,0.0663643986244815,0.696327803205798
6.82946986491814,27.2617192780506,43.700908373166,56.8268594447093,66.1188038175984,72.398615251891,8,31,50,58,80,99,1.04048306458312,1.91109122451195,1.60505520954527,3.07597156959641,3.02184204115173,0.173366128101888,0.0653334425462055,0.716642661548466
6.67700764253787,26.9573506588504,44.06853327535,57.5319591923346,66.9702960311686,73.0773007966956,8,31,51,59,81,100,0.998977662475587,1.87654999407951,1.60802023011714,3.01715971473532,3.13796240707707,0.185132641897236,0.0573596135058566,0.751982524537387
6.54531074432612,26.7545655846138,43.8219496656976,57.6659103857684,67.1344815988341,73.0818212399048,8,32,51,59,82,101,0.963493201147464,1.7149980604346,1.75162782249716,2.96720753482151,3.26972261135285,0.151892869965739,0.0505721032471129,0.718660168220762
6.49292320797135,27.1158134216093,44.7128186356061,58.6455540834115,68.0388627424219,74.7244777334643,8,32,52,60,84,103,0.949475166629327,1.80543861903503,1.71908035943747,3.01547121542356,3.30058202294708,0.117320950986332,0.0866968709251227,0.741808844359666
6.52217584488434,28.2838956190258,43.2560131668595,57.4382257372076,66.3582331754743,72.4410465687271,8,32,51,59,83,101,0.957295777611498,2.06233080472422,1.2797376128971,2.85368802518747,3.38754179588456,0.0911400521823619,0.0764609612198598,0.710347330024238
6.60381962742541,30.3712191369163,45.0088281120588,58.8090792448694,66.879953974786,74.3913725827163,8,32,51,59,82,101,0.979215027929439,2.54048533788727,1.20916927594315,3.21031381977445,3.25454510260456,0.071023901075029,0.141977558468918,0.732389877347912
6.70385487067821,32.221009900749,46.9598430192392,60.3115555132065,68.4104977334135,76.6272992675794,8,32,51,59,82,101,1.00625363651469,2.98138789696027,1.23037408739167,3.62406376382289,3.09944568996705,0.0722871060105832,0.201915607913955,0.764771086787279
6.82188754184575,33.4169667646132,48.366076620176,61.3603344369693,69.5631332735942,78.4442493258765,8,32,51,59,82,101,1.03840832393662,3.26282485445281,1.27483881295622,3.93256728551673,2.97672168844686,0.0770858330953375,0.268919588995234,0.812653713833798
6.95651332473328,33.9653602112125,49.0542300509033,61.8048701213734,70.1427898262275,79.5448213290102,8,32,51,59,82,101,1.07540699670586,3.37270209317099,1.30469757648693,4.08652119355969,2.89354984690046,0.0836252666303546,0.328393089304829,0.862146647540448
7.10520410551305,33.8992322036123,48.1757214827304,60.8149788147244,69.2718276231389,79.0904920256803,8,31,50,58,81,100,1.11666009347075,3.51596546240091,1.13460334790409,4.04312218574389,2.85565425819003,0.0896611219337829,0.38018611816832,0.914505443667729
7.26426891860637,33.7727156909579,47.9830300236875,60.4430972729296,68.9767471106129,79.0824758905484,8,31,50,58,81,100,1.16122889137039,3.43823748733989,1.12112590398274,3.9996975947656,2.7948653017023,0.0936994727843204,0.417986450717252,0.937756192055657
7.42898306981251,33.6106551831894,47.7569068029801,60.0150480344177,68.5808530560485,78.8101181379885,8,31,50,58,81,100,1.20784110664433,3.34986704812413,1.10813467067217,3.94893260807168,2.72663058240828,0.0954231983544156,0.434771955717177,0.931909494815356
7.59399200983494,34.766326096672,48.8653151694631,60.7425888912969,69.3026861858617,78.9959164095581,8,32,51,59,82,100,1.25499035560516,3.41638858667574,1.09858587781099,4.04406631750451,2.59872776329059,0.0951158046232779,0.433683602385505,0.886280401056649
7.75373670315799,34.8960683482899,48.7581264751521,60.3871133515317,68.9356025449123,78.75462510274,8,32,51,59,82,100,1.30105321520404,3.40836003318249,1.05117740294328,4.02004167646187,2.51593436819937,0.0944925370192268,0.451534881065903,0.869671079018933
7.90316314698733,34.705291758171,48.7318113859529,60.1109612473796,68.7560954481594,78.7193192194222,8,32,51,59,82,100,1.34450074053799,3.31768307766462,1.08400334557724,4.01415066800386,2.433112031649,0.0997592578980717,0.472401238500425,0.868562853567893
7.94941216334223,32.5546412473493,47.0424252189604,58.2278192380396,66.3082935793948,76.3436948238531,8,32,51,59,82,101,1.35801699951596,2.74902403874271,1.17802554481385,3.64194880723359,2.36923000629637,0.0714543361320259,0.408569127678226,0.723279133385438
7.98609638416596,37.3423925166406,50.3978848247772,61.985001273715,69.3183194848394,78.7349471458646,8,33,52,60,83,102,1.3687607160347,3.80428891609675,0.895765263389221,4.23477996096347,2.50201944736811,0.0427845177386653,0.330144980583921,0.619536448494732
8.02150467588224,37.7275673787494,50.6726888422645,62.1116195761411,69.3608280611732,78.8662836397817,8,33,52,60,83,102,1.37914969958536,3.8998618340016,0.875246527541251,4.2971168295203,2.45288417003965,0.0401455002247489,0.340905312677814,0.604793166200466
8.08591725323678,37.5445008452949,50.2827823858073,61.6111703916568,69.0378568398964,78.6226929950618,8,32,51,59,82,101,1.39809598691818,4.04249071950501,0.837297566237549,4.36605558669295,2.41634571861911,0.0458483843048424,0.350664183315308,0.619830983966649
8.21942948111304,38.5584863586512,50.9418739219751,61.9344781602873,69.4149500266748,79.390902174695,8,33,52,60,84,103,1.43755855322837,4.0743811944326,0.773752883308276,4.35846051213687,2.30597931272862,0.0353179350536622,0.400687431524694,0.576937492555618
8.45375769432347,40.8085881070261,52.1875933091552,63.0618790139726,71.1636596520154,81.2981817497329,8,34,54,62,87,108,1.50742604546662,4.42220913051623,0.521675407331105,4.32844509367672,2.26731989351008,0.0416121285321961,0.297326889292875,0.491053687226414
8.69385821011628,39.6427869495587,52.0184175534096,62.981712711122,70.85087335816,81.1926238272438,8,34,54,62,88,108,1.57978483865315,4.0328790296776,0.675484215623363,4.29040017906264,2.2963914813133,0.025813159492667,0.380940777143204,0.496688580001209
8.77831958925303,39.4864371331793,51.5941388036274,62.6147299105528,70.3714983539784,80.5158277640394,8,34,54,62,88,108,1.60541763209125,3.96713312245225,0.63243997804825,4.19546588527488,2.3151415500856,0.0235560573326374,0.356539545354941,0.474525410255342
8.8647652104913,39.3656143622382,51.4336287462213,62.4551931671008,70.0762137161553,80.0072457301741,8,34,55,63,89,109,1.63174646889617,3.91077342447446,0.542853659934047,4.00998153327024,2.31546031160127,0.0210230939141709,0.331066896466904,0.444869341633948
8.95256250240445,38.5062241844247,50.9563641878269,62.0272468645505,69.3986068496246,79.3064775648923,8,33,55,63,88,109,1.65858259787638,3.85814220529726,0.520183987207899,3.90621433205583,2.33162275675522,0.023562230158666,0.273307166954076,0.426375235823112
9.0411081584876,39.0715572317081,50.5157847281684,61.6233203451966,68.9088165108189,78.6847009679408,8,34,55,63,88,109,1.68574347118824,3.78366221924249,0.455988397748929,3.81123239930604,2.34364803482914,0.021890983945323,0.259803515678941,0.411697879158037
9.12986193513531,39.1134763402,50.1179714899238,61.2499756341937,68.3969590935019,79.3596003692933,8,34,55,63,88,110,1.71306335251978,3.77106813287601,0.399035853266595,3.726147875661,2.35168214909482,0.0193771754098913,0.333148928672375,0.457461027967
9.21834851405849,39.1261301126802,50.1027486265612,61.255354697425,68.22892980405,79.089717726068,8,33,55,63,88,109,1.74039429581441,3.95526158930714,0.334716563505644,3.72290490488454,2.3584506160825,0.0165334607286428,0.381216120369738,0.480202837945883
9.30620700352054,39.1173956046824,49.4206309668025,60.510308349179,67.3149608290436,78.3628178652928,8,33,54,62,86,108,1.76762193783795,3.92870807249658,0.315881505597546,3.72023316255498,2.33778758657426,0.0200020686653166,0.342764142070197,0.476304199328304
9.30974438946537,28.3763432540247,41.0297699845707,51.2790910269,57.4530741420491,68.6322127363231,8,30,52,60,82,104,1.76872005764301,1.75199625154661,0.548786527503922,2.3063944816948,2.0652247901662,0.0223813182663944,0.357846289480307,0.45035417273324
9.15540267114399,29.4170928878625,41.8739254151098,51.9030812394392,58.1215812516478,69.3962724739934,8,31,53,61,83,104,1.72094264859646,1.87232291014679,0.521114429421397,2.3461154018955,1.99491925184462,0.0233356483619763,0.43360219304554,0.48919778265563
8.99728674563083,30.0924370656187,42.6171406665947,52.4033760487116,58.6321961863116,70.0231184149825,8,31,53,61,82,103,1.67228955314354,2.06419662840086,0.530593574017758,2.4834067025333,1.9179186566081,0.0331866489101294,0.448892406141759,0.527109715938972
8.83730682288221,30.6428458332146,43.4498250502624,52.9783647639162,59.1869538639347,70.7666055024538,8,31,54,62,83,103,1.62337324154527,2.232385024835,0.495629889241439,2.52082675462264,1.83691770765599,0.0326088668503016,0.551231423838161,0.57001827313781
8.67461388423409,30.8703907900336,42.4643802240434,51.8696344318155,60.1805092772042,72.3935698254696,8,30,52,60,82,102,1.57395729893017,2.49927793782226,0.407622387941899,2.57424604622854,1.79842357542218,0.105751709359137,0.649221673037246,0.79512157009136
8.50210295379505,31.1521634488231,42.8772850962389,52.0397873773621,60.5727068013305,72.8331894063028,8,30,52,60,82,103,1.52193426031871,2.61427888221781,0.424014929196275,2.65335911464447,1.72313424618948,0.119347826972303,0.571044826212554,0.735569000723755
8.33126517184171,31.3310570365046,43.1708614510863,52.0824692970751,60.8114065349905,73.1913736440727,8,30,52,60,82,103,1.47080874339663,2.70382553452948,0.438606437328632,2.71014292387925,1.64605250340563,0.132176985079808,0.58886669740918,0.742802039204636
8.16386021843362,32.8402819050262,44.4397466142469,52.9644827980631,61.8741006370903,74.1859778402727,8,31,53,61,83,104,1.42110273450376,2.95103564975298,0.408300573324585,2.8322580825336,1.52873718015652,0.144692645304415,0.578680756567427,0.712336804255927
8.00151715137971,33.2686482953639,45.0059500898782,53.1852777275442,62.3908666621375,74.7148030824828,8,32,55,63,85,106,1.37328297231806,2.91714158151027,0.363151244619344,2.69427278417814,1.42567870640115,0.166629548102308,0.580478998367135,0.708234095143139
7.8872121150567,33.4307331924356,46.7542342885656,54.8760912732628,64.3661372927013,78.5313762408262,8,32,55,63,85,106,1.33984653137976,2.9881861504522,0.56657575191401,3.03374080206356,1.40869356893541,0.18939287883696,0.882645609581358,0.952590988613165
7.82570277875263,33.1425075510369,46.7243085683366,54.8175622541996,64.5092483535712,80.171777671394,8,31,54,62,84,105,1.32193546977356,3.11901150880107,0.60368120706319,3.15818233974162,1.40025776563367,0.20652327768866,1.16484424058941,1.17462584520423
7.80778426595117,33.1285806586178,46.7514957556966,54.7551684031332,64.8419889968942,80.9074775113725,8,31,54,62,84,105,1.31672861585019,3.12006658575225,0.60968531818811,3.16368852922764,1.37391536836671,0.242468099918741,1.24575650896198,1.27511564496939
7.83510812220946,33.5076996324804,47.2840540398701,55.1966426145859,65.7098916376604,81.866976216291,8,32,54,62,84,105,1.32467049532319,3.02152914639155,0.719007457968687,3.27222561186705,1.34725270833677,0.284748137218375,1.26442442422466,1.33741897186325
7.90683734592553,33.4507210631062,47.1727494080511,55.0542184467717,66.2231647165554,82.4225824374666,8,32,54,62,84,105,1.34557334702924,2.98827968461937,0.710312707806813,3.24943520974515,1.3381717533866,0.356663717858196,1.27308616936468,1.43731199917757
8.01935665330814,33.4826718220336,46.7117377439388,54.6295166721432,66.536759120446,82.7270279029329,8,32,53,61,83,104,1.37851893036362,2.96751945676509,0.722353318443684,3.28988658090139,1.34876872171743,0.447297189900603,1.27121240223294,1.55573522792234
8.1664382949785,33.593409038347,46.8490252458624,54.7301355657016,67.3132986986237,83.3924532126112,8,32,54,62,84,105,1.4218652100953,2.95816803333685,0.63755434676878,3.18346890415083,1.33806716149729,0.538821119744401,1.24853533263823,1.63973079325768
8.35428971948163,33.697677835998,46.741064433315,54.5997702953068,67.7186338127714,83.305345170692,8,33,54,62,83,104,1.47767587291776,2.75644513190421,0.692162460079155,3.1615754850291,1.33153855293067,0.704368735873588,1.14984537004936,1.74154783892725
8.6469195438274,33.9138594023526,46.8413538525368,54.6938195759575,68.3839228725062,83.7598722950304,8,33,54,62,83,104,1.5655793658269,2.73743970154915,0.673597843580068,3.18191146039261,1.32972155082305,0.799642191653762,1.1085333969737,1.80078372138741
8.9303916217368,34.3265391567232,47.2095552969639,55.0641416380477,69.1709547826678,84.3923104931336,8,33,54,62,83,104,1.65179683700885,2.76958413095329,0.666530481489453,3.2569652994306,1.3303389651849,0.872260516068453,1.07859376058393,1.84548915936065
9.19133902246642,33.1765801913438,46.3713303213913,54.4280051582748,68.9123431023244,84.1833377623252,8,31,53,61,82,103,1.73204205716877,2.7727100106639,0.628313424344507,3.21978716257562,1.38948710706748,0.940226203103554,1.08817338355199,1.9537075121773
9.40348784014967,33.7309522526307,46.4294053231794,54.5853105176826,70.9985854777655,84.6795910587957,8,31,52,60,82,103,1.79787329329349,2.8606090101143,0.637549144277377,3.36875283255334,1.41875060725269,1.19141283755089,0.79808559613825,1.92344275045883
9.60276997962185,34.2238467031478,46.9345485663781,55.2125165146131,71.9852815985379,85.3378746808285,8,31,52,60,82,103,1.86017643548307,2.93664094480819,0.639455206542285,3.47527154498987,1.45494094479436,1.26279771054827,0.742739468070919,1.94978588567974
9.78739198531457,34.645813377558,48.1982652645476,56.6927016724286,73.6115029907676,86.8285745349787,8,31,53,61,83,104,1.91828381683453,2.99851105660398,0.683465293580064,3.60205020870795,1.51963146438185,1.29223141085791,0.720386584056423,1.98909253391488
9.93322161610362,32.9635188955332,46.224509084286,54.7868097711855,73.0607912315168,84.6439171430077,8,31,54,62,85,107,1.96443723282368,2.53170134696754,0.557757025226089,3.05756604470081,1.54004309352974,1.44086831768104,0.406278418875973,1.74878911598773
10.0530444526817,32.8306253189419,46.206587758533,54.8872253832852,73.5122977856943,84.671886966699,8,31,54,62,85,107,2.00252417309941,2.46901252587718,0.574025459981579,3.05397978801669,1.57578088435008,1.51421234846185,0.355579775692879,1.75625950999634
10.1509760241512,32.7429446782481,46.3189531652769,55.1503259208007,73.9745241969636,85.1419754289787,8,31,54,62,85,108,2.03376059957382,2.42327080759634,0.602837440412341,3.07649012220994,1.62156493590449,1.55637834552484,0.300927305836294,1.71689947122961
10.2290387062267,32.6333774399207,46.4430155743177,55.4478239395407,74.4503873571389,85.4516169487774,8,31,54,62,85,108,2.0587279369216,2.37729525783529,0.637287690724764,3.10141200267091,1.67459715867958,1.59449016035122,0.283910372854603,1.74674257774295
10.2896027644864,32.4916829315828,46.5426081209888,55.7390152704362,74.9049457049527,85.7994144275112,8,31,54,62,85,108,2.07813976821517,2.32803615965899,0.673757085301102,3.12146996052349,1.73360863876392,1.62967664214278,0.273254566192921,1.78698747954599
10.3350944870622,32.3169346501458,46.6116149568052,56.0127066064558,75.2992176564843,86.1681289592476,8,31,54,62,85,108,2.09274408811507,2.27475844282254,0.71149998658788,3.13539481964165,1.79712685689806,1.65581681323774,0.270735598484339,1.83608317976502
10.367832725844,32.1115144454997,46.7170111863427,56.2757914546855,75.60376265698,86.6001075924495,8,31,54,62,85,107,2.10326646910955,2.21757649166855,0.760910904408538,3.15670498635774,1.84638572772672,1.66483768206446,0.336935334740662,1.99338097221621
10.3462943589252,31.7136291554662,48.7791473663147,58.5419641781321,76.4629406967187,87.6073723080045,8,31,54,62,85,107,2.09634267440059,2.1281469569371,1.19868504815941,3.58366195837635,1.91052804484377,1.36844593854336,0.353827393095082,1.81579688177743
10.3136477811654,32.1147024445376,49.4780978912163,59.2903132587048,75.4232524415692,89.1231353483134,8,31,54,62,85,108,2.08585650632997,2.23131045020358,1.25685013606368,3.73255190788499,1.92612440628755,1.02347065087844,0.620996949570255,1.85068815633766
10.2549670506503,32.1926322680188,49.4996760802993,59.3866501587271,74.5353061131567,88.9398797102879,8,32,55,63,86,109,2.06703403965846,2.10300694232438,1.24576765772874,3.59520506463589,1.94977640392838,0.850609371905495,0.728806975748883,1.81696556996885
10.1865445905275,32.1461806095886,49.3878944955705,59.2959625407063,73.7070681828049,88.5955873112783,8,32,55,63,86,109,2.04512928420903,2.10810421407369,1.23296533669405,3.57170285879391,1.95646060834065,0.729841342352123,0.80712667680609,1.77899412676066
10.1112311690887,31.9989462543951,49.2161010162305,59.1238651542086,72.9670242361128,88.1499411835826,8,32,55,63,86,109,2.02107193240057,2.09143317193825,1.22816542580027,3.53568621622317,1.95636427422716,0.642300522096064,0.856406710580605,1.7346946081675
10.0300024400429,31.7837050310095,48.9954447271992,58.8864621622991,72.4045777599623,86.4850341199456,8,32,55,63,86,108,1.99518867232226,2.06048345620287,1.22710803206807,3.48960987162895,1.95105729507349,0.594433721825048,0.768506117139947,1.60028153872058
9.97983684940444,31.5601084287131,48.8920632875098,58.7645084742971,72.3125187884116,86.1240034065623,8,32,55,63,87,109,1.9792369432256,2.02065246581109,1.2506623165503,3.46809404157824,1.94517521332834,0.52288271468115,0.72465401834261,1.46995352396891
10.009465727182,31.3479497613862,48.9374770069425,58.803815664944,72.6692574976264,85.8655813399708,8,32,55,63,87,109,1.98865527973603,1.9655468454318,1.3016877807683,3.47753992373074,1.94324197788956,0.566143259246497,0.628551601941337,1.42466136745301
10.0347667583733,31.1106377034373,48.9435879493123,58.7975358032382,73.0343704744679,85.5461302113247,8,32,55,63,87,109,1.99670496789914,1.90626474548114,1.35059755050087,3.47881165385954,1.93932043105192,0.618759686205786,0.528779719743303,1.37681319517937
10.0560918637062,30.8458279615397,48.9159738027376,58.7545163113186,73.3891013722886,85.2023077200699,8,32,55,63,87,109,2.00349472850284,1.84236225880799,1.39888527329743,3.47306623228191,1.93444705532967,0.677439671647162,0.435201165856746,1.33102394107174
10.0731295145583,30.550956158667,48.8466131510617,58.668515310306,73.699932730765,84.8558356232664,8,32,55,63,87,109,2.00892269488655,1.77354104627794,1.44535884191363,3.45864947717792,1.92918578960684,0.738313902720433,0.35515320183016,1.29145694540121
10.0858313103208,30.2266864432192,48.7312396609008,58.5367408989084,73.9462983403148,84.5251220350504,8,32,56,64,88,110,2.01297121812311,1.70019603888087,1.35983150451424,3.29976751250757,1.92400307353749,0.798419936521276,0.291566984464808,1.26107521938916
10.0945830499498,29.8767369696286,48.5772812038624,58.3596595243394,74.1083080236529,84.2108408928463,8,32,56,64,88,110,2.01576165842323,1.62330034545897,1.39915161062503,3.26855423648945,1.91670101585861,0.854010020883999,0.243962051569757,1.238664915236
10.1003218406103,29.5100630417584,48.3972760195202,58.1542759605489,74.2095556030846,83.9317529188195,8,32,56,64,88,110,2.01759185495167,1.54478866456412,1.43698022583392,3.23219328984977,1.90869321443552,0.905617663615161,0.209186984825216,1.22490466616559
10.1045642248923,29.1423007253361,48.2047306792875,57.934563978416,74.2662425829096,83.691302663848,8,32,56,64,88,110,2.01894503458952,1.46774924448248,1.47281930914399,3.19345893729509,1.90012874072918,0.953199796504562,0.184047547732023,1.21827650169682
10.1451163038899,28.8522891048213,47.9797523079421,57.7778014101443,74.1385824660488,83.4728539419676,8,32,56,64,88,110,2.03188887695644,1.4004886032762,1.48620195339218,3.14841064985981,1.9216491238194,0.958267445495986,0.176723465238672,1.219179000502
10.1984008583403,28.5955741761826,47.7328285224966,57.6260658595091,73.8826608860949,83.9593064836677,8,32,56,64,88,111,2.04892165117866,1.33846378364085,1.48822054727764,3.09923150013713,1.95176060792605,0.940175841744438,0.198838089284721,1.24103747735733
10.2472696095057,28.3406890643305,47.4655154614757,57.4379935088295,73.5564466403365,83.7122505830008,8,32,56,64,88,111,2.06456749069483,1.27870151115532,1.48565850329203,3.04630490986488,1.97689914027454,0.916405056640096,0.205478131857472,1.24384008250992
10.2915167357763,28.0875777236668,47.1765289321301,57.2113026545133,73.1610365168873,83.4283033111439,8,32,56,64,88,111,2.0787538114426,1.22119312589773,1.4782716498323,2.98945720449515,1.99670718443865,0.887712323547819,0.215033683489176,1.24453771019017
10.3310215281434,27.8366454875962,46.8687900565505,56.9481788777992,72.7032388435005,83.1067178017371,8,32,56,64,88,111,2.09143572135441,1.16599772728582,1.4666019810894,2.92934784661498,2.01091756029638,0.855076209785116,0.227036742297621,1.2426212223638
10.365742487533,27.5884323904679,46.5457947890411,56.6522256354082,72.1921856475268,82.7490728200071,8,32,56,64,88,111,2.10259433921385,1.11317653687613,1.45129044108517,2.86673774183255,2.01954048192648,0.819611320067654,0.240982585026286,1.23783121558398
10.3957249904212,27.3433750374026,46.2109511598784,56.3274723248377,71.6378544734131,82.3595685173208,8,32,56,64,88,111,2.11223941044982,1.06274739725344,1.43298357509823,2.80235516673631,2.0227598706066,0.782461214061849,0.256468658277736,1.23029174192688
10.4210775432527,27.1021935804753,45.867070168119,55.9778430017658,71.0502553591125,81.9424794106938,8,32,56,64,88,111,2.12040176335104,1.01476135756112,1.41214719146057,2.7367972009806,2.02092569935288,0.744732267416274,0.273032834204769,1.22022638074631
10.44198716507,26.8658963826895,45.5159303117062,55.6065288186727,70.4380025315999,81.5026286870303,8,32,56,64,88,111,2.12713829102858,0.969297414474683,1.38897891776109,2.67045075151602,2.0144911151758,0.707356120061294,0.290339506885402,1.20807940304559
10.4586750831854,26.6358661085373,45.1597034936386,55.2171892875327,69.8092763138688,81.0444354721019,8,32,56,64,88,111,2.13251766651566,0.926481979599244,1.36368208443811,2.6037657944946,2.00393870593794,0.671057123178057,0.30800691338422,1.19418506847507
10.4714418992765,26.4133827181883,44.8003157147987,54.8134316951686,69.1714646626391,80.5716819716267,8,32,56,64,88,111,2.13663484350164,0.886396125422528,1.33643257118443,2.53713297141602,1.98981623009125,0.636388026097817,0.325622166562458,1.17882271981606
10.4805884002503,26.2003473905753,44.4405009324908,54.3997275085414,68.5321601675024,80.0895140354848,8,32,56,64,88,111,2.13958544709519,0.849212761120582,1.30744403322575,2.4710774473666,1.97269070631808,0.603753754195974,0.342858678121217,1.16234365961092
10.4864521658211,25.9993766124861,44.0838439924719,53.981542599774,67.8991979966409,79.601625331572,8,32,56,64,88,111,2.14147747478137,0.815198553795284,1.27695569833959,2.4062585239939,1.95317418939797,0.573411308472524,0.359172559695251,1.14478605702036
10.489387796812,25.8135869394253,43.7351422742923,53.5657478601124,67.2817453116464,79.1130649471251,8,32,56,64,88,111,2.1424248193772,0.784676334065773,1.24534171658664,2.3435260123863,1.93193723464682,0.545577537197595,0.373986746743427,1.12620848302341
10.4897458266694,25.6468245430261,43.4010307713071,53.1611527564351,66.6904854278824,78.6276260753095,8,32,56,64,88,111,2.14254036315794,0.758063875026037,1.21317900259152,2.28402021283502,1.90967796407512,0.52038725177696,0.386372528068656,1.10626429073072
10.4878675301871,25.5036811168393,43.0900602584899,52.7787264578586,66.1388637285163,78.1431119485134,8,32,56,64,88,111,2.14193421070208,0.735877210096034,1.18124665228503,2.22917165809576,1.88716556351028,0.498037751212147,0.394330773971888,1.08359380355723
10.4840944509426,25.4184747685503,43.5820253408738,53.0871790352582,66.3137065180707,78.4745087777553,8,33,57,65,89,112,2.1407166855708,0.639708236458208,1.29240916310969,2.2071283509209,1.82960271378346,0.480717397025321,0.41320699345234,1.06281133798255
10.4787335841039,25.3154939680862,43.3481671491753,52.8068683104134,65.9104492455833,77.9169405585585,8,33,57,65,89,111,2.13898703147108,0.625716406004845,1.26687247465828,2.16665370369688,1.8150907214104,0.46503805334379,0.46023503114676,1.09443786081725
10.4720916919011,25.200124485672,43.2134157734486,52.617328573043,65.6219045728352,77.1983443066873,8,33,57,65,89,111,2.13684443652814,0.610298103371182,1.26310695070047,2.14346637756344,1.79800567903602,0.452593665307202,0.405452318520695,1.01883303480845
10.4644297252766,25.0577414610191,42.9046617099897,52.1799917947888,64.5866509232476,76.3194391216179,8,33,56,64,87,109,2.13437329376075,0.591437820923898,1.35342444472314,2.19671965568549,1.75804286807636,0.443719157052863,0.424982968253331,1.01797750615622
10.4243877346163,24.353103417222,42.7190718575981,51.9008011386132,64.0810310768002,76.0090394994776,8,33,56,64,89,111,2.1214679433292,0.502437142781948,1.45995955184676,2.16442154896749,1.72907247140457,0.302219705198656,0.449989681379427,0.865789742019044
10.3528681238756,24.1950479522665,43.9406008065235,52.9200654561918,64.8447807301506,76.4005081437324,8,33,56,64,89,111,2.09845542648026,0.49135302215306,1.75661856480268,2.38041150539221,1.6668245546228,0.277294638310994,0.40289843355697,0.771380710364981
10.2747157638912,24.0818029887022,44.8254380584938,53.6170369103945,65.3372509040857,76.7332139408019,8,33,56,64,89,111,2.07336491234961,0.48689183313542,1.98253499549834,2.54176961479744,1.609455977458,0.258169568699695,0.383464111407822,0.711562337646093
10.1904720148795,24.0023051588503,45.3330725837653,53.9628667173772,65.5186478157842,76.7720808439286,8,33,56,64,89,111,2.04638536354025,0.487494023081806,2.11951947845119,2.63614129752618,1.56040368176036,0.243326739044591,0.366525275432086,0.662677935207899
10.1007466322967,23.9539455045239,45.6650445518061,54.1594623300157,65.5865904399149,76.6662718204276,8,33,56,64,89,111,2.01772734126308,0.492757851833647,2.20978859389088,2.69855130170146,1.51962586955836,0.232047840538507,0.34639034880086,0.618623400827396
10.0062893614286,23.9311597312723,45.922659915742,54.3013988047421,65.6300522652922,76.5091750701849,8,33,56,64,89,111,1.98764515797785,0.501942102705309,2.27708730659861,2.74735600864812,1.48497590238114,0.223613553507063,0.323859512441339,0.578330310372082
9.90786480339384,23.9259284638759,46.1492322932238,54.4270631356322,65.6832914976183,76.3453533485658,8,33,56,64,89,111,1.95639618358219,0.514005025760716,2.3331902790677,2.79054683740192,1.45490017636917,0.21752071123776,0.300343200086824,0.54169271736153
9.8063216079629,23.9333603877747,46.3642126901157,54.5531318671908,65.7571748552131,76.2004746858534,8,33,56,64,89,111,1.92426224438107,0.528282892275722,2.38377575267788,2.83175712451731,1.42851804013912,0.21318860261478,0.277567058699544,0.509040648157829
9.70250326800913,23.9609359010505,46.7979467412198,54.8022125580064,65.8796216598097,76.1134637231498,8,33,57,65,90,112,1.89152071319858,0.545742972533408,2.31482371646762,2.79250087815987,1.3740894090228,0.20287864954359,0.256639131655435,0.463708395347173
9.59726231513127,24.028010256704,47.0776083154047,55.0055208483482,66.0191547805294,76.0722079845222,8,33,57,65,90,112,1.85844862988444,0.569042850805864,2.3658161642784,2.84582984251895,1.35172974251861,0.197795038744113,0.239274089601585,0.436909179766494
9.49141245186025,24.1485565305571,47.4103925525085,55.2656361136106,66.2010016065328,76.097509362397,8,33,57,65,90,112,1.82530737695247,0.600340214257685,2.41706557597878,2.90977124451416,1.33053032763896,0.191655744781639,0.224764418824022,0.412050207388897
9.38574767181566,24.3195687387446,47.8106477590265,55.5935855052882,66.4397840025208,76.203001604173,8,33,57,65,90,112,1.79234860278146,0.639627680645299,2.47279760572451,2.98736270371045,1.30951677005363,0.184795415140052,0.212797759864081,0.388974302124437
9.28097042756208,24.5281515819113,48.4013013761841,56.0849401857951,66.8143075631043,76.4480876675851,8,33,58,66,91,113,1.75979187135416,0.685477401206051,2.39801732037527,2.97713047385639,1.28079056720352,0.176022517792458,0.20151964279695,0.362864777086585
9.17773780176595,24.7612795957458,48.971562988117,56.5720933259343,67.1928719930513,76.7591423145142,8,33,58,66,91,113,1.72783935116585,0.736255825899013,2.47885394332367,3.08813327567404,1.25686773166769,0.168088123454805,0.195771765613172,0.343950302137275
8.94886641455812,24.8427155548631,49.3438134609546,56.8930404019764,67.4900695399235,77.9129982544207,8,33,58,66,91,113,1.65745092919789,0.784502309574666,2.54924378008879,3.16138289936197,1.24215532006036,0.166380974674811,0.275493763656918,0.402728948724651
8.65681381006896,24.9028888283858,49.4027713199152,56.9410591674504,66.3832444701843,77.7031481785212,8,33,58,66,90,112,1.56857137796305,0.840854675047326,2.54894834419319,3.17304092947352,1.23902380418479,0.120257626393351,0.374377842620622,0.422318258048726
8.41565751112805,25.0884015873676,49.0519730176195,56.6569423190632,66.4376503008972,77.9761541761288,8,33,57,65,89,111,1.49601459429502,0.911316398431904,2.58887283692903,3.23265495616212,1.25814270066512,0.14180923831933,0.400780711122788,0.474741488784302
8.23069944113406,25.3927559925766,49.2520530616279,56.9193440457365,67.1106096859141,78.5859575651176,8,33,57,65,89,110,1.44090129583166,0.994992779445397,2.56311853936301,3.27283645037967,1.27607615178623,0.170807187445977,0.460155334930183,0.559885719384243
8.1053913579169,25.7992156973446,49.5900708598276,57.3544774155957,68.0479107616715,79.5671751821728,8,33,57,65,89,110,1.40383601049288,1.08927582469121,2.54625642647394,3.34111771649054,1.3041442026127,0.210552338005347,0.46606588540559,0.623064523584362
8.04111451278426,26.3044988650205,50.0539170615555,57.8786098283522,69.1181913746259,80.5976108335519,8,33,55,63,87,108,1.38491129055743,1.19396649683173,2.89861734184738,3.71250862900337,1.32164184412718,0.259092360298309,0.460701825079018,0.681593347397354
8.03107777458241,26.5097410492976,49.2280866043512,56.7602337206266,68.1172246198869,79.1392821443964,8,33,55,63,87,109,1.38196167715327,1.23450114104531,2.63169456050629,3.53819493654777,1.23726676133803,0.270243542855493,0.33983852217704,0.564465944796533
7.78544921351404,26.4086655987044,49.173297683548,56.8389001931489,68.4309213019992,79.839740087964,8,32,55,63,87,109,1.31024530467662,1.38358893951767,2.46581313361335,3.52673198379146,1.27558946761186,0.293319528604255,0.385010502610901,0.638642907799869
7.54611857811059,26.3243872811277,49.1828760955437,56.9796552085482,68.5853409543159,80.2868042811528,8,32,55,63,87,109,1.24126529625613,1.41485798812076,2.48903142261761,3.52873505930425,1.31353313107273,0.294691925075855,0.421034354251225,0.683762898628733
7.31669214535837,26.2441876289533,49.1609586260074,57.1098920919683,68.7464608715227,80.7226085366654,8,32,55,63,87,109,1.17601400616624,1.44519144091568,2.50348199072359,3.52415216765316,1.3578769360056,0.297806039962235,0.456260913834958,0.732635362452001
7.10065362769887,26.165537011515,49.0888988228468,57.1885445488215,68.8713515049757,81.1809863417104,8,32,54,62,86,108,1.11539166648044,1.47332339089261,2.6841822120532,3.64939159072166,1.4021419037818,0.302500607185489,0.500827636111509,0.7913736548313
6.90116337074719,26.0783188211282,49.0159860310164,57.3007124904649,69.0650182730185,81.6938099389132,8,32,54,62,86,108,1.06015425147946,1.49645690681008,2.68785572943403,3.63388290917295,1.45695091457578,0.310868690843868,0.545283074792965,0.858815848355771
6.72090975832279,25.9706072816989,48.9054921904781,57.3766971961689,69.2505281138493,82.2483722424321,8,32,54,62,86,108,1.01088308163139,1.51147255802247,2.68714114297971,3.61042343950066,1.51265828230909,0.322301645688674,0.598828388524389,0.938612999278766
6.56195307449375,25.8350473074411,48.7228958542928,57.3746270788555,69.3762732082048,82.7978610086062,8,32,54,62,86,108,0.967958104052782,1.51632689318045,2.6750689041069,3.57176898881032,1.56703425211808,0.335913861808968,0.663053253893093,1.0303286553158
6.42567974769421,25.6710156627711,48.4468765653054,57.2691004359399,69.3882367015748,83.2858753838764,8,32,54,62,86,108,0.931564674488127,1.51056822772581,2.64638935377921,3.51360767830679,1.61877783766302,0.348681455674489,0.738581344289024,1.13027246637142
6.31273719238957,25.4860460846978,48.1128020439158,57.0920405319231,69.2880932730586,83.7056543757698,8,32,54,62,86,108,0.90169525010317,1.49566219468759,2.60834286437316,3.44365245231236,1.66675522896043,0.357171471691464,0.824985246157534,1.23300330698405
6.22258294889182,24.7876712705258,46.0022394977661,55.0839851968944,67.139824101351,81.6017887340135,8,31,52,60,83,104,0.878048454218522,1.50159030558481,2.43006350529105,3.27957002226106,1.69824064751541,0.400503321398674,0.936142060585381,1.40144105364119
6.15566176963044,27.4610420310998,47.374112685854,56.782649443444,69.1527123702454,84.6602244505028,8,32,53,61,84,105,0.860610417188839,1.95804110615008,2.10750648870127,3.4277818184706,1.79944629238787,0.439110707451906,1.13425501473927,1.66276375400177
6.11147073500731,27.259408977805,47.1819358430766,56.5740869253738,68.9002715495892,85.1413368337723,8,32,54,62,85,106,0.849149843203972,1.92247343296429,1.9480315398026,3.25131408374284,1.79434235832533,0.433615865496437,1.28162847289388,1.77225738139223
6.08067813360491,26.3415018104625,45.815863691583,55.447660309766,72.4985108117825,89.5528589780628,8,31,53,61,84,105,0.841189979891401,1.87212661179382,1.84454138886906,3.10654195236947,1.86928783013456,1.195847744317,1.45246995164586,2.82087814959376
6.05241138073476,25.6912584639399,46.6597039180225,56.6062393576436,73.0194647884205,89.1039313429406,8,31,54,62,85,106,0.833901957849056,1.73300721893431,2.03463962579597,3.145111639854,1.96866191478254,1.07500402186708,1.24961608231475,2.57040743893598
6.02738335334503,25.4431818406154,46.1637570581367,56.3690142845321,72.0150866816143,86.7229975743167,8,31,54,62,85,106,0.827464190195061,1.68400229351205,1.97721506186555,3.04541497245324,2.05111537373147,0.936353822252886,0.981420581978826,2.2209916336784
6.00910776701865,25.6950481762909,46.4146523173877,56.680853731635,71.6075816172781,86.162878282485,8,32,55,63,86,108,0.822772379861384,1.60288597907053,1.97699113488513,2.96666160131333,2.07063498925204,0.813453685920136,0.848537325766593,1.97030608505838
6.29308159715518,25.6087506629758,46.2996986645152,56.8019636675492,73.0491981068889,86.7122134232187,8,32,55,63,86,108,0.896524750481948,1.52517450081146,1.9703868203113,2.9440770173097,2.1465813214508,1.04436521852559,0.70091924627707,2.08498565414213
6.41563750767465,25.8391730576995,48.550491796275,58.812375495857,75.3630044351249,87.8275209277136,8,32,56,64,87,108,0.928897958250423,1.54767226826709,2.28483733002909,3.26313369070821,2.06925088691812,1.10062607743986,0.601624505348145,1.99466736592818
6.54359305935452,26.4347582972051,48.7269445852815,58.7880479543232,76.1004004677555,89.2011820126652,8,32,56,64,88,109,0.963032690149305,1.64653877337381,2.18573618190411,3.29889531957129,2.00509102280705,1.12981306974708,0.701436212941283,2.09577098974444
6.67449777089111,27.5630659178102,47.6310752381881,57.4851267115241,75.8969364418973,88.8199235750142,8,32,55,63,87,109,0.998298176286554,1.86435218996673,1.82861752304983,3.20941260136881,1.93935321875189,1.34136895827337,0.58778505355302,2.11281605383812
6.82766538195258,28.2674883870782,47.4535034159965,57.3065432717122,71.2308084705746,91.664783285297,8,32,55,63,86,109,1.03998920716637,1.98858227612609,1.63402077650506,3.17355335583192,1.93903312314984,0.654501326902399,1.9114847394079,2.66432141869245
6.87689163005275,28.8649688172312,47.7663513512267,57.4904408337103,70.2457120548521,91.5760243372155,8,33,56,64,87,110,1.053483748762,1.96209355438723,1.57283117163897,3.10589189916901,1.89831897085199,0.488771627198092,2.11941216471709,2.58826995642115
6.90026126432224,29.4312761297604,47.9657653438404,57.6372631947041,72.3693115702139,94.6801678229835,8,33,56,64,88,111,1.05990613162756,2.084737086543,1.49516591030405,3.1456175190978,1.88176477432423,0.692177792544702,2.35448896569061,3.02584473427047
6.92256832380312,30.080821818273,48.2538742900061,57.847984034332,70.8369429972478,94.8001001222103,8,33,56,64,88,111,1.06604603788147,2.2294060731597,1.42002476888869,3.20332940928676,1.85745978834904,0.450645567577065,2.76706487011553,2.99258782908576
6.94368418008785,30.8341287647071,48.6878892341677,58.180682287284,70.9521430523839,95.7150016386701,8,33,56,64,88,111,1.07186661139118,2.40214393617923,1.35480937942207,3.29096814898955,1.82573884026778,0.423939013130399,2.9735565978775,3.08803281380854
6.96359387219529,31.7327260251687,49.2530687566672,58.6241529805028,71.4644370248381,96.7564944501008,8,34,57,65,89,112,1.07736227819144,2.44758035943108,1.28790811948455,3.27304087831849,1.78778477029623,0.432303817028954,3.1124724115539,3.18362035838241
6.9825610556437,32.7374452047145,49.8926607531363,59.1554623630968,72.1665609223841,97.7317995077353,8,34,57,65,89,112,1.08260458964651,2.68467930175128,1.21609102473676,3.40266252423016,1.75415925608432,0.453408504163298,3.18486450846878,3.2516101369783
7.00135016952157,33.8309584133454,50.5810145138671,59.7495771079014,72.963941985985,98.5549544552485,8,34,57,65,89,112,1.08780420359514,2.95061208013791,1.13822677112669,3.54412501172799,1.72500549205861,0.479155215208701,3.1917179976464,3.27905273149306
7.02180531965672,34.9678285028578,51.2129297799193,60.3065856607492,73.7269982416789,99.102308701598,8,34,57,65,89,112,1.09347221366117,3.23451757982401,1.0439737331483,3.67573641790027,1.70190712358642,0.505946617156605,3.13448573010195,3.26182846437433
7.04752904777992,36.0705556484414,51.6428426962903,60.684850698338,81.7604081570779,99.4339291925341,8,34,57,65,90,113,1.10061093444483,3.51529405921548,0.923423254936163,3.76621309876246,1.68601998246437,1.76164911453369,1.31848949357784,3.11080962065541
7.08464463620523,37.0306703332555,51.7105534856553,60.7229864810593,81.4109194511305,98.8248924672242,8,34,57,65,90,113,1.11093217474522,3.76096848563656,0.772945994104724,3.78053134838417,1.67693707062497,1.67876206233462,1.26682811429203,2.97727422435915
7.14043712510863,37.7437692926005,51.3271718381124,60.3221795431987,80.8882822221247,97.7046201204589,8,34,57,65,90,113,1.12649365988541,3.93861365859309,0.603914586749466,3.69970566323815,1.67159048793485,1.65299902157108,1.15083078356974,2.83430155111437
7.21707486720007,38.389337524236,50.7080764721868,59.6619060452928,80.5415662599184,96.3410594359321,8,35,58,66,91,114,1.14795917211948,3.8896342362238,0.432686770491481,3.43503064950488,1.65897058842568,1.71958665412146,0.96347163900613,2.69250005893084
7.30305548109369,38.7214087664323,50.415953824014,59.2971919673667,81.1236464195205,95.2648913424004,8,35,58,66,91,114,1.17216346930878,3.95578379093032,0.358276353537415,3.37576048650514,1.63677429134663,1.92606295729734,0.687637553304556,2.54610963043626
7.38513074504541,39.010504576231,52.4700610752256,61.0884554726095,81.864205836207,95.1007277211735,8,34,57,65,88,110,1.19538655354633,4.21905387305871,0.585987529414525,3.94239326209892,1.55696054969516,1.98995172029915,0.63464897404366,2.48593256096167
7.6047689180649,38.4861866168024,52.6373857862643,61.3377697389949,81.8034771325824,96.2907768619228,8,32,55,63,86,107,1.25808513928252,4.44533072080457,0.689174899198852,4.275654399171,1.5817620414747,1.91872675650579,0.940767388213468,2.8044240650727
7.90644253094106,38.8727335099662,51.734980842807,60.4647379089423,81.224335012517,95.1802996596794,8,32,54,62,85,106,1.34545807917975,4.46965608396547,0.578892154373104,4.22690355900572,1.59066844683881,1.98622015903146,0.845676891959499,2.76362519162213
8.25540912339805,29.9992053575563,44.3244979164191,52.7660125208126,72.8880487575658,85.6301160588913,8,31,53,61,83,103,1.44823662304581,2.21760387792051,0.809361004213802,2.80970308141452,1.50375694879007,1.99468294940849,0.736286075247738,2.59693999644006
8.61194821673717,30.6571703835703,44.1793982896863,52.6180266358242,73.4749526882413,86.4458307979191,8,31,52,60,82,102,1.55501432361288,2.29005213703843,0.77112113301376,2.90852327510272,1.50289227011593,2.16949417022633,0.775352688110089,2.78559751021402
8.95328814391874,30.7387453963179,43.9659546172828,52.3121829995287,73.7373723741104,87.2014273293426,8,30,51,59,81,101,1.65880479462445,2.39672474800294,0.722048724544769,2.99634378702793,1.47527072525302,2.30774625039932,0.862333534925431,2.98064115710694
9.13467538227892,31.0623208290397,44.1419016672646,52.072686164089,73.674500949948,87.1852431690491,7,28,49,56,77,97,1.96609069572891,2.61241108485304,0.698004525428238,3.30669197705406,1.57820496553027,2.52861836402909,0.870759365123692,3.21472449268106
9.30165416432679,31.4946718372551,44.0945236411091,52.0817098243399,73.8796813517162,87.892795682786,7,28,49,56,76,96,2.02112761867366,2.681227219532,0.6222960698648,3.29662487051768,1.59599578101191,2.76851893818041,0.96345120485983,3.52279084037591
9.24649007141919,31.6374600452842,44.0956325278577,52.067579352518,74.0007909875121,88.4678228769574,7,28,49,56,76,96,2.00291470099768,2.73288718708066,0.600663050991889,3.29686037246251,1.59118482665612,2.80461175894447,1.05028904032944,3.64988808049791
8.88924843918247,31.1171227542095,43.9233204542421,51.9756037045546,73.9845467139185,88.7151874007012,7,27,48,55,75,95,1.88571040059303,2.88368849751994,0.654400186495362,3.40312064360524,1.61657947521741,2.8248783895459,1.10201119088818,3.74375625300269
8.22323789848491,30.9677935335446,44.242199091821,52.3091613758981,74.4307949745843,89.3727054321121,7,27,48,55,75,95,1.67088578762795,3.02375842589964,0.729808147413775,3.47227782500236,1.62122833236822,2.85510884515279,1.14412860696826,3.82006082527212
6.94478002623556,30.7605081393692,39.9679515806845,48.2816589593085,70.4639130338365,85.713876857682,7,27,47,54,74,94,1.27424461810358,3.3196031406781,0.251736040934888,2.71467413935637,1.69976830700818,2.87140686392297,1.20657318193106,3.95999281314358
5.07474544122913,30.4248122940981,39.5819345253645,47.9048851230773,70.1053560606225,85.5853468803815,7,27,47,54,74,94,0.744102894434229,3.75522301682847,0.246634615549319,2.6373677792582,1.70272470959491,2.87630941520815,1.25398121101765,4.01901471714593
5.34898726871,26.7970020784639,37.1672588979567,46.622184000676,63.3408611906545,78.633693124575,8,30,48,56,76,94,0.658750491037372,2.3133535163702,0.533568353429692,2.0584243278362,1.81391212302947,1.5201017620359,1.49312867038987,3.16241122322755
5.41996474734002,26.7083288798499,43.6576450289597,52.7338363596942,70.058079696415,86.6610354925117,8,29,47,55,76,92,0.675851315119696,2.44875674907881,1.88727931939724,3.49187541836406,1.69653135144723,1.51080228669813,2.15867454291096,3.64895258214722
5.39950738710868,25.9446506415846,42.7251822404998,51.4903583403966,67.7607978197578,85.5743812554407,8,29,47,55,76,93,0.670908542034132,2.26243758001234,1.84581829746043,3.28919579622218,1.60142278300484,1.28766577766238,2.28890883451526,3.46272321326768
5.30642869932495,25.589818760897,42.6716697739494,51.4026712329249,66.6972440094109,86.3843832195038,8,29,47,55,76,94,0.648562316447471,2.19787377199974,1.92003051154463,3.27768818177372,1.59104601171329,1.09273485295537,2.59559643850168,3.50397090494631
5.17609407130263,25.6767527899657,43.2328120663311,52.1295430824121,66.5154296762133,85.0848408005194,8,29,47,55,76,93,0.617673694230717,2.25142544216456,2.03858203545792,3.39903165954775,1.64150606861132,0.922306961167183,2.49182215041951,3.24523432507241
5.06205636400908,25.7778430404196,43.8923589380106,52.9916586581663,66.5836193353769,85.5557235352629,8,29,47,55,76,93,0.591043526318879,2.30482903550815,2.18083770609488,3.54352513659465,1.70364513834439,0.782916323451256,2.60179490323801,3.20462005886998
4.96203011621784,25.8764026778145,44.6292927736239,53.9618453886251,66.9621077664546,86.3597686843965,8,29,47,55,76,93,0.567999060723306,2.35445567736055,2.34677197108786,3.7073015797997,1.77580392897912,0.685229212804573,2.71935206553582,3.21904750918719
4.866721201344,25.9206743868074,45.4398155337995,55.036424090936,67.707974416733,84.7560280943816,8,29,47,55,75,90,0.546321757241775,2.38952334419432,2.55035016627204,3.89018885214674,1.85824356193668,0.724415106055092,2.48133944898551,3.13134362434887
4.83746308181866,25.7637399914889,40.4380560595764,49.8466731571964,62.4791225926395,79.2350972729552,8,28,44,52,71,85,0.539723209916004,2.53901952135994,1.66376915931996,3.22956406868077,1.79947132479637,0.818138512320385,2.61453046410606,3.31621809251698
4.82662277718835,25.6190431935699,40.3078195164784,49.7244489531366,60.445617524397,77.399699834887,8,28,44,52,68,82,0.537285169106127,2.50427418526345,1.66733671222273,3.20114116829554,1.80196818207789,0.790143493900894,2.67220899762117,3.39754914702637
4.22335589032973,24.3894890636443,34.7278783624064,44.0956332380243,54.6669374775908,70.6451775001101,7,23,38,45,61,75,0.53039223342688,3.1572895784739,0.831272519950922,2.86152934257869,2.04299054812045,0.761718579788705,2.39110030945365,3.28502539547763
4.29375681471916,28.0529369797319,41.0146729117675,48.8475777217677,56.9808441271639,69.9392696526315,7,23,37,44,60,74,0.547229102554365,4.24780159515986,1.57720108729936,4.53205867451133,1.54742783789821,0.361991633584277,1.5763611073397,1.80335700774986
4.29813352606827,28.5195310008381,41.5836863510413,50.9499442907433,59.1235267799193,71.3401052369282,8,26,41,49,66,80,0.42309499392584,3.88822945651348,1.43538779460409,3.96344505625967,1.78628317911901,0.30157663067487,1.39154284625944,1.72698963827218
4.29883753541571,29.4526036896241,42.0858995881255,51.420149456599,59.6088707641344,71.7833864659874,8,27,42,50,67,81,0.42324071326678,3.92784438572517,1.33277409705745,3.91622964898587,1.77633130761601,0.303422752849571,1.3812744187714,1.71627605410447
4.30166636753396,29.3841687291279,42.4788809936483,51.8979651356624,60.8546293451576,72.3340654401071,8,27,42,50,68,82,0.423826419397466,3.90682608109276,1.44275551753979,4.00931930895149,1.802733278487,0.335945066295235,1.21508151849411,1.63445356224392
4.35885909796438,29.0737687781377,48.0616542136781,57.1213058388694,66.0755526551634,79.5125742027898,8,28,45,53,72,87,0.435729737063871,3.57328108561495,2.60613008330129,4.84540958931149,1.69144363530835,0.276907077971712,1.52608237260692,1.69985173040233
5.17499692625734,31.068622180162,48.8195467959846,56.7447068686126,66.3915522004204,82.7135956072657,8,29,46,54,74,91,0.617415706326779,3.68886592157635,2.27230001558084,4.85529495219856,1.35092532591215,0.29859083681587,1.90306651685211,1.80583897134565
5.62789358962432,31.8402430330918,48.839356502822,56.9674038282117,66.822610876434,83.258715958535,8,29,47,55,75,92,0.72671421018868,3.77942119602038,1.89956497829279,4.68676915685239,1.41052080759374,0.322237287294884,1.93184017441963,1.89893392455874
5.85240601188204,32.3016374799404,50.4011762556917,59.032530946941,69.5924383418365,86.3038295984889,8,29,48,56,77,94,0.782862754586434,3.84707290026868,2.00101163409381,4.89234467388326,1.5608751588038,0.34519978296078,2.00180317268184,2.05497103109541
5.91618290063935,32.7777231436705,50.9115124713873,59.6985148942812,70.6427295864958,87.7103865014207,8,29,48,56,77,94,0.799036052403796,3.96551987828532,2.0094599667116,5.01659750216095,1.60805790810238,0.391512907600506,2.09340782488686,2.22145448502456
5.76263969437876,33.990949440033,50.3503678712148,59.0618630429924,69.4226325326911,86.6572106150728,8,29,46,54,74,90,0.760264248244135,4.36419458733149,1.91248086855347,5.23469223195482,1.58512983862758,0.383332931236602,2.32839804617042,2.37139072039368
4.60560124036246,31.9239614523604,47.0118062690353,55.9047588935302,65.7551918047871,80.0695059932562,8,26,42,50,67,82,0.488392280103353,4.83574722648788,1.76669257410631,5.12882710570155,1.64035181056753,0.537879611224425,1.74595015351535,2.23606546455744
4.49029742970997,29.4626308926866,48.5698668203037,57.4760946337294,66.8623908266517,80.3548195459339,8,26,43,51,68,83,0.463522870029736,4.1137885713029,2.63897731614277,5.33966542755417,1.644408021174,0.466303860382161,1.53970414700043,1.98849220111046
4.41959032837139,26.7255265140358,47.7514505124726,57.173400334262,65.8638885663205,81.9165356829767,8,26,43,51,68,84,0.448496663934546,3.32662386568256,3.18097087591946,5.13062161870124,1.80362655577624,0.367687034693846,2.01372738574053,2.3286959052697
4.41177737843608,26.3449376341202,47.4910142461035,56.9262647772014,64.8554723279968,82.4789300929561,8,26,43,51,68,84,0.446846958593093,3.2198095437003,3.21573134869361,5.06459939656105,1.80777380758193,0.272545481978085,2.43458732768804,2.49521800229588
4.70380095009566,27.4241891652586,46.006422978089,55.592217166398,64.5643530850419,80.1927419315609,8,28,46,54,74,90,0.509920975135033,3.01716749308973,2.30207681425766,4.18088627944657,1.85485203663503,0.228354145825592,1.90394701629961,1.96908070579257
4.65290227838442,29.9554191886737,52.4666257682775,63.0335900556088,71.5946802224279,88.368390177716,8,29,48,56,76,93,0.498722850759316,3.5223871492827,3.16719625943388,5.40083468845519,2.16748838835177,0.19042257402847,2.01774143201129,2.17128303577605
4.7054168832576,39.8474644619932,57.8604164782058,68.6723686627286,77.2408939836694,91.8393787597785,8,31,50,58,78,95,0.510277870374354,5.9589181118114,1.97970199567869,6.3995536843846,2.24700253431584,0.191075509046056,1.48475538706623,1.8207625683338
4.81714283761019,41.7367313970442,59.7620132626954,70.6416232315252,78.9693752678972,95.349723429208,8,31,52,60,80,98,0.535156090457802,6.51387730776162,1.66592839924373,6.50716044363834,2.26905690912733,0.170556947314181,1.7486513716182,1.99764805564683
4.96345161869312,41.678808586745,58.1265536574293,68.8040357746539,77.8843624215905,95.0103016224293,8,31,51,59,80,98,0.568324459754206,6.44960176182601,1.46039249892216,6.27718550792171,2.20329088764764,0.194624098601839,1.93096285296739,2.12030647307345
5.14220535477848,41.1101952481923,57.0920731655569,67.6432287127201,78.4303941581741,93.2143646060065,8,31,51,59,80,97,0.609720807391706,6.21551075003502,1.35965721095178,6.01372501441445,2.16237631976584,0.372240715653686,1.52820056658322,2.09531476529193
5.35323424052031,39.6541143138439,56.2408438776147,66.5974718775569,78.3575120197257,92.1238691679252,8,31,51,59,80,97,0.659769895448335,5.6999712974117,1.49092114584113,5.79936401426883,2.09966400522953,0.49909456017636,1.29496356548724,2.05138032248142
5.73336821909563,36.8016947712011,49.9553873845491,60.0575548759769,71.6422201465348,87.6021042843859,8,30,48,56,75,91,0.752937683378568,4.96928869026725,1.03182282083141,4.78457447608041,2.01818053408627,0.638336624167452,1.98957467562542,2.77470827838212
5.98919611174052,36.7808058789433,49.3655163141597,59.3730335777751,71.5788269103673,86.099528546382,8,30,47,55,74,89,0.817669316375348,4.88632231571749,1.04104840390796,4.81406660489111,1.9880356331711,0.742717163733066,1.79892291287565,2.72140000095278
6.255526898022,36.1640727013166,55.5916148123275,65.214963869508,79.0070309445657,94.604626347165,8,29,45,53,72,88,0.886668972632272,4.86608555481424,2.94262694524931,6.79747258707013,1.86663521345689,1.03732129105365,1.89604796507694,3.0654912950112
6.48900043479596,31.6083085172815,42.1892257351713,51.4397687671878,68.890171109539,83.4653493428927,8,28,43,51,69,84,0.948427758504025,3.6888666017952,0.880289397882615,3.77765831502272,1.75036107171849,2.01198573160849,1.81298108984656,3.89025355718295
6.78961080751174,26.1939986462419,38.0491684762755,48.0003885047346,61.9231399757369,77.4475178714417,8,27,44,52,69,84,1.02958876413207,2.33017546553203,0.894416930761589,2.72202010488536,1.97014884116687,1.32997562354403,2.06279097334985,3.61230601478131
6.8164989724036,25.9484359086271,36.6801586868646,46.9522585262315,60.2765361409804,73.7995079124587,7,22,38,45,59,73,1.23576874436043,3.08370217085606,0.792160400352439,3.30207898564575,2.34614004852968,1.66997478277368,1.72146312325662,3.91400768680623
7.37536352519066,27.0691704513131,36.6409305457434,46.3171109245428,60.1713218419132,74.1243454249871,7,23,39,46,61,76,1.40526689838027,3.01959479862253,0.582875583349018,3.13716456892829,2.14555298038054,1.62953993502778,1.65434016964037,3.65521879035897
7.65819122403051,29.1128387398775,39.4941205506695,49.1322568039557,62.6957175174936,76.7922477704238,7,23,39,46,61,77,1.49280469138053,3.54004374119472,0.72626051434602,3.80012161334324,2.13285396055727,1.55722096056138,1.52315697459046,3.44569553209265
9.98180650536249,34.4054235134814,46.570167180998,59.4839694927943,73.8007122106559,86.3326515012237,8,27,43,51,68,84,1.97986277325403,3.71376066758852,1.08327734438774,4.83314382228332,2.94921105554713,1.41954343557339,1.16299756124436,3.53630988610489
10.3085131421988,34.4872190957996,45.3538427232942,57.9116109890802,72.7408402344791,84.4903853766205,8,27,45,53,71,87,2.0842081827778,3.6425929133363,0.612532340261133,4.19189269642805,2.82798241995699,1.38825231681663,0.995549324699889,3.24013158493845
10.3287447148021,33.7156598309401,43.4123983949202,56.2286572412676,70.4603897083774,81.6516488949648,8,27,45,53,71,88,2.09070440458953,3.4148134703515,0.434176997054187,3.74170312900262,2.91591397304188,1.25693276206397,0.768397278015961,2.89959697672613
10.3302797767613,32.94534474612,42.0942126814334,55.1879696496501,68.9096677042463,79.6317284666676,8,27,45,53,71,88,2.09119746391473,3.19631757827224,0.36030761979156,3.44550461866385,3.01080159428181,1.14845812166293,0.683920407879796,2.75189998042308
10.6409521485763,32.5562914564146,41.6894144540662,55.1347101154369,68.4377830359563,79.081438213649,8,27,46,54,73,91,2.19144452084255,3.00144771048373,0.296945671460286,3.21021760156806,3.13170627903292,0.942459923523577,0.576481379993399,2.45868787375977
11.0190244633593,32.1118795999399,41.6528139133187,55.4070991786945,68.7317934610495,78.2111550050308,8,27,47,55,74,91,2.31462848953528,2.77653764493106,0.286920985352565,3.06122303280818,3.23859603639051,0.946581071088784,0.480294617714886,2.42092466472021
11.3898893128573,31.7597990134163,42.2360476929699,55.6307337305971,68.7393649600156,78.2284773119338,8,27,47,55,74,93,2.43666189870762,2.58278182959272,0.39801241003229,3.18451943275033,3.1142531808654,0.905710070762911,0.338912830329076,2.07142513524581
11.773408260107,31.9085567426622,42.295737714758,55.7146247781574,69.6404428096401,80.9520069407776,8,28,48,56,76,96,2.56403527229174,2.33567236606873,0.38666687847497,3.05756969342265,3.12259714044031,0.947082083843513,0.511905980473493,2.33344070031966
12.1729440174307,32.1149941343226,42.8760565705508,55.8752568436042,70.8216054925945,82.5504296947861,8,28,48,56,76,96,2.69792765578373,2.28679081291618,0.435341260181151,3.17932458927481,2.97841305498414,1.14501961989425,0.573675050975922,2.52884339975613
12.4396383318127,31.854025848054,42.8001358537528,55.3967285818391,71.122026280831,83.3910294146111,8,28,48,56,76,96,2.78794897579687,2.15478573515213,0.460437644761927,3.16330300939398,2.84116069285664,1.30525471920831,0.658208813777264,2.70962202454611
12.5168087502103,31.1107286296792,42.1734699407757,54.3809411705318,70.756417392608,83.7477310882278,8,28,48,56,76,96,2.81409062036724,1.9543019068073,0.476590921150825,3.03212722499382,2.70955357913313,1.44460360992654,0.778882152558981,2.90851550116074
12.3081191025623,30.170880932707,41.6731625292723,53.5574768929091,69.6800204818119,84.1504102713324,8,29,50,58,79,100,2.7434922839412,1.62951275273669,0.463776044491111,2.66853996896086,2.60108239750308,1.25737289910473,0.93767921035024,2.82762793241217
13.0818843438897,30.4257004924165,45.869649060222,58.17826177443,69.2155860176364,82.7004029513161,8,31,52,60,83,104,3.00673172889749,1.2529954003184,1.12180017969523,3.25205670393902,2.7436589088233,0.2875615281422,0.76482377840844,1.59035667918334
13.6931828788386,31.5208375059765,46.6502294615231,58.8468206420762,73.7131375583652,87.9664226882341,8,31,53,61,84,105,3.21741397265613,1.34952652058182,0.949585298442751,3.27718137988227,2.70588914648832,0.803459719942434,0.898388545019385,2.3589824553602
13.853939306007,33.477860801888,46.8112690436557,58.9853524456668,76.1332905619714,91.6761851510847,8,32,54,62,85,107,3.27318906821103,1.58977494569409,0.649451333434251,3.17580624658572,2.69831116943559,1.21467530582095,1.02515048654155,2.91602969333576
13.7198363048892,34.1236453686445,46.5842424351195,58.5370484208215,76.2146209520071,92.4535963278567,8,32,54,62,85,107,3.22665110647598,1.75733996905622,0.521638139232959,3.12986870315525,2.62400782286753,1.31930193498554,1.15736101427204,3.11738500375077
13.4490375154778,33.9417244108517,46.1325206262932,57.5854890891401,74.2947431726676,88.1955254080233,8,31,52,60,83,104,3.13299730149751,1.92489105708495,0.56076369577376,3.30668225374819,2.45753125003991,1.1304943696389,0.836035568333529,2.49819612881488
13.2288531225082,34.2555011370953,46.1160713948287,57.7598362582002,74.4528911492069,89.0538150870882,8,31,52,60,83,104,3.05717442321521,2.0481998736972,0.513193737555647,3.30325481935804,2.52084886575645,1.12743006099063,0.961621408635003,2.66501699289726
13.0338673408055,34.6569220230685,46.3015140383139,58.0869881697644,74.7029763142085,89.6335727846944,8,31,52,60,82,103,2.99028094177096,2.18878705667967,0.483126812482147,3.34196545223469,2.56806121509378,1.2314772034673,1.02313210667822,2.86884965759076
12.8763013432578,35.013572529715,46.2315651025726,58.1352577743804,74.614771312851,89.7432431114717,8,30,51,59,81,100,2.93640248907164,2.48457781270713,0.426234802438814,3.46762626689558,2.60756510439525,1.20445006941572,1.31320202289851,3.17364156059016
12.8311271897964,34.1759145386592,46.0723431720019,57.9242987573733,74.741114776369,89.8720387087019,8,30,50,58,80,99,2.92098534347751,2.28802764253902,0.599362320333718,3.57750602692915,2.59026359925189,1.27165005567374,1.31372924542394,3.23421439741278
12.7806422125093,33.1791534625343,45.8090867603412,57.6073269139688,74.7037265880177,89.7664006824342,8,30,50,58,79,98,2.90377160614335,2.05990785248232,0.717446977695591,3.52056800770788,2.57232198644698,1.46150626435688,1.29908266718037,3.41047079726524
12.7221743572663,32.0852173440514,45.5452100013414,57.2908075736373,74.5752396872126,89.5057743794468,8,30,50,58,79,98,2.88385709003847,1.81912152688775,0.861601938982275,3.46380461409356,2.55476011340354,1.50214822145731,1.27088859671018,3.41117389789489
12.6560216184627,30.6034003907222,44.399718649622,56.1979823200058,73.5593614435232,88.0154287848338,8,29,48,56,77,96,2.86135261604041,1.64843925847733,1.03816094235522,3.50661123804472,2.57232983651976,1.51889012730846,1.17147012197319,3.33685147970274
12.5826859333688,29.4875801550848,44.1514341679906,55.8631436809053,73.1704845636588,87.3972709604502,8,29,48,56,77,96,2.83643909711475,1.4205123946812,1.21465459059079,3.45254569145149,2.54346614244997,1.50712598890789,1.12447518547888,3.25775414693641
12.5028100991785,28.4792098789765,43.914044877651,55.5191577554033,72.1567026260506,85.7549414805705,8,29,46,54,74,91,2.80934549158768,1.22769667938923,1.68374259558769,3.700059379166,2.50799856299642,1.5021364461843,1.25767947071343,3.38950421885525
12.8985177532682,30.9055363084223,43.431187079362,54.4307610340539,71.1622718033085,84.0987858948605,8,28,45,53,73,89,2.94398946190847,1.81466272896373,1.02887636904433,3.74598177838917,2.30826039999309,1.52295012846998,1.25304519914864,3.27986303283248
12.7325826855472,31.0293152248876,46.2924871143563,57.0426433054811,73.8779184192188,86.7915434973013,8,28,46,54,74,90,2.88740056521632,1.88318690260065,1.48634365319107,4.24804714979628,2.22689454334435,1.54604603041426,1.24789063860945,3.24290561865795
12.349956767366,33.2110000720103,45.6405801527162,56.4986741614044,73.727121941863,87.532999190559,8,30,49,57,78,97,2.75762123888879,2.17048639192742,0.781909613617143,3.6304291737109,2.26203896730656,1.49000742053778,1.04004986342841,2.97392490805559
11.6088132108393,33.657243618931,45.5742598269623,55.9969862754001,73.8033480158613,89.7876427834709,8,31,51,59,82,101,2.50922827407988,2.29082710522992,0.602551570767205,3.32845693055336,2.12093284644042,1.34522319714614,1.50154942472688,3.18214341008879
10.9325295652499,32.6682233409439,45.5140113002713,55.9205678845779,74.25253999729,90.5897545038575,8,31,51,59,82,101,2.28633521885411,2.21566642709354,0.753891844864943,3.31579847932534,2.11572593580286,1.45289342281607,1.5816553041373,3.3635902103228
10.2211719140246,31.6998206574517,45.6279406104384,56.1413975435185,75.0642374950921,90.9275839210132,8,31,51,59,82,101,2.05620912497506,2.15447757512834,0.947512325718926,3.33974941420623,2.15019511240213,1.57741579135327,1.47441589192621,3.41126044856708
10.2681425790927,31.6861408814885,46.2468747369603,56.7665717012469,75.8446154574181,92.2603442361811,8,31,51,59,82,101,2.07125731532312,2.1401184471893,1.06856732929252,3.47089080955326,2.15221048080115,1.61071438146849,1.59966188586086,3.56474606966932
10.3543120137537,31.741232833943,46.8547022666523,57.3494790818893,76.4712747613659,93.5250366256855,8,31,51,59,82,101,2.09891953599748,2.13277250892215,1.17875549083336,3.60133585335393,2.14416409643301,1.62014464899852,1.74840624273626,3.70796871611807
10.4380804215853,31.8238967122104,47.4377706561758,57.8821835241821,76.9505873699195,94.441665485708,8,31,51,59,82,101,2.12587932679293,2.13251157236405,1.2818745984591,3.72797558704979,2.12792005650687,1.60863915593924,1.85275364797574,3.7814107803885
10.5193300692219,31.9384174565474,48.0094835694798,58.3821308265478,77.3154508733393,95.1324847380451,8,31,51,59,82,101,2.15209197313295,2.14037602390107,1.37874926039149,3.85355172474131,2.10481477254167,1.57965666789509,1.9317419499976,3.80774983400714
10.597970781027,32.0843095577248,48.5718664310417,58.8547761166615,77.5916826262773,98.9227753928163,8,31,51,59,82,102,2.17752167305913,2.15630036380807,1.46911537372146,3.97840513215701,2.07599276394867,1.53784387975931,2.64491253332471,4.38172800884307
10.6602131842149,32.271732251104,49.353258546851,59.5728005605618,78.1384472754061,99.2254986088122,8,31,51,59,82,102,2.19768919700289,2.18604006943218,1.60132004689383,4.15401353243882,2.05568733480662,1.50170763262628,2.58093006456359,4.27198861489036
10.7168685589184,32.4520460089783,50.1180853980631,60.2716358030066,78.6576414592945,99.4830019534088,8,31,51,59,82,102,2.21607719333765,2.21554298175133,1.73505691640612,4.3282407622392,2.03458302089909,1.46412999611119,2.51281190474024,4.15665200257567
10.76893452104,32.6209880005367,50.8425818644733,60.9257729639534,79.1239456136025,99.7330562841538,8,31,51,59,82,102,2.23300126452076,2.24354065389553,1.86533789112836,4.49535957931012,2.0121295535706,1.42520233794365,2.45691366457036,4.04971207988451
10.8163971448739,32.777375461292,51.5227136332119,61.5323615261826,79.5370211899309,99.1914069348217,8,31,51,59,82,101,2.24845020925617,2.26973152268594,1.9908489122442,4.65403832071011,1.98871321371851,1.38549241505846,2.39487723230222,3.92918563082604
10.8592890613959,32.9218745495935,52.1556761777449,62.0895585122349,79.8988421370256,99.8529840235977,8,31,51,59,82,101,2.26242865492293,2.29424730531542,2.11015018763903,4.80323538749059,1.9646468459083,1.3458134175664,2.47311357547761,3.93558759833511
10.8976786885838,33.0551987252207,52.7392993998551,62.596038378736,79.9455479794316,100.523875839176,8,31,51,59,81,101,2.27495360329152,2.31722619390583,2.22196897237053,4.94207519904131,1.94020365003278,1.38046438350659,2.44898586229333,3.95513319374848
10.9316368432992,33.1793679284325,53.2735327483235,63.0525215180749,80.1674783217605,100.823506256739,8,31,51,59,81,101,2.28604354061641,2.33912669693376,2.32527240096345,5.07021435806762,1.91563109423039,1.33215396312257,2.46901080696216,3.9026605323292
10.9612897560021,33.2977448180183,53.7594307340353,63.4604007657624,80.3434235394748,101.027246446403,8,31,51,59,81,101,2.29573573014574,2.36072747852169,2.41901265716971,5.18761459722204,1.89103803323469,1.28499730411755,2.47618545344697,3.83985465639266
10.9867421174034,33.4147017203662,54.1989211510421,63.821498403597,80.4711597426509,101.14192720704,8,31,51,59,81,101,2.30406105089097,2.38306845348286,2.50214985916784,5.29449166213958,1.86639289797436,1.23817988312428,2.47281474527692,3.76796913037931
11.0081537810844,32.9509185048958,53.7122071483018,63.3653132553569,79.790163194829,100.867567034035,8,30,50,58,80,100,2.31106902953991,2.43589074293801,2.49621274664946,5.35123010917975,1.87598266124493,1.19368723653774,2.57840972545789,3.81491596876039
11.025676789389,33.0415755070383,54.0829424064827,63.6670467242511,79.9031908920246,100.832072643584,8,30,50,58,80,100,2.31680720740583,2.45416352910825,2.56900145318634,5.44270316959974,1.85432218718572,1.15681096187585,2.53969700630992,3.72527479073065
11.0401787626499,33.0633434431808,54.0048420332002,63.5603145191777,79.6195924779372,100.628629189263,8,30,50,58,80,100,2.32155810037183,2.4559811630337,2.54297920140532,5.42339535411202,1.8453496021956,1.12264524917907,2.56056914980158,3.69775800177954
11.0771144907225,33.8200403763457,55.5121415908029,64.9810478380769,83.301000481655,104.80756354376,8,33,54,62,85,107,2.33366651276542,2.13326206834375,2.55175853753492,5.09722929761559,1.81827677271609,1.45039810298717,2.32775517651425,3.83853688072829
11.1295947258101,32.8147923780628,54.4294062902093,63.7534822272661,81.1411108123128,102.337871218386,8,33,54,62,87,108,2.3508908037312,1.89475600575091,2.53189505645293,4.84255249961848,1.77317051010278,1.03456927252597,2.42555887405432,3.40110365062649
11.1725669243295,31.9392115576194,53.3844683925774,62.6382326658651,79.5263230425947,100.544645498951,8,33,54,62,87,108,2.3650118838332,1.6954808622246,2.48863740571422,4.60065153275392,1.75135896833936,0.947770975453388,2.38055711490263,3.24686445165454
11.2114012955614,31.3928267251015,52.772069447383,62.0595318221801,78.6319024757645,98.1678674840761,8,33,54,62,87,107,2.37778659837192,1.57257874863975,2.47183443638931,4.46071143974998,1.7618054028412,0.8945274258788,2.18499349713743,3.02185657671706
11.408614725715,31.5885059945362,53.2715135472017,62.6963814473011,79.8406551149515,99.0669028182594,8,33,55,63,88,109,2.442853724236,1.5722608717436,2.37131916262512,4.41782440355196,1.80453626172352,0.991899334298735,1.94304404720395,2.97210886969628
11.6002563536181,31.9985047301208,54.2898784786075,63.891700477037,81.1982892734346,100.270347411324,8,34,56,64,89,110,2.50638478488806,1.48773966670142,2.52335231365837,4.49236119377268,1.85987902134183,1.02027932621381,1.90670303215763,3.00886021560093
11.7836107310168,32.258020224678,54.9921770488191,64.7184239701469,82.0870789413662,101.00098101845,8,34,56,64,89,110,2.56743939324523,1.50301534011822,2.63573188389041,4.65148390624867,1.8989986983841,1.03121645291521,1.86965459076167,3.01450099782114
11.9559072249935,32.4104056583165,55.4219780602872,65.2759718868255,82.6848417416287,101.481183743291,8,34,56,64,89,110,2.62504669740416,1.49901626530562,2.70685689660249,4.74973175191872,1.93933497789006,1.03832798501286,1.84226695171544,3.02454403387778
12.1144066628379,32.4303360967971,56.0499896545801,65.9290270309265,83.9263455982991,102.799158133746,8,34,57,65,90,111,2.67823681167446,1.47129324390918,2.67968820809531,4.73487507407159,1.94726263785173,1.14459428472979,1.86006734464493,3.16321705602842
12.2565547292949,32.2768594994653,55.6558635148746,65.4540141859875,83.4726548156302,101.951603504747,8,34,56,64,89,110,2.72609561444326,1.41278794173682,2.80188684544803,4.80346759090482,1.92168120304625,1.14852098657109,1.76897942730743,3.07183496578583
12.3800149556041,31.929519019237,55.8020780957268,65.680831442776,82.4751955526467,100.538096832755,8,34,56,64,88,109,2.76777977830568,1.32145333200355,2.93097677502084,4.83715738470704,1.94717269031442,1.03504271424678,1.67439586198955,2.89053983829578
12.482826555909,31.5048436625048,55.7146401435562,65.6654927058437,82.5563088334613,100.392944206222,8,34,56,64,88,109,2.80257400304442,1.22189447831652,3.02010350600156,4.81700160884278,1.97003219627556,1.0524415609941,1.62368376173656,2.87915274983462
12.5634830514992,31.354242584227,54.4116831757883,64.5377529833474,81.0065322252092,98.5853896489683,8,34,55,63,87,108,2.8299215564295,1.17919968491196,2.90881276777343,4.67716673628448,2.02580737071709,0.97716825095674,1.56654987774705,2.78029124986734
12.6209422703703,31.6690318883046,55.1528048665476,65.3747144442725,82.2916231924108,99.6256265119906,8,35,56,64,88,109,2.84943094805092,1.11716493092586,3.02291133659218,4.68812545536329,2.05644528643708,1.05716807843322,1.51292648962587,2.83874318243386
12.7168448943817,31.6981477561847,56.5565563950725,66.5975793944811,85.8940048011614,108.660518829537,8,35,56,64,89,109,2.88204297521363,1.10538215667171,3.39860274226737,5.01216578285379,1.99869643324967,1.39309879231044,3.0297502073345,4.46599055614888
12.8105454292292,31.8132206572537,56.3323816384962,66.2728936483387,87.0150711654317,107.431982597803,8,35,56,64,89,109,2.91396559926254,1.10914730252239,3.30481820912029,4.95996374507746,1.96675036127659,1.69027772272818,2.407535269461,4.23808271654879
12.8962021485138,31.8213750193317,55.961760542718,65.8060397314785,86.9676231896952,106.389120717792,8,35,56,64,88,108,2.94319852528285,1.09551829248567,3.20091934105921,4.87403474551628,1.93626152454868,1.92554749521844,2.15654885752604,4.24145220230206
12.6181603195626,31.9415338643447,55.697576793492,65.4527007531203,85.4040419741417,105.921265431158,8,35,56,64,88,108,2.84848586243408,1.16625603752312,3.09639416505072,4.81307133509438,1.90810154553537,1.65941585307347,2.43327080118918,4.1954166920977
12.3095321396186,32.0747830710034,55.2709035549944,64.9244211367063,83.7719981570993,104.98550950597,8,35,55,63,87,107,2.74396927715688,1.2467870060833,3.14760001033844,4.87567083869599,1.87611198324616,1.42891734241342,2.61403054039778,4.08106078736938
11.971006291441,32.1815233535768,55.8957629767059,65.3201016675352,83.492898575433,105.373480653274,8,35,56,64,88,108,2.63010571201661,1.33003315546327,3.08508121157539,4.85878249076567,1.8043712745044,1.2942205005615,2.7905508581595,4.02819855481354
11.6041559271719,32.2218213945457,55.3316255831681,64.6033542694723,82.0595589476634,104.586437801234,8,35,56,64,88,108,2.50768056247228,1.40793827649668,2.92276231631867,4.7290241910207,1.75692630997804,1.15670351063985,2.96453150709695,3.97866216251648
11.2118486615098,32.16399787552,54.6289144718963,63.7127755992433,80.613045211086,103.645408063681,8,35,56,64,88,108,2.37793383471681,1.47317912087778,2.75225588186687,4.56895686529402,1.69889174479979,1.05415303484629,3.10253913802098,3.92592279254128
10.7983925580214,31.9920751203234,53.8013626944584,62.6611708131152,79.1211211359798,102.551117927934,8,35,56,64,88,108,2.24258740023381,1.52096882493617,2.58188308296264,4.38273024650156,1.63023414269767,0.9756175042261,3.21224684312965,3.86716906449277
10.3695854835711,31.7082768093927,52.877969333127,61.4787800072102,77.5738874423947,101.31454022273,8,35,56,64,88,108,2.10383011216534,1.54992892440963,2.41871651885016,4.17792438612957,1.55165296976878,0.912412477655934,3.29863756424516,3.79855906992248
9.93264770872901,31.3286960314264,51.9062557602344,60.2175320824008,75.9955854168966,100.174320988936,8,35,56,64,88,109,1.96425516420906,1.56143889746699,2.27047240849241,3.96591060307722,1.46485297293185,0.858904434522379,3.21139915708968,3.61694412573621
9.49599438664574,30.7227088092597,50.9439021756735,58.95202086942,74.3046429561721,98.3495319208684,8,34,55,63,87,108,1.82673939764463,1.65690978782299,2.18261563156098,3.90351698368494,1.37522000074807,0.789241450939794,3.17486255135592,3.43439169088671
9.06887225314556,30.2595841260174,50.1015617020912,57.772431024132,72.9238232482936,96.7589377994421,8,34,55,63,87,108,1.69427955163758,1.64942309188718,2.09029133353912,3.7226520910863,1.27710771764119,0.757165286104354,3.11782296445872,3.27865671642873
8.66080384924763,29.8353835302855,49.4228539312106,56.7611323729321,71.7784379483782,95.1830799138978,8,34,55,63,87,108,1.56977832052169,1.64607232366637,2.02902161625528,3.57904744843888,1.18211574205377,0.736110048007682,3.00164392500502,3.09527775263588
8.28104245294046,29.5125174864055,48.954746773185,55.9820750175524,70.9822415215974,93.6611888856612,8,34,55,63,87,108,1.45585521804711,1.65790065222239,1.99431141416105,3.48113429782733,1.09500389424145,0.73343726902101,2.80853060115951,2.88470235282519
7.93789584485905,29.3940697097928,48.6752563668772,55.4339225554163,70.6608861432259,91.8512162727838,8,34,55,63,87,108,1.35464835649121,1.7049065674585,1.95604497846767,3.42312168528806,1.02115197427527,0.769144567125322,2.42393288453815,2.58855920421456
7.63823172674548,29.2580691096567,47.3845602956892,53.9379745444024,69.7601112135286,84.7481401082012,8,33,54,62,86,106,1.26770645921931,1.88032855781391,1.68874116195112,3.29285279910588,0.96566655638211,0.866263900593253,1.15339979093244,1.67521525635902
7.49892652335267,28.5455200720808,46.8312114986992,53.3866372517986,68.1924793807355,82.5374381754456,8,34,55,63,87,106,1.22777206230647,1.61957475620445,1.72483213992148,3.04902130583511,0.966206246912461,0.703429383723599,1.14860959745583,1.50744259494432
7.30017933049489,28.2796274539255,46.5774983255172,53.0890800632131,67.4607943935513,82.3192020140656,8,34,55,63,87,106,1.17135174726135,1.60573476391386,1.72760357824976,2.99876194761466,0.95446144935329,0.638391954128429,1.25559085791271,1.51295339361434
7.1200036190243,27.8498044568221,46.2799751691032,52.7539659188712,67.0610488546874,82.1123609024328,8,34,55,63,87,106,1.12078795608993,1.55465253472146,1.75780228232442,2.94020828029142,0.944422991252309,0.628950186378408,1.29664990264678,1.52707801204435
6.96580730102152,27.4225806767615,45.9633985356982,52.4089030226701,66.6320781745071,81.913792858194,8,34,55,63,87,106,1.07797370280803,1.49947298358689,1.78318950228352,2.87836515300937,0.936835307424895,0.616786900728393,1.34629067693947,1.54554178921096
6.83962087449275,27.0889716957983,45.5839475276603,52.0174549987705,66.0882205821056,81.5685553690243,8,34,55,63,87,106,1.04326238296833,1.45804072614691,1.77265697874773,2.80487259153808,0.93364478605286,0.594968776664966,1.38959752027887,1.55091232983167
6.74012748379443,26.7882019608986,45.0738546163372,51.5192465346399,65.4393603994301,81.0179465043049,8,34,55,63,87,106,1.01610640938058,1.41824625008382,1.72482331985648,2.70718104469689,0.936805356674703,0.573754573899969,1.41119285366396,1.54455334208667
6.66449802416749,26.4723072893318,43.9333647794911,50.2643700500777,63.8346398543528,79.4831513373302,8,34,54,62,86,105,0.995592223155561,1.37128084131201,1.68775849719685,2.61160587556655,0.906508182665254,0.525864044498815,1.42663103791747,1.48324370760999
6.61947260838878,26.3250814763623,41.9397392436728,48.3412589579305,61.7648782830382,76.6519830107357,8,34,51,59,83,100,0.983432776704297,1.35148321131373,1.72753513037394,2.59590060818198,0.925152548229579,0.506369031350607,1.55252958656655,1.53806353830071
6.54010623817261,27.1279579405131,44.5075893860721,51.1745966133785,64.7816519709084,78.639688540083,8,35,54,62,88,106,0.962098058361633,1.4021768954813,1.82598209314808,2.72095456658549,0.996271033556606,0.399928064180466,1.17711662359313,1.18991347728067
6.52543102479669,27.1147652678646,44.1012464714015,50.5420652470199,64.1926230105937,77.7126358685253,8,35,54,62,88,106,0.958167122817257,1.40246318025479,1.73252233039658,2.64340328175136,0.93558881935097,0.404858990824191,1.10652778044389,1.11857143025219
6.55206985569628,26.258851023273,43.5330557064618,49.6637947691607,63.4380952928049,76.9392947141729,8,35,54,62,89,107,0.965305898827411,1.23601053405897,1.80076880589939,2.53636659910462,0.854141549045264,0.361991770383961,1.10264507305726,1.01688212451967
6.55026558747224,25.2945434301745,42.8610854015951,48.7864029552397,62.6706624201132,77.0447027690653,8,35,54,62,89,107,0.964821929063882,1.06397210517318,1.87095003147378,2.41193664036689,0.801360416392939,0.373678840619706,1.28780380474492,1.11883810885166
6.52597862328521,24.5830603016416,42.8528708581012,48.7490263386381,62.6465205520876,77.2883947197319,8,35,55,63,89,108,0.958313724989592,0.947590172944131,1.8767855040982,2.29716582653511,0.79394685690536,0.433421090317296,1.21006011575699,1.1528308441945
6.38050271894063,23.7938797508586,42.5031481606289,48.5314477877754,62.7776805509681,77.0073586733033,8,36,56,64,90,109,0.919584554179944,0.75704458967204,1.98212397801129,2.12708213156985,0.82769962323345,0.47539580441365,1.12506353853091,1.16217951386207
6.31303305495333,23.4374103098661,44.3174501826239,50.4641922388032,65.0830554939872,78.7104569429647,8,36,57,65,91,110,0.901773141547702,0.714886748116796,2.34585355252655,2.3363161565327,0.858293648653293,0.522324830815778,1.00499429670298,1.14706113388845
5.70523908135307,23.2890741404304,40.3991957769135,47.5932634240061,60.8422386667545,75.1777690980464,8,34,55,63,88,109,0.745916966673539,0.966292186606868,1.46445913429179,1.87516375393898,1.14150421989283,0.418595257286981,0.913194399877134,1.12221363139527
5.69743814516057,24.0078275256257,40.5870086104404,47.9460643359536,60.8868364307791,75.261983073623,8,33,52,60,84,103,0.743973418234674,1.20277261525883,1.63736056975345,2.22599723002611,1.18799627899181,0.444660299175839,1.15480463011287,1.35102179013183
5.76317938377355,24.3381323513875,41.6629168481496,49.2168264150976,62.2612324548663,76.8381579130765,8,32,51,59,83,102,0.760399528503479,1.37390796083297,1.81285151557867,2.54282871619848,1.24349640217909,0.457580519399312,1.19652013210969,1.42598565926385
5.82238452044156,24.6407877093136,42.496437523418,50.1223592564401,63.8623296726758,78.3913157015591,8,32,51,59,83,102,0.775283195248259,1.42299321294493,1.94116659064241,2.70384424093956,1.26416497224928,0.548852836668713,1.186561087282,1.53684402345703
5.89217590991332,25.0891257900401,43.1172254784567,50.6894768706462,65.570567756331,79.7389447066553,8,32,51,59,83,102,0.79293673357145,1.50054888967251,1.98342496001878,2.82609155990223,1.24875283993403,0.714984570033661,1.11261519741809,1.65233838282779
5.98946045149291,25.6314534306485,45.1342128437471,52.5934620516497,68.4783267531903,82.3449611975882,8,32,52,60,84,103,0.817737002683956,1.59359142657904,2.1767305937268,3.10092370585931,1.2164557489006,0.876780969157993,1.05208575622425,1.74846374019188
6.11491013143296,26.26044593927,45.5325147298089,52.9085156865634,69.3021690347489,82.9533908575793,8,32,52,60,84,103,0.850040251522224,1.70120755368178,2.11958520244104,3.18246321178183,1.19279765142422,0.964004631196631,1.00964691544487,1.78329183399769
6.29048654048484,26.9954419807862,45.9627284765762,53.2165515649381,69.4354359907485,83.1871990637154,8,32,52,60,84,103,0.895842729159639,1.8235685502443,2.04479439178281,3.27136284050688,1.15828847070382,0.933662121055858,1.02937345466792,1.75072961801549
6.51916526918291,27.6122235297045,46.0450929073601,53.125201314119,68.435133711733,82.6333937707558,8,32,52,60,84,104,0.956490100433761,1.91012622296503,1.91566140336967,3.28847953038951,1.10966939153657,0.782389155559892,0.99852513674111,1.55235551137374
6.85651196651779,29.3439814955697,47.328155647529,54.3340770598821,69.0279439131443,81.4186213305431,8,32,51,59,82,101,1.0478914490745,2.23173751632194,1.97263487903151,3.70405651358671,1.08907020675056,0.775217384347534,0.775037836720041,1.3510933233828
7.04586204674684,29.6585214774448,48.1401802099175,55.2185315175868,69.7046320570683,82.1236048426367,8,32,51,59,82,101,1.10014795266604,2.26138587229293,2.09586854671755,3.88245106789743,1.1091803544921,0.741762093822619,0.780033509318692,1.33515297378666
7.20487093684602,29.8858948961334,48.5558523215478,55.6892389394829,70.1170056527902,82.6172790106232,8,32,51,59,82,101,1.14453405926804,2.27762816703852,2.14309025286499,3.9748319247032,1.12452408848499,0.732482522797395,0.794459414665695,1.34676079656014
7.37475766073939,30.1943319270524,49.5354902427726,56.6875622511106,71.4626809232379,84.2129161351513,8,33,52,60,84,103,1.1924452030008,2.15090254670483,2.31389142592373,4.04106997058344,1.12974581323711,0.69873519903958,0.839472620774332,1.35138486152524
7.54208083813394,30.5693649304956,49.8771776848046,57.1955317303814,71.761762798947,84.6424005936639,8,33,52,60,84,103,1.24010939668299,2.19894125530314,2.30531685595718,4.11746835507585,1.17648348838724,0.667187052790718,0.863344743939757,1.36441600252366
7.68994102419642,30.8953586006237,50.2644201585109,57.708242403046,71.9730211571486,85.2071549862539,8,33,52,60,84,103,1.28260913964326,2.2404096591361,2.32107355406516,4.20461024232185,1.21206287446064,0.622804384370429,0.929365892786203,1.39092803970721
7.8189203963406,31.1328283654144,50.3872237268755,57.9138481862729,71.8980019755891,85.6832695951917,8,33,52,60,85,104,1.31996402978254,2.26578629336882,2.29160003736609,4.23236747231074,1.23568709293785,0.509599979714676,1.03597885752782,1.35645123146858
7.93048322738267,31.265602593653,50.1922949787689,57.7673804480509,71.5044242887741,85.7981504228259,8,33,52,60,85,104,1.35248114016434,2.27075838377715,2.20797108341043,4.18833522049422,1.24956552137223,0.478045904295104,1.1381234777291,1.40238258678247
7.97371511559137,28.968056919611,48.3326437765516,56.0939464854698,69.6119305803428,84.1740976134745,8,32,51,59,83,102,1.36513237009506,1.88798295023705,2.31992136336266,3.92513679782277,1.30324485562629,0.518873738972362,1.19345100975086,1.52849350313392
7.9150425644979,29.3378489198587,48.8419460920615,56.6006445290781,70.3229678617883,84.857776573022,8,32,51,59,83,102,1.34796942616517,1.98470806983711,2.35592066072731,4.03882455700954,1.30249037721115,0.546440925147477,1.18776911346451,1.55582021648953
7.848993274464,29.6499799296511,49.2298052701275,56.9716406438015,70.8996126480758,85.3773972957181,8,32,51,59,83,102,1.32871070115434,2.07138654423922,2.37552761595749,4.12610633630648,1.29760756838724,0.574852405090638,1.17595739274615,1.57660339523341
7.777262036205,29.9007029940653,48.7719151270793,56.5798489493018,70.7071749737361,84.5023160339202,8,32,50,58,82,100,1.3078707012016,2.14623162348086,2.37790133713929,4.1784293713308,1.31677205425014,0.603024050447211,1.16386478457149,1.60531967474871
7.72465647561428,30.2137893214318,49.4830729207535,57.1408837129073,72.409191299621,88.0501591211373,8,33,53,61,86,106,1.29263787175613,2.07518972364996,2.11889806727767,3.87948479394423,1.27334417687665,0.688619493799714,1.28754592484251,1.77287552108574
7.69050845564079,30.4761672425466,49.3096474299569,56.8379741212654,72.0267879889834,87.7775383701346,8,33,53,61,86,106,1.28277290891191,2.14309117118639,2.01221920488205,3.84163601226346,1.23617393630427,0.676829790811742,1.31061644031144,1.75668179539403
7.6704602760599,30.6844243110368,49.0599192292998,56.4774534613998,71.4435802503189,87.3971474105433,8,33,53,61,86,106,1.27698978729791,2.1958503986023,1.90195392877874,3.78735188630667,1.20458640321721,0.644288582107703,1.35361631597451,1.73544419115133
7.66363638568844,30.7623937922268,48.6921496614675,56.0217387797754,70.717158631413,86.9352110546232,8,33,53,61,86,106,1.27502281103295,2.21555006278537,1.79652480203397,3.70787987386226,1.17965860151154,0.605707587109399,1.41041501984677,1.72020454558286
7.66827014812517,30.718768688176,48.2088723949046,55.471189863241,69.9107095877061,86.4114540634394,8,33,53,61,86,106,1.27635840573217,2.20433138786142,1.69443490279935,3.60431221764164,1.16067942986368,0.570241054445919,1.4720087166295,1.71367048758165
7.68182263918157,30.5899734337412,47.6410934228651,54.8525583265396,69.0735134384957,85.8442273589054,8,33,53,61,86,106,1.28026660794725,2.17134658593304,1.59446005787311,3.48391197261498,1.1463843759506,0.540735658071585,1.53166223997302,1.71375956306513
7.70845570748214,30.3725925918399,46.9650266637987,54.1275262385128,68.2648671960334,84.9518061328655,8,33,52,60,85,104,1.28795537436314,2.1151780249272,1.64042970877965,3.48173457441658,1.13266253689153,0.529642234159186,1.6623689703167,1.77677028597005
7.72933158835994,30.0311037277852,46.6069341535656,53.8020046143032,68.1360370056679,84.3787972466025,8,33,53,61,86,106,1.29398988155689,2.03265530099911,1.48851934180243,3.2682485311962,1.14178537812784,0.55590941311748,1.41576228866707,1.64478533123245
7.74991927847558,29.6394189422718,46.117338961211,53.3106962405443,67.6902181094173,82.8942229226748,8,33,53,61,86,106,1.29994776227032,1.94009112790386,1.46700228749974,3.16782806450809,1.14130506520117,0.562068868961681,1.19718038324304,1.49021402821874
7.76834249150176,29.2680104608585,45.672233451106,52.7511278278963,66.9539892162703,81.0743735664806,8,33,53,61,86,106,1.30528486455038,1.853899969082,1.45087700806054,3.07749269712602,1.10933149593867,0.538325931063904,0.983713673253823,1.28749781957122
7.8036636216489,29.2807488071243,45.9383718605276,52.9722929567733,67.2781941692576,81.2614643621819,8,33,54,62,87,107,1.31553191624885,1.84894752817439,1.36818794537996,3.00048675390141,1.0968330259227,0.552116173939196,0.957842848837697,1.27623666547575
7.84174105398932,29.3328255310651,46.8455151192871,53.8321005205377,68.1733739831233,82.074676033172,8,34,55,63,88,108,1.32660013233423,1.71225118120623,1.5519963606545,3.05186370383225,1.08371772367645,0.556887767158282,0.942504621249394,1.26291208932466
7.87972600781618,29.4010074330911,46.9290629164914,53.9055583673872,68.3750462163882,82.8372257408439,8,34,56,64,89,110,1.33766355507105,1.7186130525214,1.41765011139331,2.94108577098751,1.08092740579036,0.574343435181971,0.936181254717044,1.27715875090857
7.91755712340257,29.4721262048855,46.9450242732319,53.8762924732124,68.7916541567216,82.8743757384832,8,34,57,65,91,111,1.3487039280351,1.72563565191755,1.27848977833969,2.82050083611642,1.06844314996276,0.561167680899954,0.976580972474758,1.28015072976502
7.95517910437245,29.5349495676177,46.9403855276644,53.8163705330519,68.9197746586711,84.0743002696589,8,34,57,65,91,112,1.3597046354314,1.73095898112933,1.26514186213191,2.81961615737792,1.05323479923732,0.586479230210337,1.06574730940384,1.36932985618065
8.03662287573945,30.0266892816188,46.9163561606385,53.8189781641282,69.2829157331329,85.3963371007403,8,35,58,66,92,115,1.38359109775784,1.68244225944073,1.16483647704531,2.69515454100059,1.06055547332803,0.636450954902721,1.01991918125893,1.39546535226449
8.09571734342746,30.0886782637005,46.9011891252851,53.8366632052074,69.2794231324603,85.1687566685373,8,35,57,65,91,113,1.40098389094872,1.68303979434971,1.27078390487981,2.81214490353275,1.069602517774,0.633463862372683,1.09018427370205,1.44942612672875
8.15287402358058,30.1368257173555,46.895530257948,53.8573222996404,69.2844388154007,84.7877529073196,8,35,57,65,91,112,1.4178545948259,1.68118020528934,1.25997692414103,2.8110668676096,1.07686461784591,0.63126148736098,1.13343086099497,1.48076328162347
8.2076118992791,29.9507293161232,46.843732400682,53.8156343290722,69.2216238540909,84.6952798849118,8,34,57,65,91,112,1.43405531480628,1.76560158237163,1.16547521863478,2.80120627621987,1.0796577138693,0.62829266186603,1.12761474428934,1.47469037760108
8.25945434093934,29.9783636663079,46.7875292495756,53.7857206867568,69.2064312664473,84.6814081521663,8,34,57,65,91,112,1.44943830714875,1.76045244143384,1.14946435370443,2.79052156178037,1.08692961784211,0.630360631366845,1.12787353322631,1.4810107920385
8.30796205930936,29.9868825582253,46.6598524731318,53.6464477635424,69.0649145372983,84.5877966489978,8,34,56,64,90,111,1.46386600944866,1.7519581604913,1.24282733874752,2.88879052276804,1.08372045938457,0.630045227690808,1.13727438655529,1.48610545267793
8.35272940927799,29.9755728076551,46.475219907605,53.4642805661348,68.9785610973036,83.044736879711,8,34,55,63,89,108,1.47721027514605,1.74007061685831,1.33512360230162,2.97858618473269,1.08440252758113,0.643577485473981,1.09197421196783,1.45881732103187
8.39339842590896,29.9460517147013,46.2852018185811,53.2824037377755,68.2381396475784,81.8661785585384,8,34,53,61,86,105,1.48935688166269,1.72523121069613,1.58209841513105,3.20213462745869,1.08665567895486,0.642787774092123,1.00511870108719,1.39866971820459
8.42967605038129,29.6917176149708,45.7648002526591,52.8383922358141,67.9516146900096,81.4640562284248,8,33,52,60,85,104,1.50021101881522,1.80201427845321,1.52157275073443,3.2303569847525,1.10785601503306,0.665703106667677,0.982654364914825,1.41635944996253
8.31476059579354,26.4230172301946,41.3000367171457,48.3181687410401,63.9553870501107,76.9737439354923,8,33,52,60,85,104,1.46589072912147,1.16508200389014,1.25953208762071,2.35600409458833,1.09245380098478,0.74450619876287,0.888840829155126,1.41253028593943
8.30985953742992,26.06898610566,43.1059959654883,50.0204866729845,66.0862824065181,78.9114401924307,8,33,53,61,86,105,1.46443104599395,1.10108747507941,1.5912799834357,2.57530514412825,1.06382164163608,0.81180353976298,0.853156058212159,1.43232237701977
8.29676919935785,26.033113355821,43.0759086390713,49.9821044952036,66.054343813608,79.4773597803074,8,33,53,61,86,106,1.46053398732257,1.09696095474699,1.59258361986833,2.56961314969009,1.06153869075815,0.812834397183497,0.854954042208059,1.43358177655225
8.28582519726911,26.0007836664056,43.0601626983345,49.9559655685552,66.0431486357942,79.4387961301177,8,33,53,61,86,106,1.45727773771655,1.09309298739333,1.59632241980013,2.56663616374575,1.05868009641817,0.815227275008666,0.85004681487422,1.43017025502151
8.27750968592019,25.9713850942742,43.0694663539055,49.9518291216382,66.0643574079042,79.4240532363552,8,33,53,61,86,106,1.45480468149983,1.08928504219341,1.60505912837811,2.56839499200065,1.05498639338479,0.819292547827171,0.843617780214353,1.42657880034322
8.27237217329227,25.9442419987423,43.1161115814191,49.980492744091,66.1301630110405,79.4449596045689,8,33,53,61,86,106,1.45327725470932,1.08531608283504,1.62175991656994,2.57721989416626,1.05004987426866,0.825265518362649,0.83561619272099,1.42273890917973
8.26470695169421,25.915594901357,43.1700572874614,50.0093796505647,66.2115543573762,79.4169221322985,8,33,53,61,86,106,1.45099900610061,1.08153710479118,1.6405210185604,2.58744002740277,1.04318062344671,0.833740425201029,0.816243345899134,1.4105379273652
8.25553802841865,25.9333543645982,43.3017995142222,50.1072435475337,66.4233919747012,79.4332009437661,8,33,53,61,86,106,1.44827491239782,1.08638803887627,1.66652863442053,2.61246198484399,1.03391267535678,0.852263312866317,0.782082155335121,1.39343147586926
8.26225937798617,25.9808790307832,43.6150976623826,50.3833832388165,66.7969262434614,79.6504486106355,8,33,53,61,86,106,1.4502717146386,1.09375479215665,1.72768671104592,2.67232443561192,1.02377264308542,0.868227579364815,0.755211586322211,1.37927016135354
8.27457576146374,26.0692326459353,44.1500610734548,50.8637141304361,67.3358976340892,80.0588306766951,8,33,53,61,86,106,1.45393235518229,1.10753517807432,1.83204412290969,2.77568945176903,1.0089126000202,0.877899474752043,0.733057043375773,1.36070364742032
8.29065771174986,26.2478526348489,45.0003385249348,51.6344394924677,68.0744727133978,80.6928245817997,8,33,53,61,86,106,1.45871538516181,1.13721929888063,1.99257927970285,2.94289651054201,0.987378857306961,0.87259119342484,0.715512852340092,1.32923436978332
8.31033018984396,26.5688219229367,46.1456126243874,52.6825954865049,68.8801725502902,81.5585349201489,8,33,53,61,86,106,1.46457120599052,1.19305132703471,2.19516537704048,3.17359733758475,0.961261056718285,0.832996837658019,0.725558352882938,1.28903724043881
8.33321677089767,27.041565399287,46.0123917938391,52.5027931415589,68.537294662674,80.9367232076696,8,33,52,60,85,104,1.47139052833986,1.27831619001349,2.21918129229669,3.28167999530623,0.948801775829338,0.806804975571077,0.77658150154118,1.30222275149147
8.29014823802817,27.5384159287956,46.0396278253032,52.5276053001534,68.9268104784142,80.4658171035577,8,33,52,60,85,103,1.45856380404534,1.38356144794942,2.10075757943568,3.28734283803872,0.94815467299029,0.865869603302175,0.726743966517464,1.31439609160672
8.1414140785113,27.9852465133499,46.2443720544602,52.7078054210724,68.2231552931423,79.5471692442033,8,33,52,60,85,103,1.41446823398662,1.50318636554736,2.04046696030246,3.33002063983019,0.941608936833446,0.725832366423207,0.689349178795416,1.15455968444229
7.9410347709956,28.3455364785087,46.3654995468328,52.790300161597,67.3604120135316,78.4611280460433,8,33,52,60,85,103,1.35556632814928,1.61904227085755,1.98142489427621,3.35535829357175,0.931331136649596,0.588217391451578,0.651374161260654,0.99327324310545
7.69465555135325,28.5503099219597,46.4002153251988,52.7623449237625,66.2447934515576,76.8520508052213,8,33,52,60,84,102,1.28396997744094,1.71445641663688,1.93976371758866,3.3626323831372,0.914724628986628,0.514147904807109,0.570685453772358,0.857436015458056
7.41841207102127,28.5896013279337,46.4566228609218,52.7132995221279,65.6584895759509,76.0802530347325,8,33,52,60,84,102,1.20483587992137,1.78230979632387,1.94394465171242,3.37446314953057,0.886970260752243,0.445207436466531,0.5415424041643,0.759745377004779
7.13307289313042,28.3236262152439,45.5292260911673,51.7028878712348,62.7672352053806,73.2285647687146,8,32,51,59,81,99,1.12443646944028,1.93207934970624,1.78442076094149,3.3189936026038,0.865291051401345,0.344640725110984,0.547702935451388,0.666125600879791
7.10449422477336,31.9075593914,45.2507768817793,51.5407604874691,62.5586138290745,73.1175598054981,8,33,52,60,83,101,1.11646219274092,2.62296549316611,0.950117167585296,3.12470954220604,0.895710566844923,0.285588906977106,0.563031485717262,0.626385217422038
7.07570194417842,31.6838273580066,44.6515987931377,51.1909152480841,62.0675751757212,72.5281937056923,8,33,52,60,83,101,1.10844308682551,2.57530024187612,0.87944217754553,3.00312718820444,0.961886393689242,0.271498006684663,0.547591957959489,0.627415413335707
7.04619574752853,31.4912860071296,44.0802556115788,50.7967071196894,61.6035803142293,72.0207108934791,8,33,52,60,83,101,1.10024062847075,2.53564062651876,0.810318490264096,2.88879818042719,1.00967236853797,0.264672491718845,0.540823043837197,0.634141298836012
7.01523023384668,31.3399047689105,43.6045524791268,50.4780403746022,61.417435657454,71.6629745632454,8,33,52,60,84,102,1.09164946039867,2.50646950271362,0.75294502849384,2.79482830863119,1.05254919931684,0.231731070695131,0.514475528072387,0.591068502180858
6.98199313111961,31.2754507338373,43.2880094842152,50.3073615639988,61.248073032303,71.4799117404081,8,33,52,60,84,102,1.08244752567765,2.49892399402026,0.709540997236335,2.73292441636078,1.09279203135526,0.231847414685478,0.51239690844212,0.604620316923713
6.9468614052386,31.2998321609052,43.17082012581,50.3057196830113,61.2363831400016,71.4780754516487,8,33,52,60,84,102,1.07274312804532,2.51331506576255,0.685634009291914,2.71013489974751,1.12494665627776,0.230960033011009,0.513891539834868,0.616458449503477
6.91282414528086,31.3946586951896,43.2851885467383,50.4551739983296,61.2744449867737,71.6047075318426,8,33,52,60,84,102,1.06336285882931,2.54456258479077,0.688913740909549,2.73237501802553,1.13475761685649,0.221247609627714,0.527412376648774,0.617723901790053
6.87619823964114,31.4941693930105,43.3981834278525,50.5946664889603,61.3129495083381,71.7461309320372,8,33,52,60,84,102,1.05329334971221,2.57770128894689,0.691180607477546,2.75441306590159,1.14218145792783,0.212641084431716,0.543317086202542,0.620662446806076
6.83728132097662,31.5914191213266,43.5024479192713,50.7163861032753,61.344455778029,71.8951263357341,8,33,52,60,84,102,1.04262164611346,2.61097726976203,0.692361107156459,2.77480546691617,1.14707859300621,0.205112976574882,0.561724894977336,0.625300484231919
6.79665870284559,31.6783129944439,43.5898330939958,50.8116861993744,61.3607504944214,72.0435219785036,8,33,52,60,84,102,1.03151288765765,2.64225611649464,0.692443818706168,2.79193859695944,1.14930092439088,0.198644501175378,0.582738255910086,0.631654816130649
6.7553354257888,31.7464740994527,43.6523205442571,50.87184460213,61.3536586964863,72.1828161583588,8,33,52,60,84,102,1.02024497080208,2.66920115289971,0.691488898909589,2.80421360050067,1.14864686689326,0.193230067405027,0.606409488707056,0.639700717965164
6.71491019426832,31.7881784592884,43.6829865484148,50.8891286100413,61.3160240661315,72.3053291037822,8,33,52,60,84,102,1.00925388895614,2.68946772394488,0.689632632084677,2.81024474620297,1.14489068727489,0.188871008796315,0.632763083628501,0.649389859072182
6.67765190821467,31.7980600650714,43.6764883490443,50.8573403754611,61.2426088567508,72.4047071250793,8,33,52,60,84,102,0.999152101615902,2.70112083116103,0.686881954537863,2.80896634044978,1.13780061403379,0.18560443294011,0.661724109706551,0.66065022532905
6.64664945434231,31.775020395395,43.6302980710133,50.7729431554538,61.1307446240251,72.476765332324,8,33,52,60,84,102,0.990767272280476,2.70309073923293,0.683002077218677,2.79988529074908,1.1271106386188,0.183466732679292,0.693139754463882,0.673341583825725
6.6257859195581,31.7240579160922,43.5443937475281,50.6346884431264,60.9803179616386,72.519081856664,8,33,52,60,84,102,0.985135304345539,2.69564683668843,0.67716348025234,2.78302477872169,1.11250553988807,0.182523917829969,0.726701294150971,0.687240077708431
6.61958848628379,31.6569487297487,43.4180995324888,50.4405502245903,60.7903945164285,72.5270450763113,8,33,52,60,84,102,0.983464018647491,2.68060128947081,0.667321942458335,2.75830409824015,1.09365116705964,0.182850072717101,0.761824960785131,0.701944881788862
6.63281589286437,31.5898383523015,43.2418583862426,50.1783827465631,60.5501610380404,72.4832624628837,8,33,52,60,84,102,0.987032030620585,2.66079605200926,0.649334473005147,2.72394121463816,1.0698920830878,0.184552760159553,0.797347558537999,0.716604390456057
6.66979161967247,31.5286190651639,42.7402556727625,49.5308173010712,59.9712353109366,72.0473858178796,8,33,51,59,83,101,0.997024435873915,2.63664860851899,0.670126398671867,2.75162410691307,1.02984828910103,0.189939114860534,0.823615815058954,0.72393420299004
6.73023472357824,31.0339054545702,39.9231984232533,46.4150423789358,56.6287676192441,68.9991499809641,8,32,50,58,81,99,1.01341668567411,2.67340391746043,0.327601037845842,2.33414022964506,0.949186967110563,0.210413647611805,0.878686143188273,0.759724894196701
6.80607265891481,30.0833723538453,39.0233325443899,45.3095037751235,55.4764433406261,68.090393716426,8,31,49,57,79,97,1.03408444640447,2.59342201476715,0.333866728146382,2.28387734730851,0.894708919870344,0.250137315328588,0.925306860020591,0.823843274863461
6.82626327575174,29.9773194035049,37.8466934116499,43.8871396713739,54.3434743124312,67.506521098758,8,31,49,57,78,95,1.03960551644916,2.56182144968452,0.21411914754665,2.06889761297313,0.830822473019938,0.333211981006405,1.16291155112361,1.04639838114629
6.60006911804584,30.1116391749916,38.7630184979161,44.9175891845858,55.3309960184015,68.6101212077231,8,32,51,59,80,97,0.978205168449796,2.47779806775686,0.244609388094422,2.01221723463941,0.860326928807003,0.328305606777526,1.18793806486167,1.07239501786254
6.37878105792462,28.3172323705687,37.8171314821384,44.0616534505748,54.532982074695,67.6450544466432,8,31,50,58,78,95,0.919128849977018,2.26430721993297,0.340227254793632,1.95459877412847,0.883786655305246,0.397381577848807,1.15198019327618,1.15160545768953
6.16746789186638,27.7091557051094,38.0274041519653,44.3330516096234,54.5314743877762,68.0551970576237,8,31,50,58,78,96,0.863679611418046,2.16943415900055,0.447052959284084,1.99131121051469,0.899829304157158,0.363147171655621,1.10729398981621,1.09774900758482
6.14706155912393,23.7909455707127,36.8824550179214,44.0367648478777,55.9647109466454,69.3742206063663,8,31,48,56,77,94,0.858376604374478,1.31255200650704,1.14758073422803,2.00733747424153,1.13037159849067,0.522743750215135,1.21626812882607,1.46903824189754
6.14743102935665,23.8608034465238,37.0287545697933,44.044430202306,55.9764867961171,69.5517860694356,8,31,48,56,77,94,0.858472536437036,1.32648881151638,1.16396517408711,2.0335178252953,1.09177290946404,0.523328983591136,1.25262078685116,1.47404381550593
6.14784223356544,23.9315429230764,37.1304801005865,43.9965782389928,55.9470512510732,69.8007811078413,8,31,48,56,77,94,0.8585793082058,1.34064887453185,1.17062973845809,2.05179914468659,1.05052097528864,0.525954692721771,1.3144851193755,1.49771653323783
6.12552086593884,23.9835219187928,37.1886300043582,43.9783863475958,55.985512538807,70.0279407712722,8,31,48,56,77,94,0.852788886338761,1.3556682262493,1.17195857439523,2.06227782539728,1.02962848674397,0.534069461872502,1.3569777578175,1.52507669311942
6.05431343252596,24.0668577673407,37.2422004835131,44.1373893700358,56.3306135791282,69.5114763139534,8,31,48,56,77,93,0.834391793509431,1.38710247804929,1.16555377451954,2.07194953711799,1.05851128326197,0.561120500086717,1.30850966009843,1.52985406226505
6.01822251633075,24.2032286349926,36.8645261061416,43.7791680222709,55.8926913979577,69.1988081831022,8,31,46,54,74,90,0.825111408555272,1.42248771550745,1.33936945286796,2.23384204725267,1.06386326996218,0.63336232720767,1.33724648072101,1.64165826825578
6.01967885557234,23.8176965738815,38.4124539584711,44.7602771432591,55.7196654992002,70.1707614576538,8,30,46,54,74,90,0.825485311815197,1.47453636977537,1.64418242279313,2.53322968103361,0.91094535076924,0.462263663985918,1.60899372958296,1.54471363912273
5.85769500597129,25.0139430545981,38.1635382313372,44.6071676923646,56.3464305639077,71.1041065935747,8,31,47,55,75,91,0.784200314954572,1.62758384265398,1.30136802786854,2.36034288485011,0.936336460195066,0.575260428859904,1.68436696229099,1.74625541373223
5.70775059134448,25.1265426511255,37.9772607334798,44.5540311636075,58.7062631870381,72.0280123369105,8,32,47,55,77,93,0.746543013770977,1.54668046295022,1.38425539411887,2.32480628581726,0.971938105421694,0.780391384168937,1.34084730447404,1.7270884908692
5.59508261988394,25.3802959263659,38.1196826950815,44.7698266561711,59.3361808821559,72.7180611093396,8,32,48,56,79,94,0.718613781341897,1.62395095845747,1.20888674530002,2.23282807715449,0.99171143541206,0.754610264455933,1.51256266812568,1.82170825509591
5.51964406416665,25.7220163621078,38.283753696037,44.9164011330545,59.6511849999262,73.1199700490024,8,32,48,56,79,94,0.700094104275775,1.7135066533353,1.16955194773545,2.26341488113816,0.986986568784567,0.781879790360146,1.53388687712378,1.86342359823105
5.47843731397007,26.0347025579283,38.4329397663669,44.9670635379663,59.7410578585117,73.2946441304059,8,32,48,56,78,94,0.690040538585678,1.7907647769007,1.13374413389332,2.29136278587051,0.960495052182222,0.886488802040219,1.39461723780962,1.86791609692715
5.47330151442674,24.4971919099076,36.2691272377883,42.8140804322911,56.2821743128344,69.6947118559707,8,26,40,48,65,79,0.68879063650572,2.41823739485756,1.28419980154164,2.90547263745202,0.963397337174727,1.22907200418732,1.69279074134173,2.44183246101326
5.56746864161921,24.8572690224868,36.3577521813168,43.02688952686,56.557067089535,69.6583376495202,8,26,40,48,65,79,0.71181770610472,2.48893256000049,1.22001411093492,2.9247889768334,0.996847388295821,1.24269073882714,1.6127251930885,2.41602370763835
5.70149018770682,25.3550797675277,36.7034454104966,43.5000093162546,57.1609616154221,70.0331479520563,8,26,40,48,65,79,0.744982767188307,2.58654351361845,1.18450920276819,3.00054281668433,1.03148700108728,1.27154447676645,1.55452527477273,2.42202692222016
5.88356037301137,26.0752423674007,37.27020337093,44.2060689080511,58.0463114244156,70.7350146962718,8,27,41,49,65,79,0.790751163739218,2.53560865902569,1.14904998341886,2.97770640946941,1.0697104412502,1.46203428026632,1.50836818910525,2.58784854332446
6.1184929519934,26.5595754524407,37.6682145457735,44.7488638596036,58.7816976876633,71.3310250378726,8,26,40,48,64,78,0.850968072917881,2.80123326171314,1.12925234857328,3.21531907499084,1.10981994834872,1.50789246857692,1.47358513537025,2.63013210519491
6.40192102782019,27.0816976448634,38.0585185731985,45.2696792718123,59.4743509444647,71.888671016613,8,26,40,48,64,78,0.925258957856141,2.86718708288293,1.09924006923503,3.30357733738996,1.14629899699711,1.54918212976393,1.44012601558908,2.66605078729304
6.71477303711251,27.4160461626663,38.2602983631317,45.6025033636361,59.946000368625,72.174672111907,8,26,40,48,63,77,1.00921665188955,2.87314630087883,1.06932907429797,3.34950705682964,1.18322650366352,1.75341255887255,1.39449939689817,2.83031084430544
7.02339228246573,27.5751577116166,38.3426474385384,45.837684960517,60.3996433188212,72.6930758562364,8,26,40,48,64,78,1.09391227145002,2.83176658174338,1.05213617250868,3.36831010915487,1.22666173886563,1.63612811427858,1.41036467825833,2.7787739765003
6.89606516939517,27.500250755499,37.970937450766,45.4754721580751,59.9882091658764,72.3052389963458,8,26,40,48,63,77,1.05875221701986,2.84625735365934,0.986554630445642,3.2837055955499,1.22937365575031,1.79687020335053,1.41615922727945,2.92381133772896
6.71684651800471,27.4222657923509,37.4857073964049,44.9737753675799,59.6417005284593,71.8742590154621,8,26,40,48,63,77,1.00977962448713,2.87429605553742,0.898969656728553,3.17431661207718,1.22467253003236,1.83698718180534,1.39545003135254,2.93596335664418
6.543908337609,27.2640434072763,36.8785377056614,44.338253485438,59.1411504936679,71.3384442376268,8,25,39,47,62,76,0.96311721169795,3.09292092757162,0.805811302739397,3.1908150515973,1.21658866813655,1.87208268688416,1.38683213091045,2.95197198548859
6.37900368645729,27.1806762170989,36.2758617314268,43.7054531532696,57.4607963105039,70.68452847482,8,25,39,47,61,75,0.919187773711297,3.11634019531151,0.702792477029053,3.05531415853831,1.20801411163297,1.78223739899251,1.64409166108723,3.09524217667107
6.22393201446355,27.0857591198264,35.6228167487189,43.0114499783629,57.0273385866615,69.0543729725642,8,25,39,47,60,74,0.87840100182332,3.13364544260193,0.59816923996881,2.91068693997967,1.19638011331294,2.04779267354326,1.34545697052343,3.02811299551831
6.08054493602444,26.9767330555209,34.9287055621746,42.2631637976981,56.5218651418953,68.4068280078038,8,25,39,47,60,74,0.841155594978774,3.14354086814652,0.495834524127204,2.75955130295443,1.18103531746821,2.11584538823967,1.31123093283466,3.03885304116803
5.95066020253354,26.850806502377,34.205264674216,41.4705783029843,55.9330932932581,67.6542766485629,8,25,39,47,60,74,0.807819264900454,3.14468124831267,0.399748676940456,2.60496288106742,1.16152307298027,2.17340094682215,1.27212005129725,3.03213757199466
5.83605002011994,26.7069307443916,33.4687721229135,40.6492055895193,55.2702651165049,66.8055697684126,8,25,39,47,60,74,0.778730650932464,3.13625200428109,0.313573690892455,2.45077184590525,1.13768336506946,2.21843963107589,1.2281889467892,3.00629541174876
5.73836760069695,26.5461741850944,32.7386352268128,39.818656802131,54.5478522042535,65.8774042503793,8,25,39,47,60,74,0.754187520745028,3.11810376774402,0.240014772400508,2.30120211735396,1.10964522324505,2.24928989530052,1.18014162976725,2.96086411113067
5.65911790838111,26.3735732653292,32.040757963234,39.0069787202662,53.7902639542029,64.9011440133861,8,25,39,47,60,74,0.734448265092253,3.09129120544333,0.180724682844754,2.16141637182154,1.07808792349405,2.26476077705608,1.12976487508935,2.89737601181478
5.59959370587162,26.1894587316232,31.3991944178164,38.2418727773563,52.945138310344,63.8541700028866,8,24,38,46,59,73,0.71972585991121,3.28203941018181,0.13613165439415,2.16124510131216,1.04409989731513,2.24188269343778,1.08391062221247,2.80572024669666
5.56085750955462,25.9826102616222,31.5008988537995,38.2165624719657,52.9459477476293,63.6017507123054,8,24,39,47,60,74,0.710193546936626,3.23241059351558,0.124940364409784,2.05548299479223,1.00945844404423,2.24934415743098,1.02728954401285,2.72645222107989
5.54365250451662,25.7634651375746,31.1497494785221,37.7340191566097,52.4069645680929,62.8693887119557,8,24,39,47,60,74,0.705972073337088,3.1730302977077,0.114331457622483,1.98763785916515,0.973954120759305,2.23322904574215,0.984749646376256,2.64196364202912
5.54844730264792,25.5316902681244,30.8563502832366,37.3100489763485,51.9253145103228,62.2153507860306,8,24,39,47,60,74,0.70714777105357,3.10379919264256,0.109559812147584,1.93160362875868,0.939016217681341,2.21678964446032,0.947352442628256,2.56285544424148
5.57536723015524,24.9305020809102,30.5797470694967,36.9210945380142,51.5026259869904,61.5166278682125,8,24,39,47,60,72,0.713759629692257,2.92178021437681,0.135986278234026,1.87933028545547,0.90923611171104,2.20718908484133,1.17679923597166,2.76916971773605
5.56835988263988,24.3438536802887,33.7133624713225,40.1071807639384,52.9479096628534,63.0136089846277,8,22,35,43,54,66,0.712036743682345,3.21575215014643,0.881337227360542,3.09329358193287,0.923111145976843,2.14048399145902,1.18949319783069,2.70640352090857
5.54818725629286,36.8398231654354,42.1050040188251,48.7331665407082,61.1940830520258,69.4777288067268,8,23,36,44,56,68,0.707083991716757,7.044681855454,0.18702283421296,5.00911451923203,0.985776414905142,1.81822335065622,0.778293976787277,2.13160283916778
5.49937662753607,36.7417952716067,42.0822330215142,49.3685042326583,60.9659769699966,69.3696214772099,8,23,36,44,56,69,0.695143726706906,7.02758690024847,0.195497976612645,5.00307720685838,1.16742852836421,1.5830970593615,0.68138547766843,1.9795240667882
5.46329093545501,36.7464969707279,41.7965060360148,49.2374912289485,67.944714681878,74.7061171719622,8,23,36,44,57,70,0.686356356146913,7.04175339494552,0.163843184087348,4.92749034759932,1.2112554456439,3.44777328828826,0.389034765174179,3.06657455068648
5.56320839299693,37.890662259695,42.8999019007705,50.2189925256232,69.1605507841435,75.8561209394086,8,24,37,45,59,72,0.710770960318475,7.07339197611786,0.159628792710295,5.02165485174372,1.17669158508068,3.26641407011434,0.378747984090206,2.91918152660173
5.58928233084839,37.9002013904692,43.0271864128649,50.4489152072442,68.8492454465013,75.8145284320494,8,24,37,45,59,72,0.717184651128272,7.06771022099325,0.171955165541383,5.05520660194479,1.20577858958357,3.10194761256652,0.421645055476779,2.88079142305263
5.64221163576284,38.2196349049553,43.3119881377247,50.8860284958491,68.1964359602647,75.750592170547,8,25,38,46,60,72,0.730257638655689,6.8395747471355,0.168280556945637,4.93500472477035,1.24926581700797,2.77669882307288,0.627886407660025,2.95718311534641
5.74102868264705,38.4517835226038,44.1566510289869,51.1849840180707,65.0438611406383,74.0342093326155,8,26,39,47,60,72,0.754853038264465,6.57743250187543,0.239175080182193,4.96237290507745,1.09528260121643,2.00409330050651,0.934502807553357,2.53083451797174
5.87146888061576,37.998636406763,44.7387092678972,51.7623723227104,66.6839108257251,75.7346737402467,8,26,40,48,62,74,0.787686799123335,6.3842036720483,0.310590715540364,4.92274435585934,1.09398736000893,2.09578877314689,0.948297942612618,2.63021501250145
6.02421790189733,36.5860623940767,44.6635400697178,51.7153743129953,67.1166332492347,76.4647790528788,8,26,40,48,62,74,0.826650987915856,5.87121727817246,0.517121815762997,4.90349373683247,1.10180686364131,2.22861532554266,1.01715828596098,2.81119382706948
6.196811198856,33.6336885924452,43.7473334517079,50.7052058171132,67.2697195001002,77.1201474704746,8,26,40,48,63,75,0.871321262048518,4.87286306772382,0.909612081721185,4.67059180794492,1.07578222171964,2.34633293231868,1.13691152636171,3.01458201697163
6.38397910276602,29.682216821361,38.932729849702,45.8946926068287,65.1969664892374,76.7568267007923,8,26,39,47,62,74,0.920504904241175,3.61499152885953,0.855720216809612,3.66655256699328,1.07691176638222,3.134286854859,1.57305664087579,4.09088335061302
6.58007242420675,29.1435706585961,34.7272602254131,40.9537178875048,63.1787114341325,77.1257317230136,8,26,39,47,62,75,0.972825637669568,3.40091823884148,0.224172624234193,2.71620027103595,0.879061129504761,4.02932140462045,2.02859531115631,5.08709780347915
6.78034954823355,30.0133232722837,34.4801704237799,40.5104751125151,63.5586213678774,78.7700260047497,8,26,39,47,62,75,1.02706182682609,3.59585132792975,0.109057991658618,2.66334676684508,0.828214883327583,4.28964997645819,2.38812078050923,5.59727916054549
6.91832773887302,29.7974764253646,35.599449546272,41.7920069359785,63.7820717985541,79.2024900969851,8,26,40,48,63,75,1.06487812323976,3.49250426125505,0.195128076442436,2.76091642724097,0.870212296352409,3.95563884737523,2.68128626868105,5.61939288803391
6.88525180779133,29.466541680921,35.1929021318065,41.4171133917671,63.0773347481787,79.9273375965672,8,25,39,47,62,75,1.05578009348986,3.63770710078828,0.186978255316211,2.81675772745634,0.878473981260829,3.85266650961268,2.87404580247578,5.71903566856247
6.84423510294843,28.9662099383427,35.1596825732342,41.4885790378699,62.76459147476,80.3599467123477,8,25,39,47,62,75,1.04452639268095,3.50134334454707,0.240137052227353,2.80954294506886,0.905952229564491,3.73344662976887,3.10160446846943,5.84733213900199
6.79948289859103,28.1864636539675,34.4797470776282,40.901335997902,61.5127080929127,79.7733823265542,8,25,39,47,62,75,1.03228417957696,3.28569792357618,0.252351817121436,2.66325651638114,0.930478101148401,3.5291236273831,3.30782412166393,5.87313548731153
6.75612648350951,27.1374430141779,33.6301794265568,40.1248584193847,59.7383279096093,78.4297376686568,8,25,39,47,62,75,1.02046036513002,2.99607261468974,0.277639380864966,2.48428283285314,0.949944076025187,3.22718650501876,3.44279689601405,5.73692747024644
6.71391211542572,25.9468662031044,32.9592797216165,39.2843359410956,57.2151354259056,78.0630835639763,8,25,39,47,62,76,1.00898292695151,2.67369281048033,0.34885476472461,2.34604880972272,0.904940054049169,2.73261705974268,3.859696148424,5.61095166592517
6.73068461198836,24.1751625537869,37.0388243466402,42.6019429080399,58.9112389517567,77.9606865151932,8,24,38,46,60,73,1.01353896368745,2.38555843527647,1.55237173019224,3.38519826855378,0.710748893670033,2.4856081919619,3.55582438539842,4.89390454405422
6.87176592994619,23.3705025227658,35.7180035070145,41.3778892493095,57.1475582047887,76.1750572555149,8,23,37,45,59,72,1.05207648940164,2.32811895744195,1.42365242654013,3.23881119592451,0.734638762057977,2.33203091697611,3.54887427537813,4.77089415208532
7.04199175842618,23.072854697388,36.4205950992146,42.0689505849557,57.4356452756024,76.2949661387097,8,23,37,45,59,72,1.09907323874391,2.19964560604426,1.67603145189662,3.40264814238001,0.731779706405152,2.2189746399672,3.49571150235942,4.61790597890929
7.24547200121273,22.8367202201792,37.3372873496822,42.7671525678459,57.7680102880055,75.7852969871985,8,22,36,44,58,71,1.15593906277416,2.2817977243033,1.98102227609576,3.79130423521625,0.678247421346622,2.11760356114005,3.23205917977253,4.24933951624276
7.48374754860709,22.7093411542366,38.7914629687465,44.1119291538699,59.1492252249184,76.3963185420638,8,22,36,44,58,71,1.2234398214988,2.1797307764974,2.42065795802515,4.15238678207229,0.651917294448271,2.12764486990287,2.99480691813463,4.03561564339314
7.75344613867568,26.143091702866,42.2903957640448,46.6851483225139,62.1135555769756,78.0542756791107,8,23,38,46,60,73,1.30096906532537,2.86554021394126,2.23143904615841,4.67124412259648,0.443259572475931,2.23619507904527,2.60181653566984,3.5803879747763
8.04421658271163,26.2502319399027,43.8269369190283,48.2603429763399,64.1769893215554,79.0518906993423,8,23,38,46,60,73,1.38582323135657,2.81216179775295,2.63110090724942,5.06947343047254,0.451419072134754,2.37361784714097,2.29102451511485,3.45024998231761
8.33898783515019,26.3267873282075,45.2836003054342,49.8068815468477,66.5488857817294,80.417670157468,8,23,38,46,60,73,1.47311123033887,2.74904606319485,3.03189546607972,5.45512951821857,0.470591145144081,2.61047442373271,2.00684346734466,3.42844889286719
8.59511811353262,27.77912033405,45.3674495264793,50.0931666009377,67.2610296005654,83.2117247276961,8,23,38,46,60,73,1.54993556223967,3.09914374288452,2.63441840973005,5.47755953028992,0.514768543852917,2.7347851219251,2.60476896525994,4.09598094176473
8.85396309492533,31.079198596523,45.190680648159,49.8168982945402,67.6253631016852,83.5058185146318,8,23,38,46,60,73,1.62845131828436,4.02939743495773,1.69434091058791,5.43030191204176,0.492885843193061,2.92430225145809,2.58399586764878,4.21544958927097
9.12360544672299,33.4205421444081,44.7283705367185,49.419024601318,67.4969893662585,83.319676251545,8,23,38,46,60,73,1.71113441313508,4.69061555752828,1.03316342129958,5.30722906444019,0.507020489963033,3.00489707230567,2.56694020636479,4.28597468562421
9.37853192599133,34.6657307684084,44.3038178913328,49.2252111555953,67.106664754276,82.8426219036549,8,23,38,46,60,73,1.79010247787127,5.01334141850558,0.695744973563006,5.19488241793521,0.558722633419045,2.94608037720239,2.54138376696642,4.27254168955415
9.57607303203292,35.224867935813,43.8417526209547,48.9272909905588,66.8809313858329,81.5671010600638,8,23,35,42,55,66,1.85180445054143,5.13216987053993,0.850740007378076,5.68523702499118,0.746942655176644,3.2123077036488,2.7018846184707,4.84713018164824
9.64502746441522,33.587649445317,40.0547979215954,45.3415325929467,67.5819312123974,73.5346262116347,8,20,33,41,52,63,1.87344400339903,5.48509200977661,0.343998148641897,5.06692784263741,0.643864561844737,5.22287622465226,0.430864200041655,3.91198856842163
9.5074954061702,33.3231569565763,40.3028518110661,45.6630135674199,60.598833872798,70.5872320461835,8,20,33,41,52,63,1.83033491243348,5.44095509854229,0.423992648674316,5.1346003675531,0.661433765232004,2.77994083775954,1.34046495286422,3.10499653534771
9.38216029473502,33.069149767558,40.3068054308782,45.7386867449051,59.6525171769044,70.4107312765984,8,20,33,41,52,63,1.79123184633079,5.39627983817527,0.466938068497076,5.1356808622819,0.67873567610673,2.46344520895866,1.54669927795679,3.0610901071682
9.25421083459403,32.9343838041837,40.2749035990736,45.7779838625116,59.3575617239089,70.4512523700796,8,20,33,41,52,63,1.75149731647004,5.39391473437731,0.484542540318744,5.1269640182147,0.696047548511686,2.36176051293988,1.63900723327779,3.07868859152594
9.12310525709374,32.8546391617647,40.5307083035303,46.0560434679861,59.6771745310216,70.5305273490684,8,20,34,42,54,65,1.71098021967764,5.41173927919989,0.450366002200005,4.99042851007107,0.701486097871294,2.14692441797846,1.57273363006402,2.86969246146098
8.9893115593371,32.7988144312188,40.4625681876118,46.084929203276,59.5026312746284,70.8738183793809,8,21,34,42,54,65,1.66984354855853,5.1196100056964,0.541580198399931,4.97210250382142,0.725346400102704,2.08831534506874,1.7164022454745,2.96711920143072
8.85369765676727,32.7510898384789,40.4896987444481,46.166169531629,59.4474992875281,70.9497571154625,8,21,34,42,54,65,1.62837036561498,5.14940301591985,0.555151403503039,4.97939700688859,0.738757067904787,2.04924977918724,1.75327421748011,2.97874392773292
8.71739130798598,32.7039069191854,41.0576286338884,46.6320945735359,59.8432920139892,71.2807158940807,8,21,35,43,55,66,1.58691759588447,5.17964398400947,0.56526554048839,4.92999454733599,0.713537960029334,2.02923075983681,1.73501065046971,2.92243647865316
8.58174210993665,32.653997984895,41.131593795751,46.7213440700174,59.8419415992904,71.2594349540511,8,21,35,43,55,66,1.54590179026666,5.20876494178269,0.587415851742462,4.94968635847229,0.717299915551436,2.00344191200311,1.72940604230383,2.89989919323508
8.44831574458297,32.6001485401327,41.1728110200339,46.772643854236,59.8150167137287,71.0832819153122,8,21,35,43,55,66,1.50579491250449,5.23581693604393,0.604645337184904,4.96066882986059,0.719784824629862,1.98124211545881,1.68758970445272,2.84866965787636
8.31881448392035,32.5443019398771,39.6631774124683,45.5024214973427,58.4727287877715,69.4101124649543,8,21,34,42,54,65,1.46709835167505,5.26087644502179,0.446947449694172,4.75846646154957,0.779537080062259,1.96084534827726,1.5958235960806,2.81031736805622
8.19505950001562,32.4876315699759,39.6505950214625,45.4935233856239,58.3991675205648,68.6538617910989,8,21,34,42,54,66,1.43033641658888,5.28371790840518,0.454324790241779,4.75512409544942,0.780467581879994,1.94258909611257,1.23624987740714,2.48545476763564
8.07888097030435,32.4324823474963,39.6070238277286,45.45231557511,58.2976698341941,67.482260792246,8,21,34,42,54,66,1.39602338695955,5.30451185230944,0.456270538853859,4.74355482956744,0.781064649768065,1.92560656695916,0.979091860108136,2.23867770287535
7.97203328588652,32.381592089588,39.5271665756877,45.3779634739763,58.1665059618302,66.118081054843,8,21,34,42,54,66,1.36463968370494,5.32358956494501,0.451409016600594,4.72237053332945,0.782455950690177,1.90963848957467,0.708381780337926,1.96869096246811
7.87617582631136,32.3363421811428,39.3929568315104,45.2602333406085,57.9944552093687,65.2446340833798,8,21,34,42,54,66,1.33662860625435,5.34085306186501,0.436615725396352,4.68682584529079,0.786625133835947,1.89440235664136,0.568792060469571,1.81893823832301
7.79272505885599,32.3008079594926,39.1792783681581,45.0862042236817,57.7674705790079,64.2937350086622,8,21,34,42,54,65,1.31235645623457,5.3572070749828,0.407621746433199,4.63038558817468,0.796682553088527,1.87957921658481,0.537742762225053,1.79876727489131
7.72278383334445,32.2833916027123,38.8534511159633,44.8410234773022,57.4693351065785,63.5883040259345,8,21,34,42,54,65,1.2920964127708,5.37514336379814,0.359471162543862,4.54468424053996,0.817253577615015,1.86478622498849,0.460890494210629,1.72299865785036
7.66716876152692,32.1442690530963,38.3523349746921,44.4519978136061,57.0273209962001,62.8789065271027,8,20,33,41,53,64,1.27604092095604,5.67149662523359,0.306403623507924,4.60897532980606,0.846094981566764,1.85001398136174,0.41300403985481,1.68193551456004
7.62631011215923,32.0934256754872,37.6906789174374,43.9711189064104,56.4923342421864,62.1666942409208,8,20,33,41,53,64,1.26427666884009,5.66800565716441,0.225828384192374,4.43418520339459,0.89320370812086,1.83496103130315,0.382446249301727,1.67202344762234
7.60029754304081,32.04309849801,37.0301011805741,43.4988993029297,55.9741686613707,61.5200977313591,8,20,33,41,53,64,1.25680087657437,5.65950588921422,0.157354165695345,4.26154965072274,0.943038616507605,1.82220378607934,0.360912024805421,1.67476244190375
7.57271268167734,31.9756382610431,36.7691486057961,43.2600403104351,55.7105898613308,61.2020173306015,8,20,33,41,53,64,1.24888510744602,5.64557067652174,0.138282896228593,4.19388037351844,0.948932701410972,1.81534971823498,0.351932127829115,1.66358128138048
7.54337316161691,31.8887507766033,36.6653559779416,43.0962190816386,55.5350371414448,61.0096545505812,8,20,33,41,53,64,1.24047932630421,5.62546867519439,0.136678475141372,4.16704979168152,0.932941938298937,1.81209927637892,0.349181726133842,1.64630116245546
7.52707349305839,31.7974731306441,36.5638685397818,42.9368069449331,55.3749684381636,60.8207579019962,8,20,33,41,53,64,1.23581551330046,5.59929466059922,0.135714327233297,4.14086199005639,0.91758283235156,1.8119174064192,0.344486302153794,1.62931341881399
7.5230619516744,31.7021125617303,36.4652420232552,42.7835864960374,55.2370362068771,60.6436118799372,8,20,33,41,53,64,1.23466835833932,5.56743097138277,0.135406681160094,4.11545705968715,0.903171792320579,1.81615349857338,0.338142681243751,1.61410946381045
7.53046899217923,31.6032559760268,36.3698595280676,42.6377563650425,55.127485033986,60.490221542082,8,20,33,41,53,64,1.23678670791684,5.53040007517922,0.135733946542077,4.09092980698058,0.889911942646922,1.82621603170018,0.331110474438057,1.60291150388
7.54837756798493,31.5012311656598,36.2785656978187,42.5009319230278,55.0537991139582,60.3792483905628,8,20,33,41,53,64,1.24191210177462,5.48865136281501,0.136747487919006,4.06749285755929,0.877991822128623,1.84376280364621,0.325179190103777,1.59911920134409
7.57585552949993,31.3973906076342,36.1919812803015,42.3740950091111,55.0239566097818,60.3352428139837,8,20,33,41,53,64,1.24978636124436,5.44299576813803,0.138385766391168,4.0453002394989,0.867491333485076,1.87080262075882,0.32293836635669,1.60732859019657
7.61200575908374,31.2939779337351,36.0641992786454,42.2567117424626,55.0396101927388,60.3772049178492,8,20,32,40,52,63,1.26016437601795,5.39453898399815,0.182959277487517,4.20194096886809,0.870200586327159,1.90805397102713,0.327106106520036,1.64021192600438
7.766548889474,31.2840940364491,35.4783025623246,41.7281109449713,46.5708485538265,52.2401113808481,8,20,32,40,51,62,1.30476503619574,5.33753639672302,0.122577851925838,4.04971547453324,0.88517089896841,0.252680633972604,0.381581714870136,0.522480282992984
7.99277673040309,19.6902753903603,27.160254117494,33.0423461996669,36.4813311154002,41.4004215242152,8,17,28,36,45,54,1.37071934521137,2.27022068592408,0.732213081756559,2.68818123022696,0.790378866985569,0.187204995434464,0.439204573175414,0.47464957220465
7.97807785193579,19.8738585089415,28.3413643572165,34.1950132731908,37.7829191449325,44.0588553659624,8,17,28,36,45,56,1.36641061531621,2.33317313554919,0.959347513049719,2.97420616170363,0.783177018645786,0.208435252567247,0.489964463089194,0.525626752582495
7.95598109877604,20.569962428979,28.7045271907172,34.4024987730468,38.8949097781248,45.6824036741205,8,17,28,36,45,56,1.35993937019931,2.56398183739126,0.881305587014288,3.06389120658469,0.744106272115372,0.357855694771405,0.58937603610264,0.693931384304239
7.89564750564148,20.7501935667528,28.8780159480676,34.4811025698932,39.1908676151481,46.1970039050357,8,17,28,36,45,56,1.34230733931059,2.64221665540616,0.879747366204016,3.10701385049143,0.720587294782468,0.398501939114262,0.633922506883633,0.74315687917907
7.80490487914329,20.8723221198405,29.0362107850195,34.6317403634108,39.5015992009402,46.6682530363551,8,18,29,37,46,57,1.31589236932489,2.44818280664912,0.888093025158361,2.9721491421227,0.718723942912091,0.429498327433114,0.667368204619505,0.789654730843818
7.69405537054331,20.9382828150614,29.3783517614998,35.0362900180879,40.0295766070577,47.3596464901863,8,18,30,38,47,58,1.28379671711319,2.50363601157842,0.812022592537017,2.88649330822938,0.734155626405912,0.453984131093785,0.702041546158841,0.842988125570445
7.57300996623249,20.9772573111001,29.4533592021225,35.2285075412202,40.3305590661428,47.7959201308546,8,18,30,38,47,58,1.24897035094415,2.55404240811232,0.819862341999742,2.90439596795375,0.763401537100043,0.475972595344718,0.731210253641076,0.899737781812568
7.44964001317457,20.9940627491091,29.497314103938,35.4227840994963,40.6294374204999,48.2532850069423,8,18,30,38,47,58,1.21371903780605,2.59836531107402,0.825786446450342,2.91490295003124,0.801399222770392,0.497473400590462,0.765898385919509,0.96660127774981
7.32923585084618,20.9901851459465,29.506834324575,35.6015637688657,40.9188576785385,48.7346090510023,8,18,30,38,47,58,1.17955873279724,2.63532749970646,0.828715304853799,2.91718020763545,0.844819576971562,0.52058355427193,0.808627638874546,1.04534484395174
7.21473428824378,20.9657337151621,29.4782135907384,35.752355234183,41.1954245592301,49.2363914797214,8,18,30,38,47,58,1.14730207166124,2.66396302144758,0.827803483642355,2.91033572215893,0.891550374685935,0.547302339267992,0.8597551557708,1.13686715916456
7.10731757100043,20.921460923137,29.4075610611902,35.86654152463,41.004592188421,48.7756104115173,8,18,30,38,46,57,1.11724933926389,2.68407932236103,0.822042283163903,2.89346086521335,0.940422713349165,0.608748063022616,0.798597493111351,1.1743018907308
7.00700088404795,20.8576820296037,29.2974752552197,35.945067079066,41.2152189421026,49.176107043665,8,18,30,38,46,57,1.08936922161018,2.69573323394615,0.811962703920205,2.86722830206689,0.991021862501373,0.639917265412893,0.841457051962391,1.2677873832371
6.74409364082316,20.4534618284612,28.8817677180819,35.1278651723947,40.5682524396284,48.9846329439754,8,18,30,38,46,57,1.0171852939246,2.6507167729231,0.809468928175639,2.76884275850273,0.884199131469072,0.680796825297282,0.947226316188397,1.30971743276166
6.43806779913453,17.8402136035517,26.7924805542625,32.9907196185679,38.7215835414836,47.4686187342468,8,17,28,36,44,55,0.934857220157146,2.17710418975426,1.07664010193834,2.60095747596353,0.871693595187455,0.752311845215302,1.02647064963527,1.41926360678535
6.1414597132502,17.1423463102636,25.9616497898991,31.7006568079349,37.6263428649134,46.9600757608473,8,17,28,36,44,55,0.856922471625251,2.05191192775061,1.0440528420551,2.40729206357741,0.754347418508932,0.801454225385148,1.17179083170645,1.48229174706115
5.8595464548049,16.4150072331551,25.0400152352689,30.415914752368,36.4968951206892,46.4832029621966,8,17,28,36,44,55,0.784668695411615,1.91481948606664,0.996993715634149,2.1982006683665,0.665218540147545,0.841268003177447,1.33991616077947,1.57092170204877
5.59707927141616,15.682102621018,23.9896583067026,29.202377122377,35.3643366565446,46.0965075156563,8,17,28,36,44,55,0.719105934264312,1.77233181930026,0.921589508392647,1.96773630185143,0.626305416011947,0.862247238452625,1.53959281440455,1.7066104344423
5.35817655202769,14.9735395053215,22.5485426663087,28.0010350851705,34.1165929208363,45.5908144898349,8,17,28,36,44,55,0.660956820171666,1.63262529255105,0.755148994872074,1.66619344461025,0.683733441774082,0.850207962219122,1.74537051924677,1.90451857016106
5.1437969245628,14.2927103238872,21.372488607245,27.5623221428576,33.1157127634344,40.9044210395976,8,16,27,35,43,54,0.610093575520506,1.71893998006588,0.649190121226934,1.55670734991179,0.869502398690227,0.708360508644917,0.802558961025758,1.20400261927964
5.01779666189777,13.770839798318,20.894237527597,27.1157692725131,32.093135526868,39.4973395443174,8,16,27,35,43,53,0.580810118504458,1.597737027597,0.658294763222423,1.46180477094576,0.877773773596015,0.571512897332477,0.856346257164932,1.1449917683506
5.03642214300239,13.7646812950982,21.1868378526546,27.4255518415219,32.3356365909142,40.542772100126,8,16,28,36,44,56,0.585109520151303,1.59021398669495,0.601953714608725,1.39829618460403,0.882266542067535,0.556150090964416,0.761979578981155,1.0671723825053
5.00316761499834,13.6177551665386,23.8800173479188,30.3633291770918,34.8431354030368,42.4272865316132,8,16,29,37,45,58,0.577440449377756,1.55581112376279,1.08154456443216,1.80791953422919,0.946909422945487,0.461282449103471,0.527295887890557,0.842176241448282
5.02281693229863,15.1321875641239,24.3008914453762,31.4634585639627,35.3255426133749,42.6989101092022,8,19,32,40,50,63,0.58196795793362,1.37233180973712,0.838262599528949,1.51920843235227,1.13268143604124,0.183255461468848,0.490220645396645,0.661099885704882
5.03795457390802,15.2594248958755,25.3974771373084,32.9565048942368,36.5552019569746,44.0548413323658,8,20,33,41,51,64,0.585463714832267,1.22799096427941,1.05287874815238,1.60864383073056,1.24496263500147,0.150772539911323,0.512299240909156,0.695947718956513
5.06224628461902,14.8262404060224,23.7157870023397,31.6879998134227,34.9613500382562,42.5872801805936,8,20,32,40,50,63,0.591087562706457,1.1160070309096,0.911635313941311,1.41150813180414,1.36469227300383,0.114959279872049,0.534773849660823,0.725342470926175
5.09061748393644,14.4772942804122,23.2800018058498,31.2889031221863,34.3034031408731,41.9952116237498,8,20,32,40,50,62,0.597677773908259,1.02619413278211,0.892087343511812,1.3333153405434,1.3754496810466,0.0900051234543729,0.655362499994407,0.782706876191763
5.12068797811281,14.189334541081,22.8356698874311,30.7865362890737,33.5739729068801,41.3052506384588,8,20,31,39,49,60,0.604688287747056,0.952394272656766,1.00212624166036,1.36260643173126,1.35844252050465,0.0707715022534761,0.789722208452266,0.830364478434554
5.15161809066327,13.8130249297486,22.0950325891021,29.9387979403133,32.4003570245315,40.2324740476771,8,18,29,37,46,57,0.611926459413357,1.1705726459505,0.915603681334723,1.45337801948039,1.32718917016767,0.0752256631092427,0.812307653884263,0.867321432931768
5.37611870824863,14.0916777592206,20.5675677000972,28.359791779163,30.272141878032,36.8031036768024,8,18,28,36,44,54,0.665271300767705,1.1847388673776,0.645161232880264,1.28239033387351,1.31221106624569,0.0591932285010014,0.657123156202254,0.749575277839739
5.65891946185673,19.860076817946,29.1254687107895,36.8061629892456,40.4624756781714,46.7748168961152,8,22,34,42,55,67,0.734399033599651,1.9004643645317,0.997839042578866,2.22572833923993,1.27994110580653,0.0528947959843275,0.401319027541283,0.443647854971267
5.96042369007186,20.1090090299942,29.5067328078779,37.3662917307518,40.9514459895375,47.4799897992999,8,22,34,42,55,67,0.810311609084162,1.88641398134305,1.02878947224913,2.30629426720574,1.33178699311553,0.0490694153509461,0.437820180358092,0.478679255578604
6.38472073025313,20.5975158798678,29.7826572640438,37.7736230782643,41.3383872235071,48.0287085850132,8,22,34,42,55,67,0.920701278281243,1.90357853414411,0.979219176724983,2.36521491776857,1.37018833229029,0.0480054519024626,0.465984697800202,0.509225961490404
6.89668404872153,21.2640091972748,29.8938814639219,37.9530797156252,41.5117890417779,48.3407839244378,8,22,34,42,55,67,1.05892238640581,1.94506075197855,0.853608188305677,2.38910941359075,1.39022950055522,0.0476922588228783,0.490690712045582,0.532319459377939
7.44711826901834,21.9660573932606,29.8916439097537,37.9664716255486,41.5212542816095,48.470096595803,8,22,34,42,55,67,1.21300109557288,1.98599472818157,0.703010078058597,2.38862790735317,1.39482979200986,0.0474898190748494,0.512452062197348,0.547719396502338
7.9946579611978,22.5852333372043,29.8209867007378,37.8717019689012,41.4233216173864,48.4641942346013,8,22,34,42,55,67,1.37127102789141,2.00541529887146,0.566043196733584,2.37344002520472,1.38773416049737,0.0473271343594042,0.529415076577789,0.555379241936262
8.5134864258135,23.0665119318632,29.7126734243896,37.7108294756787,41.2625658259333,48.3614240201481,8,22,34,42,55,67,1.52535495958179,1.9952292107849,0.458225717759881,2.35022234513843,1.37229700407025,0.0473331306543874,0.540213931052052,0.55603735380167
8.99109943371519,23.4062093211317,29.5859234252001,37.5124063442515,41.0699112606294,48.1921591963563,8,22,34,42,55,67,1.67039182547486,1.9579371922018,0.379590958996114,2.32315223447922,1.35131191841516,0.0476301091821921,0.544593924063343,0.550999462289269
9.42362437383347,23.6258233355797,29.4526444961993,37.2957742013962,40.8658505032483,47.9801183958357,8,22,34,42,55,67,1.80414858278198,1.90074303207027,0.324330258905008,2.29480439831425,1.32700420068598,0.0482812660718731,0.54309802421729,0.541725886043264
9.81183651949806,23.7532336736042,29.3202308392887,37.0739418023505,40.6635655574758,47.7433258290135,8,22,34,42,55,67,1.92600469642282,1.8313216329259,0.286113454283647,2.26675991057094,1.3010457606061,0.0493045457147828,0.536647855762007,0.529555593633422
9.96738074314234,23.8654283802248,29.3386683434633,36.9833022006995,40.7294688775455,47.7389421342266,8,22,34,42,55,67,1.9752801131229,1.81985211656535,0.272856729355035,2.27065771326391,1.2695492568636,0.0579763064209911,0.523603142629751,0.52691290754524
9.89847532330444,24.063008877629,29.5685846242397,37.0820182778324,41.1706549444354,48.0774484861938,8,22,34,42,55,67,1.95342031784517,1.89067327722776,0.27739631238019,2.31945756304676,1.23191608872498,0.0799484950616104,0.504774341546588,0.539546015111961
9.82826231995599,24.2916655759164,29.8280520457452,37.2185819198357,41.7061463267377,48.4966802269581,8,22,34,42,55,67,1.93119637144753,1.97097400281954,0.281753689490217,2.3749572423843,1.19691822595294,0.110799545354373,0.483787135775407,0.558400500827165
9.75751492071736,24.5047639221907,30.0553589243498,37.3450033249574,42.2980867677391,48.9586515778299,8,22,34,42,55,67,1.90885564128407,2.04806499236602,0.283773562908656,2.42394544372141,1.16837973657552,0.15391732237035,0.460750594572288,0.586668009852846
9.72035236700246,24.6156893148152,30.1517807840953,37.402521100655,42.8897097428401,49.4561672358125,8,22,35,43,56,68,1.89714166464381,2.0885957598528,0.218409347065468,2.30405848413204,1.15742105506124,0.212564883907159,0.444356238709771,0.636543628487682
9.85310259511701,24.3384875324901,30.0355248688507,37.3953556825176,43.376305834812,50.1040159750275,8,22,35,43,56,68,1.93905297481238,1.97691569027875,0.238191436878975,2.27964024194512,1.18821579160399,0.275093227276288,0.472595200246881,0.736877862616366
9.95910768606012,23.568465100554,29.5477146293205,37.0764312241432,43.5621801206027,50.3900294897594,8,22,35,43,56,68,1.97265295710374,1.74398680309949,0.274864707377784,2.17817905697779,1.2362854565223,0.34677235413184,0.490484531990905,0.845354612945311
10.0434847066415,22.7242160268496,29.0480414618928,36.738075789765,43.5258605986024,50.4649228076802,8,22,36,44,57,69,1.99948014416446,1.50637215220893,0.256148501282698,1.94842995187941,1.2826360681416,0.39319078021032,0.51066221129099,0.930195398975854
10.1103524584776,22.2723478577186,29.0136179952281,36.7769167007955,43.5981092126222,50.7008532721043,8,22,36,44,57,69,2.02079157947094,1.37822246119399,0.310754435390101,1.94167992215042,1.30382318320744,0.398480909884167,0.540940649258813,0.971343779746381
10.1383094515086,21.9679981239787,28.9829321190161,36.7893802024626,43.6374616819587,50.8655251280537,8,22,36,44,57,69,2.02971504841201,1.29798970622154,0.349218382055436,1.93567006171978,1.31634053888339,0.402760941426914,0.564579932449886,1.00155672057809
10.1046016174823,21.9567741568602,28.923123078513,36.6949631131562,43.5709088875194,50.8373651227632,8,22,36,44,57,69,2.01895696238488,1.30337074716627,0.34223959787739,1.92397614629805,1.30629867902291,0.407216969223408,0.571899943848398,1.00648884953117
10.0571693177671,21.947313116632,28.8495437728484,36.5797623712051,43.4750935625795,50.7748034203497,8,22,35,43,56,68,2.00383790414773,1.31247421116469,0.411439697848841,2.03583691047892,1.29424643723861,0.410329475094369,0.578269312353106,1.00820825287632
10.0013180731082,21.8967460293546,28.7816249272118,36.4706952015165,43.3823986418001,50.7252840451036,8,22,35,43,56,68,1.98606443593677,1.31374264042054,0.408650001007199,2.02217447437706,1.28235783797817,0.412966096534634,0.586579292214922,1.01108247364028
9.94297580837929,21.7969216808799,28.7168826252089,36.3640410821567,43.2861283516016,50.6730960019263,8,22,35,43,56,68,1.96753220999126,1.30379545449111,0.414298643298029,2.00918200169408,1.27027612049523,0.414642074126684,0.595110295870542,1.01304561412209
9.99875428625062,21.6775013237246,28.817527651341,36.5545900668037,44.604226981395,52.3221520007159,8,23,38,46,60,74,1.98524932629182,1.11441867883148,0.297221369579467,1.66859800942025,1.29622633280722,0.512367623811776,0.457144319920875,0.984829959619728
10.1064830966386,21.5601887800493,28.6559485335166,36.5601820909713,44.6166963066592,52.2426263895782,8,23,38,46,60,74,2.01955715012745,1.06486789513521,0.291531279367786,1.63939246842534,1.34481320373186,0.513540326818623,0.442303384425015,0.997090226434853
10.218634628121,21.4788546216569,28.5087611831682,36.5928299268639,44.6846296889166,52.2043159361531,8,23,38,46,60,74,2.05539685909465,1.02288839957592,0.283164210947135,1.61296380909262,1.39755142213264,0.519574577425911,0.425426451641108,1.01346068991759
10.3344673867284,21.4353471387964,28.3879476645897,36.6618759003942,44.8068645558379,52.214175536009,8,23,38,46,60,74,2.09254263269956,0.988760788172102,0.273492232803074,1.59139681508528,1.45373984646984,0.528725408997109,0.407886350900772,1.03326153146952
10.4531671959941,21.4296065785774,28.2986515241639,36.7701165364273,44.9822621842524,52.27637586449,8,23,38,46,60,74,2.13074189990632,0.96239247136179,0.263222277261803,1.57552963495026,1.51273628618686,0.540372955385949,0.390545915147718,1.0564253933777
10.5739561135112,21.4600487595715,28.2433757834408,36.9174684091785,45.206312765355,52.3911153252915,8,23,38,46,60,74,2.16975007275742,0.943407279085723,0.252886764824438,1.56573904912759,1.57379951884841,0.553801969925579,0.374117962686493,1.08268414220244
10.6960321173959,21.5237081534024,28.2224592894205,37.1016100739737,45.471686661559,52.5549953972268,8,23,38,46,60,74,2.2093111546444,0.931203775264272,0.242889375322496,1.56204055518115,1.63613700621752,0.568170358921302,0.35914790227562,1.11153886525033
10.7926633558405,21.6117574774209,28.22002554968,37.3173255817816,45.8096138210166,52.8179895092705,8,23,38,46,60,74,2.24072241449181,0.929415768804198,0.23241599440254,1.56161044136844,1.70302929275994,0.590065664985607,0.348272604419961,1.15354762092495
10.8730844663224,21.7220126603387,28.2495690685561,37.575657899259,46.2071425936799,53.1598934015063,8,23,38,46,60,74,2.26692802976483,0.935636871618131,0.223269087934311,1.56683482084009,1.77379577382974,0.615404876240711,0.340297856861965,1.20382420230065
10.8852629846754,21.7678406982053,28.2693976003496,37.7642895847849,46.4764977710942,53.4173070743659,8,23,38,46,60,74,2.27090145184421,0.942671388093511,0.22036208736311,1.57034509990961,1.82639483563547,0.630292151096586,0.338596831829954,1.24266413780386
10.8131372982482,21.7098961505025,28.2384985492576,37.8231156962622,46.5473366238539,53.5198183171998,8,23,38,46,60,74,2.24738849568495,0.94564162465757,0.223386443431346,1.56487633824625,1.85448297861451,0.632519520190258,0.34311697481208,1.26469780582155
10.7409342959464,21.6515839300782,28.2069174688268,37.8821360237111,46.6151141615555,53.6186032122339,8,23,38,46,60,74,2.22389673994087,0.948554276195586,0.226396131811464,1.55929466152355,1.88293495723351,0.634145198170383,0.347568656776845,1.28638288320628
10.6687690255498,21.593010549168,28.1746121923696,37.9411725359678,46.6804227507152,53.7141707873777,8,23,38,46,60,74,2.20046419811118,0.951407343969457,0.22937347898375,1.55359315752266,1.91170906672851,0.635310543318035,0.351938024112357,1.30780025432635
10.5573247052359,21.4221352788662,27.9925529260128,37.8569723360109,46.6478112938736,53.6664268979463,8,23,38,46,60,74,2.16437096295444,0.938954775815765,0.228103438291996,1.52161695415163,1.94263445307763,0.644927378244647,0.349749819540599,1.33045230583793
10.5380409095434,21.4085904160273,27.9990375665302,37.8737591982567,46.6765411944741,53.7299993475816,8,23,38,46,60,74,2.15813720485428,0.940154698645036,0.230380476821147,1.52275134957645,1.94589600111301,0.647161752676716,0.354797448109265,1.34012806447545
10.5179073637302,21.3942310741738,28.0057030748701,37.8899458623077,46.7016687119676,53.7890848257111,8,23,38,46,60,74,2.15163244897255,0.941362548700145,0.232782902768131,1.52391773600408,1.94891125699487,0.648836430166641,0.359748388698961,1.34903777787434
10.4968599611163,21.3788406665887,28.0122000481867,37.9052409095475,46.722552322171,53.8430525842341,8,23,38,46,60,74,2.14483649371247,0.942546418055575,0.235297171528331,1.52505497285076,1.9516983581335,0.649884058226887,0.36460166709974,1.35712696398384
10.4748866306213,21.3622524520402,28.0182521851967,37.919432726471,46.738720776184,53.8914483753844,8,23,38,46,60,74,2.13774599972173,0.943673883360753,0.237912166887301,1.52611464880795,1.95427760550416,0.650254754632241,0.369357351323774,1.36435900716148
10.4519355440183,21.3443191865313,28.0236034699692,37.9322751631948,46.7497519219424,53.9339248439896,8,23,38,46,60,74,2.13034484918309,0.944724882205919,0.240616631308491,1.5270518556498,1.95665195877208,0.649915063910332,0.374024248521343,1.37071256598252
10.4279805155617,21.3249416035025,28.0280576492527,37.9435983145677,46.7553810462795,53.9702794737713,8,23,38,46,60,74,2.12262526030346,0.945684006990424,0.243400436221787,1.52783212086356,1.95882962018311,0.648847652127363,0.378609599320441,1.37618150310162
10.4030321357032,21.3040596303588,28.0314737902938,37.9532480103202,46.755417503214,54.000420301806,8,23,38,46,60,74,2.11459134673193,0.946536343584196,0.246255116725267,1.52843065413772,1.96080625845851,0.647047088683172,0.383126393838617,1.38076989036794
10.4014699311762,21.3255521225301,28.0393623619552,37.9590165842477,46.7618050698776,54.0273427480522,8,23,38,46,60,74,2.11408848031756,0.951373880925396,0.244654812818459,1.52981314667924,1.96013396955849,0.647162967572814,0.386221060476406,1.38404159306502
10.4416154121785,21.4231285152921,28.0466300713891,37.9495609699259,46.7676437712829,54.0429479108099,8,23,38,46,60,74,2.12701848590373,0.963462631400434,0.234163098079659,1.53108727136122,1.95483233679957,0.650028713860828,0.387696771286434,1.38547568855035
10.475484452732,21.5210787453347,28.0574453127184,37.9320207124135,46.7583336793965,54.0507745425458,8,23,38,46,60,74,2.13793884870475,0.977014985161809,0.224258523281782,1.5329841054427,1.94584969823343,0.651572865304367,0.390292153743388,1.38496155963715
10.506815765982,21.6184176262946,28.0668160663128,37.9064552434236,46.7310061639747,54.0525657721112,8,23,38,46,60,74,2.14805058750227,0.991044498610734,0.214478601444306,1.53462835225829,1.93479389675913,0.651242148632148,0.394719792428855,1.38365800332977
10.5377921146511,21.711529963927,28.0720486228094,37.8767947904845,46.6859417310878,54.0503912338959,8,23,38,46,60,74,2.15805680101396,1.00431527567416,0.204930242377959,1.53554679168962,1.92376453838691,0.648353773573459,0.401281504176815,1.38238458059676
10.5221539192016,21.7405285435045,28.4894833032146,38.1125291734827,46.6418827402803,54.1937893748138,8,23,39,47,61,75,2.15300411340773,1.01388674301457,0.196499734626654,1.50248449583337,1.8665400242375,0.596771613913047,0.430514715300676,1.33560666103127
10.5273731205308,21.8343265642204,28.5136506233588,37.9166099977335,46.163028830602,54.4175090904069,8,24,40,48,62,76,2.15469017929803,0.904998426871,0.189514798388203,1.40469299719273,1.79770866553214,0.546357174196504,0.547768630370352,1.36960565340816
10.4797166743055,21.8382784323112,28.5638349232383,37.8555130350017,46.0867200080028,54.3912414768584,8,24,40,48,62,77,2.13930419986747,0.915394251482236,0.194137720891492,1.41303290526555,1.76311320972333,0.543697810441083,0.465000124352401,1.25676521283582
10.4079697065636,21.8285826368108,28.5733890816622,37.817369114815,46.0781572784388,54.4680574720387,8,24,40,48,62,77,2.11618088075932,0.927951341703735,0.196079875706438,1.41462296373561,1.74832831791566,0.548874100445109,0.478603629475669,1.26778393661386
10.3353827679377,21.8180942475178,28.4577540963672,37.6172027571493,45.9323846469156,54.3320790631662,8,23,39,47,61,75,2.09283669935674,1.07121120122824,0.185595494644204,1.49702203144886,1.72219154285038,0.558444233868052,0.573446104414502,1.36455200848897
10.2636693967402,21.8135038250019,28.2892720651373,37.3718102982851,45.7485604285903,54.2288081587116,8,23,39,47,61,75,2.06982329446403,1.08593983905453,0.16986193981557,1.46815074316056,1.69848457138534,0.569357384182233,0.58789377893308,1.37572072853138
10.1929809992056,21.8136745132799,28.1183491789513,37.11592292344,45.5675343446153,54.1237612036913,8,23,39,47,61,75,2.0471878732929,1.10156269228819,0.154234079363779,1.43909379999883,1.67237759069587,0.58274119328436,0.601652451089047,1.38704062972146
10.1234268115133,21.8196667962985,27.9236240143987,36.7960464958109,45.4182531085679,53.9913195803778,8,23,38,46,60,74,2.02496375334714,1.11830241269191,0.178337007632325,1.50957965531726,1.63408317840813,0.613702779349297,0.6047189773328,1.39777759894146
10.055099861733,21.8336482610483,27.8234571642611,36.6034420071716,45.3652792495772,53.949944836228,8,23,38,46,60,74,2.00317878022944,1.13663748007247,0.167126446728204,1.49215525579681,1.60592392821962,0.639514121273527,0.606834795192244,1.4079432299737
9.97934400143313,21.8538651759954,27.7542371166859,36.3362745243597,45.3580323697023,53.9287211398591,8,23,38,46,60,74,1.979080354034,1.15814282627539,0.15861279456944,1.4801615037498,1.54599081709696,0.688657129252009,0.604285618076528,1.41626411202825
9.92602110587646,21.9101021096891,27.8309178305551,36.2906986888094,45.5828797737622,54.0643636115295,8,23,38,46,60,74,1.96215316099503,1.18285705844871,0.160537881391569,1.49345027823784,1.50923185458608,0.741251157815982,0.588116602551959,1.42651290323583
10.1553587530112,22.1393344925411,28.0170516678052,36.603963827593,45.8562502080751,54.2000957808111,8,23,38,46,60,74,2.03516076189798,1.18283322984083,0.156494070811577,1.52590442548548,1.5474606312934,0.733400342516648,0.56351433406196,1.41775019746647
10.3769561531162,22.3685999542608,28.1995847443642,36.908356689436,46.1029620350436,54.2776431674266,8,23,38,46,60,74,2.1062006570865,1.18456946148735,0.152171986299446,1.55799979608959,1.58430428477374,0.722105088133287,0.533862369667818,1.39956727018786
10.5850202813023,22.5860328560948,28.3695842913442,37.1937707358069,46.3161802212235,54.2995046324321,8,23,38,46,60,74,2.17332998450633,1.18669192303663,0.147851914758478,1.58812868143545,1.6193756234817,0.708061059466483,0.501117317404654,1.37407152347063
10.7592018072475,22.7626533399033,28.4592339623691,37.4842545643967,46.6280533726428,54.547125957548,8,23,38,46,60,74,2.2298357862541,1.18724466705709,0.14010632378379,1.60410867887298,1.68080160978869,0.712210956404701,0.490316064394401,1.40126638530421
10.9161199893474,22.9321588769852,28.5170935874623,37.7639238557555,46.9434839895154,54.7896708738567,8,23,38,46,60,74,2.28097484629458,1.19009871291895,0.130497067751991,1.61445546519895,1.74921105796106,0.719169782283978,0.478183015958072,1.43333110441
11.0078080292756,23.4352443980828,31.5888254051392,40.9300366910557,50.3200821375322,58.6174797610097,8,24,40,48,63,76,2.3109558344491,1.14011092800996,0.364781300869038,1.951307459901,1.77849473757388,0.649999009979248,0.660556986774231,1.56758507747881
11.1014394161641,23.4238131497054,31.6264642763217,41.087260072368,50.5926522168862,58.8930950676354,8,24,40,48,63,76,2.34164716978516,1.11725988260224,0.371560776016943,1.95842311945697,1.81574457606945,0.671119904988665,0.661150570245443,1.61081293828362
11.1924758581103,23.4237389714998,31.4745467942294,41.059141621548,50.6446638952137,58.9476151276102,8,24,40,48,63,76,2.37155942369081,1.09757334615945,0.350770781128986,1.92976290527023,1.8544759804859,0.685948616935491,0.661639661833422,1.64868011889313
11.2691524178368,23.4340202916387,31.0079100305201,40.6872977922082,48.8836358112004,57.2354178232035,8,24,38,46,60,73,2.39680734517201,1.08330397715192,0.434001311988797,2.08355859662387,1.88424637425622,0.537621965670687,0.671188005651856,1.53372362864159
11.3242111835929,23.4496764426466,30.5833438040631,40.3835526644585,48.7322416661206,57.1185783741098,8,24,38,46,60,73,2.41496708089904,1.07486661869749,0.366541350313322,2.00044692204363,1.92233127897249,0.564372881279957,0.677975907861153,1.58984150279628
11.368900731746,22.9715130154722,29.6355809093387,39.5004267651686,47.9493309016232,56.3586432132219,8,23,37,45,59,72,2.42972511387063,1.09756895817443,0.300280022304738,1.93940413954389,1.94276943826413,0.582255006392932,0.682503407203105,1.62447666581019
11.4664726681329,23.1448078694173,30.4869650212272,39.7257913881048,48.2849511268117,56.619591997044,8,24,39,47,62,76,2.46200320894515,0.98076966116098,0.323867654318958,1.86191765887597,1.74673242764969,0.506067321876916,0.561884163362321,1.30708500005156
11.5459279376319,23.3886379426303,30.5908674692869,39.8155960636531,48.5469430945949,56.8803374034801,8,24,39,47,62,76,2.48834464570946,1.01500507494626,0.305305821357079,1.88142139604234,1.74236847868399,0.534669443290794,0.561663541805925,1.33325883181025
11.6205488316032,23.6369169221404,30.6799086362846,39.8931157765128,48.8035539339631,57.1384646362709,8,24,39,47,62,76,2.5131290195702,1.05162646998482,0.284817419013913,1.89819662894143,1.73880375155944,0.565112321904908,0.561931923968319,1.36171342515703
11.6882925416765,23.8861260195704,30.7543546721192,39.9581976460039,49.0535853165915,57.389832599753,8,24,39,47,62,76,2.53566709342954,1.09038065942572,0.263122892980064,1.91226527211138,1.73590763299659,0.597276500485951,0.562168524620863,1.3917482433166
11.7392746759309,24.1234694597161,30.8045437349554,39.9954292751915,49.2693688979418,57.6031015728424,8,24,40,48,63,77,2.55265219089128,1.13068659761038,0.18968873838069,1.80528818609245,1.73190189843002,0.629010911976555,0.561723423749381,1.41966793142923
11.7823619485825,24.3574329756604,30.8474624998042,40.0288723713049,49.4822318187544,57.812239674577,8,24,40,48,63,77,2.56702268599667,1.17248889875303,0.171201434058751,1.81316637808962,1.72897378670465,0.661559249838144,0.561064370409944,1.44835469196784
11.8169491505345,24.5860476513892,30.8726425664145,40.0496784595851,49.6893927554946,57.9983457009873,8,25,40,48,63,77,2.57856852709346,1.07938025218719,0.197071055624518,1.81779458203856,1.7276225242422,0.696049089830629,0.557344898921776,1.47634676685906
11.8425743786668,24.8073027743337,30.8957111097395,40.0711462663118,49.8936029518552,58.179424552023,8,25,40,48,63,77,2.58712857961068,1.12058653051032,0.176787298510766,1.82203865642639,1.72712806166607,0.73053035801147,0.553270184161982,1.50403934520399
11.8590234109427,25.019186977595,30.9109515625573,40.088453122188,50.0910654074365,58.3434027021866,8,25,40,48,63,77,2.59262597197915,1.16229229000659,0.157806011617192,1.82484462875455,1.72776637284481,0.765147861560641,0.547393278928783,1.53029323457345
11.8662707790592,25.2203256874592,30.9184977874229,40.1013948317122,50.2791871909866,58.4869225876317,8,25,40,48,63,77,2.59504874844896,1.20419073167049,0.140246017206079,1.8262346035903,1.72943327354653,0.799389721388705,0.539604865251304,1.55445102681115
11.8644691076839,25.4096866103744,30.9180160243477,40.1091617942968,50.4549631381251,58.6065975936094,8,25,40,48,63,77,2.59444641722486,1.24599762183549,0.124121548897347,1.82614585323653,1.73198232789729,0.832755187648895,0.529873397018173,1.57592252097318
11.8539489625575,25.5864207127958,30.924958911818,40.12845181941,50.630872983494,58.7291301256866,8,25,41,49,64,78,2.59092983371961,1.28741909331242,0.0814635550417251,1.71537593038798,1.73579938559265,0.864311942917165,0.52068201797094,1.59668677830977
11.8351612267974,25.7498579794209,30.9042789392651,40.1198512081945,50.7705117556038,58.7898560913098,8,25,41,49,64,78,2.58465171877277,1.32816477841564,0.070576059617245,1.71169361765658,1.73953539339033,0.894574586699442,0.50721543567446,1.61137406551768
11.8103859718265,25.9087806084074,30.8730114801078,40.1008726891182,50.8908788359403,58.8161355405077,8,25,41,49,64,78,2.57637691558585,1.369666941546,0.060312350054463,1.70613197829371,1.74333797525573,0.923364586994453,0.49135138316775,1.6217883201462
11.7833030999531,26.0797045195407,30.8262223847312,40.0636830521323,50.9913730083114,58.7897740089818,8,25,40,48,63,77,2.56733673847098,1.41487224411772,0.0703965705775447,1.80926588163404,1.74630957547888,0.952131688221728,0.470297868869085,1.62549137370651
11.7497418700033,26.2353849123348,30.7804346580633,40.0287133350834,51.0776335117039,58.7539709240195,8,25,40,48,63,77,2.55614190340692,1.45852309007903,0.0591054344391719,1.80086850341326,1.74965967769586,0.977720193339211,0.450409309244536,1.62730255798904
11.7102873598976,26.3741119494841,30.7251390387273,39.9824292933867,51.1352658845815,58.6840668533184,8,25,40,48,63,77,2.54299237151576,1.50001367250675,0.0493559061524297,1.79074746679764,1.752451407647,0.999844350600227,0.430023126201278,1.62465289423855
11.6654883843318,26.4444600331785,30.6532559430607,39.9161464401583,51.1598373006654,58.5790849201542,8,24,39,47,62,76,2.52807623763604,1.68964125700323,0.0428945996125959,1.8931693979412,1.75418680315479,1.01932938516724,0.409734170269519,1.61865568484067
11.6158865412658,26.5350832572007,30.5739964273826,39.8398696619375,51.1516762660727,58.4389336480179,8,24,39,47,62,76,2.51157921417771,1.72449433752587,0.035917413488629,1.87824926421408,1.75511123844595,1.03402362824144,0.389506298669574,1.60764523516089
11.5620018104841,26.6062718422693,30.4842033951248,39.7497797166041,51.1098951787872,58.2638451507904,8,24,39,47,62,76,2.49367965779907,1.75576044916248,0.0300266962987762,1.86140032027899,1.75501921199868,1.04448921659191,0.369538277124672,1.59227147172414
11.5043131112802,26.6575541834733,30.3845425621894,39.6465455484994,51.035645499415,58.0562411755159,8,24,39,47,62,76,2.47454198526512,1.78313700281205,0.0251166079333593,1.84276731865469,1.75391175822498,1.0507858778727,0.35003579310319,1.57289862588695
11.4432850679846,26.6885218573804,30.2760132088799,39.5313860818313,50.9317718946539,57.8200706204993,8,24,39,47,62,76,2.45432546817618,1.80634611279647,0.0210844702605051,1.82255748152021,1.75185733576937,1.05324118022244,0.331163212309458,1.5501108192042
11.3793401529124,26.6989001003363,30.1599706290216,39.4061234731747,50.8031350028347,57.5611595493292,8,24,39,47,62,76,2.43317492328982,1.8251610708382,0.0178308698911896,1.80104281348611,1.74900124585013,1.05250687879882,0.313049705410467,1.52476016878996
11.3128627685723,26.6884767568988,30.0380257786116,39.2731115842695,50.6567130087289,57.2873601845522,8,24,39,47,62,76,2.41122204983174,1.83938893809487,0.0152620923135966,1.77853943316726,1.74557431513117,1.04959035962141,0.295797880462687,1.49799671876075
11.2442094459188,26.6572928901682,29.9121015031279,39.1352312157206,50.5015456062635,57.0085722432603,8,24,39,47,62,76,2.38858879342913,1.8489175810635,0.0132914653208082,1.75541597716073,1.74187369332781,1.04583478702107,0.279495592490028,1.47124605508122
11.1737245953643,26.6055929445004,29.7842840915424,38.99574664207,50.348341305487,56.7365168275031,8,24,39,47,62,76,2.3653925210712,1.85370006635585,0.0118428874783613,1.7320644017969,1.73826411265875,1.04285751914807,0.264237680639066,1.44618168575272
11.101718535674,26.5339340067552,29.6568200094031,38.8582243006999,50.208755094275,56.4840640058903,8,24,39,47,62,76,2.34173877411365,1.85378847469426,0.0108542067362145,1.70889808120843,1.73515357412848,1.04240990047292,0.250130281191574,1.42460220583469
11.0284603543664,26.443178744004,29.5319346880769,38.726262237249,50.0941779005049,56.2640234318589,8,24,39,47,62,76,2.3177189719477,1.84933368179666,0.0102792012558264,1.6863181197845,1.73296578811594,1.04618246464953,0.237289033382124,1.40826120601842
10.9542291026835,26.3345340034335,29.4118676673224,38.6034293459571,50.0145643669471,56.0878088119342,8,24,39,47,62,76,2.29342722843591,1.84058106948234,0.0100916972165485,1.66471986321751,1.73211087488035,1.05558156833403,0.225819087802378,1.3986547261543
10.8795059875546,26.209584016914,29.2992862462622,38.4937808469516,49.9774877750572,55.9639844361798,8,24,39,47,62,76,2.2690229833425,1.82782834730737,0.0102948453786384,1.64456719814871,1.73301742557321,1.07142912638982,0.215759601626832,1.39673432859275
10.8777165939271,26.0871690971423,29.2551682340415,38.4909014288872,50.0137998391362,55.9209017067554,8,24,39,47,62,76,2.26843917600916,1.7973077703905,0.0116487301295619,1.63669611062449,1.74577474115787,1.08002105718842,0.206754033821468,1.39691111954005
10.926315694091,25.8872531913722,29.048539129089,38.1080258978462,49.5887709872024,55.5212856982156,8,25,40,48,63,77,2.28430511083674,1.57002122244615,0.0115279784254287,1.4946178926093,1.69139294102597,1.07078076069162,0.209615527906824,1.36411262621613
11.0095673345215,27.3761245734726,30.977754747971,40.3412377986534,52.4914392892925,58.2077659466094,8,26,41,49,64,78,2.31153182110526,1.74533188845186,0.021471677390804,1.72479091768401,1.78541995417327,1.22065911182862,0.18591018220064,1.49460462378468
11.1429439157691,27.3115530895052,31.3364774701051,40.8592239996177,52.780257093517,58.4209350010125,8,25,40,48,64,78,2.35527580717974,1.86456268604784,0.0353780696529068,1.9038539911417,1.83510507245595,1.03146502822043,0.177959143776391,1.36613719063367
11.1897860823705,27.4544607100229,32.3844230217153,42.0082467334014,54.4457276290444,60.7723327181497,8,27,43,51,69,84,2.37067463072647,1.56507831635885,0.0585679621979915,1.75627260033466,1.8667842390225,0.891437158103303,0.201305060496365,1.28779953950977
11.2356769755819,27.4771313516186,32.7317481099405,42.5467167918032,54.7319539816687,61.0227456669929,8,27,43,51,69,84,2.38577858524606,1.55978409461913,0.0763840388989754,1.81801996985528,1.92699445469562,0.843871398942476,0.197512988740693,1.27247596944569
11.2806147757797,27.4991136871488,33.0457012542072,43.0479562344305,54.9948679491228,61.2926607074498,8,27,43,51,69,84,2.40058584972505,1.55455604729532,0.0949071815502554,1.87454870859671,1.98636232531814,0.799868901608594,0.198251363030577,1.26553838437678
11.3245448429547,27.5200513151308,33.3124912771597,43.492063433472,55.2276941171747,61.5683629528219,8,27,43,51,69,84,2.41507720609917,1.54932537580391,0.112367024062471,1.92311075196474,2.0428997170341,0.761642232341049,0.20280436016634,1.2669410840363
11.3674338887474,27.5399972015117,33.5287859754876,43.8726530224388,55.4300390259693,61.8416313158092,8,27,43,51,69,84,2.42924045238215,1.54411171096711,0.127539628986731,1.9628312528404,2.09556266200452,0.729978041965627,0.210452452874647,1.27592373413716
11.4092617227576,27.5593483884385,33.6997837116946,44.1948334918182,55.6060890470356,62.1086846792036,8,27,43,51,69,84,2.44306771392407,1.53900968433938,0.140003917770286,1.99445281512213,2.14425220165022,0.704426241293609,0.220477857539058,1.29112883671919
11.4499858677429,27.9275882212793,34.0541365782936,44.5183698618639,55.7868224194187,62.3707966499586,8,28,44,52,70,85,2.45654375244864,1.46693265022821,0.13883551375283,1.94494631511049,2.13430994451958,0.679817047608471,0.229643363363513,1.27652613535756
11.4895696814362,27.9446475098618,34.1571102946798,44.7490374829552,55.9242928538806,62.6197797596597,8,28,44,52,70,85,2.46965525103188,1.46199779427266,0.146151220111849,1.96373782301978,2.17556535056394,0.663951418694451,0.242507535716831,1.29967324267971
11.5279798649948,27.9618473504128,34.2378429438003,44.9493513138674,56.0501363507909,62.8602061023537,8,28,44,52,70,85,2.48239000015622,1.45735605170967,0.1516946343159,1.9785191170326,2.21433624952584,0.651385758233665,0.256089425279363,1.32518982772607
11.5651926672173,27.9779283662486,34.3007416828138,45.1258950536201,56.1671562523231,63.0922622716834,8,28,44,52,70,85,2.49473896534351,1.45273651878143,0.155852104352354,1.99006465556913,2.25130253055665,0.641414184434348,0.270091669484956,1.35244478864991
11.6011562232154,27.993022854759,34.3507503030116,45.2850679483312,56.2786363037528,63.3169912120833,8,28,44,52,70,85,2.5066837892286,1.44817934330746,0.158992488523953,1.99926246335028,2.28691945758209,0.633471101039442,0.284231063173034,1.38083836921509
11.6358473041631,28.0074055806961,34.3923955574335,45.4325541763441,56.3874957419183,63.5358091580484,8,28,44,52,70,85,2.51821562696372,1.44374931906737,0.161468348141489,2.00693441741469,2.32155149996447,0.627068441243797,0.298292452507714,1.40987977613946
11.6692353216409,28.020496355822,35.2802922034825,46.2086286584944,57.1259395387592,64.2050636396944,8,28,45,53,72,87,2.52932320856055,1.43932636856575,0.200630855189843,2.05540876666876,2.28496526820096,0.533779026888764,0.289406547540555,1.27946732543766
11.676427784018,28.0171508235598,35.3098376651756,46.3390187598506,57.2328296712308,64.4047312443753,8,28,45,53,72,87,2.53171714771415,1.43703188149886,0.203898235988559,2.06086284088702,2.31795506333194,0.530246924460582,0.301351224532284,1.30621749982339
11.6767751128268,28.0109060116306,35.3429480585992,46.471331788788,57.3427603591794,64.6026857291406,8,28,45,53,72,87,2.53183276282962,1.43559718259123,0.207844376103463,2.0669815444342,2.35049308492086,0.526892500941057,0.312896618659163,1.33236035555382
11.6763908101675,28.004969241866,35.3778316499742,46.6027340793185,59.17408923499,66.3199158824004,8,28,45,53,73,88,2.53170484030778,1.43438913771674,0.211979469693469,2.07343540186368,2.38223080552181,0.707686734712942,0.297970851285046,1.5090365420303
11.6752510514953,27.9988474684871,35.4146205046178,46.7335325525192,59.257278907421,66.4860156895502,8,28,45,53,73,88,2.53132545650233,1.43330550290818,0.216372346474963,2.08025004787195,2.41321820906813,0.699795531838277,0.308782290583613,1.53058208444939
11.6733529027125,27.9930437412862,35.4529677103695,46.8630834642784,59.3453700562767,66.6526340011679,8,28,45,53,73,88,2.53069365492799,1.4324561997761,0.220941319251494,2.08736240513876,2.4433501838736,0.692953877535825,0.319190586354784,1.55207730708487
11.670660280837,27.9871022455212,35.4927285357734,46.9913190983305,59.4354430126665,66.8171135095987,8,28,45,53,73,88,2.5297974599673,1.43174983472365,0.22572316692753,2.09474668530604,2.47264503055715,0.686681373717929,0.329202549092135,1.57309391992212
11.6671693252751,27.9812219499927,35.5339422820904,47.1180568918154,59.528441061921,66.9805585757832,8,28,45,53,73,88,2.5286356368452,1.43123042458314,0.230706150454746,2.10241124068334,2.50102236777354,0.681155920821967,0.338814954670514,1.59380235514784
11.6628671458629,27.9745483360009,35.5766773470855,47.2436509417566,59.623090357107,67.1420000131489,8,28,45,53,73,88,2.52720396140921,1.43071497087268,0.235994422654573,2.11036992164922,2.52857049865568,0.676104823897436,0.348047364227248,1.61401813502953
11.6577223091986,27.9679339111978,35.6204579953371,47.36703366019,59.7196928457303,67.3017735062312,8,28,45,53,73,88,2.52549205680446,1.43039557403239,0.241451741738871,2.11853513180369,2.55508621668875,0.671746381165151,0.356884732130396,1.63387074441727
11.651745533091,27.9606429968,35.6657750957332,47.4889999064536,59.8170460611299,67.4592069811436,8,28,45,53,73,88,2.52350359023699,1.43010998305625,0.247216834843071,2.12699945564392,2.58066443592575,0.667751214788719,0.365384159913801,1.65315232468379
11.6449009758533,27.9527610232859,35.7120317765814,47.6087202846187,59.9147100316286,67.6139485535647,8,28,45,53,73,88,2.5212267567234,1.4298845436675,0.253222046900016,2.13565242532599,2.60522164559301,0.664179657449489,0.373543486865284,1.67189541319602
11.6371969378249,27.9442941713348,37.588920715244,49.8814675890095,62.2519757537374,70.010440796488,8,28,46,54,74,89,2.51866445632018,1.42971878550216,0.426874814263284,2.3722211370396,2.73823656784094,0.674649946092214,0.382096618051797,1.76282772199894
11.6286201771338,27.9351771686019,37.6547648924247,50.0199875216937,62.378796028926,70.1877155006355,8,28,46,54,74,89,2.5158124421846,1.42960139582308,0.437396688154548,2.38495150221983,2.76277973321864,0.672746115312591,0.389452054104442,1.78257539310561
11.6741892112172,28.245775638989,37.8657957037317,50.348035566052,63.3020443742079,71.0492020918552,8,29,47,55,76,91,2.53097201796892,1.35014488587498,0.42344669587534,2.30363798016867,2.80237524170126,0.677826062635014,0.380456899145584,1.78886775419812
11.7190152271099,28.3227439237933,37.9181428276386,50.4827378257442,63.3827489381676,71.2153459600315,8,29,47,55,76,91,2.54590018854261,1.35687562635868,0.420029323950065,2.3135702173857,2.83029888720354,0.66922710460721,0.392925660633223,1.8089755478076
11.7620433226495,28.3682822481101,37.9498012718714,50.5872035366902,63.4307863761451,71.3087137957215,8,29,47,55,76,91,2.56024422700056,1.35740177953592,0.418108473594202,2.3195847609713,2.85502381799139,0.660291609297195,0.399614510379033,1.81991644208901
11.8032583904379,28.4381832146716,38.1720888478003,50.9033644579959,63.7121595555282,72.4976251951063,8,30,48,56,77,92,2.57399720796348,1.23524491271401,0.439419798086054,2.24258075761274,2.88695553673948,0.654808765337614,0.543794948196919,1.99462297174871
11.8426395856733,28.4759546478574,38.2014463987704,50.9972036331671,63.7530729932619,72.5901491055038,8,30,48,56,77,92,2.58715036823868,1.2349244633371,0.438230403954366,2.24805115930217,2.90892357094496,0.646505192683571,0.552557319556939,2.00625366094144
11.880189425534,28.5112491167168,38.2288532664479,51.0841999364533,63.7881565336008,72.6713784156714,8,30,48,56,77,92,2.59970283008825,1.23447554664037,0.437116748421608,2.25316261905338,2.92924936189309,0.638405254085387,0.560440999420206,2.0161842510703
11.9158830156207,28.5447415296251,38.2516997674444,51.161375840911,63.8134051448411,72.7355339790217,8,30,48,56,77,92,2.61164463948663,1.23403747501685,0.435615707918633,2.25742690602174,2.94780127772595,0.630347552637291,0.567123781055466,2.02381872765945
11.949741813663,28.5764021456048,38.2752248581534,51.2345305260729,63.8344414585174,72.7934211533014,8,30,48,56,77,92,2.6229814359237,1.23360005681001,0.434470222929753,2.26182102991295,2.96476514588626,0.622305168331953,0.573483445468097,2.03017768548862
11.981739920197,28.6066843054227,38.2969016765673,51.3012580196066,63.8500160154698,72.8399648379999,8,30,48,56,77,92,2.63370309868974,1.23325863887393,0.433260096398925,2.26587277723395,2.98017769007142,0.614455770828555,0.578850546586054,2.03478422095592
12.0119263073139,28.6355454348032,38.3185769457995,51.363178345921,63.8604485132107,72.8792042713226,8,30,48,56,77,92,2.64382468591762,1.23299497932207,0.432250773821067,2.26992696765194,2.99395718941422,0.606599217106891,0.583861295319461,2.03804034051991
12.0402686261425,28.663019341905,38.3417839339579,51.422625929527,63.868717156812,72.9133499683813,8,30,48,56,77,92,2.65333409279136,1.23282222042021,0.431651956901322,2.27427068036103,3.00637446083552,0.598833977964197,0.588377449079509,2.04006920592139
12.0668120009594,28.68919551341,39.0653899659409,51.9658828335077,64.3676591556385,73.2953788404061,8,30,49,57,78,93,2.66224528951571,1.23274917292262,0.45513536159735,2.2917107666476,2.94466412550263,0.592145938792885,0.568086764257528,1.97707925241273
12.091548793944,28.7140177003592,39.0872369671424,52.0011787476777,64.3487770057983,73.3009071198379,8,30,49,57,78,93,2.67055463528274,1.2327661601414,0.454718752183222,2.29578388270983,2.9492587086171,0.584014610466552,0.572299150662283,1.97408887262961
12.1145206030491,28.9601089864332,40.9748897271921,53.780835360851,66.1441851294951,75.3039795785764,8,31,50,58,79,94,2.67827511477312,1.15640983252406,0.709918931542916,2.53312409010795,2.91239714621773,0.586373532761537,0.608647157698641,1.99527658427042
12.146685130016,29.1546192726428,41.2050080442983,53.9189719284352,66.2219661821759,77.1593340457012,8,31,50,58,80,96,2.6890915922634,1.18756064496381,0.715986783287177,2.57746496186267,2.88106237699314,0.499921241247297,0.83184916368247,2.06443540578663
12.2024434570299,29.1871128154985,41.2231232191255,53.8301637340797,65.9636051134182,76.4591207779743,8,31,50,58,80,96,2.70786010453025,1.1830773526042,0.713534042052833,2.58096753258411,2.84470876172082,0.477038275576535,0.747497506157925,1.934375819294
12.2561712636967,29.1926385935436,41.2450040197267,53.8134315853684,65.8070208552071,75.9153094199692,8,31,50,58,80,95,2.72596631267625,1.17380892302076,0.716324243642514,2.58520051563132,2.83159950511397,0.458543249654645,0.785736426164965,1.94404893583302
12.3078313535422,29.1947803811875,40.2232469726552,53.2034786874776,65.268410873063,75.1883820865873,8,31,49,57,79,94,2.74339515140079,1.16431622240818,0.63927921144161,2.51128190151808,2.97192264818627,0.467935007377606,0.749192098788686,1.99757566146143
12.3573700606952,29.1939522828153,40.2810628107395,53.2491211065119,65.2073950404316,75.0598595139765,8,31,49,57,79,94,2.76012606329692,1.15469095960795,0.649089285870743,2.52244044797052,2.96775853278887,0.453927639493984,0.73625383450319,1.96368041347788
12.4047513510315,29.190089925284,41.0509892745355,53.7081177265424,65.4034504201135,75.3015778935831,8,31,50,58,80,95,2.77614450830519,1.14492941381019,0.683943385837417,2.54775613582818,2.86172890721367,0.420263646455176,0.744996114463273,1.86882476610572
12.4499414372342,29.1831161470196,41.0006492338406,53.6866955133215,65.2855701940164,75.0569064853521,8,31,50,58,80,95,2.79143678820734,1.13502512581995,0.676696065591868,2.5380735209262,2.87156305098562,0.408227464141096,0.720819645610249,1.83438923901969
12.4928922568381,29.1725740316441,40.9586361676565,53.6755894691468,65.1812528124016,74.814961633219,8,31,50,58,80,95,2.80598445385424,1.1249027503769,0.671456935849604,2.53000296659185,2.88207987440236,0.396757887691312,0.69492693258101,1.79922462462837
12.533600874648,29.1583044045051,40.9238577906424,53.6734270432716,65.0892063933038,74.579339966519,8,31,50,58,80,95,2.81978443269282,1.11453562979562,0.668051939687255,2.52332935057259,2.89318512881682,0.385849051329694,0.668310640728536,1.76417101059555
12.5720221509155,29.1404263962895,40.8985305519744,53.6814742998215,65.0102047669648,74.3547827203147,8,31,50,58,80,95,2.83281945268352,1.1039577366912,0.666816970962989,2.51847341073213,2.90455598825093,0.375426796642731,0.641747272824851,1.72967009539949
12.6081366286997,29.1185468245182,40.8807057738626,53.6980416472798,64.9423263962448,74.1417281676462,8,31,50,58,80,95,2.84508104499423,1.09310217372417,0.667489074749192,2.51505797567963,2.91628128197537,0.365450999221485,0.615682615850853,1.69612624488057
12.6419519947442,29.0928184398694,40.8695954404826,53.722379630298,64.88467864959,74.8457297231128,8,31,50,58,81,96,2.85657007441452,1.08199977730462,0.669914456603622,2.51292997361202,2.92837482628248,0.300392084033202,0.757107508800521,1.71435242136659
12.6734494267971,29.0632568910007,40.8665233810995,53.7554857916451,64.837250741706,74.6710402254002,8,31,50,58,81,96,2.86727852201266,1.07066059080745,0.674318916928723,2.5123416886199,2.94072588771349,0.292090528140432,0.732689879973536,1.68520392838756
12.7026324323545,29.0300683673389,40.8709599294359,53.7965428629123,64.7997829154545,74.5127731705415,8,31,50,58,81,96,2.87720607399727,1.05912571917838,0.680595694634892,2.51319128319847,2.95323665291218,0.284113096984109,0.709797785519167,1.65775597862807
12.7294975788326,28.9932684435627,40.8813435018179,53.8439551459331,64.7704575512307,74.3706298430934,8,31,50,58,81,96,2.88635017710439,1.04740199143782,0.688501392303667,2.51518014222051,2.96589572709167,0.276429274080526,0.688673440690829,1.63219093989574
12.7351490236818,32.5994544932211,41.3505970221302,54.354619026724,65.1006891464229,74.7132970195371,8,32,50,58,81,96,2.88827437628301,1.64080229129735,0.310812009223047,2.60566390772683,2.98006325949367,0.258800933403725,0.690989704137536,1.61109666905922
12.729418910064,32.5135775358416,41.2486112730572,54.3131420904289,64.97489215017,74.4027317465831,8,32,50,58,81,96,2.88632339353292,1.62372665847804,0.308882631862211,2.58589860668482,3.00078465545744,0.250774808341653,0.656889975437178,1.57658399214698
12.7219296215704,32.4322220268493,41.1798063195957,54.3037857823995,64.8859943496053,74.1571702766555,8,32,50,58,81,96,2.88377377942469,1.60804439092162,0.310385323040813,2.5725951128836,3.02116572124417,0.243327870035166,0.62851468441179,1.54757733292643
12.7148084034747,32.3316777266894,41.0930521437042,54.2929955203154,64.8210244880741,73.9603232173313,8,32,50,58,81,96,2.88134981699301,1.58828648273699,0.312040577737716,2.5558570991237,3.04724128605206,0.23832469105788,0.605019332673984,1.52962281489903
12.7059615389877,32.2310410824331,41.0260627859294,54.3008665940493,64.7822653692311,73.8170494762068,8,32,50,58,81,96,2.87833894145178,1.56895768821761,0.316097525030546,2.54295997139969,3.07297338937412,0.234063711501537,0.586656944720713,1.51723279170133
12.6952884704875,32.1324844429556,40.9818968631441,54.3294439820508,64.7700594286611,73.727518376824,8,32,50,58,81,96,2.87470724723358,1.55052975083979,0.322710011994301,2.53447008802071,3.0980110179726,0.230371229334077,0.573220421056722,1.50988442875316
12.6828333161731,32.0364030033146,40.9602271901935,54.3775560305669,64.7827272104614,73.6889554315484,8,32,50,58,81,97,2.87047013425384,1.53306613090587,0.331865018290592,2.53030842327787,3.12205979354095,0.227188109990267,0.474964326349123,1.41269207886412
12.6686208853735,31.9406079837732,40.9525567744431,54.4361184243112,64.8122640016857,73.6882607149311,8,32,50,58,81,97,2.86563648801033,1.51609706060377,0.342868265059118,2.52883592355427,3.1449128823248,0.224599432801512,0.470289458832861,1.4137806676776
12.5696288617999,31.9020408321641,40.7746858260081,54.3251512875816,64.6702061256212,72.8961217038459,8,32,50,58,81,97,2.83200719694173,1.52865890794753,0.325554926221174,2.49477878273304,3.16802431282105,0.221844575314502,0.374795167513619,1.31929351800269
12.3959543251876,31.8455723273813,40.6604707215229,54.3332926984182,65.0333376302217,73.4116411897073,8,32,50,58,81,97,2.77316926108249,1.55312980505462,0.318506221413851,2.47300020357067,3.2103604071443,0.254403172110103,0.396299906184552,1.41619555310191
12.2357775747196,29.7903355971203,38.7544634880951,53.1064652844181,64.4554988765216,72.860371198126,8,31,48,56,79,95,2.7190912263639,1.29471610857709,0.405187149752189,2.3520322471043,3.44692121143835,0.320105836102009,0.400105427583941,1.63435163312967
12.0857791839864,30.528108920796,38.967826036988,53.3846833132227,64.9485538501322,73.5326703194058,8,31,48,56,79,95,2.6686161623697,1.47587563071679,0.334829049195751,2.39261839900392,3.46964385546403,0.343583270219566,0.426209182221259,1.7111511582387
11.9435565765838,31.7088683219509,39.2710001634634,53.7176502822971,65.513526827649,74.2932305121063,8,31,48,56,79,95,2.62090981870721,1.7610025031018,0.231708715383627,2.45073073714844,3.48008955225317,0.369883246282921,0.455534770900741,1.78910175243395
11.8409778734606,32.2162885394605,39.4942481048032,53.9799037942502,66.0232484679533,74.9825285912255,8,31,48,56,79,95,2.58659512464638,1.89812000843237,0.202431785407875,2.49385118109301,3.4937724605164,0.39900412143471,0.483216883762285,1.86994838369594
11.7370703326316,32.3719208083059,40.3895679418228,54.7992595269548,67.0075615956797,75.8263440336819,8,30,48,56,78,94,2.55191738100637,2.11618484548441,0.229086120349879,2.66952547530117,3.46713219142906,0.487079697495709,0.461497711166101,1.97039866990572
11.6344062068596,32.4400431299982,40.0632483581415,54.6704497245527,67.2321626378515,76.1581219500989,8,30,47,55,77,93,2.51773639653395,2.1571457056886,0.238268996536529,2.73388157998279,3.5364613422578,0.535795496487247,0.47802636802547,2.09026221640188
11.5219945233639,32.3563386168415,40.0169912200904,54.7083271716401,67.6032777153748,76.6047717830173,8,30,47,55,77,93,2.48040480876376,2.16405461047503,0.242337972789145,2.72455224212653,3.56605596030079,0.58367265544175,0.489827766422355,2.18180006877403
11.4006952106343,32.0185119172975,39.9298427905437,54.6892710350266,67.931262322066,76.9952527332643,8,30,47,55,77,93,2.44023467589148,2.11211293600264,0.270479109465959,2.70700669259349,3.59003438201382,0.635480595644479,0.499686495113982,2.27190577110254
11.2717166856094,30.8294421028281,39.8252231207717,54.6386747740114,68.2355320676906,77.3475960283413,8,30,47,55,77,93,2.39765254777131,1.86365284692459,0.409633723899029,2.6859972026645,3.60907537375573,0.690452477328891,0.50732779837875,2.35938027741032
11.1386466776381,27.1426389233141,35.1522725209244,49.6070714637611,66.4013399109918,75.5864817608151,8,30,46,54,75,90,2.35386406607651,1.11204534545653,0.345229814081224,1.91943073510358,3.4829474414922,1.39701783564421,0.613145864252196,3.228723334883
11.108558989774,24.7042127837386,32.8140193151679,46.9836232149478,63.21775613965,72.3123347887343,8,29,44,52,72,87,2.34398395216166,0.783543075065293,0.434614905618391,1.72421052822574,3.38313851533826,1.41389437071569,0.597134225591957,3.17111935838614
11.1259219010205,22.6409016312719,30.6635159418097,44.013619329554,61.9993945386608,70.9879003986222,8,28,43,51,71,86,2.34968460190512,0.541625284167243,0.421301074442607,1.46304840388521,3.09889145604541,1.80966992914516,0.578600019102481,3.35363064319603
11.1359839148707,22.7068007809689,30.6601867500378,44.1126789028103,61.78902751584,70.6830645330246,8,28,43,51,71,86,2.35298936590388,0.549914692268433,0.410861009076268,1.46250234072133,3.13418930300687,1.73744687301469,0.562295362478606,3.28662541514222
11.2073090677668,22.827891437559,30.7354445799578,44.2075287727334,61.5078192494761,70.3017203730449,8,28,43,51,71,86,2.37643984876631,0.557350022005457,0.404013354728627,1.47486684911321,3.14095078096973,1.65096154400943,0.545223136077187,3.18600642255081
11.2827794043538,22.9543079510228,30.8074270646997,44.2895930574476,61.203971785513,69.8869981632506,8,28,43,51,71,86,2.4012995299192,0.565007706823928,0.395947571242066,1.48673330518826,3.14443104898504,1.56373110832855,0.526576195186285,3.07990708532214
11.3553614208155,23.0787020066474,30.8675569914581,44.3574909988763,60.8888017032749,69.4545370831826,8,28,43,51,71,86,2.42525223995519,0.572842998171291,0.386519389806336,1.49667577933322,3.14711300887086,1.47872235653701,0.507147411070485,2.9737621747493
11.4133171439323,23.2216572760581,30.8055472419933,44.2913542887423,60.4709762248742,68.9371015366383,8,28,43,51,71,86,2.44440909304254,0.585800136387508,0.35713934956257,1.4864229155786,3.14568810240987,1.40211178582572,0.490890817070757,2.87675724545403
11.462260836577,23.3679682581422,30.7137491598307,44.1798258294586,60.0173093958258,68.393317414189,8,28,43,51,71,86,2.4606082906202,0.600798795626163,0.324355212346606,1.47129799335845,3.13887725711761,1.32894531499262,0.476378667243874,2.78158255808672
11.5042723132134,23.5100199288746,30.6236200809139,44.0553690728045,59.5561654229304,67.8500960888158,8,28,43,51,71,86,2.47452846028002,0.616381393250704,0.293818171332257,1.45651011335683,3.12703308738067,1.25830147535656,0.463324492486727,2.68729504871782
11.5387586807238,23.6452401969496,30.5358303909673,43.9187445235742,59.0905616837563,67.3130217315488,8,28,43,51,71,86,2.48596578878384,0.63224673906598,0.265852070323113,1.44216542991858,3.11019578710263,1.19061795656297,0.452085379176343,2.59493019096361
11.5652014362899,23.7708736863474,30.4505761380424,43.7704072536699,58.6225920562601,66.7857949554574,8,28,43,51,71,86,2.49474187663033,0.648038703815412,0.240665340322025,1.42829133477165,3.0884675614478,1.12617012858137,0.442858134519577,2.50518947732816
11.5831545538448,23.8840772483379,30.3675691955318,43.6104707741298,58.1537415427809,66.2706561087857,8,28,43,51,71,86,2.5007034942432,0.663360310919444,0.2183536154967,1.4148364811137,3.06200323224891,1.06515184870813,0.435708307446839,2.41854369534154
11.5922493927981,23.9819392632475,30.286011620856,43.4386702941882,57.6851081542006,65.7688163623566,8,28,43,51,71,86,2.50372455135752,0.677776235189484,0.198914857861324,1.40166819239924,3.03100595341602,1.00773060932048,0.430610667664776,2.33533507970472
11.5922220863585,24.0616254887772,30.2046522667962,43.2544152370746,57.2177496352599,65.2809736379792,8,28,43,51,71,86,2.50371547992755,0.690833675854265,0.182262365557977,1.38858309779363,2.9957252088097,0.954103545668619,0.427479238754901,2.25587342550212
11.5829023717113,24.1204877571888,30.1219266277717,43.0568789378058,56.7528680914232,64.8076472086021,8,28,43,51,71,86,2.50061973552629,0.702085531179321,0.168250987674922,1.3753308879774,2.9564389390741,0.90451059536807,0.4261912015784,2.18047488624523
11.5642125654149,24.156271216157,30.0361263203917,42.8451254454061,56.2919480157249,64.3494299263591,8,28,43,51,71,86,2.49441358044126,0.711129936900156,0.156693360068341,1.36164241237648,2.91343831990263,0.859231785612405,0.426603252357057,2.10947713404471
11.536187419997,24.16728999911,29.9456228312482,42.6183448926327,55.8368412768902,63.9071549636556,8,28,43,51,71,86,2.48511270902558,0.717642371663467,0.147380740277579,1.34726595527214,2.86703115803337,0.81855790388172,0.42856190118065,2.04322782512782
11.498994820269,24.1526517048233,29.8491241794203,42.3760600342733,55.3896867912835,63.481870917397,8,28,43,51,71,86,2.47277902843556,0.721415680596582,0.140096833770642,1.33200799494493,2.81752425015385,0.782743366659254,0.431909330009914,1.98203310429536
11.4528724080505,24.1122768201623,29.7457699466493,42.1182293226566,54.9526835601058,63.0746557997857,8,28,43,51,71,86,2.45749944645702,0.72237855588694,0.134630231858825,1.31574750130956,2.76522567838926,0.751959664589337,0.436487044987136,1.92611054053723
11.3981748469909,24.0470258433936,29.6353393044556,41.845467608926,54.5279981826019,62.6865573794386,8,28,43,51,71,86,2.4394012778217,0.720610968381026,0.130782352599739,1.29846723062521,2.71044861917188,0.726258261708221,0.442138554078364,1.87554803762976
11.3353451768725,23.9585956566625,29.518227108032,41.5590157235988,54.1174808719887,62.3183366692313,8,28,43,51,71,86,2.41864237998748,0.716330665302519,0.128371555785139,1.28024755631485,2.65350861489907,0.705546536239373,0.448711647983363,1.83027139207774
11.2649244979835,23.849432190364,29.3954328552168,41.2607818232965,53.7225755903203,61.9703826486379,8,28,43,51,71,86,2.39541390888942,0.70987332411592,0.127234573393619,1.2612618703928,2.59474056735024,0.689582637241879,0.45605760350512,1.79004086217507
11.187495265292,23.7224830936761,29.2684045936103,40.9531587868428,53.3441870091264,61.6425827241389,8,28,43,51,71,86,2.3699211217704,0.70165546332898,0.127227986440573,1.24174936226354,2.53448901261426,0.677994592354645,0.464030614409331,1.75446400304369
11.1742425844396,23.6501382905568,29.1785764826078,40.7940860607324,53.1432223343198,61.4653258157492,8,28,43,51,71,86,2.3655628372928,0.691901779366985,0.125777925373144,1.2280299538404,2.51145391423135,0.671173923741457,0.467787650266834,1.73905952981873
11.2101757725478,23.6227425146452,29.1179910251055,40.7478536286477,53.0694390156551,61.3957529714015,8,28,43,51,71,86,2.37738326482476,0.681512782250167,0.123050637343504,1.21881382070247,2.51622554820093,0.666704188814444,0.468456264712087,1.73747904098722
11.2438255285144,23.5914016858739,29.0569599308332,40.7002848275482,53.0004243009014,61.3324930219426,8,28,43,51,71,86,2.38846233545679,0.670920478112446,0.120639180467367,1.20956018072525,2.52070252783067,0.663233701891214,0.469370776152466,1.73708717052369
11.2389591863106,23.5513941359285,29.004012364297,40.6612936479207,52.9571260012821,61.2836502905758,8,28,43,51,71,86,2.38685952466062,0.665222474681632,0.119596545266866,1.20155686766411,2.52534531856867,0.662537632759206,0.468489676050873,1.73780889707241
11.2236427192598,23.5083931252279,28.9525502536311,40.6235790171411,52.9183897814697,61.2357516990139,8,28,43,51,71,86,2.38181607874247,0.660748123922753,0.118917541164817,1.19380012709448,2.52992010003656,0.66237258055819,0.467035193801667,1.7384355435255
11.2082167877189,23.4642013215358,28.9003476892838,40.5845489434439,52.8775647540256,61.1854114098853,8,28,43,51,71,86,2.37673856674589,0.656112666832125,0.11827667724702,1.18595402924063,2.53430492226441,0.662082622793353,0.465526761094515,1.73876306095991
11.1926722016797,23.4189518115501,28.8475467061728,40.5443719435663,52.8347260066245,61.1326127332071,8,28,43,51,71,86,2.37162401264435,0.651340534905765,0.117674338323181,1.17804083864795,2.53850842486372,0.661652742397308,0.463950097302451,1.73876346660622
11.1770209024645,23.3728408347577,28.7943163254006,40.5032108294234,52.7899217319782,61.0773089667533,8,28,43,51,71,86,2.36647639434468,0.646462650364268,0.117108046981409,1.17008661346725,2.54252837570846,0.661064553869686,0.462290527587532,1.73839882278147
11.1625126714148,23.3303626687226,28.6666459270679,40.3853674217832,52.6586499665944,60.9299338195701,8,28,42,50,70,84,2.36170656321795,0.64199734026882,0.1477973992108,1.23932931649572,2.54580231770078,0.658898472705326,0.550715496303703,1.84507356561553
11.1444273953508,23.2884527660204,28.6031152521048,40.3336415694859,52.5712028403993,60.913307184617,8,28,42,50,70,84,2.35576320042468,0.63820430902675,0.14576771206097,1.22953424751403,2.54973617797125,0.653151191852689,0.563205812654879,1.85359936998964
10.6133663006119,22.9419472890235,28.2740709804107,40.1464984554192,51.9857008249522,60.7326042636344,8,28,43,51,71,86,2.18250675335015,0.667837920784997,0.110131598278482,1.09359084979786,2.59710722820873,0.590536228625236,0.537285973032657,1.76937759743997
10.0716974761018,22.6285962695575,27.5682617093336,39.3997280451709,51.411927824782,60.8389340433759,8,28,43,51,71,86,2.00846635408417,0.705286651138599,0.0823575166697733,0.993491510491567,2.5834173484503,0.617392356765451,0.656737716089337,1.91546710000536
9.79760507914905,22.2511010582789,27.1565846689995,38.970668082369,51.1287688840016,61.7107903044179,8,28,43,51,71,86,1.92150888615929,0.688219556312778,0.0801591296470598,0.937112617512853,2.57761154451597,0.640444038307197,0.880514913957073,2.15530269171161
9.74842829072126,21.9476543885494,27.0589970309558,38.8834791189603,50.9743869452595,62.3862772794571,8,28,43,51,71,86,1.90599009265883,0.647007340957899,0.0939325937592899,0.92396870027477,2.58108437021524,0.629782532047301,1.0557460874356,2.30481333870024
9.76794116478118,21.8172874035778,27.0508917460033,38.895993222076,50.9188992460248,62.3837100845349,8,28,43,51,71,86,1.91214473035688,0.623226652464647,0.102720292332033,0.922880845178241,2.58797302145959,0.619071460551152,1.0672949632628,2.30589766980645
9.76283159418116,21.80849103161,27.0715354129896,38.911576602054,50.9705039058684,62.3789573345011,8,28,43,51,71,86,1.91053270814051,0.622646533702135,0.104904102286574,0.925652705179405,2.58628215068554,0.624735327802404,1.05499754673803,2.3009267097342
9.80472535793065,21.8791805288166,27.1218755010954,38.8817086587042,51.0329222167558,62.184748298689,8,28,43,51,71,86,1.92375796444136,0.627183762057723,0.103391810996284,0.932427944137721,2.55950708908946,0.639347695521437,0.99962837285062,2.25326170348091
9.846759941242,21.944453223455,27.1716483935041,38.8508730610625,51.0960121015769,61.9876354974823,8,28,43,51,71,86,1.93704627484156,0.630855676360484,0.10224835904623,0.939149103489889,2.5326481711859,0.654368598032272,0.944565619262413,2.20551505342559
9.88890028670515,22.0044382418538,27.221475229498,38.8201559297127,51.1604961130799,61.7914903400251,8,28,43,51,71,86,1.95038658444322,0.633681637690955,0.101502925466969,0.945899667384587,2.5058612497135,0.66974550425981,0.890537970533497,2.15832289581924
9.93109698684577,22.0593488618111,27.2720129289298,38.7906771853454,51.2271294531071,61.6000701064852,8,28,43,51,71,86,1.96376322413889,0.635698391784564,0.101182993759035,0.952769097728104,2.47930036428363,0.685423353658638,0.838192341433249,2.11227302721061
9.9733224029297,22.1094948279828,27.3239360913929,38.7635664841436,51.2966102962413,61.4168297069129,8,28,43,51,71,86,1.97716735373452,0.636956189907827,0.101312947017698,0.959850457643417,2.45311574898755,0.701333672267233,0.788073825233358,2.06787398979512
10.0155052551155,22.1552261763155,27.3778274343163,38.7398202012632,51.3694934383055,61.244739026561,8,28,43,51,71,86,1.99057620402253,0.637520044950839,0.101910857967709,0.967225487611397,2.42744279769917,0.717403522994375,0.74061038586574,2.02554435417356
10.05762900412,22.1969876538595,27.4342427199056,38.7203856325128,51.4462795828197,61.0863415630059,8,28,43,51,71,86,2.00398432060233,0.637462470272389,0.102989667349651,0.974973404199598,2.40240855880047,0.733556330321687,0.696114078234716,1.98561536643628
10.0996367583338,22.2352159487712,27.4936005092916,38.706001099117,51.5272230485855,60.9435481640052,8,28,43,51,71,86,2.01737335337728,0.636861946052295,0.104556692123203,0.983155711636774,2.37811548676143,0.749706407168904,0.654787501195459,1.948317284773
10.1414976126964,22.2708323263651,27.5541615137819,38.6973325892551,51.6125185542129,60.8232977633259,8,28,43,51,71,86,2.03073315849834,0.635870285396055,0.106424105435114,0.991535790863731,2.35535043868659,0.765767393110582,0.617709617532813,1.91518655807465
10.1683301855182,22.294754845972,27.6143609075457,38.6858115610251,51.6821723307884,60.7112597752887,8,28,43,51,71,86,2.03930589765057,0.635408378744788,0.109173593214006,0.999897691067456,2.3318090139612,0.779754851406825,0.585662713681548,1.8838306721546
10.1854492985628,22.310950523349,27.677134944682,38.676303832572,51.7441298851177,60.6071646654133,8,28,43,51,71,86,2.04477901217196,0.635261833961068,0.112762430188263,1.00865095549881,2.30812781599557,0.792154856062051,0.556986490835201,1.85364328171293
10.2029931549957,22.3262278470444,27.7445552757451,38.6751297590035,51.812116923662,60.5186434513663,8,28,43,51,71,86,2.05039092377103,0.634902207900023,0.116858134145738,1.01809035644502,2.28569644575348,0.804230848179278,0.530505789525346,1.82560417850892
10.2209262187499,22.3408589895566,27.8163672373768,38.6821131931892,51.8856995497809,60.4460708869256,8,28,43,51,71,86,2.05613046734236,0.634378455940597,0.121444348418941,1.02818806383612,2.26453436347268,0.815929488089853,0.506266260999951,1.79979185592432
10.2376794983901,22.3537917549941,27.8853199185875,38.6919705736822,51.9663397680796,60.401994369396,8,28,43,51,71,86,2.06149526964522,0.633772677078003,0.1260335338529,1.03792575861905,2.24527611434759,0.828437767945589,0.485963062352119,1.77968555283388
10.2514528482961,22.3642152151644,27.9447948095721,38.6992718011324,52.053451846728,60.3921473864778,8,28,43,51,71,86,2.06590788556277,0.633241725504238,0.130129852441224,1.04635795654905,2.22829938889098,0.842633153590316,0.470424822301965,1.76739804702736
10.2629576373693,22.3733155222906,27.9996134503208,38.7070576290714,52.1431747264045,60.4014652613235,8,28,43,51,71,86,2.069595135346,0.6328607376832,0.134013302471541,1.05415698427604,2.21301640807896,0.857307094574645,0.457704923099942,1.75935110366133
10.2707848543951,22.3803178899195,28.0453191765818,38.7118703312649,52.2338793586053,60.4299822608049,8,28,43,51,71,86,2.07210447227909,0.632730063879102,0.137350192831089,1.06067925895555,2.1997447898837,0.872797605189307,0.447970912612923,1.75631498893073
10.2725508885792,22.3837447785886,28.0749695239245,38.7086698799798,52.3232920609528,60.4772692336711,8,28,43,51,71,86,2.0726707298113,0.632993190661901,0.139636766826561,1.06491998704962,2.18909427599263,0.889623421605996,0.441429033394719,1.75943024543556
10.2639448610413,22.3807889107287,28.0774573887452,38.6901620150745,52.4081148937318,60.541536005104,8,28,43,51,71,86,2.06991159767152,0.633888690514545,0.140114033398174,1.06527615524442,2.18229245786097,0.90854580498521,0.438252099706141,1.77035972492987
10.2367969500561,22.3661244663242,28.0350461486259,38.6464169961412,52.4833924689334,60.6168465963593,8,28,43,51,71,86,2.06121258784647,0.635869142789353,0.13769071734699,1.05921172108644,2.18186050109688,0.930535051343085,0.438257194259818,1.79125974445104
10.1745451272015,22.3296322163634,27.9209929146815,38.5665146411026,52.5407918924386,60.6843663613395,8,28,43,51,71,86,2.04129252796204,0.639964202427184,0.131039941981298,1.0429797239766,2.19292572990504,0.95615536591569,0.439820041180616,1.82368372771235
10.0421456396444,22.2527677883552,27.7027858592181,38.4471737554485,52.562169760506,60.6876970317259,8,28,43,51,71,86,1.99905383020875,0.648831149138906,0.119387651359164,1.01223763145034,2.2250193278024,0.982691987493585,0.437034783940678,1.86355072590789
9.76985322591582,22.1089345534056,27.3713366844541,38.3120807038396,52.4916407757555,60.4800319599408,8,28,43,51,71,86,1.91274803919279,0.66954118130562,0.104856180525508,0.966335868398811,2.28901944673207,0.994960782431546,0.416125473466031,1.88597183585924
9.31863513909655,21.8858274055819,27.0190538941252,38.1740809937207,52.174110862054,59.8056349430611,8,28,43,51,71,86,1.77148067179705,0.706995250099139,0.0954722009871748,0.918613411446458,2.35924624567793,0.960990794070796,0.36387271096899,1.82784432924579
8.97097902769183,21.6940917629637,27.3738964317778,38.4477803905094,52.191725834431,59.4694279728095,8,28,43,51,71,86,1.66422387357654,0.733087340259806,0.138638438149013,0.966686661747213,2.33260700147834,0.913330306864755,0.315253215944592,1.70555543166223
9.00946243345822,18.0940335905837,21.3908569001292,31.8132779007221,45.2237171524344,50.2243809042753,8,26,39,47,65,78,1.67602535496925,0.352066330707779,0.0353342018418783,0.505789248809765,2.12083446516387,1.08398338543967,0.158749548881098,1.56222436612513
8.95013809837347,18.1567334559114,21.4802687669337,31.8890674056304,45.5355172128513,50.1428517505421,8,26,39,47,65,78,1.65784027455847,0.367784606295703,0.0364897100464751,0.515196191019673,2.1164477585809,1.13274875285618,0.121165736294963,1.53242548447309
8.81202480358921,21.7334338146105,25.3562058171114,35.5204444881426,51.3135004352358,56.7700872507751,8,27,40,48,67,80,1.61567205739788,0.870862482942355,0.0510698928879049,0.922981870911822,2.03799823795218,1.45872319097058,0.208947390003594,1.91836262845313
8.3661865165343,20.943515196699,24.4260508378301,34.5343006928859,50.6067545656364,56.8162019931425,8,27,40,48,67,80,1.48122698956308,0.808229916237073,0.0438591529133761,0.798361100379724,2.02012077446687,1.5214306430496,0.306598839585338,2.10487848332883
7.89266139714429,20.1295069499022,23.7808987431785,33.9051737221544,50.0357391384459,56.9837934080677,8,27,40,48,67,80,1.34143609594609,0.74810638229821,0.0526246172452251,0.716901016929806,2.02523447215066,1.53458303863125,0.41884590295695,2.26498043468133
7.4435849109037,19.3868042700556,23.4344118130174,33.6433059808575,49.6174422104718,57.1647799994044,8,27,40,48,67,80,1.21199532385196,0.697789136352482,0.077096973841069,0.674882803209341,2.05227921566827,1.4992641133874,0.520741873197259,2.37114558772128
7.08588305807498,14.2082141527109,18.8017403056531,29.1864376691709,43.1378304788255,50.9251081610033,8,26,39,47,65,78,1.11127698751563,0.146905355980382,0.119944746365207,0.272807646348699,2.10869093434403,1.19688393671965,0.564046449265642,2.17779758131944
7.08595470780514,14.2451462836107,18.9019127011039,29.3348932847725,43.2533278192791,51.095222970208,8,26,39,47,65,78,1.11129693773345,0.14989751563339,0.125591805371182,0.28037672520863,2.12423610041635,1.18989208057773,0.574095120224488,2.19170197882572
7.0834456252864,14.3054688974025,19.0239303164615,29.5054188276149,43.3879027278241,51.2914375420412,8,26,39,47,65,78,1.11059836138727,0.155075969350443,0.131236507098059,0.289755470883402,2.13987585973405,1.18228189110795,0.585519383989429,2.20648721475266
7.07380757955979,14.4133379572527,19.187754129118,29.717959974726,43.5569478248925,51.5387677164083,8,26,39,47,65,78,1.10791599851491,0.165024384085358,0.136471450290082,0.302622009671968,2.15560539912649,1.17309752651278,0.600155254129495,2.22317052416608
7.06483320201469,14.5270205735372,19.3612712047318,29.9412595734774,43.7323273975109,51.7928253332382,8,26,39,47,65,78,1.10541984509573,0.175774453531566,0.142190405714855,0.316592327852752,2.17170172321071,1.16300840363376,0.615005659489923,2.23930426217245
7.05658723553749,14.6468945636877,19.5448740125369,30.1758170680181,43.914939699668,52.0538538987122,8,26,39,47,65,78,1.10312757472078,0.187400566678015,0.148418595062701,0.331757485160638,2.18820078460091,1.15210679197776,0.629945661400577,2.2548536531815
7.04913487159951,14.7735491038511,19.7390433635924,30.4222370433284,44.1057979285982,52.3221209299628,8,26,39,47,65,78,1.10105697287367,0.200002607127364,0.155170241985713,0.348222495887065,2.20514420018581,1.14048667891783,0.644828186859122,2.26977087814653
7.04255982210081,14.9077449301086,19.9442576611871,30.6811538810215,44.3059011998756,52.5977636259061,8,26,39,47,65,78,1.09923096345882,0.213704044523814,0.16244174319277,0.366099673999805,2.22258430533802,1.12823236269952,0.659478568558498,2.28398211468713
7.03691296461161,15.0503703907784,20.1609163144035,30.953159334259,44.5162387460549,52.8808545913078,8,26,39,47,65,78,1.09766335539564,0.228655914887098,0.170205805392491,0.385502046845334,2.24058559710442,1.11543431524913,0.673706076754715,2.29741611976112
7.02462385749933,15.3263202481724,20.5529655283294,31.3741151127557,44.8448767535392,53.3175315416774,8,27,40,48,66,79,1.09425381338596,0.209913832976284,0.182756506721438,0.374767921610474,2.24999822134244,1.09637377048877,0.695043791164691,2.30645660323644
7.02909850737302,15.459403402882,22.1516608292621,32.9966427466663,46.4599757056516,55.0798268220363,8,27,41,49,67,81,1.09549496130012,0.222347950463324,0.30408517313431,0.476140566592066,2.25776415347104,1.09484515007664,0.61327095171177,2.21038328743612
7.09108881630557,15.6959920742787,22.4567846238379,33.2565917213562,46.7874256364591,55.4528208023306,8,27,41,49,67,81,1.11272672364382,0.239836738584221,0.313429664100937,0.506879754608738,2.2430479101591,1.10876325115578,0.621641684232691,2.2238262155794
7.15672999372608,17.1496649144428,24.4969697386549,34.6082577059724,48.1363684914896,56.7994494148632,8,28,42,50,68,82,1.13104847370061,0.338363397004444,0.398652827301089,0.671765372716658,2.02109005416119,1.10820053981385,0.621215261235878,2.08786633925454
7.2258332465362,17.4212162356083,24.771962675724,34.8277103102338,48.4250332683716,57.1139958049497,8,28,42,50,68,82,1.15041887107785,0.362774281152649,0.399179896729896,0.704208359895694,2.00338509188922,1.12253447197636,0.625990769444858,2.09553514326839
7.29792358343055,17.7307798547454,25.0785485456265,35.0671121229769,48.7364064236837,57.4437327764997,8,28,42,50,68,82,1.17071521790564,0.392465343415555,0.398723848705274,0.741251982010887,1.98201003772089,1.13750976702551,0.629387856054613,2.10002860330478
7.37212680389366,18.071642880875,25.4070571702581,35.3171700426825,49.0603850747193,58.9149557665662,8,28,42,50,68,83,1.19169949606302,0.42714054044861,0.396834202008214,0.78195390585348,1.95710881348061,1.15296432932145,0.736656203952119,2.19869833317148
7.44700872653555,18.3026300179393,25.5743519861855,35.416425833358,49.2563079575222,59.0736756273027,8,27,41,49,67,82,1.21296991114853,0.524529188185096,0.387155215923278,0.875908531701423,1.93556395063242,1.17328610095621,0.729561418049924,2.19702017480451
7.52050246559732,18.7005308817006,25.9657789815138,35.7122492145617,50.3921810064855,59.344495486317,8,27,42,50,69,83,1.23393657580395,0.573968983171037,0.313601355735738,0.853537998724161,1.90537271705711,1.21801927229108,0.675390175370697,2.17346668415885
7.58979321492895,19.1134004225328,26.3380201587475,35.9663811272514,50.6573890942527,59.5987012829656,8,27,42,50,69,83,1.25378510179723,0.628435998047485,0.308241107723758,0.902849605691862,1.86820890893038,1.22033916711875,0.673297330925517,2.15050598410797
7.61412014216974,19.6125317194368,26.7616216190801,36.3392926116816,50.3555787005834,59.8737809180182,8,28,43,51,70,85,1.26077202385978,0.615232812762976,0.298392905147484,0.884443336444898,1.85230534057747,1.08194990014058,0.673481956312374,2.00169367396725
7.57469990993888,19.5176338993533,27.3605882353965,36.8905721566487,51.3170720434945,60.3058603506142,8,28,45,53,73,88,1.24945495326182,0.606577028679022,0.262648224718476,0.818346498236985,1.83736964508849,1.04241938765831,0.578649054145092,1.85639285099746
7.52649339691573,19.3843530545239,27.2696510825586,36.7133024727349,50.4134857216002,61.2161118625523,8,28,45,53,72,89,1.23564961064166,0.593407470396089,0.267484053671952,0.807074532877923,1.81039427905179,1.01923544052182,0.698144677850396,1.92537127461093
7.44824641612257,19.0942063144636,27.0415753822523,36.4693898087155,50.2183945922049,61.0218973440677,8,28,45,53,72,89,1.21332226674929,0.561158702907252,0.274652834044141,0.779131990635618,1.80545493373809,1.02883036293764,0.698300099125885,1.93151886872136
7.36411541965002,18.7825549661727,26.799146785525,36.2188179916803,50.0108295393653,60.8345381697646,8,28,45,53,72,89,1.18942941766442,0.527426446316263,0.282759248858673,0.749949292472679,1.80291626802982,1.03731032551904,0.701886426332423,1.94153302299424
7.27780257521275,18.4724655475114,26.5650893450498,35.970957074219,49.7733923043203,60.6329047792448,8,28,45,53,72,89,1.1650413137839,0.495170696272424,0.291797969520054,0.72228559667273,1.79861471595873,1.03936954977681,0.708259391073806,1.94743854081483
7.18900378553368,18.1659306453904,26.3439915155862,35.7314300469925,49.51029049511,60.4208239044544,8,28,45,53,72,89,1.1400847377019,0.464680671546659,0.30212217739889,0.696619034588758,1.79287502086758,1.0347144673252,0.717380908682426,1.94908206132553
7.09754668589846,17.8652415426424,26.1383331291219,35.5043479552552,49.2259169917753,58.7097528820735,8,28,45,53,72,88,1.11452583217345,0.436229374722495,0.313812233858669,0.673153979286944,1.78620754674954,1.02343425757934,0.56808456563191,1.78941291716257
7.00338821758749,17.5704051257017,25.939815270276,35.284036634512,48.9159482407296,58.3595660254693,8,28,45,53,72,88,1.08836859265163,0.409736211735019,0.325880850936783,0.650880524943324,1.77943036455022,1.00587460446777,0.561371976604274,1.7625148604457
6.90670948996951,17.2771385081779,25.7190116956207,35.0443414298561,48.5565581940864,57.9521264635494,8,28,45,53,72,88,1.06168001832311,0.384550646962492,0.33510530089043,0.626544723574446,1.77355997076808,0.982610871129626,0.553396291830364,1.72963597004691
6.80789066461031,16.9655302907933,25.406386268516,34.7209572341418,48.0882982237236,57.4218136996386,8,28,45,53,72,88,1.03458125638353,0.358159909217185,0.334974954881754,0.592884411317722,1.77021861646338,0.95472992056393,0.543167537219665,1.69159693070588
6.70754606422876,15.3738886574207,25.811271328286,35.1867863915964,48.3506517732977,57.6525890393212,8,27,45,53,72,88,1.00725510653758,0.246156426252732,0.543970719247244,0.636656768131988,1.78916356117653,0.916092050915524,0.537993241028799,1.66141521990045
6.60648990355874,15.0120272643316,25.3052522153285,34.7431245217733,47.7241643046132,56.9520501946737,8,27,45,53,72,88,0.979934196259839,0.219923727367901,0.52173951383848,0.582196363408437,1.80859153009569,0.881903629902334,0.525942119372551,1.62795275058615
6.50570764998375,14.6581304414363,24.6943313876388,34.2127709441024,47.0211654088868,56.1529465828434,8,27,45,53,72,88,0.952890895696728,0.195961842611742,0.483123302204342,0.519745435695323,1.83375770033902,0.850086916715008,0.510476302251688,1.59584110659094
6.40629969053943,14.3102188286155,24.0646179523794,33.6626576953717,46.3371907514204,55.3249049666552,8,27,45,53,72,88,0.926420194428866,0.173887421348302,0.442322957095711,0.459216706859883,1.85869249613846,0.825735904401941,0.487665486943433,1.56227830763384
6.30941170556907,15.2345532761773,25.2662235519368,35.204370771692,47.376479693701,56.432378486117,8,28,46,54,73,90,0.900819881579412,0.223829126423603,0.482454492275717,0.524127796463002,1.96599999017644,0.736889150822731,0.418140279936985,1.44757610841354
6.21619294060701,14.770804083833,24.7417812924252,34.7338822293278,47.5747849259697,55.5732543649056,8,28,46,54,73,90,0.876379112618359,0.189854605436905,0.473535256896505,0.473730525760832,1.98313432696663,0.856042710722672,0.280625663491417,1.39383572378149
6.25244434154609,14.444993617897,23.8089204649308,34.02631871382,44.6710090656878,51.9468126113344,8,24,41,49,64,80,0.885861350102844,0.370160384260579,0.462968503250284,0.654893733016124,2.05500107770915,0.893348472166433,0.253606191637612,1.44240418207357
6.33888604854136,14.6181734792272,23.7530965242336,34.1191638183207,44.4471873929881,51.7657301933238,8,24,41,49,64,80,0.908586663991562,0.3822641783621,0.429443552102718,0.648409091603329,2.10269878015334,0.829200656538503,0.258563195902166,1.42124030398147
6.40317125514408,14.7051219946501,23.7393674989029,34.2055642594048,43.903751969104,51.3326349201938,8,24,41,49,64,80,0.925590481459245,0.385456261729172,0.41506714443663,0.646819148518824,2.13494315010691,0.70701198009216,0.271581559993781,1.35131729811237
6.47798531037496,15.0896050052897,23.8910513765206,34.4689525131967,43.8477131984834,51.3765744833042,8,25,42,50,65,80,0.945488335434252,0.357195760676685,0.38268843334546,0.602935880595718,2.17102639083846,0.647947066807877,0.349432771870487,1.43397091807172
6.56284868512687,13.3044087986832,20.4108923162295,30.8258197825589,42.0142542705384,49.1313692304639,8,24,41,49,65,80,0.968198542770573,0.195751637002522,0.185769960515934,0.320155738445101,2.11842116052373,0.881290831911036,0.294269731067238,1.54249207009372
6.65693356720361,13.3031655565304,19.9372982815978,30.4687998942297,41.3449211557391,48.4223813935056,8,24,40,48,64,79,0.993546576347717,0.186241906648461,0.185052788452981,0.322542740080097,2.15602407100849,0.819951700884779,0.289194447126856,1.50172648641248
6.75993512350623,13.2765954895099,19.9051971262569,30.5917174993705,41.1493049506743,48.3015830370051,8,24,40,48,64,79,1.02149757569153,0.173717872868335,0.184510536317493,0.319937933908096,2.20622379681241,0.759137032624443,0.298805525958407,1.4864796730436
6.87095141367868,13.2293494908278,19.8807650889732,30.7275501957312,41.0427186538887,48.3165649949417,8,24,40,48,64,79,1.05185290977721,0.15905314273426,0.186752587320077,0.317963308446883,2.25835194034698,0.714079433908512,0.31474135826791,1.49324710633897
6.98891493981935,13.1646079178528,19.8586012938703,30.8675106941055,40.9986088769686,48.4374502398903,8,24,40,48,64,79,1.08436220997291,0.142994791942674,0.190975269643002,0.316177898924871,2.31131641398786,0.680596352000713,0.336993581152451,1.51791248127093
7.04470808440523,13.3419933641679,19.9719744066478,31.04824095409,39.3767690365943,47.8855401940773,8,24,39,47,62,76,1.09982748833527,0.153577565949755,0.234908208258215,0.368551569494433,2.33338840583131,0.468808028806817,0.593044063059483,1.61643589923711
7.10768130676809,13.5361404190063,20.0561214623094,31.1148339131804,39.4750891298514,48.1675539719601,8,24,39,47,62,76,1.11735075885016,0.165458951920956,0.222420096556867,0.376049788424502,2.3276324249212,0.473861104696081,0.626638096706986,1.6523965604065
7.1875873120797,12.7526113781311,18.6281571857708,29.7899016198203,38.3086308895186,47.7052833537007,8,23,37,45,59,73,1.13968775788475,0.128822920393619,0.203228462730141,0.339814431664397,2.3614540413391,0.594846352016187,0.761957755792676,1.95413982648131
7.26953499442372,12.7417479171781,18.4789109332291,29.6155794598176,38.2568443154399,47.8527919577373,8,22,36,44,58,72,1.16271196602443,0.160901614261221,0.188131680550879,0.372121519343593,2.35321425065284,0.617201096125055,0.802042588694357,2.01274743007006
7.29464789559391,12.8633506056792,18.659865743783,29.7541480246545,38.5562824461589,48.2503148432727,8,22,36,44,58,72,1.16979103584073,0.170561457005412,0.194533834326577,0.389096871294543,2.3392984935205,0.647040523365582,0.822046638815722,2.05591587197649
7.31240537583687,12.9682267019773,18.8496559137308,29.903379295016,38.8828387425738,48.6652484948904,8,22,36,44,58,72,1.1748032234296,0.179536399675835,0.203883453551971,0.407333899346796,2.32599699235831,0.680564344512729,0.840223982182806,2.10114430998169
7.32868401609989,13.0724805054811,19.0453852696536,30.0618040765739,39.2317523669101,49.1029180980626,8,22,36,44,58,72,1.17940273336388,0.188841764653786,0.214204213902719,0.426603208443922,2.31377520920851,0.717296888766915,0.858623360373942,2.15014053289848
7.34309138684228,13.1753914156024,19.2479317932227,30.2304503981371,39.6034519595783,49.5659566131871,8,22,36,44,58,72,1.18347728463194,0.198446781300406,0.225736523238148,0.447034075916026,2.30267917536169,0.757251433340274,0.877707127773411,2.20334351868709
7.35529823609827,13.2759162722653,19.4577545294176,30.4099721523362,39.9966594571558,50.0564440126489,8,22,36,44,58,72,1.18693226506973,0.208273488872141,0.238732553579646,0.468721339373518,2.29276964853653,0.80016329483873,0.898196142966451,2.26118118429791
7.36480286764217,13.3727510395952,19.6755737029948,30.6012468816423,40.409225862831,50.5772195720563,8,22,36,44,58,72,1.1896241680399,0.218225872624708,0.253534686123906,0.49179338037715,2.28409521654535,0.845509824342899,0.921183033470412,2.3242025969098
7.37083315000494,13.4642188647903,19.9023339079027,30.8052801640945,40.8374047108201,51.1320344597137,8,22,36,44,58,72,1.19133285734541,0.228187361296051,0.270598851171659,0.516411785310782,2.27667320487467,0.892353334612051,0.948342407810419,2.39312452263838
7.3721139228464,13.5479890702412,20.1387557809696,31.0226151342933,41.2741936741886,51.725249673093,8,22,36,44,58,72,1.19169584526368,0.238014257918046,0.290490943647091,0.542724353387798,2.27044342969647,0.939078357292814,0.982268094502199,2.46887229488709
7.36637360121206,13.6206377685225,20.3839250000755,31.2515926796203,41.7059782614881,52.3599136001685,8,22,36,44,58,72,1.19006917851822,0.247541442927167,0.313772288051535,0.570699497259179,2.26516114300493,0.98299468574495,1.0268757709434,2.55248233242827
7.34942415081685,13.6772229975739,20.6315916224664,31.4838234064324,42.1063512123559,53.0311324713144,8,22,36,44,58,72,1.18526937074076,0.256644458521094,0.340528608592942,0.59966462310747,2.26012757232389,1.01992591723758,1.08746573484256,2.64447054176836
7.31304199303228,13.7112472130743,20.8610563972004,31.6936860740386,42.4273554346967,53.7065162849187,8,22,36,44,58,72,1.17498301382632,0.26550940010039,0.368925551600866,0.627126752521536,2.25373846017487,1.04459107014282,1.1684691749141,2.74249175942259
7.24088487236841,13.7175994489139,21.019329474776,31.8195785031434,42.5970193849815,54.280712282102,8,22,36,44,58,72,1.15464908226702,0.275565258171344,0.391702214737668,0.646416136700372,2.24319178646795,1.05435969438212,1.26321997519949,2.83498181569431
7.10564984792822,13.8683896125907,21.2300315962143,31.9498117261552,42.8054448689467,54.7414841793322,8,23,37,45,59,73,1.11678436225917,0.250434829230966,0.400850525891596,0.606563042931651,2.21702295581697,1.07188608040923,1.32350392274165,2.89107483257529
6.90652119084438,13.884065588366,20.9437890659851,31.5966704858341,42.5930501440919,54.3765388924458,8,23,37,45,59,73,1.06162820680096,0.276595226031053,0.355708576136558,0.573375489032176,2.19531174462566,1.10367625666436,1.28695472571104,2.87338224190607
6.81304074473416,13.9405726503211,20.4786266967828,31.0679592201539,42.3998894731868,52.4648874342934,8,23,37,45,59,72,1.03598897173264,0.295609983412327,0.283546120447763,0.521423037694088,2.17472555602513,1.1806934409878,1.03613710833772,2.70096260450463
6.80488609004338,13.7372809020062,20.0444017494618,30.5406694188332,41.6953026321507,51.7989037922077,8,22,35,43,56,68,1.03376022448643,0.337400557488985,0.320544474650134,0.594037001935818,2.14464530979805,1.29455287067597,1.19882608912476,2.95781364545434
6.77687037593787,13.5821209582775,19.9656355276823,30.3719602080751,41.4703612085397,52.3455049068546,8,22,35,43,56,69,1.02611295971635,0.319561637508315,0.331647755871696,0.584671278367251,2.11565127775399,1.28078072657101,1.22655196842165,2.94363085530909
6.64463667711378,13.1636784044092,19.4743765127314,29.4432891321012,40.9252021806167,51.8965013431244,8,22,35,43,56,69,0.990223560053447,0.281060835664921,0.321060584322118,0.527912379546425,1.97576664609262,1.37558953647821,1.24981895510942,2.95337874681344
6.5199368871674,12.4488746009026,18.5679690954442,28.0849821240598,40.1287287147603,51.0137936933876,8,22,35,43,56,68,0.956696579848072,0.209211557549864,0.293951824699847,0.430831769889789,1.83331147777636,1.51805986893957,1.39600810979935,3.12035707597949
6.41169262907925,11.8832393365053,17.7960500645315,27.0009168008086,39.6433446681426,50.8188001735159,8,21,34,42,55,67,0.927850972900586,0.210711988461193,0.266006946161241,0.405299767564161,1.73622420877971,1.6742397957746,1.47146839044885,3.2580561677743
6.32956467565595,11.7513389976469,17.5705383822974,26.7173399429237,39.3011435402577,48.819481253052,8,21,33,40,53,64,0.906128382481478,0.204869544202895,0.323178795706013,0.43532978356242,1.97007816375036,1.65875691324021,1.21868745285834,3.16855771400524
6.2123726922382,11.6019184553803,16.8760288444558,26.0750172266766,38.9337506983943,48.4633026040858,7,21,32,39,52,63,1.05834959994553,0.152861607083507,0.317088416360484,0.417063429980467,1.98725568782202,1.73171014213581,1.22155357736659,3.25104950969569
6.10991317950844,11.4217406811381,16.5959461537339,25.7392882477425,38.5565568397738,48.0732749867342,7,21,32,39,52,63,1.02892097400272,0.14550268896053,0.301598155288225,0.388383512266752,1.96894043142014,1.72065189214011,1.21827368612222,3.22417261502965
6.0098371817382,11.2332318901518,16.6017464578838,25.7459400323382,38.6693748682031,48.1746374036322,7,21,33,40,53,64,1.00037487144712,0.137365900448356,0.258391761841827,0.339758938785152,1.96922045092546,1.74900409770624,1.21534817547086,3.24752970278256
5.91239816758634,11.104207793872,16.0900840196103,25.1214278467091,37.8685856709901,47.3908952610385,7,22,33,40,53,64,0.972773748026654,0.09966522515308,0.273329973863954,0.294354340154199,1.93217260003758,1.70199857987013,1.219702361422,3.18116261461036
6.43189461409739,14.7079716091872,20.7373138893859,30.1149108552884,43.0792904626929,52.7538943956683,8,25,37,45,59,70,0.933216086634238,0.314182984303707,0.355582888404468,0.550010430566445,1.78981148582901,1.57787198568319,1.25880120361965,3.01911205650011
6.31682648230791,14.4296883180571,20.4537338686191,29.7825747641008,43.0880366211557,54.3882965011288,8,25,37,45,60,72,0.902771999616433,0.294227564923117,0.354749566610547,0.518712652625684,1.7746507210286,1.49388719550503,1.50424313517576,3.14476383760493
6.20453403243098,14.1258020315905,20.1799526424859,29.4495666041769,42.6262977109482,54.0738354471237,8,25,37,45,60,72,0.873335619301152,0.271626774290896,0.359497181231911,0.489375371045802,1.7562707422699,1.46258929480424,1.54317803551718,3.13527805731001
6.09724010424553,13.8125820344742,19.923819667316,29.1271198187322,42.1547696425318,53.7662180526552,8,25,37,45,60,72,0.845468576056465,0.248343729447948,0.368574586539448,0.462719050562059,1.7357397821945,1.42660119772014,1.58683224084862,3.12328583154947
5.99576746447379,13.4982866257092,19.6955032925797,28.8268629054436,41.6920081312819,53.4875941385583,8,25,37,45,60,72,0.819352443710893,0.225396383784952,0.382428955376569,0.439607104556201,1.71352517099646,1.38769326281278,1.63626895471972,3.11158178309849
5.90067868686224,13.1885299223918,21.8601466063263,30.9657692787134,43.5515486545978,55.6894425778176,8,25,39,47,62,74,0.795095425603707,0.20341612026002,0.622788634104704,0.556145397385106,1.70559273793372,1.32160612916389,1.72924768258959,3.12023621639182
5.81238471891603,12.8887243503254,21.7001592994176,30.7099269918122,43.1047645135476,55.4701288920574,8,25,40,48,63,75,0.772763356976354,0.182919825294123,0.548196719491064,0.483441585013274,1.67611903914645,1.27703434170306,1.7917820635759,3.1064396783319
5.73124787033114,12.6027110222338,21.5518066122392,30.4742770626948,42.6912156363274,55.2820813428617,8,25,40,48,63,75,0.752407785854096,0.164177387803951,0.571774801860432,0.468566689737568,1.6493739032007,1.23595571944085,1.85434382249546,3.09721933141406
5.65758530635287,12.3344091868939,21.4458660502348,30.2791914573881,42.3253416620072,55.1402170261246,8,25,40,48,63,75,0.734068076105873,0.147392848187862,0.600105286632821,0.45809242565212,1.62215992425207,1.19693534106197,1.91703566065127,3.08888243449873
5.59160069916433,12.0857047766928,21.3824103641864,30.1248987693936,42.0100754391465,55.0413025849415,8,25,40,48,63,75,0.717755769470339,0.132547202628021,0.633104554658716,0.451877886077666,1.59453223660378,1.16053880999285,1.97808406849527,3.08066044781862
5.53346901245025,11.8589645334988,21.3557748682508,30.0063615703467,41.7433419272111,54.9777285605343,8,25,40,48,63,75,0.703477028511236,0.119633288972112,0.669539331821721,0.449282594040551,1.56668816067331,1.12736517658492,2.03584463363228,3.07210274552561
5.50721355388463,11.8841067893292,21.7062160067847,30.3241464923539,41.6809036674325,55.0025127814928,8,25,40,48,64,76,0.69705664531887,0.123489970543646,0.730464184943003,0.484054000787241,1.55682046759731,0.915030004628819,2.06076935199559,2.84279167761021
5.48359382128698,12.0847281057755,21.8148364925929,30.4515093540912,41.1011425104074,54.3062278980896,8,25,39,47,63,75,0.691296178890841,0.141135952107114,0.82944928625886,0.551178032268764,1.56248212803788,0.776525225660625,2.0274884101803,2.66456328816397
5.47590481639601,12.8779288753934,22.5071730549088,31.1931026580822,41.1853824649799,54.0667684257633,8,25,39,47,63,75,0.689424116560832,0.214959696419029,0.80881311806831,0.629503979658667,1.57738332879886,0.655771096798703,1.93575147760158,2.4631334130684
5.45697285903068,16.2604408773337,22.8139252392429,31.4635901195962,40.9987168964896,53.0521462993214,8,25,38,46,62,73,0.684821347297769,0.698293940672928,0.356958633870221,0.733672717931128,1.5664094239634,0.576693673772093,1.91044324662063,2.32227286838042
5.41757103619329,15.9079878362815,23.9013554231214,32.6648497222409,41.6691818479766,53.0797851356287,8,25,38,46,62,73,0.675272383483584,0.643689577818675,0.602326056765915,0.8781500320808,1.6009117729969,0.49027361937938,1.72746957926634,2.10246164549163
5.35402485836532,16.1064411148328,22.4100386628303,31.9132347835626,41.5237555299618,51.7929175721236,8,25,37,45,61,72,0.659959722305544,0.689265921765654,0.399870845923265,0.752905158782395,1.82899067294344,0.589446318441392,1.41474200862738,2.14426387444104
5.29866141372444,13.994269100249,19.8892205458872,28.4975408920359,36.9578314467925,45.7780267131421,8,23,36,43,57,68,0.646708253716173,0.52867846474362,0.263649241689593,0.514971559959047,1.79448706030572,0.584300928597085,1.04427037987201,1.8263572722801
6.85813018183564,14.9362293343954,20.4161157669961,29.5992502874655,38.9655839172558,47.6618188115573,8,22,34,42,56,66,1.0483352103917,0.517228148674403,0.273787012333526,0.709240726136905,1.72950664818708,0.755926536729575,1.17967814672618,2.10482602309187
6.85611803153586,14.7214605561569,19.5586727024671,28.7660696772231,37.9592206063192,46.499293711713,8,21,30,38,51,60,1.04778342823113,0.578430435895656,0.423106626088965,0.909666125040407,1.73700668159804,0.843466201215819,1.32352964944921,2.32426581402312
6.84676699154774,14.6960077955849,19.5280354587845,28.6556496904229,37.8627772986864,46.8419981156391,8,21,30,38,51,60,1.0452201431633,0.575451920357566,0.422094893878103,0.904909176580981,1.71237030890194,0.846446254717123,1.44783372942659,2.40779601893648
6.8476961479757,14.6308603840441,19.4924941655278,28.5022152954066,37.7570549608803,47.1813524417377,8,21,30,38,51,60,1.0454747672649,0.563292483265346,0.427884614034357,0.899404295442853,1.67610474900511,0.856647010683409,1.5765660119496,2.49264372980357
6.86636189271912,14.5492192990627,19.4473832231425,28.2836980469901,37.6217554120278,47.4874787940809,8,21,30,38,51,60,1.05059334869756,0.545030960353395,0.435068945523251,0.892438139282657,1.62307091597364,0.874540881465573,1.70676934321683,2.57299909620192
6.87264751117795,14.5307241927654,19.4624235780807,28.2194284957911,37.1741188879789,46.5594274681463,8,22,31,39,51,60,1.05231849202441,0.447465540665911,0.441703450890492,0.809324037934796,1.5989403322975,0.926392109709139,1.56518389009085,2.51242702743735
6.8689809041835,14.5197399694538,19.6301159023387,28.4182122742274,37.6291907005739,48.0650986173889,8,22,32,40,53,63,1.05131206894605,0.446288206634039,0.375362943980823,0.753228921660864,1.60839062397788,0.847267960551641,1.65747175175459,2.50873044071318
6.86056045805477,14.493639846106,19.5771202271085,28.4153298722926,37.8592030403291,48.0049374220165,8,22,32,40,53,63,1.04900175519175,0.443449208757803,0.370621523485911,0.745877449986193,1.62364840000895,0.89747905938093,1.57490066068628,2.5071138761579
6.84872940762157,14.4547514172542,19.5022018638983,28.3912711297037,38.0524915679924,47.9303525376065,8,22,32,40,53,63,1.04575793880058,0.439119420766462,0.364308046255214,0.73554122448527,1.63916567118632,0.945231428468937,1.49963082423461,2.50718910248113
6.83376820897334,14.4008664797199,19.4019552875007,28.3423030241641,38.1938915725287,47.8256424937976,8,22,32,40,53,63,1.04165970033244,0.432922864620214,0.356249089678175,0.721814211404351,1.65484331962186,0.987742371408087,1.431321147377,2.5061822924517
6.81591850106709,14.3271321336776,19.269550052295,28.2615232551019,38.2723182371361,47.6779778066434,8,22,32,40,53,63,1.03677579398595,0.424092807008159,0.346156231278058,0.703866540506159,1.67065979329827,1.02377284758172,1.36931075548922,2.50274126796898
6.79545038668103,14.2282986325769,19.0977504681505,28.1420714112156,38.280552460111,47.4735791890798,8,22,32,40,53,63,1.03118294145308,0.411844032067421,0.33377120174793,0.680891613177402,1.68673076679347,1.05297727675953,1.31166641108456,2.49539534260021
6.77276858615444,14.0586274180584,18.7545504324464,27.8479320958187,38.084025383595,47.0789291886367,8,21,31,39,52,62,1.02499458676625,0.475154184794414,0.305076477178382,0.7092197384757,1.70182268830681,1.07548430189744,1.25856619202177,2.48381594266194
6.74848312316564,13.8984945143706,18.4906432486281,27.6397132880664,37.9445553219645,46.712959733457,8,21,31,39,52,62,1.01837968814755,0.452152248466783,0.288439856106552,0.673450168934058,1.71898831523959,1.0914289387981,1.19860939505485,2.46089813901709
6.72342596515504,13.7086243531126,19.7973114163374,28.9748926074919,39.3200945379276,47.9107755398503,8,21,32,40,53,63,1.01156657114854,0.424890598089684,0.455362289560442,0.776637163259995,1.72779097200247,1.10082484303206,1.15214366631148,2.43653293209822
6.69867227898045,13.5036771527434,19.4656009418463,28.704719639369,39.0399999543196,47.3114956212689,8,21,32,40,53,63,1.00484798036093,0.395913771756196,0.432509548611829,0.730515588619961,1.74682294281098,1.0985126463156,1.07002908603911,2.37698329079129
6.67545412001993,13.3105411905668,19.1653997628788,28.4765159920801,38.7497160728876,46.6448051114458,8,21,32,40,53,63,0.998557069724649,0.369403333390382,0.41357739693324,0.689896078182436,1.76914596015207,1.0840808721718,0.975520911333116,2.29622003913745
6.6571008177745,13.1568889681087,18.9342092561436,28.2679084843268,38.4800766958378,45.9716475029211,8,21,32,40,53,63,0.993591793484393,0.348872849348542,0.400081826005169,0.659352080993896,1.77616020643807,1.06995338206201,0.877202089969194,2.20008375010227
6.64272661098911,13.0662704123768,18.8125103741805,28.1770551999422,38.2506501834218,45.3570289584068,8,21,32,40,53,63,0.989707667534826,0.337533691032693,0.394723768427582,0.643534758131872,1.78575024556847,1.03810267576361,0.786465228601766,2.09453303279729
6.63411884752799,13.9886018263165,19.849044096995,29.1052296345262,39.4659794312457,47.3607523457812,8,21,33,41,54,65,0.987383683141059,0.486952918918161,0.329431172220265,0.707360209855452,1.75210912244509,1.10445137538165,0.826448098047964,2.16103576925775
6.62702385780009,13.9692987351789,19.7415792583484,28.9895766434901,39.2904711242442,47.3109925185051,8,21,33,41,54,65,0.985469235650095,0.484845239278909,0.316130537153925,0.693109964044368,1.74957255045474,1.09051133771213,0.855071004295101,2.17329715878162
6.62053645260694,13.9442725261018,19.6164098525112,28.8571838820688,39.1085353484233,47.1719235387233,8,21,33,41,54,65,0.983719610758405,0.481651782170144,0.301319064543684,0.676683137743695,1.74733550673173,1.079016485128,0.864901614513076,2.17034152905104
6.61469955947339,13.9175149444006,19.4857642670723,28.721514336518,38.9282332079923,47.0186048456825,8,21,33,41,54,65,0.982146143593635,0.478058471154086,0.28629244311485,0.6597353077928,1.74577996545176,1.06869492253812,0.871108589548221,2.16552326533643
6.60954226269921,13.8897244434625,19.3541138931594,28.5873918171291,38.7547801947027,46.8679365963802,8,21,33,41,54,65,0.980756443337558,0.474183532654651,0.271620213670626,0.642862774458994,1.7450146366882,1.05962637905259,0.876361042919746,2.16148463317208
6.60507341863913,13.860999507625,19.2226130543319,28.4560406535605,38.5900935128687,46.7263880996307,8,21,33,41,54,65,0.979552685692033,0.470045232546257,0.257451400840238,0.626216904951754,1.74506097124504,1.05195994163174,0.881705508993444,2.15935196831285
6.60128341593779,13.8314775116527,19.092839713781,28.3290193983822,38.4361787679425,46.5977009408134,8,21,33,41,54,65,0.978532098582767,0.465671575287085,0.243971497513255,0.609994403059639,1.74591297332843,1.04578835228937,0.887544638230134,2.159582480592
6.59817521136256,13.8017159194094,18.9664491729329,28.2081242462555,38.2949354522794,46.4843440976734,8,21,33,41,54,65,0.977695323600106,0.461159229285463,0.231301939151834,0.594391525344162,1.74761452311276,1.04112673979285,0.894013753268106,2.16234918976847
6.59570092216789,13.7900992422965,18.8675731692772,28.1194268677143,38.1944379530807,46.4153250288655,8,21,33,41,54,65,0.977029346558266,0.459615661363697,0.220137237211356,0.582321473966305,1.7507670837352,1.03842656186402,0.90133441648907,2.16869164582693
6.59709996155851,13.2113297511125,18.0654005805859,27.2087312524768,35.8045162310062,44.1516332388449,8,20,32,40,52,63,0.977405895423203,0.452648308306388,0.192770825328971,0.550456691149814,1.71721748173028,0.846087367610446,0.930883276831637,1.99802296375772
6.59975710220834,13.1885035947738,17.9920669897,27.0804912353851,35.7333394770393,44.1329316706385,8,20,32,40,52,63,0.978121167987395,0.448217241674973,0.186830354081401,0.541699687527631,1.70029638745315,0.858690254249363,0.943256711693636,2.00944417112864
6.60319852244256,13.1655860269382,17.9177062534055,26.9516914798944,35.6627799007786,44.1122178387647,8,20,32,40,52,63,0.979047770176877,0.443652695452515,0.180874583580175,0.532890298154133,1.6835550242191,0.871618243980649,0.955058242565169,2.02068164203777
6.60739328930642,13.1425441676105,17.8416657511728,26.8220851208211,35.5922972264993,44.0882221129221,8,20,32,40,52,63,0.98017753165369,0.438956328158403,0.174839359560486,0.523955350933751,1.66711721322128,0.884809055001867,0.966106416628185,2.03160447500611
6.61149824173813,13.1183547648281,18.0189611653193,26.9496483744864,35.7330180717087,44.2653252322517,8,20,33,41,53,64,0.981283444584426,0.434099375729388,0.148678349649447,0.483730893134712,1.65188726651533,0.887753661529899,0.974781070982716,2.03156407945656
6.61549780135692,13.093084925076,17.9146106285218,26.8073849380581,35.631482845714,44.2037910633045,8,20,33,41,53,64,0.982361287680098,0.429098534696664,0.140963712737308,0.4722363404425,1.64029734164861,0.896889260252963,0.984346704356264,2.04056547904882
6.62006184540403,13.0678020495636,17.8282362890083,26.6869076659703,35.5484914212021,46.3975245669837,8,20,33,41,53,65,0.983591644206946,0.424023736857156,0.135153077277396,0.462827690027673,1.62988738505637,0.905325250443628,1.3867246030551,2.38948781236205
6.6251543975471,13.0425807731525,17.747461583769,26.5749936078819,35.4717447442831,46.2974412843666,8,20,33,41,53,65,0.984964964337668,0.418895225843046,0.129982493465093,0.454116012910183,1.62039477472978,0.913263450797792,1.38072153143692,2.38524747504215
6.63068256549107,13.0167373645705,17.6694590109697,26.4678855643808,35.3996597618233,46.1457595183207,8,20,33,41,53,65,0.986456342945043,0.413615147716394,0.125226408263366,0.445783400740772,1.61153321436901,0.921192001210649,1.36030300290399,2.36909013429617
6.63658266298545,12.4128933420627,17.4326758308585,26.2168953851863,35.0515887068878,44.723034984358,8,19,31,39,50,61,0.988048730945449,0.399907310327428,0.212901338782043,0.538849277686906,1.60721158922579,1.04780891513544,1.25798692070138,2.40248627529011
6.6515615053773,12.4197299030226,17.4297164433657,26.3593922999099,35.8995629987729,45.9037613561708,8,19,31,39,50,61,0.992094503535112,0.398501018997007,0.211684284663724,0.538492995843311,1.65157786635771,1.22426933484337,1.34461514784094,2.67340199103283
6.63785700151637,12.4208123597802,17.3738894790163,26.3220190661671,35.8893875357009,45.8964596561969,8,19,31,39,50,61,0.988392755366352,0.401056447051736,0.204680770513455,0.531793529691621,1.65722534737432,1.23123315507268,1.34537037931781,2.68470527907814
6.62409507465151,12.4225960104968,17.313458742809,26.2820682398074,35.8719059433154,45.8775887762788,8,19,31,39,50,61,0.984679251731334,0.403750180823197,0.197155836025568,0.52458784891709,1.66349781522002,1.23699490106917,1.34500525652525,2.69439809632628
6.61028702994565,12.425051154494,17.2517263476362,26.2429451501829,35.8501185365819,45.8519106982175,8,19,31,39,50,61,0.980957097649289,0.406576142847543,0.189537261196594,0.517276763254736,1.67042843300192,1.24144558144098,1.34398288574373,2.70281584633348
6.59644564173065,12.4281401779771,17.19189255806,26.2076983161692,35.8268101147294,45.8225001320198,8,19,31,39,50,61,0.977229781564121,0.409526579717621,0.182212884752684,0.510238715302393,1.67797235856488,1.2445132800731,1.34237983533151,2.70992534682634
6.58258983619188,12.4318235131491,17.135941441678,26.1782493919914,35.8036306178718,45.7917014397305,8,19,31,39,50,61,0.973502432147734,0.412592251902331,0.175403941521519,0.503700412668636,1.68611215519253,1.24612515055127,1.34037900639237,2.71580759230974
6.56873917175978,12.436072375471,17.0859177828646,26.1564417524365,35.782349774915,45.7613963026601,8,19,31,39,50,61,0.969780327008598,0.415765607999821,0.169320201305627,0.497890093107416,1.69478766522135,1.24626061746953,1.33801027938167,2.72042186280491
6.55491082694045,12.4408380315114,17.0426483583716,26.1429299297756,35.7635904144172,45.7325337505184,8,19,31,39,50,61,0.966068083420393,0.419035920248453,0.164026025568868,0.492891244861119,1.70394753740134,1.2449113913653,1.3353597590694,2.72379473510028
6.54111559348405,12.4460620794448,17.0065982209232,26.1379870638126,35.7477225189602,46.8954366779584,8,19,31,39,50,62,0.962368587574673,0.422391752120004,0.159545144008858,0.488745565023455,1.71353418452666,1.24210374698757,1.46421094931548,2.84358704886472
6.52736368530232,12.6610588321211,16.9821420498747,26.1440228391587,35.7452911156316,46.6663402958465,8,20,32,40,51,63,0.958684558817004,0.372172201372547,0.134805972765566,0.428205418097039,1.72294237239095,1.2399290121325,1.40529711176204,2.79564796877948
6.5136902708125,12.6542102765943,16.9563096922783,26.1531239841251,35.7267497990245,46.4263236165985,8,20,32,40,51,63,0.955025379649874,0.373268486738757,0.132937255579233,0.425479083755029,1.73373450147602,1.23283693130809,1.34840895446778,2.74575010487639
6.50009858429063,12.6465424951264,16.9447158038314,26.1788439896664,35.7180214123133,46.2291430525939,8,20,32,40,51,63,0.951391860652135,0.374221169826133,0.132552490516543,0.424258378653945,1.74527785338445,1.22401522998288,1.30054663352764,2.70274637040386
6.48660165547238,12.6377447187145,16.9579812200941,26.2325846837401,35.7304456599938,46.0875042765874,8,20,32,40,51,63,0.947787423403984,0.374977627014562,0.134722332225584,0.42565522535625,1.75781757828252,1.21345907130355,1.26180011026137,2.66701891135685
6.473223162087,13.2544159960406,17.7795900939009,27.1346098151396,36.571491944547,47.2310851054888,8,21,33,41,52,64,0.944218314313775,0.392150550965388,0.155756427603479,0.457571031178945,1.78278768606262,1.19792813873251,1.338212526298,2.74144923210529
6.45997109709312,13.2088209221803,17.7886382627161,27.1801951342813,36.5725449013666,47.1379576923989,8,21,33,41,52,64,0.94068657599656,0.387064069189199,0.161630524990666,0.458546455133519,1.79415732624496,1.18662313799047,1.31428312917602,2.71775841051689
6.4468570679867,13.1672045345994,17.8027411980798,27.2307289555501,36.5757858466982,47.0507852975372,8,21,33,41,52,64,0.937195204485815,0.382605529063824,0.167734269351024,0.460068908083272,1.80550897816429,1.17465194454631,1.29143081061619,2.69434119735857
6.43389507284641,13.1308004535591,17.82318097932,27.2874296914087,36.5834618158371,46.9701971770114,8,21,33,41,52,64,0.933747819158878,0.378955428533697,0.174079074167207,0.462279997004881,1.81682253486069,1.162280266348,1.269236621931,2.67104592893091
6.42109822877659,13.0988427637176,17.8480025994779,27.3478013439296,36.593843854295,46.8929145852859,8,21,33,41,52,64,0.930347791017687,0.375983300849719,0.180534770104335,0.464972336689419,1.82792857497269,1.1497051615757,1.24730704154821,2.64756856660681
6.40848076853838,13.0706697900695,17.877978681614,27.4130833145791,36.6088604511999,46.8212973292325,8,21,33,41,52,64,0.926998773915543,0.373577945254555,0.187267726199897,0.46823434563681,1.83897226087582,1.13710181135962,1.2257482889171,2.62427500487545
6.39604770478301,13.0456081274574,17.9116480199738,27.4809206338921,36.6269428598368,46.7566757309026,8,21,33,41,52,64,0.923701964157052,0.371630155669991,0.194192023895162,0.471912038193774,1.84967313347313,1.12466740346496,1.20527362782352,2.60180197617452
6.38382204892643,13.023365051701,17.9479078666655,27.5501801739942,38.0435359038618,46.3373686957556,8,21,33,41,53,64,0.920463319760529,0.370088282396594,0.201212392484526,0.475888976218944,1.86002029742942,1.29606084533295,0.918372716028259,2.49846636501071
6.3717984375633,13.0030538301854,17.9895409583162,27.623521297123,37.8153542955022,46.3761732760429,8,21,33,41,53,64,0.9172812709171,0.368814788169225,0.208778482016303,0.480476040277353,1.86997366595481,1.22063772751835,0.981596224548726,2.49782906002352
6.359979870629,12.9847228934148,18.0336806360044,27.6977328478968,37.6196549175531,46.4109397426351,8,21,33,41,53,64,0.914156465236552,0.367815435367029,0.216546054289866,0.48536351058841,1.87942352662466,1.15429332772005,1.03722523206538,2.49571751971138
6.34804086050168,12.9726489798079,18.063284538991,27.753510373463,38.6122737608197,47.1732527235635,8,21,33,41,54,65,0.911002820885686,0.367794746417858,0.221804318941674,0.488655424121921,1.88765634810167,1.22260195638122,0.981634507073612,2.50924182117296
6.33624990777066,12.9603525537627,18.0958525899637,27.8109635208741,38.6331996858204,46.2287848494388,8,21,33,41,54,64,0.90789125918188,0.367717231013801,0.22753220629338,0.492289866758746,1.89549070303539,1.21380797137384,0.902236075413836,2.44088474410939
6.32460474977803,12.9479034336216,18.1347865486975,27.8732239302203,38.66036761572,46.2632928438416,8,21,33,41,54,64,0.904821080633751,0.367593956517155,0.234177863604515,0.496652452002005,1.90284038649271,1.20537811958063,0.904010942444433,2.43989516024447
6.3131179070957,12.935548355495,18.1796470449606,27.940271541442,38.6929387847765,46.3059276049918,8,21,33,41,54,64,0.901795480833513,0.367460847174978,0.241684569334725,0.501703020637601,1.90983647499834,1.1971142030074,0.906446132139642,2.43939756704585
6.3017898478323,12.9271479199264,18.2329384998449,28.0141116778795,38.7336829926059,46.3594413663799,8,21,33,41,54,64,0.898814473818473,0.367909766504865,0.249903526245983,0.507735981522053,1.91632059517506,1.18919801255501,0.909539033552758,2.43944726516476
6.290623658311,12.9433824663729,18.2966832228655,28.0971760851019,38.7838757367088,46.422640012365,8,21,33,41,54,64,0.895878762230051,0.372123040920704,0.25632078491802,0.514999566317932,1.92242098402816,1.1813518520643,0.912692533335887,2.43932518655744
6.27963226720157,13.1184185120352,18.3730672726516,28.1895953676842,38.8441949588279,46.4783494710402,8,21,33,41,54,64,0.892991630956706,0.40127915104565,0.243080950844033,0.523770958375022,1.92748726525683,1.17370570176101,0.911574432058078,2.43470475087286
6.26982663272901,13.7595116452109,18.1678075949059,28.0337818259852,38.6861283893884,45.9783220290798,8,21,32,40,52,61,0.890418167502906,0.51054436789352,0.194623374190171,0.562800121004862,1.94312661808719,1.33636681918307,0.987149395668666,2.67876049527159
6.26953763737985,13.850868821043,18.3170622882799,28.192538958109,38.9015003742888,46.1559705416095,8,21,32,40,52,61,0.890342352982916,0.526792675456036,0.201948136956763,0.58102828154574,1.94613507976269,1.35080638211892,0.977414555139488,2.68544917134872
6.26925353463165,13.9393361123177,17.986016468454,27.8648114641017,38.5288079256294,45.6581157326289,8,21,31,39,51,60,0.890267823742105,0.542722427356294,0.207805913315984,0.607467434884438,1.94718587970714,1.33933440983818,0.945315788057446,2.64622958972359
6.26898266207883,14.0262930551256,18.0747671222649,27.9589172479786,38.671621778555,45.7580906658027,8,21,31,39,51,60,0.890196766832741,0.558562792434127,0.208051494079844,0.618839404094975,1.94888190739764,1.35176265366646,0.934401201401931,2.64886289637668
6.26845436615436,14.2235822550565,18.2472701112106,28.1366665873766,38.8551551804405,45.9606947367488,8,21,31,39,51,60,0.890058185656088,0.595149205467103,0.204669819369033,0.641228272423978,1.95054377262189,1.35324072359159,0.939255498593432,2.65592893068895
6.26816094266853,14.522638017845,18.5061095502571,28.4027995610337,39.0895280457082,46.2726963474131,8,21,31,39,51,60,0.889981218202012,0.652212304597068,0.199237562018399,0.675522770940699,1.95285459119184,1.34513049492905,0.959090659666467,2.66842288671377
6.26847213853323,14.8054104260371,18.7593802480993,28.6675804280454,39.3175984742853,46.5861038824278,8,21,31,39,51,60,0.890062847560804,0.707857304013031,0.195295802704479,0.709882322766145,1.95650249343666,1.33577390443941,0.981033224001766,2.68257822271584
6.2703222786662,14.9383862532306,18.8796229821567,28.8024498015125,39.4217853766013,46.7321960360946,8,21,31,39,51,60,0.890548198577197,0.734261928171604,0.193605873620647,0.726469489626463,1.96114007363732,1.32796836818666,0.991860332133731,2.68867002849244
6.2731802981426,14.9496721212446,18.8860989433573,28.8226389150158,39.4203243578035,46.7236613166915,8,21,31,39,51,60,0.891298094294052,0.735971187740436,0.192969292148428,0.727367812208192,1.9654900274705,1.3224687095942,0.99003030484446,2.6851320067565
6.27601711007805,14.9605599284313,18.8911239492576,28.8413564702856,39.4136225295803,46.7094470633832,8,21,31,39,51,60,0.89204260029411,0.737605377917633,0.192194689002832,0.728065213238403,1.9698353795498,1.31602013066715,0.988087835374764,2.68059944809781
6.27882867001809,14.9706927899975,18.8944550988691,28.8583759634557,39.4012227015115,46.6891792515448,8,21,31,39,51,60,0.892780650740617,0.739092607714835,0.191297863853533,0.728527699005029,1.97418132372221,1.30856840504083,0.98605460198448,2.67504307884044
6.28161400451476,14.9802431502555,18.896285934924,28.8738288610587,39.3834841759715,46.6633061372665,8,21,31,39,51,60,0.893511985291529,0.740467812058633,0.190282404854504,0.728781943397816,1.97850813191908,1.30017622160232,0.983953735715306,2.66852481968256
6.28436229491916,14.9896710013789,18.8972568614832,28.8884149961011,39.3616285140561,46.6329753005285,8,21,31,39,51,60,0.89423375752259,0.741826560740301,0.189172856441649,0.728916790406815,1.98283466089363,1.29098060368694,0.981766276450809,2.66116608275344
6.28708150267747,14.9986042094302,18.8970806604253,28.9017030587059,39.335363582129,46.597968777726,8,21,31,39,51,60,0.894948052318419,0.743091423652053,0.187981112617731,0.728892317898623,1.98711508514832,1.28102182540518,0.979511519724135,2.65298534515913
6.28951774077381,15.0047978128432,18.8945527610255,28.9116295101099,39.3059734958876,46.5604292563,8,21,31,39,51,60,0.895588150698193,0.743856619456838,0.186843436539383,0.728541260121303,1.99107609214004,1.27114531702134,0.977410842619902,2.64477003404875
6.28908056360786,14.9768427799824,18.8686312154337,28.8885540044574,39.2903337808007,46.5440006048669,8,21,31,39,51,60,0.895473277136835,0.738259222712391,0.187108404116636,0.724945913240951,1.99198147388591,1.27301148010124,0.977207547619392,2.64699670221588
6.2886431809063,14.943508300463,18.8368593596421,28.8590270458457,39.2719098281872,46.5252688540547,8,21,31,39,51,60,0.895358353691326,0.731587988264497,0.187312137308699,0.720550231272649,1.99269567825532,1.27579952165848,0.977128236742956,2.65005637358852
6.28807006043968,14.8977423933466,18.7911775058541,28.8167609477602,37.3987510692291,46.4889195782853,8,21,31,39,50,60,0.895207771036789,0.72245963389363,0.18732309904836,0.714251568745032,1.99378248439626,0.986666391428296,1.28402384889992,2.65224681203061
6.28403979883153,14.692214229269,18.9064042087351,28.9290646149686,38.1341534008631,46.5265283158459,8,21,33,41,53,63,0.894149053255179,0.682278914042521,0.124462821184394,0.587047382069707,1.99285244186083,0.983836757461289,1.10092024497621,2.47701582496907
6.27961725087753,14.532973886554,18.8190681625122,28.8529238289912,37.3626539189416,46.4826711593353,8,21,33,41,53,63,0.892987688371845,0.651995006027672,0.131372405957564,0.576444242519788,1.99641498530583,0.827202298026203,1.29202899827338,2.48689778744674
6.2748034796631,14.4007649605379,18.7089042915939,28.7522121552511,37.0749572321495,46.4460322697532,8,21,33,41,53,63,0.891724068228954,0.627468390311795,0.133530322793889,0.56320375773354,1.99942384225806,0.786677917799479,1.35988975483483,2.50363777125616
6.26960110013051,13.2880301575499,17.2433355216505,27.2568926538274,35.6341770006328,43.3347996379754,8,20,32,40,52,61,0.890359001531773,0.525258269561146,0.101233003391221,0.456272066893694,1.9899565460731,0.798424898307662,1.09426988498695,2.2839331605232
6.26409388445693,13.2462486300575,17.2146645728408,27.2461040491056,35.6057240828705,43.3164417951719,8,20,32,40,52,61,0.888914586697914,0.518567088988851,0.102347030629776,0.453146878289569,1.99564600032551,0.794613614581069,1.09695627369889,2.28624023808169
6.25821973178701,13.2080778071749,17.179797693317,27.2392706856378,35.5919130783423,43.3022384062533,8,20,31,39,51,60,0.887374657701261,0.512638097901897,0.143657076818816,0.508821812506814,2.00457167775977,0.793109856872277,1.0968518228395,2.29086505126301
6.24902567000119,13.1612082223416,16.9349272530323,27.0332659634335,35.393511085235,43.0673560235139,8,20,30,38,50,59,0.884965907870245,0.505755759192674,0.172018594741259,0.543534018103562,2.0169593641544,0.794748376297432,1.08715291663202,2.29310164320284
6.23188718199036,13.0883172724008,16.9204238479978,27.0540474337852,35.3983467496304,42.9919343559434,8,20,30,38,50,59,0.88048071373858,0.495639086883918,0.179405535943852,0.541754688522804,2.02821884379372,0.791313136627544,1.06589943956532,2.27947165930087
6.21498090160235,13.0168912585359,16.909611147531,27.0778822032547,35.4050341513894,42.9174085397274,8,20,30,38,50,59,0.876062577552411,0.485825077489092,0.187229833459365,0.540429987659407,2.03928699841835,0.787624837885218,1.04451232370834,2.26524517814428
6.19841163573237,12.9463909417571,16.9011308427353,27.1049795334126,35.4144876903376,42.8431503513932,8,20,30,38,50,59,0.871738598310914,0.476194586676149,0.195398227092583,0.539392136916474,2.05066466927149,0.783836048786757,1.02259515135413,2.2505887061921
6.182227071453,12.8770790542476,16.8952839875491,27.1356429258515,35.4269264768478,42.7695564046974,8,20,30,38,50,59,0.867520850532511,0.466783724917601,0.20392522312639,0.538677141017008,2.06235354572568,0.779929252028595,1.00020793722404,2.23552657626203
6.16645297993958,12.8090712592,16.8922272496309,27.1700250076145,35.4424461802836,42.696866182237,8,20,30,38,50,59,0.863415646845883,0.457605463751016,0.212826094422993,0.538303524093174,2.07435325416147,0.775892944631363,0.977401628031723,2.22008022133248
6.15114954913741,12.7426202415852,16.8922270460052,27.2083831500244,35.461244736223,42.6254565777823,8,20,30,38,50,59,0.859438210645619,0.448690077880967,0.222112687029176,0.538303499208733,2.08666182166308,0.77171521172291,0.954235933701811,2.2042771261268
6.13632454930872,12.6776953016912,16.8952435616302,27.2506890654444,35.483282987461,42.5554738120761,8,20,30,38,50,59,0.855590096231064,0.440027000984147,0.231793678305646,0.538672199043947,2.09928388772783,0.767394611444715,0.930771642803957,2.18816130178183
6.12205101401543,12.6144207023528,16.901384189185,27.2970374174685,35.5086546092843,42.487212836063,8,20,30,38,50,59,0.85188976800533,0.43162122648207,0.241876461966079,0.53942312835983,2.11221631503726,0.762931857092136,0.907072862559668,2.17177677700006
6.10836480547769,12.5531708334559,16.9109507852049,27.3477231640318,35.5375425161766,42.4210543437776,8,20,30,38,50,59,0.84834599310478,0.423526198175365,0.252359864775076,0.540594025911613,2.12545783689639,0.758304149528167,0.88320191517058,2.15514338552763
6.09531968268501,12.4938244315464,16.9237467394842,27.4025534791315,35.5698388766445,42.357128929171,8,20,30,38,50,59,0.844972139268933,0.415707227599231,0.263241394637743,0.542162103082426,2.13901063288488,0.753530633152113,0.859230218854837,2.13833518644231
6.08295896238379,12.4365331367481,16.9397307268473,27.4614709938683,35.6054393590178,42.295518250164,8,20,30,38,50,59,0.841778837482425,0.408177910253682,0.274499380700717,0.544123948449727,2.15287049371704,0.74860247890658,0.835214855752345,2.12138096748396
6.0713382292245,12.3814030437573,16.9587952583537,27.5243870379205,35.6443324280661,42.236480251464,8,20,30,38,50,59,0.838779861618355,0.400941783154998,0.286106618774862,0.546468380666797,2.16704446892024,0.743537130841523,0.811232150973041,2.1043620221765
6.06052084335679,12.3286463803226,16.980847279808,27.5911913994927,35.6862913475057,42.1800434039464,8,20,30,38,50,59,0.835990962692885,0.394018400717699,0.29801866733041,0.549186276741642,2.18152799682155,0.738311236188035,0.78735302315679,2.08730586638631
6.0505559690666,12.2783301778142,17.0055127627203,27.6615092953238,35.7309967680592,42.1261975701754,8,20,30,38,50,59,0.83342421296034,0.387405324952995,0.310165408845877,0.552234000068518,2.19632181423213,0.732937767154546,0.763659338801751,2.07029218524364
6.04150615461462,12.2306464074503,17.0323639797462,27.734931071811,35.7777747741147,42.0746577894396,8,20,30,38,50,59,0.831095127978289,0.381118266183652,0.322442181255332,0.555561052726647,2.21143277733586,0.727362822232252,0.740249245941625,2.05335207151832
6.03343557541213,12.186055824644,17.0609213692442,27.8109990228891,35.8016479625491,42.0008228086042,8,20,30,38,49,58,0.829019642015101,0.375215555495768,0.334683694328287,0.559110083326494,2.22686900957661,0.848242273546901,0.717214369440337,2.17586636223773
6.02641007363254,12.1463150892666,17.0908524574736,27.8894808753341,35.8535764773799,41.955660095618,8,20,30,38,49,58,0.827214130815208,0.369961294345677,0.346518757035006,0.562841510715107,2.2426641842628,0.842187468734594,0.694557153631347,2.15916362396976
6.02049287342778,11.9633121076368,17.0108743030811,27.8588779121842,35.7864799775902,41.7503704100155,8,19,29,37,47,56,0.825694325534815,0.429106298510709,0.364327559841123,0.622575547822506,2.25874915270353,0.983580747630647,0.662717747826343,2.28200704026565
6.01574763860093,11.7812998656494,16.9446054448998,27.8534582730826,35.7449381135996,41.612960656399,8,18,28,36,46,55,0.824476115749763,0.498034432039407,0.384764613347781,0.689211670268625,2.27860169962632,0.974627443211097,0.640919699717052,2.26573536731207
6.01185041589598,11.7450220843328,16.9761399550652,27.9338403799898,35.7989086557242,41.5717695775082,8,18,28,36,46,55,0.823475997641816,0.491662605811167,0.39694540802711,0.69368468497074,2.294562133407,0.96809672677025,0.619522917197371,2.24914040006395
6.00630541755809,12.5444499763273,17.8318212270405,28.8617192745636,36.7315664777017,42.4646023079462,8,19,29,37,47,56,0.822053625239484,0.540052242630783,0.407164068929813,0.736197804121113,2.31818991850001,0.969277413561238,0.610640821604062,2.25761288672279
6.00180686231949,12.5161434701738,17.8596834812255,28.9437960632134,36.7863520029517,42.4285658444581,8,19,29,37,47,56,0.820900201865164,0.535427782768103,0.417469324592581,0.740205940272818,2.33596196868351,0.962540681753991,0.590547730456535,2.24304704563197
5.99864618400484,12.487582748117,17.8819089935178,29.0208008605156,36.837243298526,42.3901660776307,8,19,29,37,47,56,0.820090087861191,0.53051071698683,0.426873758163237,0.743410219192749,2.35394461219441,0.956108054774949,0.571017688122673,2.22925583891791
5.99687505577869,12.4615546159855,17.8993251539039,29.0932790778083,36.8846204083988,42.3502053053166,8,19,29,37,47,56,0.819636230630978,0.52583103921675,0.434983292292115,0.745925474584455,2.37204565444753,0.949937209122375,0.552134588510328,2.21622919404782
5.9963017417101,12.4381216495133,17.9110626230519,29.1608036986636,36.9279386801036,42.3078119370896,8,19,29,37,47,56,0.81948933262204,0.521435412959727,0.441591658385708,0.747622760907372,2.39041098461192,0.943997893618721,0.533818758623474,2.20396245968666
5.99696189889547,12.4176560609477,17.9163938712188,29.2225911628561,36.9663102312437,42.2620278204456,8,19,29,37,47,56,0.8196584827642,0.5173857357842,0.446463201367133,0.748394253154519,2.40902290461315,0.938263374393462,0.51604753372129,2.19239958159671
5.99890999751177,12.4003005597223,17.9145014205292,29.2777586556362,36.9987017187442,42.211652342967,8,19,29,37,47,56,0.820157697115701,0.513695927295664,0.449393143207267,0.748120353133516,2.42786053504939,0.932695853301964,0.498778689166364,2.18145064469761
6.0021973520205,12.3862309347847,17.9047355400569,29.3255202881444,37.0241103514854,42.1553910197931,8,19,29,37,47,56,0.821000304367213,0.510386860857907,0.450209927846415,0.746707623510237,2.44687944110493,0.927241640225429,0.481946062018528,2.17096751804721
6.00687796694545,12.375576860243,18.2047975183915,29.6026379644471,37.3080528719985,42.2983693567013,8,19,31,39,49,58,0.822200459622544,0.507470178726305,0.324693139069879,0.635680996690307,2.4392907067439,0.928905883784063,0.453389035109773,2.1356740280553
6.01298925461247,12.3684049315886,18.0930250650774,29.5652109760653,37.2418717235921,42.1596104845922,8,19,31,39,49,58,0.823768214000718,0.504948891346716,0.309041779540605,0.62119127326839,2.46389560817753,0.921900384136953,0.438937012648157,2.12963001250471
6.02057827318498,12.3648041191097,17.9883187020645,29.5342237244314,37.1824499353389,42.0271137419396,8,19,31,39,49,58,0.82571625434103,0.502828705835464,0.294242875524627,0.607761162755528,2.48833704146259,0.914988860066835,0.424562380105704,2.12341187569857
6.02995835282572,12.3650315211184,17.9062715784609,29.5185695888073,37.1398212414783,41.9077836448849,8,19,31,39,49,58,0.828125875444527,0.501097067917994,0.282442931452664,0.597335032532139,2.51038645654499,0.908447092084422,0.409668218377661,2.11507924122949
6.04119977425908,12.3690898115406,17.8412461772563,29.5115531257235,37.1065723351609,41.7928008394821,8,19,31,39,49,58,0.831016309858654,0.499739673531049,0.272705199958128,0.589133135196311,2.52967986328393,0.90209926964369,0.394019432487175,2.10393099054491
6.0539879094772,12.3767581472017,17.7704584340728,29.4980028067178,37.0650552086679,41.6663402989408,8,19,31,39,49,58,0.834307955660688,0.498773054863862,0.261837179520928,0.580266177129702,2.54874236772102,0.895347010908489,0.378004357803329,2.0915304451478
6.0683413363349,12.3881480748977,17.6946847547851,29.4785351655412,37.0154915219068,41.5277292745207,8,19,31,39,49,58,0.838006947185238,0.498213876544199,0.25000371507784,0.570846293979108,2.56751937354301,0.888098350981994,0.361492815750289,2.07756346714021
6.08427512670804,12.4032476973461,17.6148148563064,29.4538329551111,36.9582289111073,41.3765231760027,8,19,31,39,49,58,0.842118694488753,0.498056522366129,0.237402679731707,0.560997677725707,2.58594031358426,0.880276909285326,0.344387791752142,2.06174538221708
6.10179873444761,12.4221157970782,17.5321299005146,29.4250012747683,36.8941357624453,41.2361436287264,8,19,31,39,50,59,0.846647333753738,0.498310151558892,0.224269822596281,0.550889337916727,2.60394466139024,0.73202970087099,0.330740240561041,1.90657862683559
6.120915817423,12.4447621560853,17.4479551679571,29.3931894520608,36.8241344186978,41.0639109819492,8,19,31,39,50,59,0.851595671124519,0.498976162786426,0.210842235946329,0.540690591989573,2.62147170386908,0.723751040705178,0.312799546211689,1.88786014822198
6.14161892068168,12.4711710416117,17.3637047063856,29.3596398570361,36.7496582911839,40.8802198560436,8,19,31,39,50,59,0.856963789179001,0.50005363056798,0.197356134974909,0.530575737764518,2.63846196032415,0.714915399285404,0.294084407096674,1.86679940200909
6.16389519748983,12.5013291876728,17.2808598057683,29.325673427313,36.6719539780488,40.6865735641473,8,19,31,39,50,59,0.862750504395901,0.50154350220196,0.184036050699469,0.520720812725293,2.65485958003827,0.705514692364942,0.274740037582954,1.84342986451812
6.18780754958544,12.5351507994503,17.2045824263229,29.2944049274916,36.5947215645467,40.4868984709247,8,19,31,39,50,59,0.86897448734597,0.503419028141458,0.171503279242906,0.511727411881149,2.66997461008063,0.695682541536218,0.254912794476799,1.81752525028565
6.21358504882301,12.5723426360472,17.1505805324848,29.2749583621818,36.5291884124984,40.2915243131926,8,19,31,39,50,59,0.875698077773193,0.505582764049907,0.161459179747746,0.505407074345057,2.68158916112578,0.685872917618996,0.234582696506533,1.7880062182279
6.24084306934897,12.6129830240208,17.1044854160491,29.2613018446932,36.4673161490938,40.0942798586134,8,19,31,39,50,59,0.882823697523761,0.508124114628812,0.152192142090046,0.500042853811047,2.69250016219812,0.675662820411699,0.214171751141364,1.75663524656237
6.26952295359762,12.6569530487815,17.0671834350381,29.2542818176966,36.4102626476266,39.8979792714082,8,19,31,39,50,59,0.890338500914187,0.511033751633859,0.143764169558964,0.495722670547822,2.70269264092404,0.665125313503518,0.194039078660109,1.72384878137901
6.29958111894268,12.7041533979952,17.039559326379,29.2547398189632,36.359276529308,39.7053435066925,8,19,31,39,50,59,0.898233562361946,0.514303403521929,0.136224928575349,0.492535331676692,2.71215059718273,0.654352353833105,0.174484693663446,1.69005655240808
6.33094738674875,12.7544210313048,17.0221777040066,29.2632161974708,36.3153839238384,39.5191382946716,8,19,31,39,50,59,0.906492921246273,0.517917855735067,0.129591507813239,0.490535032016352,2.72086449363432,0.643450526223563,0.155807961214216,1.6557333609662
6.36354824125645,12.8075916962257,17.0153561562936,29.2800125443296,36.2794149017928,39.3420308966198,8,19,31,39,50,59,0.915099623713804,0.521862355025951,0.123854993772609,0.489751105351397,2.72882767936265,0.632532957478874,0.138273238889556,1.62137170593416
6.3973093253985,12.8634703195781,17.0193506507132,29.3053753204278,36.2522194641374,39.1768992177982,8,19,31,39,50,59,0.924036353465944,0.526116385764975,0.119005026415733,0.490210073706637,2.73603579854419,0.621725539875313,0.122113296552188,1.58750441502806
6.43235018785777,12.9215188055704,17.0547067280213,29.3551522622328,36.2519380816473,39.0420073955595,8,19,31,39,50,59,0.933337173218283,0.530555561063287,0.116916346392269,0.494281812650992,2.74090219571017,0.611495216322068,0.107297591546014,1.5536776880223
6.4685083634487,12.9816130421069,17.115775296582,29.425882107939,36.2749976683486,38.937137213056,8,19,31,39,50,59,0.942961382057437,0.535188902775177,0.117005619453517,0.501354069933765,2.74416327082493,0.601810655178862,0.0941104695685401,1.52096624246482
6.50570770285727,13.0434702125705,17.2036520723284,29.5189422752364,36.3233496694942,38.8674083755123,8,19,31,39,50,59,0.952890909830332,0.539977914562777,0.119403187302285,0.511618195864918,2.74591314966403,0.59277948970391,0.0827255338605247,1.49013708922488
6.54375688694661,13.1070089558232,17.3083844537856,29.6264824788893,36.3890887940044,38.8298010521222,8,19,31,39,50,59,0.96307660970981,0.544945405870313,0.123252193918218,0.523984990434472,2.74686113141111,0.584381145082229,0.0733901585060655,1.4624968936481
6.58448402857024,13.1639296648117,17.4616252955049,29.7713262049553,36.4960276287309,38.8443755204694,8,19,31,39,50,59,0.974011761024698,0.548110172503898,0.132505717310162,0.542340575932689,2.74402624905409,0.576803971903216,0.0655488841459169,1.43575701451743
6.62695536360644,13.2182299131007,17.6482583846546,29.9439226511507,36.6345351658323,38.9113403392421,8,19,31,39,50,59,0.985450758683867,0.550426299819463,0.145794377644786,0.56511146492252,2.73928856784922,0.570021011330154,0.0598032315143797,1.41283043055783
6.67040436674803,13.2729297628634,17.8511301235756,30.1309819479109,36.7918572022959,39.0277876318674,8,19,31,39,50,59,0.997190253824344,0.5526326479554,0.161455108827481,0.59037633796754,2.7339531910761,0.564128374005215,0.056649567004841,1.39635984519525
6.71487912554877,13.3278948280747,18.0653588419234,30.327963491286,36.9640417792822,39.1961867632732,8,19,31,39,50,59,1.00924545401606,0.554692836920509,0.179195363626022,0.617629141322835,2.72813574177634,0.559232197796476,0.0563622579127694,1.38765552226103
6.76049811571504,13.3828851929889,18.2861946450028,30.5304528742238,37.1471550480292,39.418560216643,8,19,31,39,50,59,1.02165091968008,0.556535711803946,0.198650251821421,0.646332045052583,2.72194984898811,0.55541750549368,0.0593812127240236,1.38794722947509
6.80763235689879,13.4377421200306,18.5094043627894,30.7346737712776,37.3379385126567,39.6963653001763,8,19,31,39,50,59,1.03451066427825,0.558056095427869,0.219403038626179,0.675964683559499,2.71554989369854,0.552777753472782,0.0663813782410899,1.39831960201268
6.85710560121276,13.4922171958533,18.7316918602857,30.9380577448486,37.5345752638172,40.0302555210239,8,19,31,39,50,59,1.048054235083,0.559041647190855,0.241073739874044,0.706087719370763,2.70918125672465,0.551454059836401,0.0782819369652188,1.41961362688439
6.9110063018162,13.5461714115278,18.9501467755366,31.1392851668386,37.7372237247123,40.4195611459985,8,19,31,39,50,59,1.06286248938979,0.559052195224879,0.263248893182969,0.736279615422408,2.70337951729304,0.55173274503753,0.0961339055986075,1.45244725977796
6.97580135253279,13.5995493078566,19.1617379353511,31.3397463146108,37.9518036739317,40.8647879304737,8,19,31,39,50,59,1.08073552569673,0.556803518238164,0.285426574021972,0.766071735280659,2.69963237760496,0.554504508642842,0.120788321557807,1.49780131959028
7.08238752457113,13.6495965445082,19.3603274133334,31.5485252835538,38.2121373221041,41.385340409519,8,19,31,39,50,59,1.11030379991481,0.545718089000697,0.306989485101622,0.794518422448814,2.7030628375978,0.564669731017131,0.15192794100703,1.5611476856909
5.04114295381216,13.4404181918929,19.8418105314854,31.1176130183835,37.3357943498279,40.6890726832811,7,18,29,36,46,54,0.735280935405197,0.943181818483573,0.513696266569337,1.04941993193761,2.69046105730544,0.590213968796587,0.245194395682194,1.71266418847102
5.08172190636298,16.1346764969411,21.9824862396398,33.1929390471473,40.5809551447598,44.4878453071036,7,20,31,38,51,60,0.745938150685777,1.26968327168393,0.412343015266188,1.21154707274879,2.66781588663204,0.492761568624562,0.25726206647122,1.53233919737311
5.12064887633335,16.0746865406272,21.965868188065,33.1813766649294,40.5778873779377,44.4954966009368,7,20,31,38,51,60,0.756201378250527,1.24563216255169,0.419961951113657,1.20867557181051,2.66956672118272,0.494237494446618,0.258979347147367,1.53705841873972
5.15956020982802,16.0674025619429,21.9660154316527,33.1851233489301,40.6058052961024,44.527055344341,7,20,31,38,51,60,0.766499066550945,1.23444890229839,0.421273023817551,1.20870100253065,2.67081335727815,0.498447077000658,0.259563739790345,1.54317447725426
5.19879771536087,16.0804593707275,21.9707623787914,33.1920355587774,40.6415708282585,44.5696082144134,7,20,31,38,51,60,0.776921707257337,1.22812483770807,0.419807044153621,1.20952097274425,2.67156332189565,0.503491139662556,0.260654673001578,1.55054756947197
5.23830237803914,16.0981032055882,21.9750976325242,33.1974927267671,40.6766135911092,44.617269076153,7,20,31,38,51,60,0.78745407276934,1.22285201092183,0.417463527962194,1.210270025009,2.67195192329674,0.508684667622477,0.26268793538036,1.55901320269211
5.27801870003715,16.1150645427983,21.9773391993841,33.2000532361442,40.7079584512963,44.6679685758165,7,20,31,38,51,60,0.798081641361735,1.21737103459531,0.414877708836284,1.21065740015539,2.67206239816049,0.513758295442565,0.265819682886046,1.56850193776033
5.31790293689618,16.1292745357424,21.9768805393276,33.1992861579716,40.7343598089852,44.7206576022984,7,20,31,38,51,60,0.808792833028886,1.21119614034457,0.412307359038591,1.21057813299082,2.67195556871264,0.518565789983003,0.270098284044275,1.57893351944597
5.28063673675342,16.1689904149985,21.9290399171117,33.0786330840315,40.63875946317,44.5690093176684,7,20,31,38,51,60,0.798783549157342,1.2297403642011,0.397100789524794,1.20232169305414,2.64675371078591,0.523014927847651,0.261010703375955,1.55858252001956
5.10536970509479,20.1169837889315,23.8079479170521,34.4785790045286,43.3926208829724,46.7449873996706,7,21,33,40,54,64,0.752168346545878,2.12056639498153,0.0802018967360834,1.31983086117306,2.48193762816753,0.668120800434214,0.123207986781598,1.38101837782148
5.07551776146778,20.1631289535368,23.8575967625723,34.4846532505847,43.3670776952346,46.7928153882501,7,21,33,40,54,64,0.744306002226688,2.14153060217033,0.0804627902306094,1.32850962202841,2.46702875634145,0.662138416470584,0.131127451897361,1.38068680059115
5.04083062806851,20.2321540644408,23.9298317295532,34.5584415872652,43.3798989876801,46.9184360819074,7,21,33,40,54,64,0.735199075348225,2.17022676439752,0.080702226333565,1.3411771007184,2.46755998294897,0.650661686977631,0.143785320267051,1.39042120856764
5.00691843525768,20.3259470876827,24.0267762922156,34.6584584878471,43.4033968437641,47.0948122058079,7,21,33,40,54,64,0.726325919998337,2.2056972666656,0.0809377045840403,1.35825307026595,2.46861072652585,0.636368117949248,0.161858828588341,1.40495410552357
4.97405579637328,20.4595511989396,24.15978191549,34.7973680553297,43.4524093782446,47.3395559046279,7,21,33,40,54,64,0.717756255592634,2.25215547157067,0.080892956575727,1.3818204443252,2.47063008848055,0.61973477806608,0.186503812691342,1.42549706879957
4.94249585097571,20.6552228192276,24.3379396386842,34.9885521670438,43.5653649281898,47.6870161560093,7,21,33,40,54,64,0.709553304090989,2.31596919665086,0.0795896760117292,1.41363921526975,2.47508653766836,0.605402025065967,0.21818379201258,1.45684253391308
4.91246325826951,20.8594416866374,24.4483357206461,35.1370676963622,43.8415345062536,48.1790615715332,7,21,33,40,54,64,0.70177213207706,2.38222315516898,0.0728122767819045,1.43349875622528,2.48813507776958,0.628858400247122,0.24934153925843,1.52845843253013
4.88694421836481,20.0084136365077,23.5638320536574,34.345391654123,42.7686312020462,47.0336572982594,7,21,33,40,52,61,0.695179543740432,2.15088789941084,0.0704774440719875,1.27749185914567,2.51995711269425,0.808369924866751,0.317193054100477,1.85693931151566
4.87686203682896,17.3179587716014,21.0734710932415,32.1584840920545,40.1664538925621,44.8527966008991,7,19,31,38,50,59,0.692579796138917,1.81273050974104,0.0850854114870312,1.0586006345352,2.62443280669668,0.720088857586736,0.394041135717262,1.92263840548096
7.19846349113709,18.8675313178601,22.8466557072311,34.235254320687,40.8212052280035,45.5435278962532,8,20,31,38,49,58,1.14273681070018,1.60225721124163,0.144457281448372,1.36459713236447,2.72961750671244,0.549383463998068,0.400901429262576,1.83056200733948
7.38321709131952,13.9570809775044,17.8475137134746,29.3326039041395,35.9642754788079,40.8111485774142,8,19,30,37,48,57,1.19484378915949,0.547018531116693,0.135021208672214,0.661082602173331,2.7631832737999,0.558363761966788,0.424994346859782,1.88759215064581
10.2666361505068,17.6498065183249,21.9490427981924,34.4072896505724,41.5575523752241,46.4554451628246,8,21,33,41,54,64,2.0707743599583,0.491920440411087,0.132656605546208,1.0119241331794,2.79424887839597,0.452194364978785,0.338576507087927,1.67797854025976
9.8304128858813,17.2647930838821,22.2769092791291,34.6677513143286,43.1090037678109,47.8557664631802,8,22,34,42,56,67,1.93187630712135,0.412081980296619,0.211948587016113,0.973319138373912,2.77144047938854,0.580881760957199,0.239249447015342,1.64298895427257
9.78156393788514,17.2786273333219,22.11526773209,34.3959962149252,42.8282280346378,48.2253407660925,8,22,34,42,56,67,1.91644394250247,0.421869522270218,0.190710350675901,0.948908438509803,2.73424894343027,0.579264500969259,0.336619391811372,1.74513908936967
9.75821867588998,17.4036832943767,22.2461434607947,34.4379929704449,42.8592039791424,48.7373090144594,8,22,34,42,56,67,1.90907761330597,0.445437210427457,0.191397098529078,0.968652130947063,2.70429240455362,0.577291096988031,0.417658892478699,1.81982477224404
9.74205961522796,17.5969040136298,22.5306719218776,34.6547227550888,43.0598660658336,49.222448693228,8,22,34,42,56,67,1.9039821988472,0.479617509195081,0.202330548555005,1.01218413432787,2.6814792120035,0.574418839119312,0.468898731108192,1.85960080818151
10.5690166717336,18.6326704323941,24.6249209871087,36.9798492975299,46.1870880312976,52.3936242590868,8,24,36,44,60,71,2.16815223744144,0.352507974510105,0.349765172327232,1.15785093150301,2.75930099509354,0.52260277403021,0.477024135776547,1.82243679226308
9.47139181567012,18.881236641882,24.6768589536961,37.2628884858036,46.150816538332,53.3742381201952,8,24,36,44,58,69,1.81905294942104,0.555761023829799,0.319628371060733,1.16616114641396,2.83757418604852,0.663178266764915,0.679342712490479,2.27386095773032
9.1857814561947,18.9157877499134,24.7079431946538,37.3585690618739,46.1219996868643,53.3696185419975,8,24,36,44,58,69,1.73032453500596,0.609893111129051,0.319107769925359,1.17114668122334,2.85951833612509,0.639811068257313,0.68446974066605,2.26623344048114
8.81547984912543,18.9607359396468,24.7673370327824,37.5005393280777,46.1211760143227,53.4023167426819,8,24,37,45,59,70,1.61672402747138,0.683148992976958,0.252132138131478,1.08848814985961,2.88761153177567,0.613414955044619,0.69159495430684,2.26053613250109
8.38471435405765,19.0186367901952,24.8476117857631,37.6726917647094,46.1241282905557,52.1346207343282,8,24,37,45,59,69,1.48676130498357,0.773546578256329,0.255025604209253,1.1008701477074,2.91892255420697,0.582709779847578,0.547210298888995,2.11352057212869
7.92417995630335,19.0621627847077,24.9092449815268,37.8209053990061,46.0955283669059,52.1226399038782,8,23,37,45,59,69,1.35063891081697,0.996671280780947,0.200074740039645,1.11041757389529,2.94847923834679,0.551301846768722,0.550608086433402,2.09803415318393
7.46432225330634,19.1248673023355,24.4934706764542,37.6279734323602,45.7670621039307,51.8074824254202,8,23,35,43,57,68,1.21790117591499,1.11038238982586,0.258403873348868,1.23268585280683,3.0247758052244,0.527707110072389,0.446605551889685,1.98494737312954
6.86180134933244,18.6560868504095,24.0823928919321,37.3953297758726,45.455915889264,51.5774603086184,8,22,34,42,55,66,1.04934213386258,1.28953090328836,0.266329062202218,1.26371892544293,3.08609440308798,0.615022381631646,0.461361889159879,2.15750432098699
6.422964414908,18.3194320783033,23.8510088007242,37.2663314078813,45.6663914248538,51.8263171335291,8,21,33,41,54,65,0.930843410193796,1.48031619563287,0.281071431440774,1.32735671713413,3.12136797386511,0.680678820096996,0.46840932184339,2.26021551031566
6.11150263006911,18.3533415850941,24.0327497162644,37.4655164675484,45.9173030104414,52.0631670303932,8,21,33,41,54,64,0.849158099136724,1.56925502956516,0.302383709742289,1.3593080510027,3.127384144985,0.690902926612397,0.575107597483287,2.41799793664822
5.80723885506899,18.324825021281,24.2219477749641,37.6478432399705,46.1477742328225,52.2727353508574,8,21,33,41,54,64,0.771467599483924,1.64131707389282,0.335036228549983,1.39289069666846,3.1250141416419,0.700470074423824,0.570767347948695,2.42253998239379
5.51974974587789,18.2002856324301,24.4083652592188,37.8027522456286,46.3387548562831,52.4298334546459,8,21,33,41,54,64,0.700119945418031,1.68432570305797,0.384194881498435,1.4262957626696,3.11415009715289,0.707670174045641,0.563757170652552,2.41600340604089
5.25966706875451,17.938474777625,24.5772567083509,37.9163014560482,46.4674144710319,52.5038535088443,8,21,33,41,54,64,0.63742545219885,1.68386794853672,0.456934280880138,1.45682806757977,3.09508289319151,0.710694410532801,0.552518446271207,2.39489260460141
5.0377420837432,17.497183241169,24.6589426905579,37.9287775138071,46.4588020240735,52.4184370050219,8,21,32,40,53,63,0.585414597294776,1.62604598434983,0.666339334604337,1.58660652450823,3.07126429917478,0.70647502176015,0.536860126471111,2.35785914929699
4.86384211928887,16.8510340655517,24.7196515067425,37.8932424504073,46.3795846490573,51.3811865991725,8,21,32,40,53,62,0.545671264341031,1.5035338497668,0.820535321068177,1.59814405894993,3.03819137450117,0.697764777726096,0.455651739858193,2.26246710774049
4.74172460867796,15.9641975975722,24.6562591700783,37.7202938112548,46.1238380459273,51.2310475245787,8,21,32,40,53,62,0.518318958950584,1.3112276634549,1.01315813622373,1.58609725957889,3.00061464350807,0.681365705889274,0.477024746843736,2.24337236325714
4.71960975523314,15.6618712726593,24.7166337228535,37.7429943144441,46.1088892640241,51.3424512402307,8,21,32,40,53,62,0.513416128277745,1.24277834589271,1.10196741767922,1.59756979134925,2.98771043555936,0.673957238703422,0.503059509690882,2.25459835416253
4.70840476634497,15.4188713956987,24.8477399882602,37.8417953752155,46.1707155819213,51.5108484869782,8,21,32,40,53,62,0.5109379967192,1.18702317011259,1.19589149916321,1.6225903159972,2.97665241793102,0.666711194492455,0.525400304762395,2.26281394812281
4.70313089116343,15.197132533404,25.0715673528204,38.0310497271924,46.3206259086409,51.7489090967621,8,21,32,40,53,62,0.509773010556173,1.13568922631638,1.31063796230698,1.6656427353829,2.96482557435655,0.659033335913101,0.544137024735125,2.2659523227006
4.70298788063583,15.0014834247592,18.496600196186,30.4971293704737,38.4396518453162,43.8263736497588,8,21,31,39,52,61,0.509741432387531,1.08995383176961,0.138844107494857,0.674248094413714,2.64000239826785,0.592790755173832,0.535274277273926,1.97547069438776
4.7074098432079,14.8202466579001,18.3975718549384,30.3599451935041,38.2559681620806,43.2948990524295,8,21,31,39,52,60,0.510718151914351,1.04709023405142,0.148271640476127,0.661040568089726,2.62721299162102,0.584122423902189,0.585689409514143,2.02215097795864
4.70910653200699,14.4940360123742,18.1135778622354,30.0967697154515,40.6989829747357,45.8316057474434,8,21,31,39,52,61,0.511093082713924,0.972785136838996,0.153231514390312,0.623843804320908,2.63418978134661,1.16126120989307,0.482220991004656,2.49928560177388
4.71029820090062,14.067668772416,17.6881223753988,29.7812894434771,40.9000705963011,46.0917979166973,8,21,31,39,52,61,0.511356470766935,0.878712109868751,0.153339514448968,0.570033979060011,2.67109838659796,1.2857669288053,0.494384479711465,2.65703737887975
4.71174468759649,13.8316941030242,17.4519802455875,29.655031231817,41.0328936130856,46.26600427821,8,21,31,39,52,61,0.51167624132627,0.82791909377584,0.153319675441084,0.541176164181532,2.70806472529066,1.34966502117235,0.502965635803646,2.7529120738286
4.71341154079438,13.7475773184601,17.3846770600713,29.6991753934733,41.1108746597239,46.3836746038741,8,21,31,39,52,61,0.512044811291867,0.809830431482126,0.155317835100169,0.533084888811363,2.74564580741669,1.3580793156511,0.511244962439457,2.79647874408414
4.71526419549054,13.7360122705592,17.4105678864247,29.8374332830803,41.1579936863277,46.4707618792379,8,21,31,39,52,61,0.512454570204163,0.807013995687852,0.159814462709808,0.536190473318494,2.78362610084011,1.33545161915103,0.51963094182444,2.81093942782826
4.71726480740949,13.7459419364795,17.4744412999473,30.0127795510817,41.1785771400264,46.5408966158476,8,21,31,39,51,60,0.512897177511948,0.80867791677866,0.166399724426504,0.543889692036996,2.82139111531042,1.46894062341817,0.530094423176637,2.97950610885048
4.71937464484042,13.7544223995419,17.5481986030114,30.1949209565455,41.2039645097253,46.5440520533604,8,21,31,39,51,59,0.513364088983945,0.810015684897701,0.174539445391626,0.552846778854032,2.85819146331856,1.42808629244544,0.656615874930244,3.13640510961844
4.72155245150158,13.7537812463303,17.6198156976726,30.3697911592802,41.2235035588262,46.6109508910369,8,21,31,39,51,59,0.513846192362424,0.809423634108964,0.183765684813805,0.561611891885539,2.89332348175805,1.3879291912927,0.667999934373766,3.13522670574053
4.72262742530188,13.7461360141611,17.6506477950962,30.4510748163128,41.2263961987743,46.6380919084931,8,21,31,39,51,59,0.514084216664182,0.807593153985066,0.188770292518861,0.565405935088469,2.91051557649351,1.36778882100095,0.673852054588221,3.13430493443295
4.72259257919606,13.7391676295886,17.6443589590972,30.4464567668209,41.217727582857,46.6290574290028,8,21,31,39,51,59,0.514076500340194,0.806138772755772,0.188859247643652,0.564631060154972,2.91108520954973,1.36675046000206,0.673763639577204,3.13361931822568
4.7226063158007,13.7313472605963,17.6373516446033,30.4456701663231,41.215946984839,46.6268208146833,8,21,31,39,51,59,0.514079542170178,0.804496614261994,0.188965705004603,0.563768263206197,2.91320624375057,1.36649568410966,0.673653443173172,3.1348106408054
4.72264750758831,13.722871764034,17.6298332056055,30.4474263881186,41.2186708972402,46.6290401459995,8,21,31,39,51,59,0.514088663704747,0.802712732028276,0.18909105353502,0.562843241746534,2.91636903571128,1.36674371698318,0.673531517573676,3.13724273667983
4.72269619321214,13.7141923900157,17.6031095498101,30.4132380861351,41.1964833489,46.6055285998633,8,21,30,38,50,58,0.514099444749289,0.800886045056562,0.254393550774073,0.628536329737328,2.91382344002571,1.36982076538147,0.673211622781502,3.13804511182562
4.72274330129025,13.7053789782114,17.595330145083,30.4145207250089,41.1984964142945,46.6070840481193,8,21,30,38,50,58,0.514109876531374,0.7990331581664,0.2545582085078,0.627513011633592,2.91691382836211,1.37000811485322,0.673101067554331,3.14037727233168
4.72279266477888,13.6964260195018,17.5874201857427,30.4156032510176,41.2001454968843,46.608283405337,8,21,30,38,50,58,0.514120807836189,0.797152191155042,0.254724344164353,0.626473323284449,2.91998103082204,1.37015343790511,0.672992424358524,3.14265357784449
4.7228480633138,13.6871311680861,17.5793157104409,30.4162213919391,41.201205182262,46.6089789414475,8,21,30,38,50,58,0.514133075665944,0.795200208389916,0.254914011337707,0.625408908028378,2.92295669375854,1.37026669815987,0.672904458332359,3.14485305270815
4.72290285617666,13.677657633964,17.571051059641,30.4166174884301,41.2018822984954,46.6092837962509,8,21,30,38,50,58,0.514145209468555,0.793212814539567,0.255106688849583,0.62432433219959,2.92591174564545,1.37033878374715,0.672814536358995,3.14699534999673
4.7229610141509,13.6679900734333,17.5626070819313,30.4167844613216,41.2021719022013,46.6092072026347,8,21,30,38,50,58,0.514158088575903,0.791186089093692,0.25530177234289,0.623217137554057,2.92885029540211,1.37037024065115,0.672726082832044,3.14908753276399
4.72302074686313,13.6581763793874,17.5540213684418,30.4167540555099,41.2020920816213,46.6087644564655,8,21,30,38,50,58,0.514171316522771,0.789130487055417,0.255497620806654,0.622092306226892,2.93177033843527,1.37035756489169,0.672638423126691,3.15112399484758
4.72308580929355,13.648092550686,17.5451996840707,30.4164501442191,41.2015653489018,46.6078675873723,8,21,30,38,50,58,0.514185724878473,0.787019537100161,0.255698984590229,0.620937556100718,2.93467804694317,1.37030040768785,0.672549025392872,3.15310627122572
4.72315157932585,13.6378159210206,17.5362019587774,30.4159151365461,41.2006353085051,46.606565659701,8,21,30,38,50,58,0.514200290073913,0.784870429459165,0.255903091131416,0.61976080305823,2.93756743153118,1.37019907727427,0.672459208470172,3.15503161284495
4.72322303008412,13.6272827628494,17.5269737334219,30.4151133969067,41.1992618732026,46.6048110997182,8,21,30,38,50,58,0.514216113460067,0.782669031779006,0.256111423083983,0.618554996689256,2.94044491089488,1.37005243464096,0.672367164409752,3.15690171175689
4.72329447911468,13.6165607633124,17.5175758300661,30.4140888345132,41.1974847577893,46.6026541017993,8,21,30,38,50,58,0.514231936627638,0.780430720004893,0.2563228881588,0.617328156704153,2.94330470170881,1.36985940817768,0.67227542421948,3.15871387878458
4.7233184875941,13.612771158001,17.5163130991377,30.4120718181651,41.1973451947168,46.6024523381346,8,21,30,38,50,58,0.514237253604241,0.779640416940865,0.256726649127117,0.617163402245549,2.9430470679232,1.37034098119083,0.672260403380212,3.15897943061562
4.72333704778468,13.6126937725732,17.5159329077331,30.4118586422976,41.1969613202719,46.6020738481871,8,21,30,38,50,58,0.514241364002155,0.779620537653955,0.256678250505065,0.617113800941122,2.9431041134429,1.37029719441046,0.672261703679966,3.15897985648234
4.72336000353148,13.6126482315348,17.5155475235317,30.4116443520984,41.1965462346456,46.6016671829143,8,21,30,38,50,58,0.514246447869024,0.779606345692485,0.25662393670974,0.617063524081718,2.94316255218432,1.37024568784957,0.672263737108746,3.1589745299315
4.7233812673653,13.6125564182364,17.5150847078333,30.411364115749,41.1960039382384,46.6011435236797,8,21,30,38,50,58,0.514251157053525,0.77958291725941,0.256564648618831,0.617003148134609,2.94322491406293,1.37017846698176,0.672268237801037,3.15895930109862
4.7234039103767,13.6124091055216,17.5145311146569,30.4110103654596,41.1953293067254,46.6004685679757,8,21,30,38,50,58,0.514256171692881,0.779547704636862,0.256499729593677,0.616930933602465,2.94329317273211,1.37009615923361,0.672268159512052,3.15892892472923
4.72342479208376,13.6123060035593,17.5139583833486,30.4106294972906,41.1945918810758,46.5997036362307,8,21,30,38,50,58,0.514260796279196,0.779522017190049,0.256424696836841,0.616856226754109,2.94335870607049,1.37000470201575,0.67226151706639,3.15888081819856
4.72344545260879,13.6121877705136,17.5133131387966,30.4101846128847,41.1937373082215,46.5987863195585,8,21,30,38,50,58,0.51426537189502,0.779493241010862,0.256340507237995,0.616772066416734,2.94342714192777,1.36989961885583,0.67224636514075,3.15881272066817
4.72353492802175,13.6118089884801,17.5123803529093,30.4094994505396,41.1930050018556,46.5980935789868,8,21,30,38,50,58,0.514285187867049,0.779396229549592,0.256252018311682,0.616650411148697,2.94351172163198,1.36988752678612,0.672255919822323,3.1588728021167
4.72375330335839,13.6111632639549,17.5112605546454,30.408676459377,41.1930242155248,46.5984393377042,8,21,30,38,50,58,0.514333552172371,0.779217220673469,0.256176306634745,0.616504380406318,2.94361310127909,1.37010355034623,0.672334778277036,3.15923962674654
4.72397246484682,13.61039391387,17.5100224733512,30.4077525578213,41.1929674133018,46.5986163867252,8,21,30,38,50,58,0.514382092129661,0.779012456566318,0.25610145753864,0.616342943585992,2.94372041547976,1.37032596960066,0.672391253552817,3.15959384160244
4.72419205049754,13.6096588829098,17.5088016790865,30.4068355139187,41.1929391288083,46.5988196705584,8,21,30,38,50,58,0.514430727578052,0.77881473200946,0.256023898497838,0.616183780392041,2.9438241679361,1.37055395572889,0.672447178947495,3.15995030791251
4.86251632518743,15.2357107790821,19.0942895659516,31.9812248977738,41.6051211727776,46.9627250159911,8,22,31,39,51,59,0.545371803807926,0.965329877791339,0.249582644573584,0.756516758183425,2.94003362687265,1.08238213851879,0.660819246844661,2.85862202655658
5.03058908201672,15.264803469744,19.078419029449,31.9858949125675,41.5211179236081,46.3518764958577,8,22,31,39,51,59,0.583761944599714,0.935350815173924,0.242525062254192,0.75427637947623,2.94704960214629,1.06126765393094,0.538214898299596,2.71520902480357
5.17583409043586,15.2851714727396,19.0656444125368,31.9824482510818,41.4257191358309,45.9246467748036,8,22,31,39,51,59,0.617612557994724,0.908697219244405,0.237378751630998,0.752475228980942,2.95023663205246,1.03951229209904,0.465368697678772,2.61666753258583
5.19239357251168,15.5076235649792,19.1026859280735,32.0756753809726,41.4969033452852,45.999274641728,8,22,31,39,51,59,0.621510467470654,0.952786506586216,0.209481164586505,0.757703256733355,2.96944519981165,1.0343184477115,0.466105937193203,2.62555717724791
5.19937776345894,15.5120316798864,19.1384683790982,32.1394137052838,41.5445365759264,46.0535023591654,8,22,31,39,51,59,0.623156797430616,0.952230373238496,0.21409388890045,0.762769153738739,2.97901027017683,1.03052896409122,0.467518855248735,2.6299231659833
5.20146877150718,15.5320279832629,19.1786143152016,32.1982867991067,41.6004526795366,46.1216059235261,8,22,31,39,51,59,0.623649963373411,0.956098171914348,0.21707976464503,0.768470986746356,2.98542055762193,1.02983367666805,0.470134007503352,2.63654505226927
5.20391139946968,15.5473106911616,19.2135956062721,32.2540359787098,41.6529494269299,46.1868183830355,8,22,31,39,51,59,0.624226215743947,0.958875164031015,0.220016423075131,0.773454933204713,2.99253201497272,1.02906909460174,0.472867886991537,2.64371129080444
5.2067498885796,15.5546686217375,19.239995973259,32.3043373942937,41.6999586480197,46.2467191695792,8,22,31,39,51,59,0.624896069491439,0.959853272664362,0.222871750821719,0.777225937395622,3.00071975969533,1.02829535058401,0.475645160507205,2.65165959039197
5.21008799672133,15.54872764829,19.2524563810419,32.3461182347126,41.7378121827611,46.2973471254038,8,22,31,39,51,59,0.625684119239702,0.957845445269977,0.225646287378383,0.779008641405167,3.01076898602068,1.02737258439922,0.478402725188508,2.66072427750135
5.21425091759918,15.5096063515755,19.2320267033306,32.3678923266022,40.7585490109518,45.631047792275,8,22,31,39,50,58,0.626667328629551,0.948498837213733,0.228479947740554,0.776086743014784,3.02524339686854,0.941146072788294,0.547627902557106,2.67190883654843
5.21696282889757,13.7339961865343,17.6868157856992,30.3325128464887,38.84582160209,44.0018215201809,8,21,30,37,48,56,0.627308097620496,0.703880393812457,0.264654364441179,0.63959667646051,3.17159028263683,0.970248213110347,0.612954103388343,2.82234279714504
5.20535379635978,13.7158198975879,17.5610911272612,30.2162967761949,38.7707997250545,43.9224022189786,8,21,30,37,48,56,0.624566577880678,0.70257011335069,0.247484798707359,0.623018459824211,3.17496974739665,0.980085221374668,0.611922802584929,2.83381545159976
5.19437411560569,13.6762873875829,17.4210314936578,30.0857342597457,38.6719735768046,43.8132277511596,8,20,30,37,48,56,0.621977185404952,0.821129168051145,0.168407940076551,0.604791476517912,3.17834564769244,0.987684997051331,0.609498062232871,2.84147528644899
5.18494862567301,13.6546264908859,17.2897853132377,29.9597758775784,38.5822522197637,43.7161572848986,8,20,29,36,47,55,0.619757049744825,0.818462750603694,0.215384134940064,0.660195312847491,3.1802255008061,0.996385006868724,0.607777942190298,2.84995837468076
5.14989499796047,13.6314702513144,17.1500472942861,29.8296676255201,38.4841124848709,43.6125162559077,7,19,28,35,46,54,0.763937639209506,0.82105546471471,0.19842411879767,0.718587518001548,3.18364936420753,1.00407999261569,0.606491335988863,2.85892651625073
5.13398311766851,13.606428541686,17.0103410504851,29.6949947224808,38.3785456701143,43.5005793030616,7,19,28,35,46,54,0.759725894870381,0.819065612681064,0.182355508356828,0.698550770684768,3.18543917725932,1.01110201769877,0.605002620449278,2.86583136608212
5.11759791187996,13.5794201405108,16.8681382973498,29.5560570178224,38.2653470870631,43.3805889757285,7,19,28,35,46,54,0.755395581244869,0.816752378831626,0.166839891754062,0.678419825006693,3.18660027726351,1.01732441589129,0.603416665341726,2.87135805293926
5.1004217565895,13.5499727592986,16.7239001321359,29.4118870227164,38.1433364899978,43.2514830370989,7,19,28,35,46,54,0.750863584163631,0.814083095397096,0.152019389720369,0.65827521312888,3.18662452021425,1.02269090855923,0.601761241839964,2.87512491799567
5.06161241965162,13.494648420055,16.5950351981468,28.4173260400339,36.9604974624143,42.0141275674272,6,18,27,33,44,52,0.922422252073102,0.810495462165888,0.142867807553291,0.719263187910374,3.21682091058161,0.977376182551105,0.589090817807328,2.77530399595929
5.04266763521804,13.5330524288048,16.5131680624839,28.328402316756,36.9011441289723,41.9377567498924,6,18,27,33,44,52,0.916841292819304,0.822977087313125,0.128490208406983,0.707295976735703,3.21423152994051,0.984450552605313,0.585153542025744,2.77667467907309
5.02345541898418,13.5712286502222,16.4302735275584,28.2371989902068,36.8360728849371,41.8507451873366,6,18,27,33,44,52,0.911189585215971,0.835532982018654,0.11477012146122,0.695270371195087,3.2111829906284,0.990715670156392,0.580089916099202,2.77564794743077
5.00402674198081,13.6085886984058,16.3462288829101,28.1437345143659,36.7650752121001,41.7525221249976,6,18,27,33,44,52,0.905482477170364,0.84802169761723,0.101786861407167,0.6831727508513,3.20772723927162,0.99611199188793,0.573826437245429,2.77211289997795
4.98444601628614,13.6445275297447,16.2609469098258,28.0480386035828,36.6879842799293,41.6426504656872,6,18,27,33,44,52,0.899739176069226,0.860292307390149,0.0896119826347432,0.670995195352676,3.2039073286471,1.00058767371574,0.566314343506918,2.76598521795189
4.96478397665879,13.6784251429866,16.1743936884785,27.9502094633645,36.6047509373167,41.5209298558212,6,18,27,33,44,52,0.893980632614188,0.872186391582845,0.0783080338318065,0.658737814580885,3.19977187468471,1.00410327624608,0.557535951816143,2.75722859021046
4.94510746870146,13.709651319613,16.0865749604708,27.8503666728249,36.5153974961576,41.3873865396032,6,18,27,33,44,52,0.888226539451851,0.883541542021892,0.0679239560089799,0.646406541683439,3.19536277023151,1.0066321575955,0.547512623969022,2.74585556522364
4.92548321590694,13.7376156171574,15.9975778238354,27.7487291791444,36.4201262051759,41.2423960682058,6,18,27,33,44,52,0.882496436344816,0.894202063202685,0.0584923435378222,0.634018675843664,3.19072849267443,1.00816795447485,0.536307208668645,2.73194745221486
4.90598386152536,13.7617780829843,15.9075644909337,27.6455516208784,36.3192220212855,41.0865830017883,6,18,27,33,44,52,0.876811469085849,0.904020621422678,0.0500269641960478,0.621601513265099,3.18590304242761,1.00871656508417,0.524022067520431,2.71563044171199
4.88666743632383,13.7816591505867,15.8167574823723,27.5411629307422,36.2131227807104,40.9208891583445,6,18,27,33,44,52,0.871188403455596,0.912865753787081,0.0425211310130127,0.60918983429811,3.18092552483884,1.00830376646468,0.510796930450178,2.69709553870861
4.86722062903198,13.7978925003995,15.7269413370394,27.4373315812768,36.1035380333332,40.7475325672014,6,18,27,33,44,52,0.865536050729069,0.92094210826788,0.0359755746554276,0.597027857526563,3.17579014506841,1.0069157139503,0.496771765308947,2.67646367856757
4.84367805556031,13.821215514208,15.6540256928466,27.3490281180036,36.0033414546576,40.5789425097418,6,18,27,33,44,52,0.858704946874025,0.931586191635069,0.0305786192692919,0.587238414543755,3.17015301273032,1.00404829658152,0.481878637009801,2.65289356716832
4.81707266509123,13.8413568959735,15.5946641996866,27.2735891164071,35.9173100008731,40.4231260328523,6,18,27,33,44,52,0.85100068968123,0.942243571342918,0.0265056803827915,0.579324596009422,3.16426455960922,1.00149661644825,0.466843812499369,2.62919474004822
4.7892048229233,13.8588572738351,15.5454092959977,27.2056753306234,35.8351090857033,40.2702959972569,6,18,27,33,44,52,0.842948698119644,0.952624848309424,0.0233515780564596,0.572796368373267,3.1574323867478,0.998058116665597,0.451796255708815,2.6038180774538
4.76224693591428,13.8727693112136,15.49826299704,27.1371112613884,35.7452102100151,40.1090821004922,6,18,27,33,44,52,0.835177142410766,0.962008784634049,0.0206759471489022,0.566580195772701,3.14959229698155,0.992930333493454,0.436778596538536,2.57595707526554
4.7362565858798,13.8830218514373,15.4532632803898,27.0680884635229,35.6481566675481,39.9407272018494,6,18,27,33,44,52,0.82770096327734,0.970355516537629,0.018424353753956,0.560676861842646,3.14080143226613,0.986205782939633,0.421944168374969,2.54593030901736
4.71723263658108,13.8881100881537,15.4203635419555,27.0149682001081,35.5695974403442,39.80805040314,6,18,27,33,44,52,0.822238998679884,0.975921592634109,0.0169683210229092,0.55637935263741,3.13340444808802,0.980115427265843,0.410807470962747,2.5217215694902
4.71716919557365,13.8870761416397,15.4192422134996,27.012279748166,35.5668261919661,39.8030424142588,6,18,27,33,44,52,0.822220798792287,0.975697359718486,0.0169650573097502,0.556233155247868,3.13283126145924,0.980095624296068,0.410349482691294,2.52077998759922
4.71711528193524,13.8866283622295,15.4190451847911,27.0104466716275,35.5649548649971,39.7985205296551,6,18,27,33,44,52,0.822205332182738,0.975606362793752,0.0169744238899775,0.556207468770546,3.13223287934143,0.980086475730807,0.409807000556444,2.51973237506372
4.71708819683951,13.8875266699411,15.4209531608657,27.0105768709761,35.5651629827026,39.7951459561765,6,18,27,33,44,52,0.82219756210492,0.975820165653664,0.017012171768626,0.556456233697093,3.13158267639934,0.980105111920007,0.409074152058372,2.51845296068637
4.7194264437563,13.8871752103782,15.4192763593598,27.0099853729295,35.5730284245952,39.7948612283675,6,18,27,33,44,52,0.8228684157472,0.97519877791326,0.0169626326950388,0.556237606873775,3.13197961258382,0.982128469948127,0.407408775634459,2.51879009658919
4.72682121465381,13.8809071901336,15.4063949686317,27.0069896136434,35.5890848509963,39.808270199984,6,18,27,33,44,52,0.824990880773445,0.972044335823793,0.0167167785149211,0.554559444886608,3.13559545023211,0.986691585543794,0.406868331459457,2.52515975564474
4.73489907911991,13.8766878788843,15.3948054567785,27.0024894093855,35.5979634506442,39.8144474678401,6,18,27,33,44,52,0.827310919917967,0.969208040503076,0.0164454194505353,0.553051637470785,3.13818880798399,0.989899856478857,0.40631715580488,2.52946709734989
4.74360912154139,13.8745876686972,15.3846988858628,26.9965097978964,35.5993227236952,39.8131013070817,6,18,27,33,44,52,0.829814289729365,0.96671693719016,0.0161537715140656,0.551738349225667,3.13969862570039,0.991661125805159,0.405765413511363,2.53159177935948
5.53820660220104,14.1846199100237,15.6807865251077,27.2242244816228,35.8203052642448,40.0248148347098,7,19,28,34,45,53,0.868636501410024,0.857265873703295,0.0156535728002289,0.521056935474072,3.1146966978544,0.990045431987933,0.403877158324647,2.51115104600224
5.53637539428245,14.1776381641751,15.6647278938786,27.2074143602582,35.7983188627584,40.0004214041777,7,19,28,34,45,53,0.868134436739432,0.856126375487076,0.0153332581449694,0.51906364485948,3.11442204076176,0.988803702276203,0.40338732647896,2.50913458772826
5.54557087457678,14.1688011015882,15.6351682026893,27.1351661909436,35.7117728943094,39.9499686405682,7,19,28,34,45,53,0.870656341553635,0.852140947469658,0.0146174781681545,0.515404178563027,3.09882514864546,0.985376366847583,0.410754794722503,2.50408205970995
5.58801785596624,14.2078834736485,15.6184052735295,26.9495179893174,35.464086904683,39.872461409027,7,19,28,34,45,53,0.882322378681985,0.85139802633918,0.0127945473266951,0.513334507307389,3.03721839572105,0.970548670093381,0.446129108976501,2.48941016384102
5.59600955230191,14.2300811803329,15.5956058025182,26.7601256731898,35.2401968782728,39.823596092747,7,19,28,34,45,53,0.884523325749327,0.854536279856144,0.011436119767372,0.510525995624436,2.97660438954508,0.962334081408027,0.483568888083692,2.48312247073411
5.57662034390272,13.3933926206775,14.8135579757233,25.9129741595372,34.4990992232902,38.9335266787915,7,18,27,33,44,52,0.879185930141575,0.808857037854496,0.0130984014071201,0.479954399640485,2.95295987592391,0.987657604245271,0.451635390003655,2.45711740959795
5.54428387062525,14.4118513903421,15.8101417529372,26.9941065707867,35.5161613516145,40.1207792647286,7,19,28,34,45,53,0.870303259151082,0.906674308718663,0.0124156491609351,0.537247472166418,2.9836711922706,0.972334112675066,0.488178305292835,2.503075721308
5.5088211029856,14.3375457100128,15.7651045419999,26.9676179812888,35.5287844386601,40.0924307613135,7,19,28,34,45,53,0.860589053510029,0.897929042824361,0.0133344317768023,0.531583420178708,2.99041426737708,0.981679373709888,0.479291400148934,2.50711076829005
5.47372009449435,14.204758587888,15.6520696918856,26.8654018045535,35.4681792617638,39.9773264389813,7,19,28,34,45,53,0.851002270385618,0.876061731574288,0.0139781630314598,0.517495036933863,2.99434814355764,0.99165261128918,0.467557741215698,2.50661029666522
5.44134533607078,14.0741167291822,15.5303844130318,26.7540220904053,35.3955699268939,39.8393989790281,7,19,28,34,45,53,0.842185298222441,0.854248881109506,0.0142764048644998,0.502533104932011,2.99809606486393,1.00097338833824,0.453628219747499,2.50268342688527
5.19621048532123,13.8688226981674,15.8319812317821,27.063531163298,35.7358022266472,40.1257768326082,6,18,28,34,45,53,0.9622962114308,0.863070055448987,0.0219977463538084,0.540004458827021,3.00097399918695,1.00837886612347,0.442254615558476,2.49900565483872
5.2008212707864,13.7903024549047,15.7503447745476,26.9803380420231,35.6849535671717,40.0133293901049,6,18,28,34,45,53,0.963668937025787,0.844699025814152,0.0218742465435737,0.529733451974238,3.0004077636199,1.01619346956199,0.429370784024044,2.49156504652778
5.20559407272008,13.7291589585608,15.6834970018387,26.9115959798007,35.646649601488,39.9143000189656,6,18,28,34,45,53,0.965090366285351,0.830228521913809,0.0216493044965805,0.521393739481693,2.99971873560373,1.0235645788187,0.416802669352034,2.48380073096733
5.21052473588975,13.6816605914013,15.6286838282043,26.8549004355071,35.6616178684954,39.8561935166092,6,18,28,34,46,54,0.966559308845157,0.818780328034394,0.0213629810237525,0.514603093174915,2.99903406318468,0.892986866644288,0.401856987291639,2.32025066234701
5.21561181048639,13.6441941323663,15.5828287193272,26.8072685787164,35.659234275227,39.7917342088221,6,18,28,34,46,54,0.968075380506761,0.809528907420717,0.0210375613310946,0.508955339673477,2.99838782731373,0.90315823705423,0.389316743232772,2.31591544287043
5.22084771991392,13.6140690603776,15.5435883204669,26.7663638904672,35.6643229066549,40.7440681988486,6,18,28,34,46,55,0.969636370928758,0.801868932371251,0.0206875001285268,0.504146298896551,2.99778251098803,0.913536511471128,0.471432157138357,2.38835112686066
5.22622274023577,13.5890073350781,15.5088930177544,26.7300230883856,35.6740617123791,40.6851905881952,6,18,28,34,46,55,0.971239427207064,0.795295939023813,0.0203215414409151,0.499912762274902,2.99718404427156,0.923973817314667,0.457565082947371,2.3827339654794
5.23174071368153,13.5676095750905,15.4774208118501,26.6968562484784,35.686634481798,40.6291903607261,6,18,28,34,46,55,0.972885741521339,0.789499043459736,0.0199432240533749,0.496087547534589,2.99656772346265,0.934372981099219,0.443859225538481,2.37704082138216
5.23739248742873,13.5484570293339,15.4477342641344,26.665373659246,35.7004373002134,40.5744278420126,6,18,28,34,46,55,0.974572629503663,0.784170006559171,0.0195524320224537,0.49249250123801,2.99591453966577,0.944706748815828,0.430309802614276,2.37122499999933
5.24316569346838,13.5305610510209,15.4190987467475,26.6347151851388,35.7143598068148,40.5201148767007,6,18,28,34,46,55,0.976296443304772,0.779096627760029,0.019159030402289,0.489036837429804,2.99517885345207,0.954916309606325,0.416981903306701,2.36527440825082
5.24621086781237,13.5170082554062,15.3996686511641,26.6073035703764,35.726513508414,40.5112534580221,6,18,28,34,46,55,0.977205975008188,0.775545818924682,0.0189458753670633,0.486698838916544,2.99227645191596,0.964007377427672,0.412908998764825,2.36772305462651
5.24852171178611,13.5062315294336,15.384423611566,26.5826556245074,35.7392534187638,40.5155499338146,6,18,28,34,46,55,0.977896304775593,0.772750007063975,0.0187848298688417,0.484868263674706,2.98885764376052,0.972624009925816,0.411276843396458,2.37225274598951
5.26362479100891,13.5081919178885,15.3657011666389,26.5303520755505,35.7054562540401,40.4739158958809,6,18,28,34,46,55,0.982410828308966,0.769945992107266,0.0180506991514176,0.482624758062651,2.97665200499982,0.976898363480433,0.409764126926569,2.36694215650428
5.39475094422313,13.6328264575375,15.3828833040376,26.3193194528228,35.3584691493448,40.1475511856854,6,18,28,34,46,55,1.0218007626717,0.768562318616218,0.0145310777229391,0.484683496488071,2.89387701506933,0.945640997828257,0.413749294787497,2.2877734845127
5.56460672201441,13.8217558175961,15.5222582345891,26.2148263948495,35.0790627830582,39.9452803427514,6,18,28,34,46,55,1.07332788634251,0.772630302921566,0.0130701388612758,0.501541535168346,2.8057684714217,0.905923211937839,0.428783647494025,2.2099134223623
5.76623476471341,14.0682068518531,15.7736203846531,26.2170340363738,34.8921590052049,39.8680121744008,6,18,28,34,46,55,1.13519577372932,0.782219717846561,0.0132104603572162,0.532652194364353,2.71613187433792,0.86362743757362,0.450495246549786,2.1358577573696
5.99201874314013,14.3556775523251,16.1627499772935,26.3538927804809,34.8416586469556,39.9823041157477,6,18,28,34,46,55,1.20533173890504,0.795484468042286,0.0163377354584187,0.582581857705357,2.62578432345539,0.822405659735138,0.483865615541832,2.07456901123095
6.2338028498567,14.4400145023626,15.7349925742661,25.7012824802939,33.8321918732148,38.1040425916785,6,17,26,32,43,51,1.28138166280463,0.897919075257118,0.00949884339297037,0.675245316705751,2.54561888253525,0.880460688963032,0.417667690970503,2.04789540568004
6.28749157762936,14.5058576908279,15.819184466821,25.7374895346222,33.8328381661912,38.1333135174957,6,17,26,32,43,51,1.29839515588464,0.900747426391398,0.00998051703505034,0.687505576541088,2.52855677916743,0.872255028805291,0.423579785771784,2.03545164246996
6.31689066715345,14.5231588254526,15.8408956061,25.7187557181117,33.810149345203,38.1164962015476,6,17,26,32,43,51,1.3077303944795,0.897932217527581,0.0100985886291055,0.690683245243541,2.51418835371863,0.871343962245577,0.424796142859326,2.02673691594748
6.34627101610653,14.5403594435091,15.8626867073685,25.7006215122217,33.7867786248876,38.0984312131292,6,17,26,32,43,51,1.31707293040272,0.895100864508181,0.0102224461155921,0.69387920679066,2.50001602046197,0.870138169081026,0.425896361652662,2.01773485512997
6.37556661622437,14.5574532021435,15.8845563070093,25.683205317955,33.7627600474,38.0791157652807,6,17,26,32,43,51,1.32640160466209,0.892267280646237,0.0103523403593244,0.697093308158457,2.48608191157119,0.868618641450309,0.426872469458196,2.00844652009487
6.4047033995094,14.574422870532,15.9064895457543,25.666589601665,33.7380748979071,38.0584955857293,6,17,26,32,43,51,1.33569257170065,0.88944466676144,0.0104884628269213,0.700323419770442,2.47242003963356,0.86676265627254,0.427716771435646,1.99886445489871
6.4335995416337,14.5912529917957,15.9284733022368,25.6508807494962,33.7127429446052,38.0365585381958,6,17,26,32,43,51,1.34491938222522,0.886648376927525,0.0106310117506026,0.70356765073497,2.4590721632775,0.86455102613659,0.428422354468528,1.98899038938908
6.46218369992864,14.6079358831023,15.9504987928365,25.6361757771221,33.6867737325504,38.0132874066907,6,17,26,32,43,51,1.35405880643819,0.883893075907086,0.010780097060736,0.706824736296175,2.44607506620463,0.861964576766534,0.4289834071077,1.97882399686567
6.49036556876715,14.6244522019817,15.9725434702433,25.622562998254,33.6601695328797,37.9886631884558,6,17,26,32,43,51,1.36308142858546,0.881195057881126,0.0109357739033563,0.71009135935219,2.43346721583139,0.858984700271996,0.429395300555162,1.96836770260291
6.51806574943241,14.6407940313557,15.9945947065156,25.6101406117539,33.6329603998967,37.9627015638767,6,17,26,32,43,51,1.371961195415,0.878570673513891,0.0110980568481227,0.713365649747286,2.42128696352226,0.855597155416402,0.429654890531506,1.95762951864742
6.54519383263181,14.6569425748138,16.016625180873,25.5989762267142,33.6051405352489,37.9353911488486,6,17,26,32,43,51,1.38066840671849,0.876036243549408,0.0112668510142098,0.71664353362666,2.40956695415219,0.851786776083408,0.42976091627735,1.94661471001388
6.57165787092504,14.672877240644,16.0386040915549,25.5891452140731,33.5767298357991,37.9067547700516,6,17,26,32,43,51,1.38917274783413,0.873607973738007,0.0114420081926905,0.719920384603852,2.39834372685123,0.847542803680825,0.429713947147736,1.93533696267164
6.59287432886255,14.6793349252899,16.05060304879,25.5859817747455,33.5611353415745,37.8901193897453,6,17,26,32,43,51,1.39599803162077,0.870208036267338,0.0116041130576712,0.721712112001164,2.39299680836755,0.844707211165006,0.429497338110169,1.92896655845671
6.61075461956761,14.6800840248195,16.0564456583259,25.5875999918311,33.5538666129295,37.8812569021611,6,17,26,32,43,51,1.40175507957065,0.866267017423665,0.0117544083121086,0.722585265280081,2.39150741611891,0.842681975380316,0.429165751090577,1.92569778286185
6.62825581662071,14.6812706281626,16.0626006873928,25.5904890848493,33.5461886527993,37.8715858745651,6,17,26,32,43,51,1.40739447713463,0.862519311220885,0.0119022058708643,0.72350561373239,2.39035603967217,0.840275955485655,0.428751214646967,1.9221819040389
6.73652489861693,14.8140485392596,16.167679780609,25.6576347066999,33.579109482734,37.8754904674271,6,17,26,32,43,51,1.44237775857494,0.868151364649639,0.0110932187928662,0.739297636032551,2.37698890793903,0.832498950933562,0.422732322007589,1.89975618039947
6.97182120363011,15.1302313850012,16.4292603776051,25.8309630157142,33.6761769386061,37.9011315925626,6,17,26,32,43,51,1.51895767535636,0.886823664563855,0.00960385999660491,0.7792584524114,2.34593315768102,0.815256676765023,0.408046393930473,1.84780473409897
7.11951819219616,15.319000283932,16.5987358184474,25.9474135615529,33.7342428053172,37.912697416521,6,17,26,32,43,51,1.56739885563378,0.896354341554266,0.0091103713505507,0.805636291447265,2.32730302028112,0.802137862297205,0.398586414221514,1.81330816046962
7.13375001185622,15.3196728972921,16.6044792939921,25.9553070286528,33.725438846057,37.9012295182419,6,17,26,32,43,51,1.57208122310548,0.893204291344242,0.00923843999041883,0.80653687459711,2.32805798350504,0.798399167059794,0.398046898229499,1.80956159563697
7.14078667021947,14.4589221982336,15.909714237134,25.2984626152932,31.8527961858108,35.8932790204791,6,15,24,30,39,47,1.57439727207647,0.993859925927708,0.0140936014214512,0.880961832564904,2.34137968233367,0.802029183323589,0.370996946468313,1.80966937765747
7.14100583123895,14.4592567448175,15.9099872652499,25.2986379745607,31.8529438419251,35.8934002469,6,15,24,30,39,47,1.57446941680126,0.9938898023796,0.0140915560773801,0.881007814533567,2.34134535631934,0.802022452985618,0.370991731383175,1.80963537465709
7.14122322584077,14.4595893950957,15.9102586606281,25.2988123514759,31.8530892815885,35.8935183416805,6,15,24,30,39,47,1.57454098064064,0.993919645456241,0.0140895196824804,0.88105352251028,2.34131125895884,0.802015422848385,0.370986335742184,1.80960103612411
7.13899160187597,14.4574743717793,15.8975716307372,25.2795724415524,31.831686089006,35.887811105915,6,15,24,30,39,47,1.57380638347885,0.993949837046173,0.0137408357408128,0.878917843827694,2.33900840492254,0.801489919706107,0.374088201374993,1.8111646933885
7.13573226604812,14.4528392365492,15.8787264661105,25.2510457663822,31.8000351129246,35.8753158730114,6,15,24,30,39,47,1.57273360034474,0.993593615836467,0.0132808334027233,0.875749498834559,2.33560668405923,0.800731154200316,0.377886699965308,1.81258763532687
7.13226847999902,14.4462284375182,15.8579361006265,25.2195630040811,31.7651838947043,35.8572400147869,6,15,24,30,39,47,1.57159367017401,0.992778930258476,0.0128316680626702,0.872259625715772,2.33185063084974,0.799913341810626,0.381224772513564,1.81319603660137
7.12861270620482,14.437605858007,15.8352194877615,25.185170627172,31.7272083373789,35.8335175207516,6,15,24,30,39,47,1.57039072029775,0.99149353322024,0.0123948970320949,0.868453031030306,2.32775016525505,0.799043680568338,0.384069407850231,1.81297058099135
7.12477608575855,14.4269524388782,15.8106124855117,25.1479521263212,31.6862196078982,35.8041268855104,6,15,24,30,39,47,1.56912844253916,0.989730138507623,0.0119719236147235,0.864337478855294,2.32332228234395,0.79812893690336,0.386389879485844,1.81189851750123
7.12077267602866,14.4142729220279,15.7841739913925,25.1080234665036,31.6423790388741,35.769105499081,6,15,24,30,39,47,1.56781148716313,0.987487071283806,0.011563985477122,0.859924679961778,2.31858729197025,0.797180160453166,0.388157786545598,1.80997552827182
7.11661954793769,14.3995969617564,15.7559872125983,25.0655377494917,31.5958868253624,35.7285401733259,6,15,24,30,39,47,1.56644549386071,0.984768520955472,0.0111721687552003,0.85523045141281,2.31357000023844,0.796208804758668,0.389347556572028,1.80720332345256
7.11232879634589,14.3829690279714,15.7261485879944,25.020671173017,31.5469730465165,35.6825637638456,6,15,24,30,39,47,1.56503446344908,0.981583976373033,0.0107973907032671,0.850272815803448,2.3082986589634,0.795227951883628,0.389937700158407,1.80359135420365
7.11038642179863,14.3442610350518,15.6717965757464,24.9483517754835,31.4700395768262,35.6024813177986,6,15,24,30,39,47,1.56439578232776,0.972111428550002,0.0103641540740334,0.841273317548342,2.30199861744294,0.794110172471054,0.389305055453485,1.79783733586001
7.11260226682525,14.267907313006,15.5753377856023,24.8296505648695,31.3457108851677,35.466744096596,6,15,24,30,39,47,1.56512438835864,0.951957383071784,0.0098240505844813,0.825400878590032,2.29420316373328,0.792747548913336,0.387016171284033,1.78906545882549
7.11498094402409,14.2340840444614,15.5349689940014,24.7825914048594,31.2969774074408,35.4127214735555,6,15,24,30,39,47,1.56590660517757,0.942712460478813,0.00965222412061838,0.818795925405545,2.2918591206859,0.792342273831807,0.385956689847169,1.78601956741499
7.11522598701873,14.2305994638857,15.530998669324,24.7781159246729,31.2924135432342,35.4076658470497,6,15,24,30,39,47,1.56598719046719,0.941761516427221,0.0096395509842598,0.818147528489212,2.29168214858498,0.792320881920709,0.385858237778611,1.78577753313639
7.1154720135562,14.2271131495038,15.5270277003199,24.7736425350743,31.2878522954977,35.4026135795406,6,15,24,30,39,47,1.56606809996784,0.940810159619834,0.00962691701401933,0.817499243214277,2.29150613664677,0.792299617468064,0.385759943541314,1.78553640254853
7.11571835261469,14.2236251462732,15.5230545922051,24.7691660518333,31.2832875875785,35.3975577801704,6,15,24,30,39,47,1.56614911300996,0.939858573308061,0.00961428204740041,0.816850825846019,2.29132979234487,0.792278264478879,0.38566164412703,1.78529497228335
7.07405554073945,14.1626685356255,15.4543356768955,24.6669566003004,31.2078715080862,35.3143687250659,6,15,24,30,39,47,1.55245845404709,0.934946601412538,0.00941356526142643,0.805670228674666,2.27960184619035,0.798771229201916,0.384106987545516,1.78206931140071
6.9964394061162,14.0529509459394,15.3310827099741,24.4826942304217,31.0727136489317,35.1661877026396,6,15,24,30,39,47,1.5270123872744,0.926790653588526,0.00907010829068236,0.78578089405198,2.25826052251426,0.810713297599103,0.381507416797503,1.77651696760979
6.91908943557805,13.9442383804368,15.2095333546909,24.301484930649,30.9392991515761,35.0211008656946,6,15,24,30,39,47,1.50173127243229,0.918842692362221,0.00875200038360633,0.766374433265736,2.23742071196921,0.82238898935743,0.379182999672476,1.77127968094036
6.84212174449689,13.8366207991568,15.0898248135616,24.1236907224052,30.8077590258108,34.8792483807603,6,15,24,30,39,47,1.47665352456859,0.911094827275737,0.00845910329165617,0.747465707501256,2.21715912857966,0.833736769093351,0.377133758619898,1.76635720180817
6.76564990036186,13.7301906688544,14.9720804972011,23.9496652369828,30.6782535501517,34.7407812510414,6,15,24,30,39,47,1.45181626169936,0.903540521921997,0.00819088581560923,0.729066472606426,2.19755394384752,0.844703693946821,0.375356250221188,1.76175479676413
6.6897778203811,13.6250248583337,14.8563936006519,23.7797111059715,30.550922477714,34.6058199496455,6,15,24,30,39,47,1.42725300711411,0.896171812357907,0.00794651546002138,0.711182989017728,2.17867569293321,0.855243904849543,0.373845267613193,1.75747769425162
6.61461507368602,13.5212113149892,14.7428495148042,23.6141163983237,30.4259368971077,34.4744986383899,6,15,24,30,39,47,1.40299865651107,0.888982174374138,0.00772480217667289,0.693819702640072,2.16059221974527,0.865322677344657,0.372592340260016,1.75353592253176
6.54026615031449,13.4188368599112,14.6736960512682,23.4768760249103,30.3194425356549,34.3701748285935,6,15,25,31,40,48,1.3790859908437,0.881966136901333,0.00404322085781466,0.602658596281884,2.13697279638474,0.872977077492339,0.373021404370163,1.74574632289798
6.46683380459252,13.3179865285192,14.5644854794566,23.3207023408511,30.1996585120258,34.2464895836931,6,15,25,31,40,48,1.35554676336777,0.875118270473534,0.00393626490371397,0.587437601146672,2.12070487685338,0.882062522641942,0.372250360705146,1.74254383560639
6.39441181938862,13.2187448025496,14.4576114412659,23.1695965742306,30.0828161491293,34.1268754605845,6,15,25,31,40,48,1.33240939327582,0.868435293825633,0.00384035337203677,0.572716026793732,2.10540093417079,0.890642705541186,0.371702904041935,1.73972676158425
6.32309480178059,13.1212001881598,14.3530695995051,23.0237017448799,29.9691036171544,34.0114403925852,6,15,25,31,40,48,1.3097021219741,0.861914753376953,0.00375386251769092,0.558483280806262,2.09110880399172,0.898724191551583,0.371362832203873,1.73731928177232
6.25365129131194,13.0260994486325,14.2516396138479,22.8842255355195,29.8595062424771,33.9010692777079,6,15,25,31,40,48,1.2876662306552,0.85555033705005,0.00367680541988702,0.544833763260496,2.07797311762666,0.906246576485065,0.371210113956286,1.73534406948089
6.24221662672945,12.9955778284607,14.2772937949817,22.8944101006268,29.7841327778606,35.3571668424235,6,15,25,31,40,49,1.28404494597676,0.850824948765852,0.00440044228725206,0.548271157551829,2.07263588631747,0.884755986147473,0.57539684472786,1.90716366718727
6.31343072250223,13.0660638630753,14.4525992872731,23.1003314329537,29.7241515792595,35.6055983958539,6,15,25,31,40,49,1.30663105067317,0.850644858017789,0.0060034923387058,0.572029859716905,2.08320087578161,0.818965113142846,0.643957525304375,1.92361338060569
6.36905606337047,13.1246900337325,14.6243834664693,23.2986369101972,29.6961931673026,35.8716999389502,6,15,25,31,40,49,1.32432730798047,0.851387207221583,0.00813691426244314,0.595763620641728,2.0923597591022,0.764222994193328,0.711669654855079,1.94489892383843
6.40706858015909,13.1572569517674,14.7751322810024,23.4695272058454,29.7236426765639,36.1573021038271,6,15,25,31,40,49,1.33644732677791,0.85004021252156,0.0108533216159561,0.616955621280116,2.09931965777232,0.730138199263299,0.772878673509448,1.97546630319391
6.42668834162072,13.149156843125,14.886275146898,23.5932559851324,29.8133574550128,36.4564043016227,6,15,25,31,40,49,1.3427114362356,0.843193581793133,0.0141399310767563,0.632795827593636,2.10367057098403,0.722128305251849,0.823670357164054,2.01833093359304
6.42839510659131,13.0881852484051,14.9444673974689,23.656335834862,29.9548048217397,36.7504881189554,6,15,25,31,40,49,1.34325663639338,0.827774553977333,0.0180077264537774,0.641161990242363,2.10536058114053,0.740625046785451,0.861313334132982,2.07254842834082
6.41657065545768,12.9697759810194,14.9450724367596,23.6576606621066,30.1208513752076,37.0089642988159,6,15,25,31,40,49,1.33948038791901,0.801755096128816,0.0224829418400437,0.641249236102641,2.10560948391076,0.779981348376164,0.884353117438276,2.13234563073841
6.40496244039155,12.8231067695365,14.9008890280359,23.6176239000704,30.2609318284078,37.1836644083464,6,15,25,31,40,49,1.33577523039523,0.769155216697848,0.026846089478666,0.634892157207625,2.10704348486495,0.8237343069446,0.893029315169953,2.18352699492868
6.41866768483042,12.8309541267035,14.9055099906399,23.6182868394035,30.2582903464999,37.1716193318021,6,15,25,31,40,49,1.34014994140579,0.767750849449154,0.0267013968629126,0.63555567719736,2.10567471067754,0.822925028587215,0.890670143480265,2.17961642327631
6.4323828097103,12.8388000294377,14.9103115940459,23.6191480096452,30.2557604667671,37.1597150454571,6,15,25,31,40,49,1.34453061686944,0.766344570546568,0.0265653112792205,0.636245467389557,2.10431215834997,0.822094786996057,0.888320142261742,2.17569873441524
6.4461099150129,12.8466480739815,14.9152971770675,23.6202032873361,30.2533401398253,37.1479483240061,6,15,25,31,40,49,1.34891792443221,0.764936743914996,0.0264377442106789,0.636962045874,2.1029532461683,0.82124410955734,0.885979003528061,2.17177240914721
6.45984948190377,12.8544973831183,14.920464941815,23.621454703557,30.2510374564347,37.1363268593602,6,15,25,31,40,49,1.35331201557924,0.763527049680473,0.0263185825265236,0.637705194285328,2.10159929684837,0.820374498562475,0.883646614628651,2.16783969129595
6.47333738919744,12.8598324325021,14.9227556789121,23.619730369434,30.2461867657593,37.1218501769053,6,15,25,31,40,49,1.35762833880474,0.761577201280962,0.0261837018420765,0.638034738149749,2.1002113597454,0.819609780083634,0.881239260085498,2.16391434483491
6.48677178824843,12.8645216657687,14.9244417893637,23.6173927558942,30.2407825713344,37.1067682555455,6,15,25,31,40,49,1.36193020442642,0.759487435723347,0.0260510641875846,0.638277350005784,2.09882057624702,0.81885989504414,0.878820944005235,2.15999111919754
6.50021471619342,12.8691936041292,14.9262923213221,23.6152335387274,30.2354793176477,37.0918217947419,6,15,25,31,40,49,1.36623745508908,0.757393311653057,0.0259268303765344,0.638543668201049,2.09743476733104,0.818091287638252,0.876413229542262,2.15606339049317
6.51366779819651,12.8738533633184,14.9283127425942,23.6132632125042,30.2302904731208,37.077026932239,6,15,25,31,40,49,1.37055060803208,0.755295680967867,0.0258109448517164,0.63883449324359,2.09605566863578,0.817304701036308,0.874016765236263,2.15213366621623
6.52712897337851,12.8784959237125,14.9304995069995,23.6114747305321,30.2252106639713,37.0623796810257,6,15,25,31,40,49,1.37486899892688,0.753193856313086,0.0257034055828582,0.639149329606393,2.09468206873692,0.816500560157423,0.871631877876201,2.14820185378882
6.54059326982866,12.8831178182264,14.9328497250659,23.6098672828092,30.2202381862928,37.0478763301855,6,15,25,31,40,49,1.3791910271183,0.751088215360378,0.025604175488479,0.639487777119067,2.09331468451406,0.815678662972918,0.869258048192904,2.14426777208611
6.55406771181259,12.8852225406819,14.9321271595496,23.6050890029479,30.2124078870428,37.0301439673144,6,15,25,31,40,49,1.38351894236278,0.748383477183133,0.0254810062863781,0.639383714114013,2.09191357023204,0.814933437046155,0.866793824436457,2.1402995564493
6.56755504165949,12.8864206022821,14.9304314654206,23.5993216308716,30.2036563126496,37.0113910532748,6,15,25,31,40,49,1.38785362332676,0.745463453895524,0.0253553210896261,0.639139532358272,2.09050708981824,0.814204972343308,0.864307027682528,2.13632263524882
6.58105105173869,12.8875957410261,14.9289123409684,23.5937530506925,30.1950360678338,36.9928169647019,6,15,25,31,40,49,1.39219371514803,0.742539545754322,0.0252386455040107,0.638920812610959,2.08910843358547,0.813460246317414,0.861834173363171,2.13234860349203
6.6331232736921,13.0319636826013,15.0680794317455,23.7664697766664,30.3755663974141,37.2469219850467,6,15,25,31,40,49,1.40896368685222,0.764530343899456,0.0250143617407915,0.659097649513485,2.10070070926889,0.815367489968897,0.880162555786576,2.15917627053566
6.71807061814162,13.2656161373976,15.2823437986697,24.0579347495649,30.7065545331264,37.8126278182292,6,15,25,31,40,49,1.43640335792546,0.800380582237371,0.0241891505371318,0.690710599570603,2.12741366621039,0.825035730615351,0.939391460878608,2.24186330788251
6.78362243356936,13.3592502101642,15.3422765705067,24.1838712442971,30.8689176348489,38.2967609492014,6,15,25,31,40,49,1.45764640432609,0.807207643915139,0.022795385962311,0.699670955977495,2.15029393960644,0.833977239993446,1.02238128123915,2.34295908052522
6.82652131161145,13.3051033017114,15.2444013874497,24.1302378933883,30.8220535790581,38.640474812429,6,15,25,31,40,49,1.47158023005685,0.783691171169443,0.0210631862362479,0.685064447391247,2.16565166093574,0.83564210579493,1.12572930435092,2.4496534492886
6.84207320806185,13.2749492884415,15.2010177921695,24.0936325038627,30.7771985209285,38.7109301920712,6,15,25,31,40,49,1.47663773533115,0.772690544055743,0.0205559409211673,0.678633863170075,2.16800608185886,0.833613285998572,1.15675839484194,2.47739343281859
6.85269142457071,13.2870732107402,15.2137358417521,24.104448838893,30.7824377027213,38.7091889722233,6,15,25,31,40,49,1.48009266875322,0.773052168695937,0.0205785542608247,0.680516213711558,2.1673454782431,0.832242561420408,1.15487353678214,2.47386476940058
6.86324407430967,13.2991286708475,15.2264750092775,24.1153086232563,30.7877030054625,38.7075221939228,6,15,25,31,40,49,1.48352776710909,0.773413150614397,0.0206045965060886,0.68240401689553,2.16669266253754,0.830868268147439,1.15300254843901,2.47035064004236
6.87121528327883,13.3082043023638,15.2361462597164,24.1236472438905,30.7916816201867,38.7062864467046,6,15,25,31,40,49,1.48612354326038,0.773678471492087,0.0206273003684568,0.68383874267201,2.16622978352721,0.829797705617156,1.15159571793881,2.46769104099556
6.87124385696108,13.308111087729,15.2361322255674,24.1239608775742,30.7915635290921,38.7062083232997,6,15,25,31,40,49,1.4861328496355,0.773649212290304,0.0206303197624478,0.683836659741016,2.16634359508329,0.82969172214166,1.15160649942158,2.46767541583128
6.87124948975557,13.3080057219588,15.236109240367,24.1242701333016,30.7914507669512,38.7061330466209,6,15,25,31,40,49,1.48613468422352,0.773622545588283,0.0206334614804374,0.683833248312194,2.16645899599448,0.829588125588857,1.15161661133592,2.4676626670249
6.87125625654262,13.3079012719893,15.2360877370212,24.1245782349779,30.7913348003492,38.7060545585896,6,15,25,31,40,49,1.48613688815084,0.773595826754824,0.0206366250897807,0.683830056824832,2.16657348228723,0.829484029674896,1.15162672141527,2.46764877402458
6.87126237361968,13.3077962990535,15.2360657420147,24.1248873429065,30.7912232968021,38.7059819952403,6,15,25,31,40,49,1.4861388804696,0.77356913865794,0.0206397901983259,0.68382679237295,2.16668848981318,0.829380786234233,1.15163722580316,2.46763644536363
6.87126916051444,13.3076919678271,15.236044079812,24.1251967689754,30.7911080117812,38.70590327806,6,15,25,31,40,49,1.48614109094712,0.773542444095867,0.0206429438275386,0.683823577321882,2.1668034931901,0.829276540475589,1.15164709025486,2.46762253527089
7.28205262778355,13.6902661301181,15.5403257004829,24.3863588121447,31.0453296611872,38.9603911324254,7,16,26,32,41,50,1.37663660985629,0.766774878211301,0.0177908148279678,0.647278592050129,2.15183389439847,0.827573580175228,1.15171890174555,2.45549184392595
7.24605968387933,13.6548064828324,15.5116735488481,24.3616639471735,31.0204519411737,38.9353967653901,7,16,26,32,41,50,1.36562722105334,0.766902646399175,0.0180282019653311,0.64320755559448,2.15320705389171,0.827528727578408,1.15168743487797,2.45638232874914
7.04781946827467,13.4719142320059,15.3596011239932,24.2336753745752,30.8964643647476,38.8071633279672,7,17,27,34,44,53,1.30534010621398,0.633980651430051,0.0191280804099222,0.548483446810829,1.88076127925697,0.686061689261441,1.15054222364532,2.14076238150314
7.01407410389343,13.4371836104925,15.3345176608927,24.2100186848975,30.8850783308438,38.7892005090373,7,17,27,34,44,53,1.29513795118116,0.633768631411215,0.0194808762563875,0.545239529468792,1.88122652310319,0.688776913814475,1.14876891469505,2.14237974696532
8.02129903952583,14.8319989895211,16.6440745873971,29.0804473367645,36.1129171460126,41.9336115770477,8,20,30,38,48,57,1.37908931129629,0.487401967408036,0.0165028009735876,0.508393984375478,2.78684366327774,0.769423191978788,0.630247823863546,2.40907402237259
7.92717501180824,15.4059853479855,16.732512136107,29.2803272926879,37.2381818321543,43.7122681213478,8,21,31,39,51,60,1.35151418810177,0.508630044293625,0.0050440886903128,0.457798367283716,2.82460567249892,0.709681921414886,0.782606987979387,2.48542143566867
7.90586698859497,15.3205907657067,16.6729749675051,29.2077378700162,37.1667054487059,43.6085850365909,8,21,31,39,51,60,1.3452900514511,0.497408067176035,0.00544349756700724,0.451210438247512,2.82017852052557,0.709912462615405,0.774853698224515,2.4752777269272
7.88585385957198,15.9846390268278,17.2840478251286,29.5179428566622,37.4323085187481,44.0349794527695,8,22,32,40,52,61,1.33945039602638,0.520772617292505,0.00464735165009478,0.460728493826001,2.71845673665481,0.700695356461827,0.813798926624894,2.43298853242479
7.84910943662163,15.9806792713136,17.3048478420718,29.5728314104688,37.4088295392937,44.0176569243078,8,22,32,40,52,61,1.32874451364468,0.526410577770037,0.00500869616270053,0.463013755870053,2.72994981648761,0.684606465848386,0.815301748706249,2.42428835340973
7.84103398121327,16.2367451635833,17.4257949934826,29.8074065577613,37.6689991746582,44.4998360914098,8,23,33,41,53,62,1.32639440032663,0.479535634931472,0.0032539312852646,0.420263582641012,2.7683195496768,0.689846091629216,0.870054541836773,2.50713064509422
7.83601085025817,16.2899498708498,17.4744898957885,29.8426601860471,37.6801836322064,44.502823748712,8,23,33,41,53,62,1.32493307527834,0.48891748790502,0.0032041524040724,0.425301634919605,2.763775967561,0.684918316489283,0.868013978681281,2.49659893659801
7.83614868314805,16.3267053669832,17.516848971937,29.8667600389193,37.6629169010554,44.4681317846013,8,23,33,41,53,62,1.32497316835522,0.494857207657669,0.00326608544361569,0.429709385834215,2.75760579871534,0.676479300715976,0.863680812975831,2.47887742889142
7.84269461835788,16.342945442913,17.544057420088,29.8832695063242,38.9035339582765,45.8764555697932,8,23,33,41,54,63,1.32687759637766,0.496434803343821,0.00338973099463706,0.432552965476861,2.75399148340351,0.806912546377053,0.905651969473934,2.640494259914
7.8530352962151,16.3489672087775,17.544042139241,29.9096655380603,38.8370816427811,45.7373068700881,8,23,33,41,54,63,1.32988737427236,0.495731692285063,0.00332127802644933,0.432551365751768,2.76291517953139,0.787520496139019,0.887385772311763,2.60829733121085
7.86389857658146,16.3945878513996,17.5718380833301,29.9875952693018,38.0655604856604,44.2323046735807,8,23,33,41,53,62,1.33305101867217,0.501402144553864,0.00312482110599947,0.435466306628284,2.77986756002321,0.734714838066449,0.709620350096343,2.41235945939018
7.87114206966562,15.2950449967618,16.6853414244387,25.5532895039421,33.536634061711,41.736263468797,8,20,30,37,49,58,1.33516149368528,0.60229411359979,0.00606746724080825,0.513309885991657,1.8787638961431,0.714968369044819,1.22916382826771,2.20063843104485
6.76517527793062,14.6344999862643,16.3082540697981,25.1370534760745,33.1771226636545,41.3278538662372,7,19,29,36,48,57,1.22045029998557,0.691431838255757,0.0123229088486437,0.532429021949273,1.86600925440335,0.72678315803693,1.21576104325604,2.1936400576029
6.67784594447337,14.637639302789,16.2905624866512,25.1542098418709,33.1992312763431,41.3504076964451,7,19,29,36,48,57,1.19448633922185,0.71008352185109,0.011760734609344,0.530246305548399,1.87736192167235,0.727817919750901,1.21588289998759,2.20263349908893
6.60807464269349,21.5199245619082,23.4561265012391,33.2777347303211,41.2336883822858,48.9907634841169,7,20,31,38,51,60,1.17383551658336,2.30163763490486,0.0116632308406911,1.47679750112807,2.19421752407966,0.595303831547981,1.10931561693209,2.16052755631883
6.66308602382005,21.5207499750068,23.6354196251839,33.4728910862722,41.7743880211111,49.5028706043569,7,20,31,38,51,60,1.19011077531208,2.28607734931214,0.0164992915935702,1.51045155934394,2.19953731977928,0.661356081982525,1.10168806499405,2.23401184189919
6.70839335532789,21.4966527248149,23.6344923771311,33.4720119212205,41.7993469183751,50.7801194348269,7,20,31,38,51,61,1.20355382597109,2.26618480328038,0.017209782670999,1.51027676697225,2.19955344799813,0.666401196843139,1.25480183435959,2.37001252468162
6.65873555862677,21.3679249623888,23.835602592515,33.7124442209591,42.0339834320804,51.0086027619441,6,18,30,36,48,58,1.41722629815505,2.46680699496107,0.0176820333148476,1.67009034408017,2.5138266792588,0.786418878495078,1.25316369213904,2.69122021406574
6.7220927353801,21.3664286427154,23.8429552566035,33.7167098892468,42.0381352437099,50.990674870252,6,18,30,36,48,58,1.43770507901614,2.44745275862734,0.0179420615769723,1.67154739864343,2.51273049924253,0.786394421799597,1.2472903531007,2.68519372498593
6.78704233731957,21.3661749683471,23.8500227171315,33.7209989484124,42.039584746801,50.9769258794381,6,18,30,36,48,58,1.45875629286388,2.42802949665497,0.0181590931637905,1.67294837509052,2.51174395825116,0.785784564031298,1.24325189293833,2.68023456055912
7.66935725427562,22.1810572818774,24.678202073777,34.543918811353,42.8152774370479,52.729801083804,7,19,31,37,49,60,1.4962834366454,2.40797973267101,0.0185576937019984,1.71179373121397,2.50987659477396,0.775665791798621,1.32110855947172,2.73571820368535
7.7478156178326,22.2153935451444,24.7103184922562,34.5626348921778,42.8289675159134,52.7299783724808,7,19,31,37,49,60,1.52077436142914,2.39488172161297,0.0184907531967229,1.71814271645342,2.50511975242802,0.774591642235077,1.31757658770196,2.72815085787991
7.82619252688706,22.2462219364002,24.7383137186065,34.5771996607514,42.8358259396409,52.7290623073578,7,19,31,37,49,60,1.54532180501963,2.38078511555505,0.018405549130152,1.72368403861671,2.5003535135033,0.772945669191303,1.31554570556549,2.72130654799418
7.25273139863994,22.5371484494403,25.0037865531816,34.7530010128701,43.1691706376626,51.9617770645277,7,20,32,38,50,61,1.36766648925373,2.40931647156429,0.0176516512644337,1.65256075120138,2.46856411349774,0.806837164749659,1.03754697073237,2.4804185626308
7.00348962562147,21.7359154033372,24.184635502736,33.9781368172138,42.3412629006923,51.1702697549629,7,20,32,38,50,61,1.29194164640845,2.25021311734474,0.0171333813348349,1.49756605635721,2.48425692585613,0.795369581030199,1.0464205822444,2.4867731336087
7.09050337677504,21.6710314027642,42.767015362342,52.1800562124765,60.627948388072,70.3386807052701,7,20,33,39,51,62,1.3182700124719,2.20690367456866,4.21520892912769,5.81909512355239,2.34991966107819,0.813722492835995,1.2681286133362,2.62270384463194
7.26030964807058,21.8104692561789,42.5726552110576,57.6577734055035,65.9143635740091,74.473053027586,7,20,33,40,52,63,1.36998365019258,2.19827014384239,4.10620852856829,5.76432794362371,4.05370055174446,0.772510988462257,0.981086689647771,3.50636521818758
7.4200341786477,21.9762868946321,42.3715265923884,57.8596866507789,66.0941020481756,74.731681623539,7,20,33,40,52,63,1.41901778227008,2.20000169455498,3.98701053758926,5.70778952390019,4.20202490216804,0.767782558968373,1.00001812785239,3.62312965958113
7.40244701489704,21.9844737773435,42.3785093361966,57.8476689626203,66.0825324090449,74.7291141234816,7,20,33,40,52,63,1.41360053273692,2.20732997353864,3.98662049113299,5.70975008272834,4.19501794201302,0.767877997413679,1.00218557938116,3.62069302838773
7.32939652369225,21.9415850088322,42.450122439839,57.779271965014,66.0221108839883,74.6554857195212,7,20,33,40,52,63,1.39114708936765,2.21591350094363,4.02374263767916,5.72986673070383,4.14342917049364,0.769577542779566,0.999006251934577,3.58369439834658
7.25830956360995,21.9016867967666,42.5167644482028,57.6937729038504,65.9442877653014,74.5655583492778,7,20,33,40,52,63,1.36937201219842,2.22479801712975,4.05834224044256,5.74860279773344,4.0874595394876,0.771214507271147,0.996095136933798,3.54393276299634
7.18988831475992,21.8661457899597,42.577000143362,57.5931640501193,65.8510495887875,74.4611480722152,7,20,33,40,52,63,1.34848431890165,2.23417393588069,4.08949414410595,5.76555085981276,4.02839070206397,0.77278752170311,0.99341056702447,3.50225848518308
7.12487695128426,21.8357820431116,42.629964761087,57.4782374600431,65.7430496227435,74.3430417789091,7,20,33,40,52,63,1.32870296850197,2.24406440323703,4.1166336789523,5.78046336220965,3.96684877476451,0.774266794560913,0.990984049212932,3.45910969489503
7.06403745094406,21.8116775776326,42.6746869880938,57.3500853948095,65.6212536508166,74.2122760427134,7,20,33,40,52,63,1.3102495674116,2.25456254699738,4.13907554884868,5.79306262101445,3.90360527225577,0.775625096756412,0.988831977140551,3.41500902085686
7.00811097891921,21.7951993022379,42.7103671975253,57.2110273903175,65.4879804792479,74.0710984042343,7,20,33,40,52,63,1.29333698792535,2.26584952908127,4.1560977631718,5.8031194226297,3.83981157201652,0.776862046268893,0.986936713272602,3.37073194422507
6.95778901005394,21.7875046584713,42.7363596344582,57.0625610230752,65.3446566199829,73.9210595648076,7,20,33,40,52,63,1.27816124486242,2.27806173825299,4.16709868262146,5.81044835894676,3.77625488208401,0.777962230215253,0.985327550743115,3.32683080247335
6.91369997526763,21.7899577503851,42.7514690269946,56.9060853197472,65.1926741680644,73.7635650743986,7,20,33,40,52,63,1.26489825974916,2.29141391452977,4.17123315495361,5.81470972071926,3.7138796235064,0.778923959550795,0.98400727468185,3.28394977722687
6.87636557385413,21.8033028041676,42.7559419886927,56.7435070847447,65.0339143363082,73.5970049645913,7,20,33,40,52,62,1.25369162388736,2.30597477828368,4.16833480118354,5.81597139639889,3.65328355291103,0.779741572595587,1.14497705926738,3.42050422459007
6.84617844960565,21.8288506867408,42.749274943054,56.5763505632297,64.8699241269475,73.42984815315,7,20,33,40,52,62,1.24464688452432,2.32201420128823,4.15781393215813,5.8140908664662,3.59519207552916,0.78041978498707,1.14415534980985,3.37989153865592
6.82337682621399,21.8673280140951,42.7315999666352,56.4061585232143,64.7022746780992,73.2603915903724,7,20,33,40,52,62,1.2378248593103,2.33968033256809,4.1394874316956,5.80910613148049,3.54010169795359,0.780964548153,1.1436864927967,3.34161231923122
6.80806365663451,21.9188458703532,42.7036943046202,56.2345130200023,64.5325474994149,73.0902983479107,7,20,33,40,52,62,1.23324809199937,2.35898415018436,4.11359187854596,5.80123827608708,3.48828673378769,0.781375647103532,1.14359152396818,3.30586819953906
6.80018304534278,21.9840538829104,42.6655423652958,56.062572387945,64.3620131577188,72.9207379515806,7,20,33,40,52,62,1.23089425567306,2.38013939095459,4.07993794336397,5.79048582065255,3.4401522695364,0.781677064718147,1.14384420199011,3.27293397951129
6.79952737726503,22.0622671862755,42.619293674059,55.8921947359514,64.1924355038334,72.7536936180471,7,20,33,40,52,62,1.23069846226397,2.40301880652243,4.03948278360765,5.77745808404685,3.39557512760772,0.781848550685421,1.14450151510292,3.24274512645863
6.80576242513972,22.1537030592127,42.5643320348883,55.7235745151434,64.0241975886547,72.5892940664456,7,20,33,40,52,62,1.23256063822812,2.42779409251751,3.99199609749396,5.76198549891402,3.3548284587584,0.781930505592971,1.14549764924101,3.21546600099944
6.81845543451052,22.2577701629164,24.5207471255936,39.493199026041,47.8636905984049,55.8109268769002,7,20,32,39,51,61,1.23635354411981,2.45443197010278,0.0123461755080892,1.56046120430231,4.01235632136684,0.796958526044416,0.988457656946438,3.53489433839376
6.83710073168692,22.3722564366464,24.624690216472,39.3585842181738,47.7569654368985,55.7490038815326,7,20,32,39,52,62,1.24192990008827,2.48244634146434,0.0121053907886506,1.5801109149833,3.92499065537693,0.68034795114833,0.999613103484915,3.3118099748231
6.86111134301755,22.4974228174804,24.738996113358,39.2302151150668,47.6456256556594,55.6551079591611,7,20,32,39,52,62,1.24911926222747,2.51209584198996,0.0118607133511182,1.60182708255321,3.8363685938306,0.683707001464839,1.00396665511527,3.26017527822791
6.88990270369842,22.6312006490132,24.8616929622531,39.1089474826892,47.540152643511,55.5687086663533,7,20,32,39,52,62,1.25775245316771,2.54295579110726,0.0116145551630791,1.62526174283218,3.74753907154277,0.686828041997124,1.0087334537746,3.20856225769835
6.92285357515574,22.7722989364251,24.9913209966439,38.9963072412478,47.4423415662834,55.4904593691384,7,20,32,39,52,62,1.26764931321764,2.5748371348731,0.0113634361044698,1.6501590492761,3.6595967709485,0.689763144534757,1.01362922656888,3.15749485513563
6.95936860482157,22.9191305657924,25.1263795523933,38.893617827018,47.3539694767405,55.3864016771356,7,20,32,39,52,61,1.2786369982646,2.6074532617824,0.011109562040674,1.67624988438134,3.57356481736013,0.692601374800175,1.18349791619617,3.27414191873638
6.99885944503751,23.0709030842603,25.2660038019736,38.8024325041157,47.2770395358884,55.3258521558133,7,20,32,39,52,61,1.29054397657808,2.64074804044445,0.0108516840605089,1.70338285001229,3.4903070714827,0.695431644847665,1.18795145294742,3.22415458516761
7.04077946903655,23.2259635292157,25.4085631729533,38.7230306350468,47.2121978686382,55.2770275924954,7,20,32,39,52,61,1.30321025176712,2.67439589945115,0.0105906195262135,1.73125270462376,3.41049356584678,0.69832687303038,1.1923105296735,3.17657507077907
7.0846203579511,23.3827710614735,25.5523293052862,38.6551267125894,47.1593959454237,55.2398639770703,7,20,32,39,52,61,1.31648623965675,2.7080894578716,0.0103228876299027,1.75952737206196,3.33461819942645,0.701334563894645,1.19657062376993,3.13178801908433
7.12038435276844,23.4968463122042,25.6637695196109,38.6103241411791,47.1292399438708,55.2192109343212,7,20,32,39,52,61,1.32733835958298,2.73150314411168,0.0102693611856268,1.78156019820948,3.27876419684886,0.704256141167662,1.19916133982288,3.09920981390291
7.15220562159336,23.589420392438,25.7589644840371,38.5771737729989,47.1107227061084,55.2068662891859,7,20,32,39,52,61,1.33701058427029,2.74969873409042,0.0103225996411206,1.80046065367236,3.23298242886557,0.707179539868565,1.20084492366454,3.07276266053411
7.18460693604421,23.6831282641164,25.6325869478762,38.3053750644702,46.8514614766951,54.9468509567393,7,20,31,38,51,60,1.34687493549578,2.76808793349748,0.0119848831158974,1.90407713047719,3.18122011632723,0.709687842369871,1.20063920722805,3.03999217018828
7.21748963906257,23.7760809485966,25.7295870401351,38.2848042885683,46.8470719584706,54.9472454112958,7,20,31,38,51,60,1.35690204190404,2.7861330897671,0.01208425466495,1.92402997295119,3.13945850643611,0.712929996752217,1.20194441573193,3.01636864453802
7.2507400244227,23.8697388140468,25.8275353966592,38.271010130826,46.8505153093809,54.9547396576076,7,20,31,38,51,60,1.36705773893054,2.80430628270272,0.0121901934016605,1.94425277858115,3.09984093072778,0.716389799038872,1.20304991406827,2.99429990503221
7.28427332173848,23.9627030631075,25.9250212509193,38.2623439296753,46.8597803318537,54.9673216772364,7,20,31,38,51,60,1.37731649560165,2.82221160869132,0.0123025074687729,1.96445437696133,3.06227309820352,0.71999540380115,1.20395533117002,2.97363000055193
7.31798406090506,24.0547685869155,26.0217714412353,38.258492299729,46.8745511800158,54.9846483975517,7,20,31,38,51,60,1.38764626329159,2.83981756023221,0.0124195975435296,1.98457635172022,3.02673133701574,0.723747072154204,1.20465311290745,2.95433367508624
7.33143634948271,24.0877237617427,26.0591935395298,38.2611703074701,46.8890409154544,54.995091784498,7,20,31,38,51,60,1.39177301600716,2.84570714942324,0.0125319347956732,1.99237871343512,3.01447068717642,0.72613037497798,1.2035484640471,2.94778775824149
7.32736124754922,24.069793097422,26.0456634087863,38.2663056090828,46.8995283456738,54.9960300003144,7,20,31,38,51,60,1.39052261938627,2.84152268933183,0.0126432622079937,1.98955649032687,3.02105652073864,0.727211246336613,1.20094260750774,2.95129770258383
7.32332466644184,24.05278630737,26.0332259415934,38.2726471584898,46.9115863320442,54.9983543926058,7,20,31,38,51,60,1.38928428171397,2.83760686057204,0.0127595544095665,1.9869634258818,3.02768455704025,0.728366343580475,1.1982879837963,2.9548801609077
7.31933819012906,24.0351417611301,26.0204247230107,38.2783928478535,46.9228310697477,54.9997636769586,7,20,31,38,51,60,1.38806154908159,2.83348466798417,0.0128835947528383,1.9842957671715,3.03423275829413,0.72947815014419,1.19560717026632,2.95833006233497
7.31522855044506,24.0221352221265,26.0108180525259,38.2802708045353,46.7094611774691,55.0246306693912,7,20,31,38,50,60,1.38680128335418,2.83080018445729,0.0129711445217045,1.98229465270218,3.03828857682005,0.80966084549679,1.08116054840325,2.96670435794275
7.31106599989926,24.0117674454096,26.0027669128681,38.2786742887564,46.7087334025711,55.0231503240488,7,20,31,38,50,60,1.38552504426102,2.82892820392856,0.0130310259949641,1.98061811054373,3.04056838755465,0.809849362325127,1.08096845089633,2.96830134210558
7.30685883324326,24.0014068294323,25.9948477753297,38.2769844808079,46.7077561759528,55.0215365416638,7,20,31,38,50,60,1.38423538413394,2.82707211765275,0.0130943328817029,1.97896954378045,3.04276886001416,0.810004003866622,1.08080597450412,2.96983405851541
7.3026080686485,23.9914615710255,25.9873649257912,38.2755794808261,46.7070143207605,55.0201833750125,7,20,31,38,50,60,1.3829326234962,2.82535471123895,0.0131583890374117,1.97741224595584,3.04491604722443,0.810147926073221,1.08064994824545,2.97132430244126
7.29831246361961,23.9808391220683,25.9792935484687,38.2731782502581,46.7049909082287,55.017864844889,7,20,31,38,50,60,1.3816163900891,2.82344686860337,0.0132249706808168,1.97573295092862,3.04691940031715,0.81022992781979,1.08057462713647,2.97272313675444
7.29396233920296,23.9707071566966,25.9717696505382,38.2711791922795,46.7032831471982,55.015878429953,7,20,31,38,50,60,1.3802837278287,2.82170362315423,0.0132932706353376,1.97416801519633,3.04887159922139,0.81029315296389,1.080503509361,2.97406979286064
7.28956000336238,23.9605756007215,25.964278068336,38.268881406141,46.7010739980043,55.0135799689688,7,20,31,38,50,60,1.37893535428072,2.81997648155916,0.0133626440661273,1.97261023562949,3.05070699036252,0.810312391690474,1.08048071558254,2.97533287203934
7.28509865233617,23.9507294828216,25.9570778839714,38.2666576981687,46.6987324399528,55.0112975398501,7,20,31,38,50,60,1.37756919665768,2.81835339604882,0.0134324146028926,1.97111345747116,3.05246573592746,0.810286812262066,1.08049580620371,2.97652912625142
7.28057172517968,23.9404030469867,25.9495797246627,38.2637184011249,46.6953791764794,55.0082837869904,7,20,31,38,50,60,1.37618325845948,2.81660553320869,0.013507259928392,1.96955516235494,3.05407702146379,0.810196962823104,1.08058245576984,2.97762009460743
7.27597649016944,23.9303415209355,25.9423356118932,38.2607938966895,46.6918232813762,55.0052695539282,7,20,31,38,50,60,1.37477671708847,2.81495831899344,0.0135820920478137,1.96805007733767,3.05560385940941,0.810059929134414,1.08072070241858,2.97864925270798
7.27130479612326,23.9209779090067,25.9358786913512,38.2584476649233,46.6886192293206,55.0027215510705,7,20,31,38,50,60,1.37334709265161,2.81354462744211,0.0136595827490457,1.96670888705578,3.05705695452863,0.809873765219974,1.08088815063388,2.97960041447931
7.26655041647266,23.910531281161,25.9283442288269,38.2544604491562,46.6832881210482,54.9986170924622,7,20,31,38,50,60,1.37189249654825,2.81182974718743,0.0137375124146231,1.96514428488056,3.05831095838798,0.809582143844575,1.08120125764771,2.98043511742113
7.26170568028027,23.9009018790141,25.9217795835963,38.2512543900899,46.6784870765944,54.9951533500974,7,20,31,38,50,60,1.37041060050838,2.81038847241507,0.0138198426701086,1.96378143299649,3.05949833701035,0.809236083137786,1.08154263922744,2.98118979352953
7.25675479780568,23.8915514562345,25.9155466185301,38.2480865515745,46.6733176228409,54.991652579501,7,20,31,38,50,60,1.36889659637808,2.80906335492745,0.013903922930304,1.96248774867925,3.06058202590609,0.80880186930821,1.08196865859216,2.98185478396324
7.25169019338927,23.8818646463829,25.9089933048297,38.2441439087988,46.6668353619181,54.9873228239624,7,20,31,38,50,60,1.36734819213445,2.8076713233951,0.0139887760114391,1.96112789924157,3.06150508410382,0.808251061804753,1.0825182712838,2.98239601028918
7.2464980561046,23.872348359048,25.9028325095235,38.2402505140496,46.6598907404988,54.982951676524,7,20,31,38,50,60,1.36576119304727,2.80636919533746,0.0140800194279557,1.95984980341777,3.06230680465395,0.807589465577922,1.08317547923108,2.9828316420817
7.24115789855131,23.8639496047858,25.8978426539679,38.2373865964285,46.653488104595,54.979384872837,7,20,31,38,50,60,1.36412936949021,2.80544824450512,0.0141731169331245,1.95881484233594,3.06305853379716,0.806822401962644,1.08389982215196,2.98317805171996
7.23565550924873,23.8547516857809,25.8920569032508,35.9417691006862,43.9289658317518,53.8646684225028,7,20,31,37,49,59,1.3624484163336,2.80433560239897,0.0142667099974283,1.95761504423601,2.57532011426389,0.715768509999554,1.51580397411347,2.88396356085115
7.2299648553213,23.8460008000838,25.8869114862199,35.9465037865066,43.9320575983447,53.8658182164267,7,20,31,37,49,59,1.36071042442676,2.80341430964472,0.0143660475342109,1.95654825131188,2.57884098727497,0.715427217307382,1.51526025608764,2.88549708704927
7.22405729678228,23.8376023395137,25.882311070365,35.9518326948594,43.9357549864598,53.8671808506276,7,20,31,37,49,59,1.35890669913032,2.80266446579125,0.0144711834142181,1.95559462696033,2.58238008229554,0.715088350526531,1.51460663239957,2.88694992607811
7.21789581038832,23.8289878384085,25.8776993070912,35.9571631530254,43.9395491156546,53.8683017259926,7,20,31,37,49,59,1.35702599952546,2.80192607142554,0.0145825334209392,1.95463881546679,2.58592445757647,0.714769307767525,1.51385833302561,2.88834683657326
7.21143805277249,23.8203275253166,25.8732144360378,35.9626980971538,43.9438142902174,53.8693794333774,7,20,31,37,49,59,1.35505547804022,2.8012631064024,0.0146992881207959,1.95370946159848,2.58949718539204,0.714505658902534,1.51296621848636,2.88970250310966
7.20462357585909,23.8135254570513,25.8709049614118,35.9705707528305,43.9508847606861,53.8717785238913,7,20,31,37,49,59,1.35297678557829,2.80126684128298,0.014825597073852,1.95323095384013,2.59312849823922,0.714339115049802,1.51165902707401,2.89085018707062
7.19739090336207,23.8071380069238,25.869497193218,35.9795301240418,43.9598525874317,53.8747463880892,7,20,31,37,49,59,1.35077128974085,2.80152124751206,0.0149664331644269,1.95293929399517,2.59682652488371,0.714340870453443,1.50998048369546,2.89191684447099
7.1896482105225,23.7997000011359,25.8677568015838,35.9883100675958,43.9698854892457,53.8774567339914,7,20,31,37,49,59,1.34841114331591,2.80161295753446,0.0151286503896231,1.95257874290288,2.60057995208168,0.714601006885211,1.50793258123199,2.89300193269338
7.18128456153067,23.7931878792609,25.8680652639269,35.9995315378793,43.9843045314526,53.8818626873566,7,20,31,37,49,59,1.3458627309977,2.80217027699496,0.0153243546765245,1.95264264429324,2.60447427813478,0.715265034136095,1.50513337122122,2.89400100853811
7.17214831527591,23.7863557834993,25.8699431683451,36.0127582916092,44.0037608357041,53.8881551518306,7,20,31,37,49,59,1.34308011506056,2.80286387335303,0.0155766801747166,1.95303168895689,2.60852499927966,0.716559337373338,1.5014553862015,2.89507751103653
7.16203994543926,23.7763750010328,25.8723922022797,36.0274062799354,44.0295510048747,53.8973186363113,7,20,31,37,49,59,1.34000289287792,2.80290228088682,0.0159414643232686,1.95353909548649,2.61288012742871,0.718876426155467,1.49681318868888,2.89671508049508
7.15069962990824,23.7505460610273,25.8672328243788,36.035267933803,44.0574487016074,53.9080914776958,7,20,31,37,49,59,1.33655248304019,2.79854153858404,0.0165603694161141,1.95247019691851,2.61752986284862,0.723049803601947,1.49203577185833,2.9006018685228
7.13775558620813,23.7610486184267,25.8637955004341,36.0397509726105,44.1008960110804,53.9123297734099,7,21,32,38,50,60,1.33261651289258,2.57607040211561,0.0161412780059287,1.8213584764023,2.62035874275094,0.731190559686838,1.48111226541735,2.90247495814175
7.12269457903874,23.7521848928051,25.8575161389399,36.0425457454021,44.1608154055413,53.9146133462005,7,21,32,38,50,60,1.32804004303035,2.57786372276629,0.0162184448400099,1.82010422559584,2.62360023343675,0.743184251963733,1.46509287754573,2.90456501173761
7.10478978547564,23.7413369276988,25.848704954906,36.0426405788677,44.2471445113397,53.9159027463854,7,21,32,38,50,60,1.32260397259621,2.5799061399855,0.0162794310871108,1.81834479475945,2.62678221165587,0.761420611153424,1.44153974410482,2.90703096206341
7.08296754695677,19.256471178576,21.9143788959067,31.8359469806629,41.65221488697,52.1572630549754,7,20,31,37,49,59,1.31598519183073,1.55153942860595,0.0386204237729261,1.19979604287825,2.52971650238485,1.12863532801565,1.67729966899922,3.45231574591499
7.05566955809069,17.8884006059404,20.7849236889451,30.6000943083446,41.1345865367419,49.1579452578874,7,20,31,37,49,58,1.30771595238672,1.21633260041988,0.0521695930217041,1.0118536996595,2.4919405290342,1.30645453500757,1.18103293039496,3.15949128695731
7.02060806660923,16.2946920565874,19.6680515809887,29.35965854287,40.3512974724098,48.4629429046891,7,20,31,37,49,58,1.29711195764917,0.86077352415499,0.0866057500868313,0.83951270078968,2.44817271749817,1.42357044971576,1.2050758451385,3.26676635294263
7.28355481714791,15.5655177782526,17.187176081792,26.4315442160712,36.3800058867945,44.6372071250353,8,20,30,36,48,57,1.16666267258531,0.777933847360951,0.0109489665491525,0.574930805939784,2.29071907968067,1.16076636441169,1.24499353217597,2.92847787095782
7.28263915285736,16.7332123997261,18.3631286347289,27.6870094123379,37.1784928413675,45.4608863683476,8,20,30,36,48,57,1.16640454026153,1.04123473708333,0.0111596759242193,0.732230192196574,2.31859827734527,1.05090122901952,1.25193699680739,2.84169157340651
6.78756650344069,16.7847556244165,18.4179740363998,27.7454916597727,37.2367362612012,45.5166009579302,7,20,30,36,48,57,1.22712799206661,1.0206769244982,0.0112446751596386,0.73999328020744,2.3198746537117,1.05084471493649,1.25123954731443,2.84190474090995
6.71283528755583,16.7920911279576,18.4252164937942,27.7540519964082,37.24735190473,45.5277253338464,7,20,30,36,48,57,1.20487365188731,1.03939760748124,0.0112422743098904,0.74102118571375,2.32033719847139,1.05133109650528,1.25137984714924,2.84285683649096
7.282942573656,16.7575971210074,18.388760939856,27.7171138680244,37.2099692981191,45.4920037016909,8,20,30,36,48,57,1.16649007516051,1.04692135822015,0.0111917393452995,0.735853694567402,2.32016782454323,1.0512259061358,1.25183794464042,2.84303685201373
7.26770974896181,16.7428398470229,18.3713513766157,29.9215960924978,38.2750223644233,46.450896800498,8,20,30,37,49,58,1.16219787149641,1.04703375540115,0.0111236467907829,0.733391713261096,2.78588371521941,0.793278741892317,1.22264784401583,2.91004636475431
7.16890614841645,16.6822457269259,18.2892638829215,29.7862979648215,38.1605217343631,46.2760243529753,7,19,29,36,48,57,1.34209295564312,1.05607716737139,0.0105818817568565,0.803231538935247,2.76734249727627,0.7977640881766,1.20612920180904,2.88741062050138
7.15104366941173,16.668725779081,18.2742433831881,29.7585634403962,38.1363631115103,46.228725983628,7,19,29,36,48,57,1.33665713191945,1.05710652076256,0.0105447225838485,0.800989271123637,2.76291512315094,0.798536180849873,1.19981365449511,2.87954870072535
7.13295947104213,16.6559778356677,18.2599364212332,29.7311864712917,38.1136499200478,46.182954279789,7,19,29,36,48,57,1.33115877900565,1.05837186245035,0.0105062069016585,0.798856095299547,2.75836492506384,0.799543553130266,1.19352906926264,2.87189109704471
7.11466612895515,16.6442045497462,18.2465497811902,29.7044031120503,38.0926138525302,46.1389605365909,7,19,29,36,48,57,1.3256019190073,1.0599185611551,0.010466446770432,0.796862416971539,2.75370218606398,0.800785570809,1.18728072412666,2.86444816156373
7.09617386361505,16.6334753459161,18.2341579093211,29.6782780194073,38.0733523258439,46.0968761073442,7,19,29,36,48,57,1.31998984921209,1.06176106205222,0.0104255754318426,0.79501885366818,2.74892359182061,0.802269698306797,1.18107775993532,2.85723323466315
7.07749792336356,16.6239560825199,18.2229300440166,29.6529791276263,38.0560270486906,46.0568878603118,7,19,29,36,48,57,1.31432738244975,1.06393563041252,0.0103836849365166,0.793350093531501,2.74402878567523,0.80399505270667,1.17492688515695,2.85025009441528
7.05864356983806,16.6157854704478,18.2130128598732,29.6286704979126,38.0407780210013,46.019158447003,7,19,29,36,48,57,1.30861629356548,1.06647463431393,0.0103409786129643,0.791877426655239,2.73902391332038,0.805956956932948,1.16883409062849,2.84350211956832
7.03962242105825,16.6090751097915,18.2045231362762,29.6054488839211,38.0276842164329,45.9837921289859,7,19,29,36,48,57,1.30286027682681,1.06940268286338,0.0102975900399654,0.790617695393121,2.73390211104646,0.808152149425379,1.16280604593645,2.836985786458
7.02044358454905,16.603919032395,18.1975619565495,29.58342216127,38.0168180277609,45.9508816618463,7,19,29,36,48,57,1.29706225698136,1.07274100582131,0.010253696973948,0.789585437173622,2.72866584560161,0.810573579149705,1.15684805262489,2.83069860982639
7.0011146431613,16.6004016917064,18.192219344206,29.562663282682,38.0082045520482,45.9204763131048,7,19,29,36,48,57,1.29122469024567,1.07650913012332,0.0102094394441672,0.788793598184245,2.7233092935071,0.813211537949705,1.15096640926073,2.82463027559424
6.98163960067309,16.5986808775765,18.188664365492,29.5433662851141,38.0019670962174,45.8927164649289,7,19,29,36,48,57,1.28534894683736,1.08074517642106,0.0101650937462915,0.788266902996274,2.71784124249254,0.816051351667822,1.14516546830641,2.81877342965234
6.96203129631773,16.5987873166478,18.1869338737582,29.5255576703667,37.9980571597022,45.867562428783,7,19,29,36,48,57,1.27943905607146,1.08545512863843,0.0101208090811985,0.788010574871396,2.71225820881064,0.819077391347468,1.13944733566698,2.81310917919436
6.94229545140065,16.6007946844042,18.1871088436397,29.5093123743848,37.9964692513522,45.8450304000395,7,19,29,36,48,57,1.27349689155301,1.09065716129494,0.0100767610869346,0.788036490508057,2.70655821305059,0.822272803017015,1.1338175642269,2.80762153011873
6.92243500440097,16.6047416085959,18.1892391074696,29.4947016165525,37.9971568355909,45.8250773811471,7,19,29,36,48,57,1.26752348524212,1.09636199553572,0.0100332168542956,0.788352044507909,2.7007487971469,0.825612517907365,1.12827680890985,2.80228776211198
6.90246298548581,16.6106437891781,18.1933474140242,29.4817517533557,38.0000318353818,45.8076248698869,7,19,29,36,48,57,1.26152289783078,1.102572667983,0.00999034123201287,0.788960762283599,2.69483132935143,0.829072075233562,1.12282733909763,2.79708318230108
6.88238020544829,16.6184555293297,18.199395579907,29.4704182955501,38.0049374557528,45.7925210463157,7,19,29,36,48,57,1.25549550977537,1.1092805738363,0.00994830827328286,0.789857283224199,2.68880374171829,0.832627353019843,1.11747018239024,2.79198017157442
6.86219522605225,16.6282545263874,18.2074706537299,29.4608337299893,38.0118709912948,45.7797645632925,7,19,29,36,48,57,1.24944402476656,1.11650509676185,0.00990733375453653,0.791054956409348,2.68268190640743,0.836249073008179,1.11220539570564,2.78695725997051
6.84191449177728,16.6399609734039,18.2174985012039,29.4529246289287,38.0206166182526,45.7691422276408,7,19,29,36,48,57,1.24337050327841,1.12422837980335,0.00986754410758522,0.792543378515361,2.67646617738508,0.839906202197361,1.10703337648853,2.78198082077377
6.82154363331812,16.6534640968747,18.2293769453629,29.446601844429,38.0309675495619,45.7604410983381,7,19,29,36,48,57,1.23727675556563,1.13242525472803,0.00982913359808483,0.794308085253784,2.67016117827238,0.843572970346372,1.10195218023553,2.77702411473273
6.80808836751068,16.6632805120515,18.2381556435045,29.4432630239601,38.0385308357831,45.7556376752866,7,19,29,36,48,57,1.23325547442663,1.13806726479182,0.00980465194475136,0.795613398104745,2.6659649019228,0.845973437967879,1.09865741440239,2.77375427196098
7.10309690551854,15.6618814984753,18.9958346735128,24.799486927785,31.731457639936,36.4640339923879,7,18,28,35,46,56,1.32209025232773,0.981109452005358,0.121259713374361,1.00631479613391,0.942200383992868,0.618679435164914,0.311047089131314,0.765163191540404
7.10357927551528,15.6632825734657,18.9997197269885,24.8030306657278,31.7352345577142,36.4675745715281,7,18,28,35,46,56,1.32223662752997,0.981329263238065,0.121521615893456,1.00696350014895,0.942104814726823,0.61872714881822,0.311008434438578,0.765112058589716
7.10871674661581,15.6785459749051,19.0417110930454,24.8414078791731,31.7810680253366,36.5107214437386,7,18,28,35,46,56,1.32379581527862,0.983753039143883,0.124357900289588,1.01398602614364,0.941092993456036,0.620253565611283,0.310569167093702,0.765283585155618
7.1135460639547,15.693702386461,19.0827436263628,24.8790475354788,31.7906317218438,36.5234882025051,7,18,28,35,45,55,1.32526185001502,0.986226900018672,0.127135401075196,1.02086769652775,0.940143372250808,0.741814667320223,0.311092908512431,0.848037666439638
7.11807070224288,15.7086945205607,19.1227218436986,24.9158570748695,31.8205421580852,36.5525021615079,7,18,28,35,45,55,1.32663571800976,0.988736383355998,0.129846778158175,1.02759102676869,0.939256721581984,0.740249085211905,0.310946285562674,0.846309359139953
7.12228539089178,15.7235264099546,19.1614981949772,24.9517169259591,31.8495122322029,36.5805588587489,7,18,28,35,45,55,1.32791575463914,0.991283799112736,0.132472146322415,1.03412961125837,0.938440822706752,0.738686714762079,0.31079692859118,0.844621073358231
7.12303952218177,15.7354068403551,19.1908738859144,24.9786428433782,31.8680873413614,36.5980192681312,7,18,28,35,45,55,1.32814481938638,0.993955567073575,0.134407068530856,1.03909439179576,0.937755631336498,0.736794500927559,0.310614691973231,0.842746183268567
7.11094205309613,15.7364177725427,19.1861498238643,24.9726206715004,31.8474045421546,36.5752876801671,7,18,28,35,45,55,1.32447130657913,0.997106185656906,0.133771247490363,1.03829531884852,0.937392607103547,0.733476445199953,0.310279863526245,0.8399160684828
7.09894214331066,15.7384052936874,19.1821426927621,24.9673517983416,31.8271097488226,36.55314954749,7,18,28,35,45,55,1.32082963766234,1.00047151632197,0.133108252668436,1.03761771264022,0.937039787632617,0.730080888920741,0.309978741437941,0.837070687633149
7.08703284976094,15.7413256869336,19.1787887765069,24.9627784149644,31.8071295503261,36.5314988203628,7,18,28,35,45,55,1.31721765959579,1.00404335638048,0.132416096526374,1.03705070501258,0.936698821591771,0.726604713149531,0.309705955788444,0.8342035020815
7.07522038411031,15.7452241991903,19.1761604217364,24.9589766263252,31.7875561172732,36.5104065330384,7,18,28,35,45,55,1.31363721067548,1.00783179081675,0.131698000052964,1.03660644874686,0.936370756397777,0.723051961418628,0.309458025525543,0.831314427417145
7.06350543283433,15.7500599859176,19.1741913461697,24.9558856345949,31.7683319076559,36.4898233922816,7,18,28,35,45,55,1.31008845159922,1.0118275232914,0.130951405587154,1.03627367811571,0.936057121742896,0.719423787421731,0.309236271407744,0.828406239003621
7.05188332649066,15.755865923085,19.172922200174,24.9535532805775,31.7495148887746,36.4697896642115,7,18,28,35,45,55,1.30656992175025,1.01604037060921,0.130177425657168,1.03605921776689,0.93575992380551,0.71572289303459,0.30903778243681,0.825478989228738
7.04036231397023,15.762629564782,19.1723402448041,24.9519612059377,31.7310913398655,36.4502934940384,7,18,28,35,45,55,1.30308407151572,1.02046612572688,0.129376294941758,1.03596088502987,0.935477588009145,0.711950747026881,0.308862844039872,0.82253292941206
7.02893622483956,15.770412275814,19.1725499266511,24.9512005147507,31.7131718759563,36.431449706245,7,18,28,35,45,55,1.29962898664169,1.02512198994518,0.128552967170092,1.03599631443459,0.93520638202253,0.708112146548391,0.308712125674106,0.819569786460236
7.01761870804423,15.7791947500207,19.1736008881483,24.9513211341286,31.6958044501484,36.4132957818648,7,18,28,35,45,55,1.2962087452753,1.03000088459516,0.127715142867833,1.03617390021989,0.93494638294412,0.704207074690189,0.308583905303238,0.816587781273673
7.0063897857522,15.7889399483301,19.1752759405826,24.9521255067006,31.6788045550589,36.3956499389376,7,18,28,35,45,55,1.29281726275466,1.03509958779555,0.126843571702989,1.03645696740358,0.934703074132743,0.700238873819168,0.308478615310626,0.813592516278312
6.99527017928883,15.7997216672434,19.1778463210545,24.9538669418859,31.6624450936148,36.3787999319489,7,18,28,35,45,55,1.2894607503747,1.04043197668016,0.125959846949052,1.03689139797517,0.934471442918357,0.696212328675338,0.308398666156993,0.810586638486793
6.98424793745486,15.8114888855068,19.1811927544093,24.9564402735162,31.6466192098543,36.3626222799163,7,18,28,35,45,55,1.28613555132269,1.04598955707022,0.125056827055565,1.03745710466563,0.934255429192847,0.692127479150118,0.308341340327717,0.807569579365762
6.96840375805533,15.832716524551,19.1880130678463,24.9644958984905,31.6270051008494,36.3456737876973,7,18,28,35,45,55,1.28135903059661,1.05504954277856,0.123519461458519,1.03861045552908,0.934600595862494,0.685999820895681,0.308775854153531,0.80390318235886
6.94896105835788,15.8636042166027,19.1992955731124,24.9786964475217,31.605414437241,36.3295121740603,7,18,28,35,45,55,1.27550311139361,1.06738804786134,0.121442951296958,1.04051954324982,0.935416075024121,0.678101124080808,0.309661625893223,0.799678887921099
6.92998852894816,15.8977472906768,19.2134399586617,24.9958184833765,31.5860521197488,36.3160166553111,7,18,28,35,45,55,1.26979460759117,1.0804567516572,0.119343221798359,1.04291491873469,0.936248398638593,0.670081627348161,0.310620022379075,0.795434256274267
6.91148894806407,15.935106851149,19.2304133139504,25.0158327991623,31.5689432743884,36.3052287543413,7,18,28,35,45,55,1.26423395195016,1.09425252785119,0.117222042225635,1.0457923710829,0.937098613496634,0.661955300646272,0.311654006014957,0.791180906613051
6.89328565430768,15.9561969339794,19.220537893366,25.0094393399776,31.519446072932,36.2594601547791,7,18,28,35,45,55,1.25876772359914,1.1039886851377,0.114037353506695,1.04411781854639,0.938072367967434,0.652562655592297,0.31226461214123,0.785696416330701
6.87501651699617,15.9135265664159,19.1101729998991,24.9039414233681,31.3499958430593,36.0835701773113,7,18,28,35,45,55,1.2532871002358,1.09793945196263,0.107232480531035,1.02547866589477,0.939433882681925,0.638712604659373,0.311210337769168,0.775727237824936
6.85727782193439,15.8758238808091,19.0035608198323,24.8021789019157,31.1813561173807,35.9091035394186,7,18,28,35,45,55,1.24797078232865,1.09299772290115,0.100528536805441,1.00760503421565,0.940791052098447,0.624339902683552,0.310257689184956,0.765462562774034
6.84006521223708,15.843203193784,18.9013238572767,24.7047143093468,31.0142233789908,35.7369054784091,7,18,28,35,45,55,1.24281702873851,1.08918834814461,0.0939860075541018,0.99058742848444,0.942127078452977,0.609489522255993,0.309430555558499,0.754942256276245
6.82336055174282,15.8158163653407,18.8037986015251,24.6118780516135,30.8490726294329,35.5675760859513,7,18,28,35,45,55,1.23781999318664,1.08654973927528,0.0876299020410396,0.974466691986609,0.943440233787899,0.594208779563117,0.308748912958602,0.744211699129197
6.80714783445947,15.7937815005572,18.7114311829553,24.5240742407714,30.6864890992379,35.4019052251257,7,18,28,35,45,55,1.23297449525219,1.08511242506984,0.081494934088363,0.959300603698594,0.944718719359721,0.578552545054741,0.30824569914513,0.733327335365085
6.79142276172389,15.7771642415888,18.6247552737247,24.4418243921105,30.5271889391393,35.2407834078873,7,18,28,35,45,55,1.22827887509546,1.08489222200173,0.0756226830862438,0.945159915216264,0.945959090969334,0.562578030454819,0.307948944250801,0.72234635286491
6.77618021869229,15.7660656829468,18.5441623719345,24.3654784649924,30.3717689813039,35.0850304843609,7,18,28,35,45,55,1.22373124293091,1.0859151256373,0.0700341316033273,0.932091072962562,0.947149663035892,0.546352422860631,0.307894715934064,0.711335068989723
6.76140258492338,15.7605406308671,18.4701621739502,24.2955166727554,30.2209512477267,34.9355904096761,7,18,28,35,45,55,1.21932599671069,1.08820009421201,0.0647584723894845,0.920159088247516,0.948282118163103,0.529940592802587,0.308119113977631,0.70035899240607
6.74707931103539,15.7605839947916,18.4030803940952,24.2322510756097,30.0753193311221,34.7932815930094,7,18,28,35,45,55,1.21505966563941,1.09175088843037,0.059809676821082,0.909399021926583,0.949352572260325,0.513411914027292,0.308660676853208,0.689490304915258
6.73320601061299,15.7662332133888,18.3434250776365,24.1761390173186,29.9356246791832,34.6590974543127,7,18,28,35,45,55,1.21093063077214,1.09658159944204,0.0552069347405616,0.89987542386584,0.950346743767848,0.496838321149116,0.309559606251445,0.678798138491928
6.71976591181624,15.7774864309623,18.2915603229625,24.1275201605049,29.8025017958431,34.5339213789503,7,18,28,35,45,55,1.20693360339405,1.10270101934296,0.0509566894559645,0.891630299153474,0.951257712750242,0.480289588643538,0.310857911438026,0.668354470136712
6.70675999287717,15.7943041380406,18.2478461572382,24.0867090797138,29.6765933790145,34.4186609260357,7,18,28,35,45,55,1.20306859060098,1.11010550581449,0.0470634110530717,0.884706101977398,0.952072657572749,0.463839372582123,0.312601108338885,0.658233194307562
6.69417205730048,15.8166567818579,18.2125496537616,24.053936894611,29.5584463787554,34.3140940189633,7,18,28,35,45,55,1.19933050800657,1.11879936557495,0.043521441768731,0.879132109115858,0.952781419738233,0.447555956873248,0.314830284899267,0.648500978253852
6.68199395531211,15.8444549838347,18.1859769273012,24.0295014699104,29.4486520873421,34.2210001979767,7,18,28,35,45,55,1.19571667945304,1.12877114909833,0.0403285793614492,0.874945737496403,0.953381622106687,0.431500340958814,0.317580800286118,0.639217459013883
6.6702257298485,15.8775117151736,18.1683228797911,24.0135347695186,29.3476598208076,34.1400369346001,7,18,28,35,45,55,1.19222687133289,1.13998383879336,0.0374792204351936,0.872169193231924,0.95385553460903,0.415734909968944,0.320892747204218,0.63043924220949
6.65884975112321,15.9157531068549,18.1597961516169,24.0062314975223,29.2559533792186,34.0718220989191,7,18,28,35,45,55,1.18885562158663,1.15243379829246,0.0349607495829676,0.870829508091135,0.954199194787152,0.400313518872329,0.324795575043345,0.622214295503337
6.6478627610506,15.9590782753628,18.1605225236703,24.0076714281849,29.1739118087824,34.0168693122241,7,18,28,35,45,55,1.18560174357043,1.16610773755852,0.0327575405867121,0.870943598252484,0.95439964279627,0.385288637017164,0.329320451239183,0.614586736018258
6.6372583859219,16.0072811903695,18.1705037589676,24.0178388580257,29.1017785604028,33.9754711458045,7,18,28,35,45,55,1.18246313784331,1.18096708207232,0.0308538630875433,0.872511986272221,0.954451949046116,0.370702293005773,0.334485901825958,0.607586846762649
6.62702925194967,16.0600706179325,18.1896676897536,24.0366359034244,29.0396870976218,33.9477793369913,7,18,28,35,45,55,1.17943742037614,1.19695188231126,0.0292359299707702,0.875526681861254,0.954348883352713,0.356588718191598,0.340306695064612,0.601235701613546
6.61716280380211,16.1173233802127,18.217937470204,24.0639735761933,28.98776655369,33.9338635257136,7,18,28,35,45,55,1.17652068732763,1.21404590777971,0.0278837832529137,0.879981971856807,0.954087047681422,0.342977205566661,0.346785622379844,0.595544137787614
6.60765962840607,16.1786273090442,18.255097421356,24.0996256419261,28.9459562736555,33.9335344805285,7,18,28,35,45,55,1.173712931283,1.23215556959227,0.0267871862622324,0.885853083262208,0.953663510415404,0.329885719068752,0.353914410338905,0.590507402196118
6.59850966325957,16.2437334063983,18.300917623334,24.1433425766789,28.9141735191343,33.9465583265929,7,18,28,35,45,55,1.17101100655783,1.25123063278875,0.0259305897721885,0.893115466512212,0.953072820789401,0.317330512449571,0.361681171027041,0.586117516468905
6.58970361883333,16.3122679905041,18.3549749119767,24.1947175653938,28.8921316166979,33.9724063065408,7,18,28,35,45,55,1.16841200773411,1.27118763792855,0.0252988121166164,0.90171594862144,0.952319647720582,0.305318402490618,0.370058015757211,0.582353876857651
6.58124142873257,16.3837237832876,18.416738502481,24.2532300096378,28.8794032380654,34.0058914351738,7,18,28,35,45,54,1.16591576066395,1.29190452268842,0.0248812204275017,0.911585453478211,0.951406948152307,0.293850611739169,0.480964791207664,0.654243053976875
6.57311234727234,16.4573807734765,18.4854130420239,24.318129395654,28.8752970166028,34.0547579134487,7,18,28,35,45,54,1.16351894878453,1.3132041673441,0.0246682213586857,0.922612851090051,0.950347421165979,0.282922047446291,0.491851130544573,0.651413660869762
6.56531601862699,16.5324384793664,18.5599852702012,24.3884173077067,28.8789210104055,34.1134361650455,7,18,28,35,45,54,1.1612213281877,1.33488221918974,0.0246475278590841,0.934650833445675,0.949145355864106,0.272534391723078,0.503257793868601,0.649147378551667
6.55784151835083,16.6076008130789,18.6386073799025,24.4623167785916,28.8887465876493,34.1799614101631,7,18,28,35,45,54,1.15901954788724,1.35660265577571,0.0247952357908015,0.94741387743144,0.947820755591406,0.262709957326631,0.515102685897679,0.647424919006877
6.55068409661012,16.6800824752696,18.7143705884033,24.5323287546515,28.8998794320316,34.2493363635019,7,18,28,35,45,54,1.15691208536323,1.37762770287141,0.0249358398171945,0.959781697273533,0.946208290021322,0.25382176004034,0.527371241429903,0.646516140626733
6.5461739540797,16.7307892008451,18.7041803800169,24.4881104286088,28.8589020055843,34.2708399830065,7,19,28,35,45,54,1.15558455988908,1.21884897123282,0.0386358168421209,0.958114294963382,0.936682160926864,0.254307487345367,0.540645420084864,0.651030523696479
6.55264899771047,16.6073991485653,18.585142764643,24.3778274717977,28.6994217270116,34.1020337752707,7,19,28,35,45,54,1.15749055017013,1.1868012317405,0.0389028623208264,0.938726807119878,0.939130674481205,0.246978369475102,0.538656772628931,0.643948008493944
6.55819424021101,15.7317498557148,17.7718698538486,23.5912169792818,27.8228365142223,32.974304325655,7,18,27,34,43,52,1.15912342801628,1.13154330533244,0.0428467219901992,0.900940858847734,0.946597646937538,0.311385507334385,0.486087360760196,0.678843425626553
6.61605184760409,16.0215562406115,18.08870916796,23.9178910562467,28.3038831327432,33.2269730363693,7,18,27,34,43,52,1.17619236991401,1.18995929885455,0.0446238275377204,0.952823870672665,0.94935571625405,0.338582163627906,0.439996633112737,0.669379950972387
8.27939139076026,22.9926692285957,25.0027184046455,30.4573522778106,35.2052870260637,43.7055313797459,7,19,28,35,46,55,1.68880136185411,2.46802827584557,0.0409181751402834,2.18987129396386,0.845801368598382,0.239411436915871,1.31239681741684,1.05679367041167
12.1924437073264,23.3310816047267,31.1925984160238,36.2944852892605,41.6135773669662,46.2749579402796,7,19,29,36,47,56,3.01110789638736,1.46183870265103,0.9672195808814,3.50994866856689,0.751249866640037,0.324172553902878,0.3893082458913,0.513139502265231
14.6741551419255,23.7856438264613,31.1321783168304,36.2524934033935,41.7493723294362,47.814886468027,7,19,29,36,47,57,3.90315090815592,0.962231019001062,0.84266679207707,3.49452826306442,0.756113208734881,0.352826034308789,0.558488670897827,0.652573358284692
15.9302127445543,24.1815216286659,31.0702541733343,36.2076607040038,41.8809820183665,47.8899421303053,7,19,29,36,47,57,4.3654381192947,0.771383909614706,0.736633253649423,3.47874421758671,0.760631502669254,0.38227001165442,0.546897397465011,0.671622186766108
16.5814314274863,24.4554280947386,32.1342223137174,37.2625876854173,43.117306551367,49.0560789786151,7,19,30,37,48,58,4.60749021661925,0.692390634393404,0.778052474041212,3.56561193124017,0.758240456950116,0.413552917183348,0.532635235757969,0.685993028957126
16.9414335675986,24.6208710082793,32.0669739322232,37.2098399291458,43.187474990213,49.0602752185965,7,19,30,37,48,58,4.74193672925375,0.652875364018763,0.727033052135541,3.54854311557455,0.762076329708795,0.435316409185545,0.519356020383788,0.696124449295329
17.1522170942765,24.7088150003727,32.0035337583936,37.1607198536934,43.2384274648934,49.0637011073632,7,19,30,37,48,58,4.82085712938804,0.628369961614616,0.694488407805941,3.5324625674001,0.765869671954292,0.453364427015626,0.509866492640155,0.705667534703532
17.2810166939561,24.7451583973689,31.93820922242,37.1101118980154,43.2715970672512,49.0653240475156,7,19,30,37,48,58,4.86915282765291,0.610157483912668,0.672926949875388,3.51592645232005,0.769773428077406,0.468696552962982,0.503603548408437,0.715281005296305
17.3618508117937,24.7476116865968,31.8680718600249,37.055404543998,43.289141995098,49.0686772108966,7,19,30,37,48,58,4.89949021010474,0.59487613240722,0.657680186587971,3.49819705311965,0.773872269704492,0.482079979859153,0.50079546915677,0.725901433219443
17.4131029611475,24.727422001717,31.7890348466039,36.992657387139,43.2905637126685,49.5812311832888,7,19,30,37,48,59,4.91873611854743,0.581076068760926,0.645411887038006,3.47824916930427,0.778205980948594,0.494089049290617,0.492728571811836,0.730514441468651
17.4452692644061,24.6918613388787,31.6946830064901,36.9156978475842,43.2721750019464,49.3927042783866,7,19,30,37,48,58,4.93081926213506,0.568108097172291,0.633238395689015,3.45447948751911,0.782840272341368,0.505150192561353,0.569848644153091,0.799613330285816
17.6501244935569,24.8135351770438,33.0663382228283,38.2865935387532,44.6996603114877,50.7580226688076,8,20,31,38,49,59,4.62759526896155,0.552335441860123,0.908776525007292,3.61896693902306,0.782637735230311,0.515926580923276,0.557017984347492,0.798654497034993
17.6488325339042,24.7486890902829,32.5530586176272,37.7993197929715,44.2891459668516,50.5180181884144,8,19,30,37,48,58,4.62712389444548,0.653375400551289,0.806071596334253,3.67244684974871,0.789580642040636,0.530682640819055,0.592459018232018,0.840459827147776
17.643968029561,24.6906343315247,32.5455121758516,37.8017998468034,44.3366170057193,50.5969650952839,8,19,30,37,48,58,4.62534912368425,0.642309097219358,0.817434987164998,3.67051397399734,0.792261911573681,0.539405023221426,0.599086390168062,0.853884319091575
17.6364873756643,24.6305363145213,32.4945994235578,37.7384089353803,44.3156077157883,50.5434248376272,8,19,29,36,47,57,4.62262004416949,0.631429064114393,0.967848444767916,3.84685455759937,0.788925397958486,0.547670648856974,0.592237316251899,0.853475153877516
17.6270218494129,24.5688042465569,32.5065087427971,37.7646316888944,44.3812501531815,50.513487823641,8,19,29,36,47,56,4.61916714226919,0.620688274942249,0.986089166094297,3.84997583853347,0.792752965062703,0.55540104634467,0.701568815576808,0.939323887729918
17.6160200017974,24.5057717837421,32.515006746846,37.7887563014482,44.4423281862556,50.5813143238783,8,19,29,36,47,56,4.61515422523461,0.610062646361183,1.0039048855424,3.85220348558938,0.796937422035926,0.562684661154352,0.703141132909123,0.949115626102585
17.6037849432402,27.2272243464394,32.9321648614524,38.1463987991939,44.8309937161234,50.9671254608654,8,20,30,37,48,57,4.61069201995883,1.0822730140144,0.486132432549513,3.76991819728241,0.781032563596131,0.568826741563008,0.702475952872155,0.943936746197232
17.5905599659975,27.1856509187553,32.9573366894727,38.183538932109,44.8998401742757,51.0346620725939,8,20,30,37,48,57,4.60586940709723,1.07550873546379,0.49924484073138,3.77641561692336,0.784223941222315,0.575129747373615,0.702170777707036,0.950938703335331
17.5765044064247,27.1356107761289,32.9638370291003,38.2045689472615,44.9509431530738,51.0849481835549,8,20,30,37,48,57,4.60074462407255,1.06694170131903,0.510454143919244,3.7780940147248,0.78810307398571,0.581131867469118,0.701980481023071,0.958198192177594
17.5673319579345,27.0954109108068,32.9393255319962,38.2003045268465,44.9900110877619,51.1212848646078,8,20,30,37,48,57,4.59740066187524,1.05957228144872,0.513580771783479,3.77176620739295,0.793517304965152,0.589820873271598,0.701344331772065,0.968324686688939
17.5537744911636,27.0343639055522,32.8535438015001,38.1403888958398,44.9824543119926,51.1119064467686,8,20,30,37,48,57,4.592458643114,1.0483243489968,0.508654462871372,3.74964468247688,0.800448705748127,0.600383177802693,0.700920147863888,0.981102434687087
17.4409115084833,26.2759560055139,32.1011801431526,37.4009677415111,44.2185710146199,50.4027085379598,8,21,30,37,48,57,4.55134400156925,0.768396816770323,0.631266629480745,3.55722230046864,0.803923053220082,0.595439867903864,0.713689981059102,0.988352149823868
17.4191540199147,25.633916254948,32.132548230576,37.7930111878005,44.5638897096904,50.4878331198603,8,21,32,40,51,60,4.54342349601044,0.644526806602414,0.532385570140866,3.21246714736261,0.734781976865852,0.58603961871581,0.653605523601758,0.901765367164207
17.421511206355,25.2481301659346,31.6516400878225,37.3139055673494,44.1046399333254,50.2860188585573,8,21,32,40,52,61,4.54428151025383,0.571277523146919,0.514100540052412,3.09696726452517,0.735229260864706,0.483823016818878,0.713044035944484,0.855506898294543
17.4260467664048,25.2364548278351,31.6237031101066,37.2395324242376,44.1605309808753,50.7631873338851,8,22,33,41,53,63,4.54593250988131,0.472273940793328,0.510999116055419,2.92736964523563,0.723732577238475,0.507362911854887,0.672808559450855,0.845522302110223
17.4285038675506,25.0408094552633,31.5653853187395,37.1577596816135,44.1225893957439,50.7421808729759,8,22,33,41,53,63,4.54682695726481,0.440123305393612,0.537414811494495,2.91382817750476,0.717946388221025,0.515383231843043,0.676532110821835,0.851148594459068
17.4283599368104,24.9125990774344,31.5548455089895,37.1285989443563,44.1354247303787,50.7688145676046,8,22,33,41,53,63,4.5467745621836,0.419858964440334,0.560448609263323,2.91138294931716,0.713362736534547,0.523114255027352,0.679571158756106,0.856770362271495
17.4256947105521,24.831873197054,31.5707142266106,37.1304617938525,44.1785588724469,50.8201957827354,8,22,33,41,53,63,4.54580435444837,0.407711228266984,0.579626187390096,2.91506472861516,0.709920977420509,0.530755861505843,0.681389767793802,0.862156056707993
17.4206006784607,24.7826333103231,31.598322005968,37.1481874876897,44.4466110439457,50.9474878533189,8,22,33,41,54,64,4.54395007624474,0.400910481548085,0.595053604285911,2.92147366858773,0.707495626428913,0.477305545921864,0.650579117639858,0.792907237121508
17.4130250337417,24.7536151748012,31.6304203695279,37.1741109582641,44.4917201571965,51.0121914324002,8,22,33,41,54,64,4.54119264727593,0.397625384181385,0.607429122184396,2.92893068174265,0.705981409348492,0.480598289683304,0.654838710106681,0.797617951863
17.4026792150133,24.7380146127834,31.6639452776448,37.204668081488,44.5499476387363,51.0754433937772,8,22,33,41,54,64,4.53742726325445,0.396822147989067,0.617443977037299,2.93672554393399,0.70525399557381,0.485363636614847,0.655932513023805,0.801923726623501
17.3890246209409,24.7307516875993,31.6971565155264,37.2377560246752,44.6152558216195,51.1351992915278,8,22,33,41,54,64,4.53245826166468,0.397799267992733,0.625739867943953,2.94445394869759,0.705223780577531,0.490936882749465,0.654723846184688,0.805777314211524
17.3711521144628,24.7286254926326,31.7297613536439,37.2728552093502,44.6861995984229,51.1920489841607,8,22,33,41,54,64,4.52595539777508,0.400210985041287,0.632890561253078,2.95204749820606,0.70583512981128,0.497167650132524,0.651659185136412,0.809304242089223
17.3475416112683,24.7263136958777,31.7734993311284,37.3248303558876,44.7986339018169,51.2453399417007,8,22,34,42,55,65,4.51736663444483,0.40348331134204,0.530586633898953,2.80489436336159,0.707855154008563,0.507749655829549,0.638853205143908,0.810695814061484
17.315647869256,24.7212768666674,31.8006139651923,37.3603968338075,44.8752464526523,51.2961701223117,8,22,34,42,55,65,4.50576804986251,0.407626270148276,0.53656894279684,2.81105183975994,0.709929645920926,0.514985393987898,0.633298343704942,0.814155040962641
17.2711227865755,24.7092758146185,31.8267385991801,37.3989743139998,45.4805890566275,51.3877906327458,8,22,34,42,56,66,4.48958239537945,0.412668245711886,0.543696730945375,2.81698863826889,0.712989532723455,0.51782982612317,0.526265109633575,0.743655012100375
17.2059240726063,24.6835161246046,31.8516339726201,37.4419996921616,45.5690144520105,51.4355328360579,8,22,34,42,56,66,4.46589521563126,0.418818493343011,0.553223420465658,2.82264986547599,0.71745152135246,0.525625748706309,0.51809802794413,0.746815932631372
17.1039932354072,24.6328612657563,31.8751702432256,37.4925159024853,45.6744776381095,51.4902435174035,8,22,34,42,56,66,4.42889586621868,0.426873774149311,0.56729177195423,2.82800541673588,0.724107132238756,0.535125063064104,0.507975892438979,0.751138885065166
16.9293978439015,24.5372752720408,31.9224088918335,37.5974445357866,45.8404454747906,51.5956585671408,8,22,35,43,57,67,4.36561473917035,0.439415745741741,0.492261153382789,2.68679384808316,0.738400428556786,0.545759191255976,0.495996567808003,0.7592366576283
16.5882068032926,24.3525237154517,31.9405796296296,37.6882424817477,46.0089317147486,51.713670622998,8,22,35,43,57,67,4.24230370150816,0.464707587199399,0.527993006621409,2.69082342842392,0.756512955810283,0.559416945808896,0.486093024560325,0.773226015975021
15.7747451663446,23.9922817186517,31.9511075768261,37.8425647659296,46.2121317699611,51.9304816439134,8,22,35,43,57,67,3.95028057478142,0.541312442660261,0.595841780738292,2.69315904392278,0.792754342720737,0.568079760188158,0.488756249627156,0.802495627160342
13.2181812256904,23.3719372289269,31.9324755607268,38.1454528095927,46.3176562466101,50.9547324308017,8,22,35,43,57,66,3.05350704475954,0.918146828983027,0.712583237173677,2.68902600590363,0.875539376010118,0.533432935619179,0.384721177305757,0.746372428486844
7.89930677832174,18.914048713741,21.9298604307577,29.1352029582289,34.9488422385956,38.4274557296487,8,21,33,41,54,63,1.34337517258907,1.2603752455357,0.0388260043404447,1.00892662211227,1.14466636589466,0.253040642126332,0.192754038414322,0.491132595430062
7.86699951540353,18.9391156549013,21.9538949226272,29.1707650315588,35.0625118476986,38.4617443156991,8,21,33,41,54,63,1.33395441517158,1.27435866716244,0.038776070378136,1.0126829488794,1.14790168391314,0.263227230661733,0.181712793137802,0.492331382656873
7.83677875195169,18.9664219454963,21.9817826858306,29.2146997927327,35.1824518012048,38.5113011156967,8,21,33,41,54,63,1.32515644759572,1.28842685713152,0.0388041881685761,1.01704899347025,1.15240927651343,0.27332207476259,0.172172859954285,0.494869420196288
7.80822803414427,18.9943670862701,22.0105258235484,29.2605929899396,35.3045679117694,38.5756332311353,8,21,33,41,54,63,1.31685750867699,1.30228880545113,0.0388427967340926,1.02155736423123,1.15723166917199,0.283624749350679,0.164518753678325,0.499051841921039
7.78139124818653,19.0217485939246,22.0388246879311,29.307314189009,35.427266521652,38.6576153049847,8,21,33,41,54,63,1.30906820540008,1.31563439524265,0.0388872094354328,1.02600437729459,1.1624174876874,0.294070744185468,0.159223002261469,0.505393511829921
7.7562680482998,19.0479460373216,22.0661183294,29.3543553938505,35.5496496784591,38.7632976802384,8,21,33,41,54,63,1.30178636930825,1.32830477395632,0.0389403216109599,1.03030123877533,1.16798285703031,0.304601604468785,0.15707435106746,0.514724356941498
7.73274718977285,19.0730304020687,22.0917981560618,29.4011581734421,35.6708167012441,38.9021128304586,8,21,33,41,54,63,1.29497786577161,1.34033861277785,0.0389691912445179,1.03435103006126,1.17394326365831,0.315162260275133,0.159345294876576,0.528338490102779
7.71042676790362,19.0969248933183,22.1764551436202,29.4985775265253,35.8383142706956,39.2211020943218,8,21,34,42,55,65,1.28852484852088,1.35181099509422,0.0267927877101516,0.958116966370377,1.17754820793424,0.325264053329758,0.126461325682576,0.493121587435271
7.68826839342011,19.1210025702188,22.1969944966029,29.5430415214954,35.9545217965507,39.297032678132,8,21,34,42,55,65,1.28212642274863,1.36331803177469,0.0266661015381738,0.961216788443631,1.1843136053169,0.335754962803212,0.122163220857455,0.499526815239717
7.66388689083908,19.1468543132725,22.2147505991861,29.5862029107522,36.067611847375,39.3711095414741,8,21,34,42,55,65,1.27509500571446,1.37585299266646,0.0263777097808047,0.96390008046236,1.19150833244211,0.346124171168109,0.118072000640779,0.506081521342937
7.63248167621863,19.187276651602,22.2384425788231,29.6485228807156,36.1991604304843,39.4546195029269,8,22,35,43,56,66,1.26605191436449,1.2327722030154,0.0257881639360206,0.883117943914513,1.2024685589369,0.356527887541598,0.113132198254576,0.513089475992298
7.58691749641124,19.2211328556409,22.2509145930377,29.688777688406,36.3050515543426,39.3533282288272,8,22,35,43,56,65,1.25295979772226,1.25150461564004,0.0250472090621194,0.884910918022664,1.21036704705375,0.366517588770808,0.136547895996545,0.564286007083416
7.52307710501742,19.2605490077639,22.26145187599,29.7280096544085,36.4074250853509,39.3677943046033,8,22,35,43,56,66,1.23467269114971,1.27599304378861,0.0240688258953844,0.886427023395106,1.21853826351018,0.376242074016649,0.0851927004345525,0.500258411935693
7.47965649583999,19.2902024193573,22.2747204553628,29.7699015912525,36.5125611527579,39.3935194502461,8,22,35,43,56,66,1.22227284058437,1.29341380974361,0.0235250219012753,0.88833775860324,1.22670273671753,0.3860938346032,0.0783897040727035,0.501705533444987
7.45169227547091,19.2910916459235,22.2821046085964,29.8110596844174,36.6145565420509,39.4232652357894,8,22,35,43,56,66,1.21430339615386,1.30031289981406,0.023739610781263,0.88940190640985,1.23635366808959,0.395674986035661,0.0724668062473617,0.504308550871492
7.42485993753165,19.2865468542911,22.2875563512043,29.851570710805,36.7116982417134,39.4596721314211,8,22,35,43,56,66,1.2066687204967,1.3056499169276,0.0240723915470474,0.890187935244738,1.24639157997665,0.404684746461379,0.0676850565242965,0.507922893048158
7.39911220955643,19.276679830067,22.2918499552848,29.8921053648785,36.8043159467097,39.5006175858797,8,22,35,43,56,66,1.19935394669089,1.30945692127479,0.0245489991029662,0.890807202751071,1.25678877658699,0.41304788308729,0.0637589099406705,0.512218863082129
7.37438823030947,19.2609601805674,22.2935459019317,29.9311479042852,36.890837201892,39.5425802454466,8,22,35,43,56,66,1.19234048222298,1.31161702835859,0.0251435646366464,0.891051862525963,1.26752523382404,0.420735377320202,0.0604782755082188,0.516959091786703
7.35063820747906,19.2405597460858,22.294896035524,29.9705373348505,36.9726817911595,39.5857682889724,8,22,35,43,56,66,1.18561300999318,1.31242086737351,0.0258992161351268,0.891246656252111,1.27848370231033,0.427660562141031,0.057710978570998,0.521907040613632
7.32782585986977,19.2152979847304,22.2939334191691,30.00826962079,37.0477784167343,39.6269632466079,8,22,35,43,56,66,1.17916014951254,1.31183303839615,0.026760712896031,0.891107770548521,1.28965453352011,0.433794986305109,0.0553443117537835,0.526916205330142
7.30589846192946,19.1864187793794,22.2936552174351,30.0469276069646,37.1181703585119,39.6677298417668,8,22,35,43,56,66,1.17296596927714,1.31016513998512,0.0277982916187955,0.891067633571894,1.30091874676285,0.439034003875664,0.0533222414770203,0.531815680134994
7.29829903266753,19.1736566456896,22.2853783190896,30.1104995480672,37.2223425835649,39.79047399133,8,22,35,43,56,66,1.17082115656014,1.30892691876216,0.0279633293744585,0.889873870724401,1.32176640260744,0.445775380473344,0.0545848400611825,0.547603720428883
7.29267227024828,19.1686384283271,21.5492808599292,29.4710122311716,36.4614810424958,39.0518085197544,8,22,34,42,53,63,1.1692337342828,1.30907285292073,0.015256473893161,0.86559356362006,1.34992343465512,0.630691218604258,0.0561159679452282,0.689574671638638
7.28685389537552,19.1620541757443,21.5599761838108,29.5832592431686,36.6307139953326,39.2657835719136,8,22,34,42,53,63,1.16759282595172,1.3088891899148,0.0157191859959268,0.867136385979954,1.37967197533226,0.642472639174552,0.059275697682031,0.718192745034645
7.28078433001264,19.1572620226375,21.5774432721539,29.691996735812,36.7685276295665,39.4408196850561,8,22,34,41,52,62,1.16588169662427,1.30919552709738,0.0163289092976229,0.869658689669397,1.63631890993548,0.648514114933734,0.0619791149517897,0.824811199491049
7.27442139591887,19.0633074374242,21.4397532718786,29.6367198866183,36.7071875480998,39.4264513055249,8,21,33,40,51,61,1.16408854175062,1.45292148179664,0.01514548771169,0.933646479759392,1.66251706845552,0.647252613649156,0.0654874722644452,0.843825154291266
7.26771603958622,19.1136131564282,21.4033001734183,29.6253834686829,36.696496204342,39.4484176152912,8,21,32,39,50,60,1.16219964320077,1.46742022159088,0.0223602223925288,1.01754445747575,1.67051781335749,0.647386784296239,0.0679903698600118,0.852897878344155
7.2606319836299,18.4032993778908,20.8618202425777,29.1851552902621,36.213524640323,38.9851926927197,8,20,31,38,49,59,1.16020490811116,1.46289175093287,0.0291338303210414,1.02422459685185,1.70284769611306,0.638518118165867,0.0695290803026657,0.865116736829448
7.25503389680026,18.2501500945473,20.7828227192858,29.1936944318523,36.2098836048919,39.0541492922425,8,20,31,38,50,60,1.15862920722435,1.42447234296365,0.0324704239441152,1.01151659381769,1.73089614025104,0.524844122811876,0.0753498978638124,0.800554169183219
7.26672844544974,18.0018114290532,20.6773753126057,29.1627062252377,36.1208134141032,38.9978066971556,8,20,31,38,50,60,1.16192150352674,1.35748389249581,0.039540162725417,0.994658491243561,1.75482445168461,0.514149903044462,0.0780580614258529,0.807893061268661
7.27797668271451,17.8489959690255,20.6294778833326,29.1648632695412,36.0640239175902,38.9820098583651,8,20,31,38,50,60,1.16509038032924,1.31570407844448,0.045277331557809,0.987040792297209,1.77094575798165,0.503385574754297,0.0815236945600826,0.812706564325015
7.28864854940339,17.6952374965248,20.5826483768353,29.1631265133256,35.9945474928061,38.9553092419769,8,20,31,38,50,60,1.16809889540928,1.27421887332628,0.0516074539790732,0.979617056716247,1.78549333818061,0.491127497620608,0.0852270876618952,0.81573132351576
7.29866744898843,17.5348932904834,20.5349002815507,29.1566981345143,35.913120791097,38.9175733330655,8,20,31,38,50,60,1.17092511312118,1.23165687943003,0.0588050516264072,0.972072327340748,1.79884374181894,0.477697198092527,0.0891011674514108,0.8172376905107
7.3031953156256,17.4517836202014,20.561247585195,29.1808606585686,35.8866034531441,38.9127218569456,8,20,32,39,51,61,1.17220293774409,1.20993238812828,0.0435213030563943,0.887670767327905,1.79813736167557,0.46870671167079,0.0910564816984177,0.812547760480241
7.30220633247009,17.4625839519785,20.5889921957676,29.3299564925583,36.0510130731873,39.019026456863,8,21,33,41,53,63,1.17192380346088,1.05801254453537,0.0444060571680349,0.809100351640524,1.59406958088755,0.47141606854088,0.0858637025417871,0.741705318215001
7.30107909010142,17.4651771014675,20.6185845187829,29.3763064476619,36.0743012596731,39.0393942232499,8,21,33,41,53,63,1.17160566681909,1.05886885617996,0.0458382889481511,0.813298545077319,1.59915813021351,0.46733832461682,0.0856070151278485,0.74039566317268
7.29982791851262,17.4689868417951,20.650070516617,29.4261338082522,36.1019470575147,39.3909190992694,8,21,33,41,53,64,1.17125257967909,1.06003407540138,0.047335165826127,0.817776150303418,1.60473169386907,0.463429760117348,0.0797927222686448,0.707341582475165
7.29844823275762,17.47248537325,20.6817084299951,29.4770144703471,36.1304895474738,39.4044229819769,8,21,33,41,53,64,1.17086325628289,1.06115762805683,0.0488870063823548,0.822286514331522,1.61058376672336,0.459507071509676,0.0786109967437489,0.704859418587366
7.29694591275612,17.4753662948198,20.714227303441,29.5293773300675,36.1600000997386,39.4144479810943,8,21,33,41,53,64,1.17043936475007,1.06216750981491,0.0505542097697805,0.826934101818203,1.61662359873097,0.455508141002507,0.0770944328958036,0.701786070909858
7.29532063200905,17.4773796632917,20.7470833700309,29.5823085377618,36.1893538312391,39.4215029725413,8,21,33,41,53,64,1.16998082246124,1.06300607900829,0.0523249335266918,0.831641834546349,1.62273884229499,0.451397256541085,0.0753791475204156,0.698268485630129
7.2935808713653,17.4790643755909,20.7819450933771,29.6373490815776,36.2200423844014,39.4279386347798,8,21,33,41,53,64,1.16949003205734,1.06379548639168,0.0542705005022715,0.836650057674834,1.62889077372972,0.447167327112124,0.0735380639169106,0.694402472117923
7.29173054097289,17.479748812191,20.8171120928691,29.6930207616508,36.2506752208211,39.4339542776194,8,21,33,41,53,64,1.16896810669123,1.06437992266333,0.0563376007535686,0.841715788900974,1.63514727348344,0.442835110721469,0.0716954610682909,0.690448121854108
7.28976280944145,17.4800627256043,20.8543085916462,29.7509601905313,36.2830732469946,39.3897897752298,8,21,33,41,53,63,1.16841313032306,1.06490608678454,0.0585994483280518,0.847088756139711,1.64148180568549,0.438433795525541,0.09852858746005,0.756750405224805
7.28768844701012,17.4805751054185,20.8943880019524,29.8118837436139,36.3183273336337,39.390280854231,8,21,33,41,53,63,1.16782815194172,1.06550271135027,0.0610845360596749,0.852895252203191,1.64785263212809,0.434028657434475,0.0952675254030988,0.751085981502578
7.28550342994145,17.4814795166663,20.9369861314218,29.8755054264717,36.3565017849295,39.3942735476847,8,21,33,41,53,63,1.1672120484958,1.06621542203329,0.0637690013866824,0.8590860446291,1.65428374110656,0.429679788907349,0.0921175383712767,0.745580697350574
7.28320694626051,17.4830553192642,20.9817036166441,29.9415547708097,36.5633182189159,40.0032245144724,8,21,33,41,54,64,1.16656460359077,1.06710895265829,0.0666179304670243,0.865606295565729,1.66081473040161,0.367358603634308,0.132685405917441,0.746269103016266
7.28081210211709,17.486417569227,21.0309855773873,30.012291443025,36.6252335487694,40.0600041650042,8,21,33,41,54,64,1.16588952468087,1.06843785466474,0.0697300536468446,0.87281747691129,1.66738896851129,0.366007570203729,0.132119628812587,0.747322031789668
7.27831067305032,17.4920663614874,21.0844015631008,30.0873058983917,36.6910848809389,40.1178994035235,8,21,33,41,54,64,1.16518450612064,1.07032008164039,0.0730547714631,0.880663544254995,1.67401294405888,0.364606512317681,0.131245533748064,0.747951392148756
7.2757219086194,17.5004977534632,21.140201017766,30.1650239015123,36.7594725578075,40.1755711870238,8,21,33,41,54,64,1.16445498588094,1.07286681440936,0.0764397954746665,0.888892907834718,1.68074089314444,0.363182322291828,0.130072840900055,0.74821453631057
7.27303226647959,17.5128495561748,21.2005641200657,30.2474733185673,36.832042134207,40.2346571755605,8,21,33,41,54,64,1.16369716037306,1.07634603973141,0.0799603547890854,0.897833394998129,1.68752623400436,0.361676934263774,0.128604790088102,0.74803504136026
7.27025210241972,17.5298906417081,21.2639856505548,30.333500379658,36.9079949665506,40.2948705926492,8,21,33,41,54,64,1.1629139607786,1.08093647486081,0.0834469748459782,0.907269348654413,1.69447719108297,0.360144770433867,0.126901757809017,0.747584235883734
7.26738250508981,17.5530824241208,20.995099999419,30.1067876410519,36.6370388525525,39.9404465864987,8,21,32,40,53,63,1.16210570680289,1.08698172785765,0.0923762270652556,0.953628939435236,1.70746132244081,0.353450002820048,0.118062648916956,0.735609985629519
7.26443787024783,17.5839426136727,21.0699874382444,30.2036718853668,36.7246207955646,40.0092588975136,8,21,32,40,53,63,1.16127646545618,1.09483944580444,0.0961836055210066,0.965221252898476,1.71424210131549,0.352049496569774,0.116119759416782,0.734762899437849
7.26141802236406,17.6240226025154,21.150227032868,30.3064729170532,36.817786703932,40.086158811601,8,21,32,40,53,63,1.16042619886358,1.10488425981226,0.0997292596374969,0.97770896621867,1.72120291106224,0.350601487028332,0.11444939299287,0.7342974204075
7.25832961469229,17.6765708800973,21.2360614367333,30.4158415222435,36.7915874858264,39.8782534586663,8,21,32,40,52,62,1.15955679165961,1.11789458762895,0.102720532690218,0.991143646318585,1.72847026707273,0.411886195818511,0.0966406090516115,0.772114258912954
7.25518449734048,17.7453353171126,21.3280252614676,30.5327296266453,36.9278826753476,40.0851112408674,8,21,32,40,52,62,1.15867158985988,1.13478257287371,0.10483342209994,1.00562469132191,1.73617399830254,0.415143577274088,0.103370011437295,0.788810918695633
7.25197789844311,17.8358715114242,21.4261671371922,30.6577854994984,37.0755689549485,40.3141896367668,8,21,32,40,52,61,1.15776926017974,1.15691927583793,0.105531121584536,1.021177268788,1.7445009082932,0.418955485720245,0.160292306754524,0.894838786673359
7.24872654501895,17.9545911948978,21.5293218198045,30.7901526914414,37.2331697137039,40.5615439514842,8,21,32,40,52,61,1.15685451851997,1.18592436934845,0.104105930327174,1.03763342591711,1.75354852685891,0.423222961317645,0.172109272981935,0.91753826741695
7.24542216579933,18.1092167454305,21.6343600949036,30.9268600189709,37.39810836667,40.8239334018294,8,21,32,40,52,61,1.15592504622643,1.22381477508629,0.0996346866927973,1.05450435037748,1.76336817643992,0.42801867680718,0.185378566296485,0.942584790245326
7.24208105375597,18.3078929880487,21.7309118343233,31.0559733976347,37.5575633096819,41.0882776128744,8,21,32,40,52,61,1.15498543410432,1.27281986512051,0.0907590717374703,1.07011327212745,1.7734766686751,0.433197780277124,0.200160808001697,0.969608196588001
7.18620098075227,18.623856515173,21.9303824351921,31.2733586618876,37.6729764629717,41.3452500998248,8,21,32,40,52,61,1.13929925980418,1.36454456308603,0.0811845083268583,1.10266456510171,1.77904332408055,0.415894478449117,0.220912661246602,0.97894314986833
7.12779317312859,19.0194001503565,21.8784993600107,31.1859498471249,37.4962632285249,41.2554546038698,8,21,31,39,51,60,1.1229621784764,1.47907524509004,0.0765708847317705,1.1936241698634,1.76800793921694,0.400982968266323,0.234099389182163,0.972784151805263
7.07069310087596,19.5029076183296,22.2006374533281,31.43297112132,37.6953139611908,41.5522061281702,8,21,31,39,51,60,1.10704956596394,1.61890904964861,0.0638656697960991,1.2494965556816,1.74472233200129,0.393067781977993,0.249316340949003,0.96866917699314
7.02619203237993,20.5400525140071,22.9370785645886,32.0173987211995,38.351831039098,42.191249691294,8,21,31,39,50,59,1.09468874158253,1.90893857356547,0.0435895090116905,1.38102549497144,1.69780191706752,0.500975908819322,0.24656458283739,1.04982544011069
7.02324578251115,19.1565924946591,21.4300772444946,30.5532020476214,37.0645611386679,40.9769024710641,8,20,30,38,49,58,1.09387164573677,1.72800359559605,0.0365339890657805,1.21983106314523,1.71098624507728,0.534850489912548,0.258134782074776,1.10002444358178
7.01794597443217,19.3107552366889,21.6053141100778,30.6982230510601,37.2787651708624,41.2496496720053,8,20,30,38,49,58,1.09240222574998,1.77177236175813,0.0376855675317676,1.25076113533116,1.70167713277728,0.548324711763765,0.267586116579663,1.11696146415069
7.01035539823835,19.5397690979655,21.8098850772037,30.8609099702948,37.0428572315128,40.9841176581449,8,20,29,37,47,56,1.09029856168317,1.83723979238876,0.0592807028698943,1.39944125627715,1.68879130677566,0.582627546599106,0.26278558268716,1.13955559401307
7.00050707742021,19.8943462136378,22.1668781685222,31.1818079288799,37.428522144174,41.4524369386307,8,20,29,37,47,56,1.08757075146685,1.93926087438001,0.0594691375409501,1.46708982821195,1.67770345297584,0.596212512321587,0.276270675676558,1.15946292522303
6.9884113089388,18.4760648034115,21.0695393587862,30.2427345156525,36.5567313964739,39.8439360611053,8,19,28,36,46,54,1.08422286784461,1.74915598276972,0.0873973219121243,1.3760475119115,1.72643618345493,0.610442349117076,0.234207461449538,1.17620122498833
6.97371706763274,17.5815753139389,20.1773499950915,29.1730143351376,34.5956787211428,37.8148430217828,8,18,27,35,43,51,1.08015938864124,1.70688995859399,0.087618035462011,1.32376122913269,1.67179189543036,0.676504420651135,0.223112882662793,1.1909376177781
6.95428378076071,16.5152358442528,19.2621934638964,28.2713728490643,33.7251231849472,37.0783953129997,8,17,26,34,42,50,1.07479150360181,1.61661388177925,0.102755458985901,1.26685542454902,1.6759384882676,0.684038825684803,0.245193354095447,1.22505672127993
7.00216197843152,16.6672332287857,18.7702714909594,27.3097532065557,33.3818417431074,37.2807901539935,8,17,25,32,41,49,1.08802900570417,1.64728518479054,0.0767206334307435,1.29022766103065,1.77226634511067,0.687605099311787,0.343463667881108,1.36102223141502
7.10868930258854,16.8274276118272,18.8576011829121,26.3873985845627,31.844849210249,36.4389117488615,8,17,25,32,41,49,1.11763182830552,1.66314690598368,0.0697449320910549,1.30709713075155,1.45292676878153,0.550387121507518,0.485883448618876,1.18028732463048
7.09864781103764,16.8412497212021,18.7766955647927,26.2153631635469,31.7177165439193,36.2703835334568,7,17,25,32,41,49,1.32074034308745,1.46198628165667,0.0611901425311656,1.29146578293556,1.42476213412491,0.560057432244968,0.476919484049586,1.16375032163404
7.1321237291566,16.8352200407831,18.7759491023803,26.1811149789215,31.8081427039478,36.5744465546285,7,17,25,32,41,49,1.3309047990848,1.45103826261004,0.0616518551485896,1.29132189304365,1.41443771434151,0.587210343199156,0.523786483248116,1.22166026361978
7.16374172032795,16.823119584754,18.7750673671597,26.1279333671354,31.8863110799613,36.8076259475154,7,16,24,31,40,48,1.34052084419741,1.64560454505429,0.0626383420011597,1.41420981023348,1.39835243520551,0.616287773298089,0.558704785749385,1.26685019760191
7.19269210305936,16.805925574843,18.7703304835645,26.104489502988,31.9895133229819,37.0746827432066,7,16,24,31,40,48,1.34933888230249,1.63199795620729,0.0637433628727523,1.413250926493,1.39260857008527,0.644767781108461,0.596410445425447,1.32009409011033
7.22074806827002,16.7888688371969,18.7722938214856,26.0955213345458,32.1190818209391,37.3630922187759,7,16,24,31,40,48,1.35789653702757,1.61872128013679,0.0654500873254436,1.41364833479612,1.38925448004894,0.676405818577833,0.633710195032719,1.3770835901547
7.24639317122022,16.7686166833921,18.7738650847589,26.0904497195239,32.2493509383625,37.6254416600819,7,16,24,31,40,48,1.36572913866427,1.6052399917281,0.0674373756251511,1.4139664107275,1.38721711401524,0.707787726188458,0.665264564170502,1.42973019999977
7.2686786957589,16.7439198151427,18.770888973767,26.0826900245644,32.3620185727972,37.8296561366165,7,16,24,31,40,48,1.37254359936878,1.59146764546009,0.0694460152614844,1.41336396894087,1.38575039258761,0.736093701587543,0.68741300427473,1.47206686733482
7.28749705944718,16.7156559028355,18.7634116462866,26.0721584285158,32.4533407334335,37.9696755099785,7,16,24,31,40,48,1.37830360185745,1.57769433828927,0.0713968612895323,1.4118507766327,1.38481408175798,0.760307441786535,0.699285069191615,1.50247569411859
7.30279233080087,16.6856868020408,18.7530475278278,26.0793943416096,32.5388904622151,38.1037817075106,7,17,25,32,41,49,1.38298909006248,1.36310747429795,0.0732623625413653,1.28691027225657,1.39021139015792,0.779091641094035,0.711184382351469,1.53247522385596
7.31467209929543,16.6540512322371,18.738343433445,26.0642817703678,32.5809278447172,38.1143718861812,7,17,25,32,41,49,1.38663066057574,1.3512709232387,0.0748933703768353,1.28408077117744,1.39008607332406,0.792889348095594,0.703470913706416,1.53774929186748
7.32660437960736,16.6559264773067,18.7473609244725,26.0707436883934,32.5930632236211,38.1191046177301,7,17,25,32,41,49,1.39029041016919,1.34853925844845,0.0755869018417616,1.28581572315079,1.38930210310104,0.794263184064997,0.701658894283028,1.53685543141816
7.3383486888269,16.6589806069357,18.756342674905,26.0751363348351,32.5965672633027,38.1195599141949,7,17,25,32,41,49,1.39389453964232,1.34618004983915,0.076164972946405,1.28754467832649,1.38789454875328,0.794047958172841,0.700913037353099,1.5350772429734
7.29154737533099,16.6224537582741,18.6754744768042,25.9887850159846,32.7057430237904,38.3082733986256,7,16,24,31,40,48,1.37954402300621,1.54933516131274,0.0718954141943164,1.39409921459009,1.38621318903421,0.841834524593337,0.720450090410956,1.59164935046923
7.23830416696481,16.5920862163033,18.5964579279239,25.9202406395096,32.8450396798072,38.5376248876627,7,16,24,31,40,48,1.36325751202488,1.55599471006532,0.0673569456577542,1.37821848454347,1.38942478828647,0.893547996707646,0.742765107506302,1.65723621635356
7.18442346181078,16.5712916419347,18.5297651701919,25.865376749626,32.983429091844,38.7268363075451,7,16,24,31,40,48,1.346819033343,1.5656388094992,0.0632159502859253,1.36486652319604,1.39305438723125,0.942444519816368,0.75544803998166,1.7123582259735
7.14527144903379,16.559148535178,18.4852761945686,25.8306153003145,33.0920654913973,38.4375255897755,7,17,25,32,41,48,1.33490159403024,1.37155179786457,0.0603802607918949,1.23575448141885,1.39604073521461,0.97921371577524,0.816215927392706,1.80265935758771
7.1710799404269,16.6569155345742,18.5953846682117,25.9514840621648,33.2407450139051,38.5447810852384,7,17,25,32,41,48,1.34275480382833,1.39121752947328,0.0614541311728412,1.25669443417751,1.39934574535038,0.986391600653719,0.805064418971703,1.8020211626559
7.19655339452526,16.7098748888369,18.6558650624858,25.9951417822951,33.6298382486749,38.7737409518042,7,17,25,32,42,49,1.35051595471942,1.39874878766316,0.0621134512786452,1.26825322425085,1.39417942242754,0.911705861407006,0.762350775361828,1.69523312401236
7.22128656529582,16.7248536965387,18.6770335220108,25.9990734526461,33.6677967985587,38.7834930512902,7,17,25,32,42,49,1.35806090535058,1.39607481737589,0.0626588329340672,1.27230834462412,1.38889020194901,0.919969441302808,0.754893449884917,1.69276934604463
7.24583645432052,16.7216171041399,18.6784896225577,25.9797968772314,33.6821182045054,38.7769666910587,7,17,25,32,42,49,1.36555900042819,1.3884651225195,0.0630739837840112,1.27258746179694,1.38253400727714,0.928151398072005,0.749394677279319,1.69104737494666
7.26955262710499,16.7159428738025,18.6771630095059,25.9589134093524,33.6912994443274,38.7667493934747,7,17,25,32,42,49,1.37281097993311,1.38042819154654,0.0634598904040228,1.27233316489847,1.37654408564019,0.935491780207453,0.744288168061314,1.68913019313077
7.29238006996057,16.7953219927487,18.7619831865628,26.006597724362,33.7560504980254,38.8135930036579,7,18,26,33,43,50,1.37979906814619,1.21475579195788,0.063944592469865,1.17392846217129,1.36518558673122,0.939666560134227,0.73958279643159,1.68094939376293
7.31430658297432,16.7915800727733,18.763295823535,25.990344704778,33.7674005079322,38.8059794910862,7,18,26,33,43,50,1.38651858598297,1.20820902883728,0.0643965947907069,1.17416870861736,1.35982003944528,0.946430708688203,0.734608998217172,1.67902853836266
7.33531987466076,16.7893914632556,18.7657250939988,25.9762729244022,33.7797375604997,38.7997113006783,7,18,26,33,43,50,1.39296485524835,1.2023002614061,0.0648110036232736,1.17461337855427,1.35478388444887,0.952916076697766,0.729738284990959,1.6771576248132
7.35539540618462,16.7898155787447,20.4715733120301,27.3123540743905,35.0053462964134,40.5026607379447,7,18,27,34,44,52,1.39912946486689,1.19730232453158,0.222335271521145,1.37979169725563,1.24303118052634,0.925877288026967,0.694640633999751,1.5415380575505
7.3745212430919,16.7937661133554,20.4802599354422,27.3072915862631,35.0246836532575,40.5242603705637,7,18,27,34,44,52,1.40500789652963,1.19344697496134,0.223047183081387,1.38145929479599,1.23891777464721,0.93182874064632,0.695192546710061,1.54419554644178
7.39268697245403,16.8184271197201,20.5822263630629,27.3820103922991,35.1131130802601,40.5683434829295,7,19,28,35,45,53,1.41059613313845,1.03538094979728,0.234807756798812,1.28508908752633,1.23077510197273,0.935178084818068,0.684398194464101,1.53229601633437
7.31954976391927,16.6077049778965,18.960236318601,26.2364917226752,33.8730584724412,40.482401815358,7,18,26,33,43,50,1.38812643718193,1.16029610219312,0.103152065086287,1.21043077045868,1.37486208009234,0.912159469021414,1.17421027874596,2.00736416014692
10.0872596832478,17.9555901749395,21.796295342086,29.2615972808853,36.2531884766032,43.4123478578901,8,19,27,34,44,51,2.01342659385153,0.820470531002227,0.332366734835515,1.64261359634679,1.43298161823459,0.760049956579916,1.33912626600434,2.02884940988028
9.79631011325242,17.5362770361847,22.0655843578367,29.545450271658,36.218437029513,43.0588644081273,8,19,27,34,44,51,1.92109990354553,0.791659916378865,0.471886504730232,1.69805667676746,1.43748038683877,0.688317973979513,1.24292541783166,1.88774525288375
9.47469003846245,17.2825715745921,21.8236710512144,29.3134276181184,35.9821961870571,42.8408534538899,8,19,27,34,44,51,1.82008300307881,0.806860005290179,0.474424891163005,1.64821978884683,1.44053728964737,0.687384382757833,1.24838402100302,1.89309873914471
9.16887557005175,17.0489209581657,21.6018992612381,29.0976003056402,35.7621838309406,42.63939359965,8,19,27,34,44,51,1.72510214160813,0.823117013311312,0.476986682706468,1.60300197066685,1.44237521230909,0.686458552742808,1.25394477631805,1.89765202721195
8.88244857858373,16.8375896968942,21.4024519653523,28.9003897259348,35.5608040705322,42.4566189590283,8,19,27,34,44,51,1.63714387049776,0.840148865039353,0.479554335623784,1.56272585926715,1.44306689251726,0.68553665358255,1.2595269025595,1.90139221863303
8.61794302377309,16.6496825761485,21.226482155781,28.7234768113018,35.3796348672983,42.294019155173,8,19,27,34,44,51,1.556824253577,0.857640087015777,0.48213828501077,1.52750179513552,1.44277523892309,0.684595927368922,1.26510387883355,1.90439328932526
8.38692896937849,16.6003281651483,21.1104648304958,28.6424572617467,35.3386900650183,42.278156193514,8,20,28,35,46,53,1.48742313180385,0.763310617909499,0.467769880466512,1.38379464734629,1.4536066069218,0.571137272414893,1.27264553388839,1.78155264076865
8.18027307763055,16.5367858649244,20.9740669416149,28.524978153275,35.1749360350993,42.1735095631011,8,20,28,35,46,53,1.42595852178227,0.79394384651278,0.452239939387747,1.35803933184397,1.45946886288956,0.561970765172093,1.29045768050858,1.78842957247844
7.98530121264553,16.5060473691306,20.8726472713151,28.4379020410357,35.0401302558875,42.1003345427446,8,20,28,35,46,53,1.36852762160237,0.829611644789712,0.437349770928693,1.33900901481865,1.46391674031847,0.552574326544556,1.30908883416389,1.79455463878495
7.82043227354757,16.5110845939036,20.7987844519039,28.3754242161188,34.9274218479109,42.0426997297878,8,20,28,35,46,53,1.32040342705238,0.867074437507177,0.420937482629937,1.32521446655956,1.46744921118399,0.542749984892568,1.32578766474403,1.798077045174
7.68155483724735,16.5528699569083,20.7471887329606,28.3293389942742,34.8264101681305,41.9864586012741,8,20,28,35,46,53,1.28018935237098,0.907519558539697,0.401804798199176,1.31561118383591,1.46915962093228,0.532083579963131,1.33939681302482,1.79706848403503
7.53631755793638,16.7178505735313,20.8241804292181,28.3781313285555,34.8235768923978,42.03359714991,8,20,28,35,46,53,1.23845997973074,0.978384639296507,0.384073539275858,1.32995119111974,1.46041121862891,0.52213164176603,1.35462293542577,1.79059171256026
7.38407150235425,17.7407027780171,22.1517983808194,29.387318242397,35.8292954651414,43.3952948866577,8,20,29,36,47,54,1.1950861158135,1.26169312081652,0.343090595917709,1.4642077959753,1.36240698233314,0.521465614528366,1.46414773171669,1.79798611797601
6.60337485816795,20.6623512501393,24.9463786561384,31.2238884170893,37.6383818838223,45.2034897736966,7,19,28,35,46,53,1.17244748651715,2.2743844765257,0.320515673693685,2.17730906426379,1.07716262046498,0.516199394102601,1.463871179017,1.58828913292942
6.54113605511066,21.6909624714607,25.9900166170378,32.1167664734533,38.5130800911133,46.0646204655569,7,19,28,35,46,53,1.1541021149979,2.59921449597252,0.323153169689624,2.41382509734043,1.03374289993428,0.51272717090051,1.4596639036845,1.55050025214705
6.48138262986461,22.2686900257295,26.5533140017838,32.6366584185057,38.9973035498053,46.5535632195347,7,19,28,35,46,53,1.13655328155113,2.79345308206072,0.320620217695305,2.54472153046828,1.02132310746379,0.50594091698676,1.46112706321506,1.53519821606563
6.42461340670809,22.7372906868483,26.9955194126468,33.0687274723293,39.4041888017784,46.9803589355497,7,19,28,35,46,53,1.1199397533864,2.95577435434433,0.316007847452847,2.64900055519581,1.01842806753214,0.501170459120441,1.46730346145137,1.53203374329479
6.37148637848224,23.2771345335086,27.5014995179977,33.5776910180365,39.90949351779,47.454135314856,7,19,28,35,45,52,1.1044448096046,3.14126336646902,0.310130101930858,2.76990806048598,1.01927995632503,0.614227897627085,1.45752564203025,1.65969326183852
6.32295015351359,24.1091824220659,28.2925502342907,34.3738816300128,40.7035100704183,48.2331309690391,7,19,28,35,45,52,1.09033392975273,3.42087865619018,0.303074380196321,2.9622121607234,1.02074800857959,0.613765242475948,1.45287210570467,1.65711065935402
6.3109227472565,24.2038260450005,28.5370045245671,34.4874412069715,40.830720183851,48.6652613729211,7,18,27,34,45,53,1.08684393906817,3.73592255227764,0.329174910928494,3.20106680382569,0.983525806240292,0.502649456363279,1.32450559569402,1.43405035332816
6.3769732420999,24.1610023720279,28.4966814153993,34.6956008953338,41.016431325626,48.6245501568108,7,18,27,34,45,53,1.10604271997572,3.69980891364985,0.329617924908431,3.19082888480624,1.05447403438906,0.498407008019315,1.25904750755532,1.43397370054533
6.43795671080129,24.210809893335,28.5209211866148,34.9260029208314,41.2954271241253,48.6195794356231,7,18,27,34,45,53,1.12383947348209,3.69610541973101,0.325099475004219,3.19698215545395,1.11423721779734,0.50760798897303,1.17812185165,1.42820885682492
6.49433847294752,24.352825378302,28.6375151915413,35.2017945388357,41.6643129169647,48.6706053610897,7,18,27,34,45,53,1.14035288415837,3.72449980083159,0.320631755963482,3.22662731823239,1.16091589532804,0.525414868722536,1.08917298056128,1.41530002050856
6.54862205119644,24.4720395217514,28.7330648725772,35.4330738964919,42.0104790240856,48.6903487272938,7,18,27,34,45,53,1.15630509407054,3.74605540276364,0.316495256740032,3.25098041763405,1.20106350655293,0.547711008376691,0.999752646574932,1.40042984092054
6.60178906840609,24.5694174880098,28.8149613937674,35.6233101059179,42.3227205488712,48.6926587896855,7,18,27,34,45,53,1.17197922695668,3.76074525104922,0.313800895946928,3.2718954876958,1.2333332535571,0.571768751972364,0.916789242582025,1.38488119121853
6.63432606726653,24.9055288716611,29.1572764788028,35.9304880697555,42.8567248336857,48.9706319804097,7,18,27,34,45,53,1.18159559164353,3.86188773955052,0.314879455956639,3.35973060673776,1.22284599705871,0.617506566280519,0.849780566305366,1.37235831225022
6.67821200087173,25.356482192683,29.6427120181726,36.3182765279373,43.4564290572905,49.3510700396481,7,18,27,34,45,53,1.19459490334792,3.99824508260057,0.320901697920144,3.48541185607039,1.1938097680979,0.661384766605797,0.793562391778489,1.35201434367119
6.74111535791774,25.6551362585045,29.9804614876048,36.5737977580279,43.9123401360322,49.6292478457427,7,18,27,34,45,53,1.21328425214698,4.07758825023902,0.327785137613813,3.57361528541864,1.16948397863748,0.703856035362096,0.748826946005518,1.34052279766127
6.83614591147064,25.8024427546699,30.1678775473347,36.6959175326636,44.2212654851872,49.7942629570698,7,18,27,34,45,53,1.24164419820531,4.09521818618547,0.334907891776614,3.62282227092963,1.15025056964808,0.744274634369369,0.713176839543019,1.33621116233005
6.98548783746469,26.9284338992465,31.1717475162829,37.8457073365641,45.7633517768999,51.2347886687,7,19,28,35,46,54,1.28650950964582,4.12428606168174,0.313413510143209,3.69315581671658,1.19333394220532,0.83163006562109,0.688337014362987,1.42119128202631
7.22854553252522,26.7608541482005,31.0523464030507,37.7034370219396,45.7827016277096,51.1413207265132,7,19,28,35,46,54,1.36027702208822,3.98849339718716,0.321824816867204,3.66194295754788,1.18655748349101,0.868551889912083,0.661063132706217,1.42629958186315
7.63996354642601,26.4941421404916,30.8359781928633,37.4675818935318,45.6921146234346,50.9528207759194,7,19,28,35,46,54,1.48712955271268,3.76609795019666,0.330709751947659,3.60557046958768,1.18079029325032,0.902183502630863,0.637672263985084,1.43179662050969
8.36802725534313,26.1543762257034,30.5497729548419,37.1490695619346,45.5039312011672,50.677271124211,7,19,28,35,46,54,1.71715672339437,3.42091602566909,0.340268404032486,3.53138082832228,1.17124332900351,0.932706143675856,0.617026135694655,1.43390051239501
9.77222583530973,26.1362700025836,30.5987865745122,37.1623872850577,45.5398058760523,50.662516112949,7,19,28,35,46,54,2.17767132300765,2.97174888271987,0.352399029600294,3.5440552225373,1.16071595979726,0.938021902358111,0.605160688720901,1.4213267920606
9.79618245272433,26.3349123356821,30.786138792162,37.4465553226896,45.7621999734261,50.8794646851966,7,19,28,35,46,54,2.18569556925958,3.02620894809042,0.350346821690504,3.59262005305439,1.18931980274001,0.923487339494605,0.603888879776856,1.42715741675485
9.82202915822091,25.3343237273271,29.9611455924858,36.4178792899505,44.4824004890575,49.6206879339755,7,18,27,34,45,53,2.19435865536763,2.96190367829454,0.382792114917318,3.56855441492759,1.12933266890111,0.865161946742382,0.608803487629239,1.34259492311709
9.84976460035337,25.3982499460185,30.0529915675681,36.6084062527132,44.6055306895523,49.7404655428015,7,18,27,34,45,53,2.20366140829739,2.97340469997457,0.388053175877553,3.59263630534053,1.15830488010607,0.849721015033499,0.608018879052457,1.34798154548916
9.87919093782891,25.4614818510908,30.1550103954231,36.8120041998854,44.7370364649006,49.8686657623635,7,18,27,34,45,53,2.2135387562059,2.98415579307796,0.395407644428847,3.61943799367894,1.18830582461865,0.833306212649091,0.607245595002521,1.3530380043094
9.90991114794174,25.5261952582221,30.2690256279597,37.0291594077063,44.8777145536264,50.0054419604071,7,18,27,34,45,53,2.22385855280834,2.99497438046006,0.404831780693139,3.64945626731719,1.21894793229487,0.816009590357932,0.606333212602221,1.35743965461735
9.94104220539004,25.5885355829821,30.3902662632651,37.2548417652491,45.0205034123676,50.1060654823698,7,18,27,34,44,52,2.23432480505461,3.00491384276275,0.41620077666767,3.68145160277073,1.25015729093162,0.943636761258362,0.596501754683617,1.47716511363204
9.97102420259617,25.6498440579361,30.5184911441991,37.4885926472696,45.1682919307727,50.2435490214171,7,18,27,34,44,52,2.24441273223809,3.01489723424805,0.429260445528229,3.71537329301647,1.28187065701668,0.922639903447268,0.594106860244482,1.47904130189119
9.99698068908488,25.7068549452143,30.6495026052779,37.7278550289004,45.3167944111905,50.3792944458025,7,18,27,34,44,52,2.2531525096674,3.02480042142825,0.443877467092265,3.75011986456071,1.3145863457586,0.900630024748296,0.591146400694983,1.4800009330849
10.0139325039653,25.7593811682523,30.7808611819348,37.9724823080525,45.4651978290001,50.5121216556744,7,18,27,34,44,52,2.25886347674198,3.03615295794197,0.459647290859749,3.78504680930277,1.34901244649271,0.877476397094317,0.587538190868136,1.48029868855731
9.65943420146283,25.8677277652352,31.6671009013885,39.027154906871,46.4552929558714,52.9815570145552,7,18,27,34,44,53,2.13996151941866,3.18461283523006,0.625459700455232,4.02294914603998,1.40056082249491,0.862043951616606,0.795218789100908,1.6752058352865
9.14787041984129,25.8714876875464,32.4585932696958,39.924790405986,47.3383243869493,54.9566237907382,7,18,27,34,44,53,1.97042970927823,3.35149745676763,0.81000314052636,4.23863179005106,1.43325805544838,0.85856591271788,1.07243111612094,1.92875108095834
8.60313826997292,25.6522112379986,32.6966716612293,38.894178392975,46.2524591256079,54.796155926393,7,18,27,33,43,52,1.79281246423026,3.45771831118132,0.923734262530412,4.30408051589612,1.26990530003372,0.845447382051525,1.32454373108326,1.98705865627738
8.04772437507504,25.1087916373395,32.360080475015,38.5731151977152,45.9252423560038,55.0634539206986,7,18,27,33,43,52,1.61513622509001,3.46164477526952,0.976594855996477,4.21162659941241,1.27481250941539,0.843990334723559,1.49351316433763,2.12417755669274
7.51013478326699,24.1631684207707,31.4502037043037,37.7712216019123,45.1284387081292,54.7264061086007,7,18,27,33,43,52,1.44683992742092,3.32854348436213,0.98581660809174,3.96436701555098,1.30904199821635,0.845195478836135,1.62750229452353,2.25695640801708
7.22247375714315,22.7284296670937,29.92742162275,36.4671219202542,43.8279051736757,53.8309981332909,7,18,27,33,43,52,1.35842329359065,2.95989024510835,0.96314853564504,3.55972332544518,1.37890430228433,0.846040158815804,1.74777175069894,2.40527874792895
7.26925638540074,18.1146318674155,24.5047451585966,32.4288991231445,39.9001085693463,50.8497718901176,7,17,26,32,42,51,1.37272034308646,1.77572809355656,0.762442353270303,2.38515736210564,1.835892995166,0.872327409102436,2.03604348945263,3.00898296885593
6.69815235525989,17.5655367594763,25.13329722861,32.6964108401316,40.1379815012908,50.7929881281661,7,18,27,33,43,52,1.20051219816845,1.57658304477233,1.05908485697851,2.37275612959501,1.71450239734306,0.865246915904271,1.94527912763508,2.83549148722015
5.81401889838914,18.2817334390228,21.728318995007,29.8051046022538,42.6720241692695,49.713140253812,7,18,27,33,44,53,0.945104244542036,2.03071670449082,0.188263581662469,1.62872262250526,1.88762966618823,2.1482417596558,0.922886600277124,3.24451762620856
5.5948400132176,18.6218336150354,21.0276308706426,28.7987972417231,41.7744669776198,48.8691352357808,7,18,27,33,44,53,0.884201140524865,2.19579702250516,0.0703701150319232,1.48805335284338,1.78428127060167,2.18052338402349,0.93648739019146,3.20762198901113
5.59181804893896,19.5761409234934,21.5779120566717,28.5869830898465,41.5647278021942,48.8298748632152,7,19,28,34,45,54,0.883368789821243,2.25252833020105,0.040396189022675,1.47344427924508,1.53114832147987,2.18114040587476,0.980167000619487,3.05712937023101
5.51452586482779,19.9324938431039,21.8219268763041,30.0716809141218,43.3939170048984,50.0936496843898,7,20,29,36,47,56,0.862149806837159,2.16078796532496,0.0336916914844272,1.40170325088281,1.67934095259882,2.28412988927464,0.837590520948969,3.13388736254251
5.42070936558014,19.6927534818324,21.6413367595765,29.8842607722269,43.1091487952533,49.7270527372163,7,20,29,36,47,56,0.836578008523116,2.11960132763537,0.0371339645226996,1.36792762972557,1.67716226296201,2.25491690878441,0.817518933739711,3.08703133787617
5.32655645544657,19.4051661808016,21.3798097758156,29.620187193171,42.7737087373856,48.7530789860941,7,20,29,36,47,55,0.811121873161794,2.06531684857534,0.0387125505765813,1.31957982054308,1.67635007550354,2.23355517074615,0.815154475040448,3.08792490925706
5.23645394210646,19.106234214818,21.0998584568022,27.512155178144,40.4091982145188,46.8194242108269,7,20,29,35,46,54,0.786960398915422,2.00711997371654,0.0398862269407109,1.26857952666386,1.33811598145102,2.1571724927258,0.927461806231087,2.85052855445542
5.15477839326758,18.772323823602,20.7802825952722,27.1714236592566,40.1189873012007,46.5229206451155,7,20,29,35,46,54,0.765231518225114,1.93740685286798,0.0407859981464067,1.21133205384296,1.33136630344616,2.17216963848669,0.925792581130597,2.85632919100774
5.08534144522361,18.0093080208304,20.1301469579576,26.573594423418,39.5114455935871,45.6988860949637,7,19,28,34,45,53,0.746890814918808,1.94775766047767,0.0482750286707175,1.20288415604355,1.34806676243129,2.16928460399318,0.868878855261573,2.81269449829206
5.03341806927499,17.4511419103176,19.5723342837102,26.0639533801958,39.0404813436272,45.0988196848932,7,18,27,33,44,52,0.73325700276805,2.01611036125604,0.0482996038473308,1.21136941732345,1.36348302564228,2.18077858451044,0.835428600791183,2.80212208702914
5.00607078077179,17.0563559131498,19.1823785915589,25.6164151926588,38.6325323085252,44.6995625583763,7,18,27,33,44,52,0.726104516956506,1.9095372523003,0.0486361705944383,1.14100761425803,1.34505903511325,2.19255820220269,0.837668875266091,2.7997963296754
5.01327985950712,16.6426386948486,18.7742181429612,25.1358668872279,38.1354550807458,44.1995086416561,7,18,27,33,44,53,0.727988094836576,1.78921794892389,0.0490249820378666,1.06916763851121,1.32196807719358,2.18763829845837,0.68574666250366,2.60465450851314
5.0185511455331,16.1800642550465,18.3397155466922,24.6442534376775,37.5151743706238,43.5902464951512,7,18,27,33,44,53,0.729366233282936,1.65783796514185,0.0510157858905257,0.994784079525991,1.30380633508667,2.14942755267946,0.688295599069728,2.56252509613321
5.00632000173771,15.6926952203977,17.8432767725729,24.0975879135889,36.5800843165008,42.7036870604035,7,18,27,33,44,53,0.726169610242761,1.52711768543189,0.0503677210673968,0.912527164287265,1.28787526310037,2.03504049410007,0.699558630296858,2.46924871539597
4.84295877536993,15.1286039416725,17.2440213207665,23.4850041631284,35.1843577024752,41.4657991046417,7,18,27,33,44,53,0.683858072796013,1.41913703787059,0.047898938140983,0.817259148861399,1.28365433654752,1.8090902145836,0.736593469645203,2.31891471716689
4.76817051006262,14.9093284458792,17.0346589584875,23.2299588755195,33.4888223206203,39.3607321895665,7,18,27,33,44,52,0.664731186100662,1.3807399007126,0.0485878610701809,0.785046090301997,1.26920820415855,1.41199791705659,0.78779849823737,2.03815578473941
4.7170830783544,15.0928210930246,17.232313862108,23.3322248381717,31.8107628688167,37.8501703868586,6,17,26,32,42,50,0.822196093733758,1.44322520990095,0.0495816861203458,0.90755706131733,1.23915074789777,1.12309436233052,0.830555284606294,1.80432856038483
4.70374294067486,15.0262934922446,17.1831832710652,23.2404367801454,31.817222097614,37.9132952385415,6,17,26,32,42,50,0.818371288814969,1.42899099821171,0.0508179752943589,0.899470434309287,1.22575679251672,1.14853266519588,0.845166901365436,1.82913835550589
4.69570461333971,14.9919502029696,17.1694010637971,23.149512021641,31.8699738664169,38.0228510978623,6,17,26,31,41,49,0.816068679155473,1.42196549596239,0.0523011014273955,0.89720741194397,1.4517713542789,1.18602380987459,0.859886982779934,2.00793263085633
4.69268267983586,14.9611967157862,17.1589064812705,23.1054097026599,31.9414559255894,38.1363073366587,6,17,26,31,41,49,0.815203442613923,1.41456930218381,0.0537857252525253,0.895485819154294,1.44028941887931,1.21642947625507,0.870810296895968,2.03672421089508
4.69449749254409,14.9335573656572,17.1509817094324,23.0633414046459,32.0196299388881,38.2515116303197,6,17,26,31,41,49,0.81572303095027,1.40672532859373,0.0552526517921492,0.894186713710355,1.42863960300826,1.24828704874248,0.880479277869806,2.06545456122241
4.7011954994201,14.9363651437206,17.1772327047396,23.0552050758953,32.1386374156881,38.4028933293679,6,17,26,31,41,49,0.8176413939616,1.405690217274,0.0570254987716512,0.898493064731222,1.4169222050911,1.28221915253799,0.888957073815902,2.09478305991547
4.71294254332774,14.9586981057913,17.2235133746745,23.0667646457465,32.2792969210459,38.5711173925171,6,17,26,31,41,49,0.821008481359673,1.40850740877616,0.0588684220177594,0.906106319791327,1.40510711492215,1.31692642066671,0.896193288884832,2.12349042469259
4.72966302527633,15.0139628929501,17.3039915490513,23.1122826563708,32.4524713886907,38.767240422733,6,17,26,31,41,49,0.825806895999018,1.41877818935526,0.0608435848659366,0.919409097739084,1.3932271210031,1.35149088887208,0.902230208842599,2.15082876083651
4.9436214613859,14.5598735836494,17.3369571655178,23.1081906081007,32.6573104483567,38.8576210317128,6,16,25,30,40,48,0.887792333830293,1.42704722310814,0.105919009612582,1.02562489799962,1.38065256518704,1.40857378406225,0.872233848604645,2.16444243026261
5.11209881518976,14.4427681951007,16.7316988856772,22.6396043403543,32.1113388399518,38.2623817690978,6,16,23,28,38,45,0.937333155956824,1.3489051176193,0.147933574730897,1.13474539210039,1.4271209453491,1.38735795073692,1.04071000441472,2.33369598974464
5.17531812340747,14.519238092102,16.912937888193,22.8691039675212,32.3001442406595,38.3684764720089,7,17,25,30,40,47,0.770680196485668,1.35250477817785,0.107883849120951,0.952015064215206,1.44358918070673,1.37623560801097,1.01703620584894,2.31520269770427
5.17737266744672,14.5449501703049,17.0105422970886,23.0510230534514,32.4259929050707,39.1913667556292,7,17,25,31,41,49,0.771225799067379,1.35893797674859,0.116392320399116,0.968761480099941,1.22049850738372,1.3609498534551,1.02297919524679,2.15963980423216
5.17972250159261,14.5653825215105,17.0821601171431,23.1263113524873,32.4117803716978,39.1334213538169,7,17,25,31,41,49,0.771849948320009,1.36386065975172,0.122638008000798,0.981124984395358,1.22164881251937,1.3366453727047,1.01108169479339,2.12940405464802
5.18127409998855,14.5792201469936,17.143941390309,23.1924156401859,32.3874867156998,39.0613353397961,7,17,25,31,41,49,0.772262150684889,1.36720804937138,0.128628021315674,0.991841569722828,1.2230039029546,1.3122174370126,0.998122455912218,2.0983074825335
5.1701212232815,15.1087507969996,17.7978969055169,23.9629548130843,32.9721551306849,39.700995564785,7,18,26,32,42,50,0.769300585911609,1.32741599473311,0.144793717937949,1.00280146067697,1.25966304779548,1.26237772118336,1.0130377479398,2.09499545750897
5.13970984706206,15.8729243278472,18.6406740647697,24.6690770777374,33.5245334820533,40.6537796040285,7,18,26,32,42,50,0.76124097451899,1.5398774214645,0.155458302321787,1.15180905936662,1.21671498829291,1.22155658807818,1.12336784549283,2.12052577952547
5.10399165999445,16.3239332766591,19.7283599347744,25.8898476356375,34.5591055312725,41.9711944314322,7,18,27,33,43,51,0.751804896316333,1.67410504472815,0.182426180335727,1.23998344629693,1.25853715986018,1.17262349632448,1.20303915945311,2.17415886563107
5.06528334863502,17.5016332114504,22.0136804945646,27.6478120522062,36.4106222558227,44.9910886735517,7,19,28,34,44,52,0.741615767224975,1.81141560663372,0.361457806561849,1.55890157544711,1.09457681109546,1.19713891575798,1.54551720577722,2.34846169550157
5.20468922206461,17.7816062277976,26.2573907774423,31.6733541385837,40.1580588484653,49.5065097089866,7,20,31,37,48,56,0.778489988846882,1.65694077529866,0.961314887093364,2.03388092437048,1.02820515863587,0.963436126895939,1.78074520013367,2.25062076736836
5.33684956624148,18.2092720576421,26.7079434358276,32.1817866370258,40.4564745287732,50.0562466557214,7,20,31,37,48,58,0.813894543727692,1.73536513212537,0.966760410082452,2.12932971427705,1.04572484215076,0.913890995217571,1.42250640638321,1.97088167417958
5.44991091232583,18.5133869521358,26.8735181433589,32.3878956478058,40.6694411490622,50.1216456186915,7,20,31,37,49,59,0.84451568841536,1.78659572573939,0.933947098885085,2.16478521308957,1.05803275164017,0.777844517123965,1.38201713231536,1.81037093888809
5.54321510333945,18.714637819053,26.945448044951,32.4942694427226,40.5746233800527,50.0306509627901,7,20,31,37,49,59,0.870010077287868,1.81571969951072,0.903646160100682,2.18025053070854,1.06851600458683,0.735215829515197,1.38306219692939,1.77641432663234
5.59824907693932,18.8345897321085,26.9893903511549,32.5727594898711,40.4779549043106,49.9852539934546,7,20,31,37,49,60,0.885140356415505,1.83329558105094,0.885987654445694,2.18971689612001,1.07905337601156,0.698805701428048,1.21586811654461,1.62875861278155
5.63939001698003,18.9239657733417,27.0192138603985,32.6391705901543,40.389819151244,49.8594021166315,7,20,31,37,50,60,0.89649530501934,1.84638416564447,0.872231863724244,2.19614967270771,1.09023725764633,0.55734663959719,1.38676930924842,1.59792186177122
5.67169822957472,18.9974818155971,27.0415531369492,32.7012430781796,40.2964964683617,50.0000083960366,7,20,31,37,50,61,0.905438632140726,1.85758563661023,0.860467121741375,2.20097235931807,1.10241073670878,0.529278937402036,1.26626291477776,1.49968317963367
5.61130275479293,18.9483963123827,27.1306874040937,32.8453647999861,40.2757351640401,50.0025328409105,7,20,31,37,50,61,0.888739113798604,1.86066317850866,0.892361170646231,2.22025088015122,1.11930542831988,0.500138471289658,1.27228261758747,1.48323240073881
5.48253504463828,18.8008577531567,27.2626833353059,33.0441651057576,40.3062622041544,50.1007867169129,7,20,31,37,50,61,0.853407143642647,1.85555621242675,0.957998377358937,2.24890467517023,1.13990409059098,0.471096635945302,1.2898373509776,1.47684205402631
5.37153968851213,18.6677006296971,27.3596613815098,33.2077922964013,40.316210545528,50.1775897994874,7,20,31,37,50,61,0.823257740637997,1.8495315184911,1.01313377091419,2.27003603217351,1.16053360263771,0.445205052459058,1.30723314673684,1.47302616857957
5.27582797755238,18.5482442607583,27.4265991137251,33.3458168463416,40.3137681373755,50.2439644922077,7,20,32,38,51,62,0.797494426875535,1.84308234112102,0.909108041334428,2.14299533741357,1.18262172300961,0.422079285510427,1.32520843632971,1.47291972937944
5.1929875008669,18.4415706702119,27.46652567839,33.4558439094316,40.2988971240179,50.2974058033645,7,20,32,38,51,62,0.77537591230781,1.8366152176835,0.942396787168147,2.15145197211559,1.20448773108939,0.401959073668472,1.34312023894495,1.4754754181864
5.12079207236486,18.3498184248229,27.4708203280566,33.5304975468094,40.2652052714427,50.3350883580565,7,20,32,38,51,62,0.756239203900959,1.8313130309233,0.964419791948386,2.15236228698159,1.22651701197741,0.384849052697919,1.36190688998747,1.48179641639354
5.05736426212765,18.2793546561133,27.43362844466,33.5644420100729,40.2075115635406,50.3552243148987,7,20,32,38,51,62,0.739536002790494,1.82940647057365,0.972087675162171,2.14448334473491,1.2488722824955,0.370630765344717,1.38247549734043,1.49267364932539
5.00109155233533,18.243287054396,27.3481562768763,33.5511869942197,40.1188705456002,50.3501774698322,7,20,32,38,51,62,0.724804349847095,1.83488295926891,0.960708994740531,2.12641448556321,1.27165057256634,0.35911052601762,1.40466263370721,1.50798411581887
4.95066390957894,18.2622457655168,27.2082656495071,33.4850693550285,39.9922292758703,50.3068574319117,7,20,32,38,51,62,0.711673765846477,1.8537231515931,0.924423467885802,2.09695657372738,1.29500468935118,0.34997804396042,1.42687409228621,1.52644607350556
4.90500939711844,18.3622036737732,27.0262419969786,33.3802829292201,39.8426027151476,50.234239826486,7,20,32,38,51,62,0.69984467485719,1.89342717672076,0.861169106282045,2.05884193731986,1.31954585570554,0.343279588203816,1.44748766690859,1.54746396614472
4.87137376983167,17.8258391762592,27.0146897296386,33.3883116566226,38.2709013616995,49.8778043465341,7,19,31,37,48,58,0.691165782592855,1.95636874568793,0.980077268766558,2.19517342636001,1.32578194920939,0.258356010555694,2.00068191454547,1.86603131179091
4.84198843292744,17.8149604187063,26.3414842480341,32.6654029101948,37.6735142151107,49.4604762881124,7,19,30,36,47,57,0.683608914581108,1.96159859187548,0.973400512045844,2.19228847264898,1.30996399627549,0.276603026498613,2.05476248735081,1.92108235190176
4.81569084648493,17.5823159685992,24.7889972643228,31.2412104316345,35.8701459264918,46.4572811546163,7,19,30,36,46,56,0.676866315068676,1.9034872426318,0.67580369166652,1.86283527417555,1.35086947812278,0.29429177016376,1.70091538560284,1.749701182087
4.79811817387051,16.0639904260462,22.1963106348797,29.0482392170405,33.5134040552292,43.1699086466709,7,19,31,37,47,57,0.672371465220773,1.49519241129235,0.371951510600755,1.24873929426194,1.47984440617354,0.268630369326776,1.43815411708302,1.60453095335765
5.04885348500221,23.5679257573628,29.5834577293572,36.6242324360752,42.8983710679728,53.1483367872299,8,21,33,39,50,60,0.58798480665867,3.38866031851748,0.35341192164143,2.46593169252085,1.54153802539608,0.489627584582378,1.60443906778448,2.01831136337572
5.12639712907515,23.0098074914934,28.0620090794166,34.9954401053188,42.0143470146062,51.8721857476592,8,22,35,42,54,64,0.606022252963183,2.94666473752324,0.164071441239839,1.87948710830158,1.27082996799069,0.525346639290485,1.49404278910421,1.79352375320869
5.17696613189939,22.324380306865,27.4127839271173,34.2586882910062,41.3179934226753,50.5036300455573,8,22,37,44,57,67,0.617878779152314,2.72878469710403,0.0923343349098917,1.52681143141882,1.24456483025885,0.437060085644693,1.30967503163669,1.5249621647462
5.21128749481608,22.4953410265394,26.8900741549467,33.7154983946799,40.0636122488098,49.327284940682,8,23,38,45,58,69,0.625967369666329,2.54792377671685,0.0514571040942923,1.3337449438715,1.23843707774868,0.326481273170703,1.15413547241694,1.29117939375169
5.23559583545287,22.0973491626357,26.2999181292382,33.0681026898058,39.7500519679604,48.8027693240018,8,23,38,45,59,70,0.631716288131628,2.42909459872867,0.0426247520789564,1.23738017929597,1.22134726846182,0.302691129640063,1.10146032015179,1.19832035842624
5.39562637991226,21.008172651688,25.2337470104746,32.0561576145914,38.7185341094591,47.2140296338922,8,23,38,45,59,70,0.669972105478755,2.08644317987033,0.0436271050320747,1.07108949908926,1.23753596306241,0.300052423886785,0.966004189776741,1.11087133037242
5.6728503476044,18.2521283202934,22.7439506548541,29.4807529880008,34.1517250753006,41.8486272258906,8,22,37,44,57,68,0.737857471971021,1.48103916861878,0.0563219781317221,0.797024713737594,1.21200067538577,0.12687968029106,0.782072133498508,0.75798468011778
5.83202394758192,16.0811900361584,20.4843149519364,27.1555119703272,31.6539370958786,38.5025337370892,8,22,35,42,55,66,0.777714508365462,0.938560169318301,0.103796828685217,0.647672475431982,1.19251481295287,0.111718611199971,0.601705544665414,0.611582063804646
5.92077079193517,15.8758272453918,20.4235564759427,27.0495870408019,31.3856186744778,37.9675473673655,8,22,35,42,55,65,0.800203221472312,0.87614533724515,0.115943419373964,0.640131567235712,1.17914211093284,0.0984133643216049,0.66826070978144,0.62077940497421
4.83386205164516,15.7466800503067,20.3918794661617,26.9711909682352,31.140813942418,37.6757270491329,7,21,34,41,53,63,0.681523296496264,1.08476494152256,0.124548395379908,0.706053755533523,1.16534662908047,0.120279576971619,0.657984314403403,0.659383771755196
4.83735618043394,15.3377526828662,19.2227359519012,25.7782214839876,29.8761891631777,36.0910197970174,7,20,31,38,49,58,0.682419833336991,1.13719536988504,0.134452055367878,0.7747595959009,1.15832574206096,0.15760787736737,0.720889610754747,0.759851821928357
4.84006192322025,14.8572905634012,18.9166636714273,25.4621545874353,29.4819398692623,35.6411067421104,7,19,30,37,48,57,0.683114315008976,1.17759032629867,0.153274010119615,0.81226501268803,1.15538354400865,0.148891647095357,0.707849775190477,0.738362333551795
4.84187981445315,11.2972871249555,15.7165284766989,22.4060799481537,26.3500938633646,32.4712601888418,7,18,28,34,45,54,0.683581025854136,0.524046404612083,0.261617605990593,0.525506668819267,1.42717984715837,0.140682933284726,0.69899177604604,0.830250152024743
4.84225636356632,11.2640331997358,15.7993243238213,22.4943960761046,26.3534163728842,32.42639276501,7,18,28,34,45,54,0.683677709468509,0.517592984191368,0.279494688562453,0.535884400911705,1.42896430301348,0.131757397673444,0.687810554601026,0.810083082874965
4.84215904929962,11.2271120025609,15.90561303045,22.6091114390596,26.3768128380403,32.4070058927809,7,18,28,34,45,54,0.683652722458976,0.510561930665462,0.302255735714345,0.549349413094775,1.43168907725757,0.122503332735177,0.67793294425617,0.790438957326584
4.84182802463937,11.1902959293847,16.0041431147314,22.7125650802896,26.3964194950833,32.3849092248147,7,18,28,34,45,54,0.683567728488942,0.503632062206778,0.324458947915015,0.561973970550566,1.43328157563014,0.114315410059661,0.668349625896981,0.771780796475096
4.84072203966116,11.1564634719615,13.6744532863099,20.3400556942909,24.1553961675953,30.0983627578503,7,18,27,33,44,53,0.683283777466845,0.497447194529918,0.0803150476531319,0.351545267839531,1.41944313904517,0.127287391948636,0.657939678688263,0.778431820874163
4.84409081661311,11.1539977458246,13.6787577774548,20.3609614641045,23.3577898219704,29.3079222617147,7,18,27,33,43,52,0.684148783820973,0.496347655563663,0.080937463065482,0.351992358752353,1.42480530264349,0.0884184828259351,0.659574757779734,0.743265724542436
4.84980106557732,11.1520186866064,13.6851216591752,20.3788461011734,23.3777855352195,29.3281853714974,7,18,27,33,43,52,0.685615728836057,0.49490000911139,0.0817079408210888,0.352653890477521,1.42852873961731,0.0886072318025167,0.659635797245945,0.745407089921752
4.86380736532101,11.1518677741856,13.6894479051687,20.3805328606389,23.4012937524369,29.3662411902186,7,18,27,33,43,52,0.689217703651139,0.492238954444609,0.0821229910311359,0.353103975638909,1.42767551016884,0.0905708670695469,0.662959421913616,0.750614743455372
4.87750665749486,11.1521427519988,13.6964037277306,20.3847515004771,23.4285166423696,29.4090187283185,7,18,27,33,43,52,0.692745932184449,0.489720802917518,0.0827443832232677,0.353828255030538,1.42679080257622,0.0926657909517863,0.666519184295788,0.756162672578847
4.89000578730961,11.1560328507924,13.7209563278105,20.3975104385208,23.4616335753288,29.4521237499982,7,18,27,33,43,52,0.695969535256788,0.488108550354264,0.0846817543368055,0.356390955111106,1.42298007282911,0.0945409662949293,0.668808303587667,0.759042973122184
4.90144622792985,11.2181548041673,13.8359214663875,20.4877013363259,23.5695442193822,29.5682233935586,7,18,27,33,43,52,0.698923824324429,0.497629548207748,0.0897429171202635,0.36851767757533,1.41498145352944,0.0961893360641585,0.67068701519023,0.759219261458383
4.91193942169541,11.29084131545,13.9247678865123,20.5623147203613,23.6716821627892,29.6795915974164,7,18,27,33,43,52,0.701636626627693,0.509410090160182,0.091321113015928,0.378032375498731,1.41039008055999,0.0987796401211971,0.672806677509437,0.762722547549079
4.92028738446868,11.3602191510805,14.0061812098921,20.6327070153644,23.7833118315728,29.8117631134472,7,18,27,33,43,52,0.70379695082219,0.521072976791379,0.0925057477022111,0.38686004550674,1.40683682320665,0.102728213934898,0.677531798401574,0.770643633671546
4.92491846966928,11.4655839730384,14.1314749399603,20.7436468375035,23.390522808331,29.2499004845475,7,18,27,33,42,51,0.704996215656825,0.540542792186718,0.0944846187381275,0.400648356640459,1.40221160593157,0.0925960243199085,0.638965947786618,0.751964879305887
4.93493063977321,12.3038955105456,14.8727708637894,21.410825976151,24.074274366123,29.3021928281876,7,19,28,34,43,51,0.707590939607607,0.591620658510184,0.0850549635463948,0.425408974075459,1.3783760794094,0.0942409209837184,0.629898796184875,0.73274514380186
4.94207395374002,12.5586585536316,15.5098348965957,22.0614516442777,24.6605866466439,29.9088963306411,7,19,28,34,43,51,0.709443826374837,0.640293264867146,0.125141394483147,0.500027461319639,1.3827315110369,0.0879410023474742,0.634729714545224,0.727934601165388
4.93650743135723,12.7378892716474,16.7901759324384,23.2079313286605,25.7886342683511,31.0270453528417,7,18,27,32,41,49,0.70799982189728,0.805401095670172,0.280964596637563,0.748148839063151,1.60258234141929,0.0861770600179662,0.632383166227202,0.794504362844758
4.92426763787737,12.9895277744055,15.2816603578908,21.6774770038721,24.314962591446,29.4317327056337,7,18,26,31,40,48,0.704827641471077,0.865331746753894,0.0963975012105224,0.610951517513444,1.59496746883119,0.0916706013099955,0.60377340837144,0.78003265017397
4.91171258421759,13.2682186038816,15.5536707667244,21.9372513183972,24.568484072636,29.6623241506399,7,18,26,31,40,48,0.701577950869947,0.933093331050884,0.0956642098223463,0.649178705091046,1.59072278322418,0.0910570438794995,0.598427820563621,0.773166110665607
4.89895408322282,13.606554386584,15.8896560873396,22.2460153938166,24.8730878476046,29.9412912035332,7,18,26,31,40,48,0.698279969590634,1.01691555349452,0.0954068627754826,0.697843759140759,1.58128603024798,0.0906499946409266,0.592469349871809,0.763755202860042
5.08290549421982,13.5124460380253,18.5686594033876,25.532990947105,29.1212732936828,33.888764043362,7,20,31,37,48,57,0.746249634414869,0.686498860419071,0.283743187858828,0.683935103665572,1.51650873502757,0.105346194849913,0.409577252520847,0.616289852840851
5.00797775800611,12.9158051374681,17.7051681676324,24.516026662757,28.0011004102468,32.6428675635345,7,20,31,37,49,59,0.726602636296824,0.586318248161781,0.245169639497498,0.572145125433179,1.46648995454331,0.0657136934765095,0.296344805226999,0.432739734054133
4.9303343966281,12.8331889101972,17.2304065021144,23.9944156392844,27.573031256139,32.0459982053594,7,20,31,37,49,59,0.706399456104378,0.585392816331967,0.193236617151946,0.514763534688884,1.45128423179518,0.0720907261369227,0.269829844689938,0.419005323426416
4.8609462698453,12.9098667591868,16.9097382317439,23.6296498038911,27.3051193593074,31.5841579991324,7,20,31,37,49,59,0.68848148278261,0.612811620451083,0.146711424874685,0.477693290916942,1.43699913785626,0.0790538883025639,0.240715631942256,0.403405221168204
4.80155797258427,13.0629864913611,16.732552491767,23.3961625561493,27.1519841414085,31.2444501512391,7,20,31,37,49,59,0.673250640390167,0.653561085017873,0.112949772984463,0.457802849075138,1.41879987788006,0.0851092017441162,0.214116255000584,0.385818383219747
4.75289853203682,13.2640412623756,16.6781201209782,23.2715078780606,27.0897259283895,31.0174916766556,7,20,31,37,49,59,0.660844711777274,0.702705070559137,0.0900034987246715,0.451777857969703,1.39616328018371,0.0899855745864769,0.191825490856443,0.367588555739055
4.71529160375318,13.4985594976882,16.7266596221811,23.2376564797046,27.1046449704818,30.8946728645214,7,20,31,37,49,59,0.651302593420265,0.757752049740193,0.0750700019253649,0.45714863699928,1.36969407523006,0.0939029773059739,0.174067014868377,0.349933606394499
4.68879196457635,13.7565843342912,16.856907175444,23.2756293184172,27.1831036287982,30.8621356583288,7,20,31,37,49,59,0.64460307858582,0.816904142100824,0.0656800618553996,0.471718196028245,1.34016733003966,0.0972254436671265,0.160356032260395,0.333581707005214
4.67320581095688,14.0323087307143,17.0567053958123,23.3734984554896,27.3169620873031,30.9107495814342,7,20,32,38,50,60,0.640672124374515,0.879086596203313,0.0392427489446001,0.436124893007254,1.30769937869783,0.100232539228411,0.150196213913253,0.318763714199288
4.6688862280079,14.0714213234109,17.0329061956107,23.2532620037545,27.2454344617567,30.7899930584009,7,19,32,38,50,60,0.639583936890724,1.02992048325819,0.0227742914040119,0.433589070782209,1.27712746343118,0.104382683720375,0.144477321356338,0.309448452968504
4.67515358849142,14.3355193956041,17.2590040947303,23.436017748811,27.4186728791626,30.9323112528969,7,19,32,38,50,60,0.641162984840196,1.09110410080506,0.0215705057368191,0.457984574210474,1.26343485066129,0.103564528049551,0.140941374732407,0.301517893949005
4.68566426874863,14.5899996887667,17.5239939204156,23.6631618759945,27.650425344277,31.1303891448205,7,19,32,38,50,60,0.64381368449202,1.15001007373264,0.0218991242267333,0.48743732255881,1.25150310651746,0.103960243743489,0.137139914622888,0.29526325810939
4.70028828624713,14.8348512845718,17.7320297574929,23.7939540420632,27.7819579607669,31.2076182901873,7,19,31,37,49,59,0.647507042932001,1.20646652590236,0.0333462006356762,0.575479603406529,1.22722191155512,0.104023902785067,0.131118970497154,0.283239829471381
4.7202681928037,15.0753273562871,17.9525190420607,23.9739997609684,27.9906686976143,31.3607228045579,7,19,31,37,49,59,0.652563000948172,1.26129954876839,0.0324737516017172,0.603201350957807,1.21454757244687,0.106504696244506,0.125094319981245,0.277151506589784
4.74344464383859,15.303579092262,18.1841095850857,24.1685947266728,28.2259890838906,31.5401791318702,7,19,31,37,49,59,0.658442159078788,1.31294576219403,0.0326184855985727,0.63298720359957,1.20297752016801,0.110084048895479,0.119186210972609,0.272490442439479
4.76938989260096,15.5199696652961,18.4298269983895,24.3816428117626,28.4915974196419,31.751941590167,7,19,31,37,49,59,0.665041783554145,1.36144989178273,0.0339071846282681,0.665329094010295,1.19277951511661,0.114798437962867,0.113629580466361,0.269477877859512
4.77430573388315,15.4945906866471,18.4349325132923,24.4091330431607,28.5556286064037,31.7932545717405,7,19,31,37,49,59,0.666294357037126,1.35369986434016,0.0352800336645763,0.666009091014724,1.19976515715806,0.118138818753924,0.111326039591541,0.272690937691487
4.77190174584469,15.3893929593848,18.2992582834493,24.3218293945164,28.4790091248679,31.6903307143542,7,19,30,36,48,58,0.665681727415474,1.32749959484945,0.052999140135898,0.723236539347873,1.21488892872829,0.119125227210831,0.108689294129011,0.275615125910269
4.76909584663621,15.276117803475,18.1891923459816,24.2564920166638,28.435886260485,31.646396050671,7,19,30,36,48,58,0.664966881212461,1.29951108103795,0.053199816545199,0.707856934337985,1.2289084942457,0.121190222179457,0.108608439805489,0.281571602775004
4.76590184653272,15.1557038071636,18.0625834399917,24.1763888369308,28.3752332968848,31.5929311126124,7,19,30,36,48,58,0.664153430595829,1.27000580447913,0.052812839907616,0.690353010138422,1.24351983270455,0.123013822910995,0.109325443372339,0.288240290966079
4.76239851206946,15.0298175766165,17.9213241968564,24.0826913436907,28.2971345940133,31.5288401624343,7,19,30,36,48,58,0.663261529683921,1.23941745528971,0.0518596810305328,0.671061906558706,1.25849914591528,0.124486811968985,0.110729730139944,0.295367439827555
4.76082958199558,14.903927967563,17.7604224042163,23.9739075478706,28.2043792303151,31.456166287284,7,19,30,36,48,58,0.662862214041072,1.20857538824295,0.0497268188348864,0.64939708517247,1.27495490979696,0.126010084557998,0.112759067091934,0.303630943042964
4.7626481493852,14.7801686953997,17.5818071774497,23.8543984454295,28.1062935654046,31.3837639717232,7,19,30,36,48,58,0.663325072447033,1.17766189959421,0.0464909285107422,0.625736038578432,1.29366888261598,0.128061427396402,0.115382172631247,0.313741084819565
4.76425916524154,14.6522576228796,17.3720661205095,23.7035095797363,27.9732265713134,31.2787827000561,7,19,30,36,48,58,0.663735183295731,1.14603558751345,0.0419026743276598,0.598479655645105,1.31235632768716,0.129781276352373,0.118286086772905,0.323885852585965
4.76594195840254,14.5241381151583,17.1199174508235,23.5115912207835,27.7931084048606,31.1260772208792,7,19,30,36,48,58,0.664163644535014,1.11460908751838,0.0354879239547124,0.56647638400365,1.33153617988846,0.130926690414371,0.121156005378315,0.333674087465833
4.76849110969887,14.4128364721973,16.6975658870075,23.2016770525918,26.6608487508747,30.6051782207394,7,19,29,35,45,55,0.664812844211493,1.08726997918752,0.0371457958415088,0.581550557153198,1.36748641203998,0.134818593872151,0.194015709470856,0.434612047592809
4.89991838946639,14.3424732838686,16.8536303711877,23.4539829505435,26.8750453268654,30.7634689677949,8,19,30,36,45,55,0.553840708754617,1.19937048527352,0.031479165603599,0.533596760597808,1.39840530343212,0.184719579220116,0.18667006023419,0.500009166116433
4.91985833819735,13.6690464628222,17.1423001023611,23.2389088099848,26.6797498380541,30.1473241142137,8,17,27,32,41,50,0.558373228650268,1.38237116678918,0.136388601039765,0.801537629132729,1.49168503238194,0.1874632567081,0.191200874992591,0.52231148951458
4.54703610604733,13.1880837326134,16.9441485743563,23.0301875213667,26.4309425620293,29.9184346319512,7,17,27,32,41,50,0.609113531439513,1.16525915880036,0.169814280484123,0.771295293694691,1.4880565662607,0.181921775794206,0.194007333194492,0.518127503456729
4.52268211512645,13.0138644759305,16.9272299300974,23.0367277102733,26.403976351814,29.856094561477,7,17,27,32,41,50,0.603076605055418,1.12635908312439,0.189930809611148,0.76873675962957,1.49611159071974,0.177348278861981,0.189035852803113,0.51197354414121
4.50397351002926,12.9909888463699,17.1149519504797,23.1772683010645,26.5091835799738,29.8611392925247,7,18,28,33,42,51,0.598451296349828,0.96398584173661,0.21850749220444,0.71353009113712,1.47991803496045,0.172583487360237,0.175278646153911,0.487571444134073
4.47608694992324,12.913688452639,16.9629408861907,23.3907803663856,26.7747909806429,30.0788573076637,7,18,28,34,43,52,0.59157679204499,0.952251614492995,0.208158103460276,0.691810864231993,1.34307914520735,0.179629547825796,0.168870289552535,0.466599941904479
4.43802130117347,12.9345293800834,16.8625648455438,23.3934499378462,26.8146398930682,30.1508105416764,7,18,29,35,44,53,0.582231675810823,0.966245274478639,0.138982108632875,0.602991534966005,1.37607444528585,0.184737217771401,0.17315416224131,0.488681933192909
4.46094870141764,13.011251796201,16.8355639534987,23.4366104602822,26.8807402063226,30.2343287344579,8,19,29,35,44,53,0.457264893319857,0.979080883070849,0.178410870313208,0.599457785742559,1.39862872130951,0.18792124969376,0.175499085816998,0.503099377725504
4.45430362097202,13.0858974132342,16.8460194827835,23.4878935112384,26.9426840445701,30.294804279105,8,19,29,35,44,53,0.45585209536368,0.99857773815646,0.170319663194553,0.600824994714215,1.41178566866053,0.189409381122175,0.175300851799537,0.509689772776679
4.4696454477395,12.6193535142261,16.2703241746836,24.1005970518921,27.7729470763766,31.2515685208641,8,20,31,39,49,58,0.459116195076847,0.749814525577116,0.111185478636967,0.407929735838763,1.32326426159313,0.159547950643662,0.192755159473013,0.500530203350953
4.53225542950169,13.0505719347247,16.7058609383495,24.729513246366,29.3239331651555,33.6992826591555,8,21,34,42,54,65,0.472520675096155,0.704136509706772,0.0528385219885607,0.304270868352222,1.37978042213891,0.163219056452313,0.190513243839483,0.487234646035992
4.59052141386777,13.2624956223703,16.8750330895769,25.0487292608807,32.5050988589941,36.4674318411215,8,22,34,42,55,66,0.485114398644563,0.622854569793384,0.0744877372291194,0.318927753904051,1.42401226442206,0.504688928856667,0.142645879034564,0.747993480265618
4.62366412047397,13.4981593362536,17.323745342092,25.4407837297966,33.0657771040347,37.1014784201564,8,21,34,42,55,67,0.492328512798399,0.776543540615745,0.0627027905655103,0.359626963480546,1.40727161884986,0.534605716036314,0.108169450139253,0.697888991444781
4.58299238880465,13.5335055693665,17.3235036630812,25.4223487990924,33.194651204943,37.1362553624383,8,21,33,41,54,65,0.483480658390448,0.792328686818509,0.0877612923226961,0.409781566087321,1.40190588684109,0.561303502562046,0.140425751107507,0.7788152891574
4.56425630489589,13.543718882083,17.3777327422787,25.4440208310202,33.4392978646235,37.2953097900373,8,21,33,41,54,65,0.479423296182947,0.798369981955124,0.0912441758432814,0.415321438591599,1.39231584252564,0.602685298766632,0.131446978861156,0.793675701714714
4.56462475735016,13.6171400014874,17.7585726023232,25.7066684894144,33.8423547084073,37.3734598872851,8,21,33,41,54,64,0.479502972448804,0.813687722895862,0.117672918787559,0.455309354350027,1.35763187452374,0.629327944118125,0.142933497351536,0.831660489749273
4.56630269014365,13.6957240411958,18.5051870255285,26.2438822872646,34.3316444605017,38.0210527741882,8,21,34,42,54,64,0.479865875834074,0.829925058843252,0.139806064906937,0.479238996270664,1.29669881845883,0.736770348779668,0.161614799535038,0.903022613319371
4.56969165129059,13.7812984761377,18.6664814015474,26.2255459069249,34.336997073172,38.0564827230806,8,21,34,42,54,64,0.48059912843152,0.847402077801952,0.147156686316825,0.496940852618769,1.24497316404545,0.741749013099382,0.165290429152914,0.883611015057074
4.57572473519537,13.7429872236505,18.8041255766558,25.5710587260823,33.5403304853361,38.3616629019149,8,20,33,40,52,63,0.481905428808868,0.975086449591995,0.165003522518388,0.57463952420103,1.22097424554812,0.712048024231288,0.249656007519025,0.909489646557308
4.61413447020779,13.7872524362709,18.3694202505738,25.0395024055709,32.8091118575377,37.5621031816294,8,20,32,39,51,62,0.490250481515036,0.976439322194524,0.161885686223961,0.587489200916328,1.19218430946677,0.671083649984556,0.240110887368026,0.853549266932966
4.70097605200785,13.8843584544349,18.5030034234202,25.0747582942812,32.6712542051321,37.714047717307,8,20,32,39,51,63,0.509297270354598,0.9788123334121,0.165871762396815,0.604128927984181,1.16311881691492,0.636291027174337,0.215773501292666,0.773090944371399
4.73855372026218,13.9856644464354,18.5844958412973,25.1401365941931,32.5260087703991,37.6403838159632,8,20,32,39,51,62,0.517615015205952,0.993587405278597,0.163700508678163,0.614389351236811,1.15837144948601,0.594897727936234,0.292484331183187,0.832976112902843
4.78196689226871,14.0934095102556,18.6544406480685,25.2000476054436,32.3610384192322,37.6517286993833,8,20,32,39,51,62,0.527280662112017,1.00857502253925,0.159598508338191,0.623261614341741,1.15541769402845,0.551879162826441,0.319691700181242,0.824230673903972
4.82981575714025,14.2034646223299,18.7115345395454,25.2530104033215,32.1897981949467,37.6079146645158,8,20,32,39,51,62,0.538002905903693,1.02313609977322,0.153940589971222,0.630548645083658,1.1542020926034,0.510246326580139,0.340004422076413,0.809266885841399
4.87982550886223,14.3118918975058,18.7531943773512,25.2958783346214,32.020837689419,37.5241093704667,8,20,32,39,51,62,0.549285747039575,1.03687120294482,0.146957071429241,0.635891160812195,1.15455755107814,0.47210756683669,0.353875510747471,0.790831341297628
4.91230105482051,14.3946401454522,18.7675603983359,25.3217377087106,31.8450100084783,37.3991600526601,8,20,32,39,51,62,0.556653964649812,1.04873808319876,0.139978362636089,0.637738432764974,1.15794053052128,0.436914564003428,0.36227480159785,0.770583007421448
4.90442832679156,14.4174130988233,18.7359576850187,25.3197722441432,31.6229345009776,36.3725472942885,8,20,32,39,51,61,0.554864792290663,1.05599307813828,0.134555282666779,0.63367811108006,1.166674672454,0.399798807857012,0.313838839696169,0.708388726725934
4.89826060229052,14.401673362634,18.6488826070987,25.2307494335245,31.0886932943123,35.8322249175007,8,20,32,38,49,59,0.55346442715867,1.05372531197528,0.127611244697996,0.622554379598579,1.39245613852424,0.414118160005105,0.312841116077864,0.80786494632746
4.9359283739598,14.4313360488016,18.5271010971793,25.1567440033289,30.7561702976199,35.5893716563206,8,20,31,37,47,57,0.562034903965661,1.05182996684333,0.157358911817544,0.678340534189004,1.40784162393772,0.465673094595588,0.327687791420145,0.879698530628512
4.94137923113742,14.1205095601941,18.2985914355251,24.8184921129146,30.4001407360183,35.2543353229913,8,19,30,36,46,56,0.563278702930932,1.13293700255936,0.166796470641366,0.723142906458098,1.37254980877711,0.46225890817448,0.331205123467396,0.86243292832849
4.77774132688559,14.0988282828731,18.1919973417055,24.6466001507347,30.1728911698359,34.5490831996499,7,18,29,35,45,54,0.667170162204636,1.16859815512613,0.157065737086891,0.788760702381544,1.35163373167517,0.451689116816586,0.336828576888243,0.858958316930103
4.8096644740369,14.1154955149861,18.1583402261973,24.6069295174681,30.0721591779244,34.4707409846094,7,17,28,34,44,53,0.675323881002865,1.34216446421586,0.15143653984628,0.8706008474274,1.34971065410593,0.440139440084752,0.340840238167754,0.851651513462536
4.60706122823337,14.0927749362592,18.0250690766649,24.4981353051155,29.9051805070712,34.3503853704416,6,16,27,33,43,52,0.790781991522607,1.39118415612392,0.139434391067014,0.94230501158195,1.35754153704243,0.429241799087645,0.349254207882559,0.853760729361282
4.61630155918613,14.0990312599866,17.8135752738601,24.3643137200878,29.7098824299452,34.1890407419231,6,16,26,32,42,51,0.793408795913248,1.39036717837422,0.164683792117834,1.00549723430873,1.38244935664459,0.417843420127155,0.355432600366736,0.861971331922473
4.65846391091083,14.1976054474701,17.7964079358438,24.334795904351,29.6516730489553,34.1545544489604,6,16,26,32,42,51,0.805421590555582,1.40583337501333,0.150784927519683,1.00254559744945,1.37848294702904,0.412564874366516,0.359774643087347,0.859132072078868
4.68817973869939,14.2595947009938,17.8395196926301,24.2843742786462,29.6286940130372,34.1317560899847,6,16,27,33,43,52,0.813914579856792,1.41470192301088,0.104580394857173,0.911915993158521,1.34851659353961,0.417613091375552,0.359807791711267,0.84836290369523
4.74100198713506,14.1119711074083,17.5868926601901,24.0695490254514,29.5635510270572,35.9045172527707,6,16,27,33,43,54,0.829064776715199,1.3598609291188,0.0952138073539349,0.871219207032696,1.36061211146275,0.445567335321238,0.502211738742321,0.991061161025481
4.84618819982309,15.0646835029529,18.417055547025,24.8128044022125,30.4116871256052,34.8665888574009,6,17,28,34,44,55,0.859432675802615,1.40125589771141,0.0848825001213764,0.911636233437462,1.3328358391049,0.465568560493082,0.200509431482244,0.698056145710955
4.96271151401076,15.4406024121401,18.8286124271992,25.2236483375331,31.4902659996471,35.2390346439216,6,18,30,36,47,58,0.893374162280736,1.29215979970369,0.0594570442539629,0.799285794797665,1.33260844292569,0.488219088423021,0.120628544939134,0.615459872141199
5.07377345581478,15.1695950296113,18.6963962848517,25.0544957786928,31.3370392989525,35.6651124670383,6,18,30,36,47,59,0.926008906366434,1.19690864506281,0.0685161839234485,0.779971438241056,1.32083793590281,0.491203481968615,0.13549749628142,0.616978775108161
5.58663059030862,15.9066666345416,19.5338775215707,25.6321333928354,31.8006097428788,36.1386605311949,7,19,32,38,50,62,0.881940465402888,1.25254117448309,0.0513091709136284,0.739903339095174,1.23863051081163,0.377773538456064,0.136487807625812,0.50373497413739
5.67340001803148,15.6263892638756,19.3687498074987,25.4214376787095,31.6480280479525,35.8485149368779,7,19,32,38,50,62,0.905910344262469,1.16187175639263,0.0577553447803885,0.717293565110648,1.22432499911467,0.38721202508741,0.123168477482835,0.489051544908869
5.74252821620834,15.596302727482,19.3843386697876,25.4268136089484,31.7423667734629,36.0056548163012,7,20,33,39,51,63,0.925124974095042,0.988234161899744,0.0604404798149203,0.646718102242965,1.22112344422926,0.40185156349296,0.129159470633522,0.505692826417911
5.79960197777138,15.3236578394432,19.1724222555805,25.1765576150832,31.5516545943422,35.7045252306376,7,20,33,39,51,63,0.94106645454686,0.914996817110068,0.0641240057728761,0.619918543632302,1.20912011923745,0.411777452337031,0.11872686440869,0.49517257143125
5.84823155444089,15.0617976146179,19.9553140318833,25.7762768306927,32.0636076865556,36.2257614421334,7,20,34,41,53,65,0.954703793738609,0.847820279545389,0.109253722167147,0.649806142143285,0.947050608110979,0.397182523637252,0.11958594913811,0.407942640633547
6.25735921092597,14.6755670988157,20.7335273759199,26.2985120535813,34.8884835742574,38.3528927454885,7,20,33,39,52,65,1.07133414979211,0.684259373606993,0.285534390607708,0.829698029475951,1.07344315707677,0.718493555658921,0.0429761009750639,0.498262951837786
5.7911448490751,14.4235074383922,19.7578133435031,25.1182436050228,34.5566266036905,38.2073330354391,6,19,32,38,51,64,1.14289020672956,0.727037498249033,0.194800363085559,0.771077852496027,1.01145759345015,0.896283878728938,0.0525870545158671,0.597439958833536
5.5989051505775,13.9659819885706,19.3562271104668,24.7417603790594,34.2032556300255,37.7894149952676,6,19,32,38,51,64,1.08379928969211,0.674189342859802,0.201210769796779,0.715592108618133,1.01902055260127,0.90131900506024,0.0491222318648838,0.595404536414341
5.47260368599941,13.5718396026673,19.0869418495573,24.4695616268043,34.0528046609688,37.6269251169465,6,19,32,38,51,64,1.0453489712612,0.622368847553845,0.21589132894093,0.67945804468077,1.01814214295689,0.928002020688008,0.0484918936505102,0.608774690095232
5.35496451126057,13.2760183869422,18.9175853452905,24.2634066724858,34.1120277050987,37.7704946153814,6,19,32,38,51,64,1.00981255127517,0.588782430206703,0.231279282037638,0.65718078858715,1.00706203596781,0.987074881019992,0.0530133365232176,0.648765362502568
5.26915029373499,13.193205897358,18.8907662968778,24.2283311813599,34.2839431074973,38.0530283341598,6,19,32,38,51,64,0.984063649387914,0.589342233626236,0.238257084244032,0.653684987101706,1.00457971466566,1.03399254920238,0.0593175429497829,0.689477212067526
5.19163271324943,13.1057436711662,18.8819744770758,24.2074939826165,34.4606501166369,38.3138521187193,7,20,33,39,52,65,0.77501559510528,0.587488415981767,0.248229783459379,0.584072015926845,1.00096069521152,1.07943450482526,0.0643982616053989,0.725899097613102
5.14620957088042,13.0317236629789,18.7993537289345,24.0841068008588,34.4249314998514,38.3459213032546,7,20,33,39,52,65,0.762961566541705,0.582170305797085,0.247129945638807,0.574063775418293,0.988734217516684,1.09980455128714,0.0686741811481032,0.741654227300023
5.1190539976389,16.7374792756449,22.1611266366963,27.2797341297228,38.0505338154287,42.0195474245874,7,23,36,42,55,68,0.75578012169656,0.96839709645134,0.205087931550433,0.793775772434097,0.939259460128042,1.20145828033044,0.0718018252746732,0.785273889244433
5.09054566841266,16.6251749272001,22.0574561858118,27.8849574244294,38.6037327236741,42.7571753467423,7,23,36,43,56,69,0.748261159554342,0.951187120744439,0.206096097146808,0.779812772957823,0.948884249384388,1.18900781778293,0.0845746029241471,0.824859147016348
8.99784446644181,20.5830343527178,26.7588070944262,31.6617296421411,42.4721609734027,46.851754958941,8,25,38,45,58,71,1.67246063619116,0.842284461270615,0.301856633124905,1.31205173591254,0.699305316453552,1.21097018369385,0.10189050649034,0.740202069452944
8.72175655608598,20.1196859140451,26.2827967342417,31.1307904161244,42.0479673253599,46.5818069971649,8,25,38,45,58,71,1.58824146313498,0.806832813216483,0.300082316895601,1.23462956504117,0.685151320418655,1.23670614744361,0.114744531376993,0.76848327918158
8.40710173007965,19.7053233668443,26.8257507527357,31.423160099979,42.6248363646022,47.2104423942544,8,25,39,46,59,72,1.49345475202169,0.788198153925545,0.364590944373221,1.22715560965158,0.621656759973424,1.30610898280834,0.119247456540141,0.780385430677683
8.59168412338955,19.9638855397652,27.3364025135854,31.9201680346694,43.0966442755306,47.7788362038689,8,25,39,46,59,72,1.54889975651025,0.802008231546282,0.402521063352367,1.30920904450381,0.618251881191986,1.29991470549065,0.127901878287567,0.788453462478937
8.85662066519045,20.2462951975493,27.861808052381,32.4201140337576,43.4814480707876,48.3196772558599,8,25,39,46,59,72,1.62926186609971,0.805283618959346,0.440636088860676,1.39592601532666,0.611913194592547,1.27172719641957,0.14257509808262,0.790616584853611
9.10972594989284,20.7353552817926,28.6058865009141,33.1781779440128,44.0736535091888,49.0815582987352,8,26,40,47,60,73,1.70685688766091,0.742037068807569,0.482221321021016,1.42003685896897,0.615392767896268,1.23146039032881,0.159491770967732,0.793114769574436
9.35219088585309,21.0007817810859,29.080290602592,33.6401818940668,44.3417621074523,49.5098823333489,8,26,40,47,60,73,1.7819080428835,0.746112440395302,0.517469372464373,1.50002705624359,0.612307323843094,1.1849016756652,0.176372751950855,0.786655851211472
9.58221698879463,21.2324075120238,29.5131594683681,35.1853790917406,46.0859435724162,51.651100312914,8,26,40,48,61,74,1.8537304627514,0.746396688076581,0.552378760620862,1.57455222852096,0.73770078509881,1.23268988607324,0.221919891869478,0.952316140458801
9.79662003422711,23.4437559484613,30.3871369305225,36.1248673879349,46.9153101743761,52.551015345643,8,27,41,49,63,76,1.92119778272792,1.00884827753898,0.3389628293126,1.62062887008899,0.75402820167419,1.05726726782134,0.230554611655325,0.872432611298889
9.98559399905436,23.3233837979884,30.4815580602199,35.9576472751394,47.9721046513141,53.622791141409,8,28,43,51,66,79,1.98106630672015,0.839710038764684,0.299569336885269,1.43332683512588,0.689468994342031,1.18973999748166,0.232408890240009,0.931337378020703
9.84159167372439,23.5440391424683,29.8665006351084,35.7927215221819,47.9238623879744,53.3784531729371,8,28,42,50,65,78,1.93541144062905,0.905696394380005,0.255978362559772,1.43044691595455,0.80159038145889,1.21630179217366,0.208712503089711,0.985922218736797
9.49621952425872,23.3427407738964,29.7472202060813,35.9474191204604,47.3755024401392,52.9620700548525,8,28,42,50,64,78,1.8268097673354,0.932307514740246,0.266306435179709,1.41093609170589,0.872204722858383,1.20307348729387,0.172382362786504,0.942067303179086
9.07201376385663,22.9887768395462,29.6188382214346,36.0539089784597,47.6633914958954,53.0195690088014,8,28,43,51,65,78,1.69524599523381,0.945390398806879,0.234917454352094,1.29589345729142,0.934060361134608,1.24566137000496,0.197294395689767,1.05705272591114
7.50403123091858,21.8496524327476,28.6470619589899,35.3118738035763,46.5564238576553,51.8135550170589,8,29,45,53,67,80,1.22922985112809,0.915017571219301,0.20143879600762,0.985633531467621,0.995677113651472,1.16047395239117,0.186127521886063,1.02090474462641
6.26321848142579,21.0825137750332,28.1603583916247,34.5157661136007,45.5734416421357,50.7350847850688,8,28,45,53,68,81,0.888685049360999,1.11961363633383,0.183061562039036,0.920646843436862,0.9129483920157,0.97957750461776,0.175673361607714,0.850611745010668
5.60947093141522,20.5539010517545,27.8444127874366,33.8751854160503,45.4518869401579,50.504231583804,8,28,45,53,69,82,0.722162618964028,1.14463442408401,0.203681300792251,0.879559374119511,0.828335147644464,0.959813912963153,0.164086340069507,0.785798387994491
5.27536401843689,20.115253931812,27.5816815942566,33.3572289012597,44.5296928162536,49.492322420288,8,28,46,54,70,83,0.641157121635763,1.12371749717437,0.176152749406252,0.777803342088831,0.763501665059646,0.878114078374021,0.154880572663846,0.689125863685985
5.1034021296753,19.2989371733436,26.6694011446023,32.2734276420707,42.9400045215456,47.7434670411749,8,27,45,53,69,82,0.600655129412835,1.11812391761058,0.167700339076703,0.734552067017313,0.720819143265288,0.779742585195695,0.139232095040103,0.588365932289908
5.01826517555411,19.0563642959022,26.6590254564824,32.1449624025084,42.656101112351,47.3738611577717,8,27,46,54,70,83,0.580918141522046,1.0863285964582,0.149071328842299,0.670749906846448,0.691866974798157,0.750420507980927,0.131171584843528,0.547496012382165
4.97727515612265,18.5984764018624,25.8784524982817,31.263656243738,41.9087810741664,54.4906098110478,8,27,45,53,69,83,0.571492003918084,1.00378459369778,0.159939472316494,0.644071014635818,0.667459264909441,0.775670025644459,1.48167451786828,1.63151185163616
5.00529686891652,17.8837538644291,25.4454108155668,30.6241518746102,41.1651541213679,45.618227800587,8,27,45,53,69,82,0.577930507843696,0.862943350955418,0.184765577655481,0.597034957938483,0.618296260574143,0.756020181866862,0.107908581538574,0.488622372815021
5.08226390374507,17.1778530679073,25.1037211277892,30.0686347004377,40.2339937413455,44.5217905387529,8,27,45,52,68,81,0.595734918026878,0.723719917614324,0.219759058566914,0.561193121232202,0.715377307196485,0.686780062612948,0.0946420924989936,0.464578895883576
5.20004906533838,16.2445226517547,24.6318324269103,29.43648364367,39.3910655170111,43.6140986486566,8,26,44,51,67,80,0.62331511104225,0.641950688030822,0.268694427434184,0.567480680790837,0.674041522292939,0.649093718078217,0.0897088760461656,0.420338185800227
5.35926421315527,15.2838687102034,23.9848961958941,28.593230227485,38.2377474035935,42.4147785252908,8,25,43,50,66,79,0.661218117355313,0.549728472406559,0.30482913978379,0.555461761042729,0.624387049995695,0.595234559464099,0.0862955867614947,0.367591782861439
5.5462322386426,14.5457302926774,23.744248123225,28.2125469187476,37.4454808338113,41.6247015042494,8,25,43,50,66,79,0.706604557326742,0.410157350541452,0.366733976465829,0.530508703930503,0.589661151687003,0.526759938101497,0.0864563389019504,0.318873919002148
5.7020522969568,13.7566153134163,23.4768987845083,27.8465650244147,36.5495325862875,40.7520287135694,8,25,43,50,66,79,0.745122818817387,0.287255684456581,0.437494897721127,0.503478181373357,0.565564205872903,0.44392573492997,0.0881757370801624,0.269579826754349
5.73746933249874,12.8915032304614,22.6393650032285,26.9829482127123,35.2289516666373,39.4984222651303,8,25,42,49,65,78,0.753962909710313,0.19031393536136,0.521677890962862,0.472618828755082,0.559243232614484,0.377598346652733,0.0932309744454276,0.238379674817264
5.93192926743073,12.3510709403379,22.0591009250876,26.3697033730997,34.3154988803291,39.4515567225975,8,25,41,48,64,78,0.803044029677855,0.126712621018167,0.606110863323163,0.46701325993163,0.551281929579176,0.336721036329792,0.129578318586303,0.241601897479923
6.11586232171625,11.9618802796745,21.7385348923074,26.0298246757704,33.6695453955307,39.0478803682893,8,25,41,48,64,78,0.850286806350505,0.0870257711398166,0.617953576170927,0.436117829313009,0.546636343878725,0.297332668159348,0.151788116569798,0.235671129556388
6.28302271962201,11.7585150880966,21.6083972855476,25.8606600043738,33.2315022428489,38.8506785687259,8,25,41,48,64,78,0.893881929990843,0.0659559505217204,0.630694034857199,0.423893924266183,0.537285732785778,0.264694112856586,0.175732062036946,0.230947545711099
6.43946628243308,11.7707247247506,21.6913697652304,25.8857337961975,33.0272191779751,38.8786807572568,8,25,41,48,64,78,0.935229115421291,0.0587069771313382,0.643106212015342,0.431666262945612,0.523506410668184,0.238341189023684,0.200558339152377,0.227117156919318
6.59683008377954,12.0203403069817,21.9971209465385,26.1219697203022,33.0786574465417,39.1371741896036,8,25,41,48,64,78,0.977333255261703,0.0632826671892047,0.653022409568622,0.460953054127106,0.507111495511209,0.218124621907722,0.224095125935483,0.223853977578919
6.765229934925,12.4713489265588,22.4763549270947,26.5409548312089,33.3811038063247,39.5905820678272,8,25,41,48,64,78,1.02293998235358,0.0786520843579197,0.658031495938041,0.508885279245868,0.493036200536433,0.205848482637459,0.242075854300628,0.222082304738232
6.95055325893929,13.0075983519362,23.0000711337925,27.0164836026084,33.7933531835385,40.0680799086151,8,25,41,48,64,78,1.07376185268135,0.100628311140109,0.655805349161174,0.564060902259993,0.481870071009041,0.199337294413356,0.25005848646852,0.218932245365052
7.1548884899414,13.7313105576467,23.6353802399945,27.5941879366854,34.3074255485625,40.6147501836887,8,25,41,48,64,78,1.13053342960027,0.139125945672793,0.64018998984726,0.634838853796919,0.468630208889609,0.192900183242063,0.254093865388941,0.21296463018415
7.37791313164058,14.6446031535979,24.1957012597589,28.0226713485071,34.651917585589,40.9584469836686,8,25,40,47,63,77,1.19333976389289,0.201313409809984,0.679562570220858,0.768799971453672,0.438784789688975,0.184573687658289,0.25399504737899,0.198787413051826
7.67343174775448,15.3375430828987,24.5705343114632,28.3027300200145,34.8721950241827,41.141901269908,8,25,40,48,63,77,1.27784654022842,0.24271557292446,0.621674629677663,0.81716957485594,0.312066336538793,0.227995421438283,0.249439781993041,0.186742053469668
7.87188145078194,15.8328770892242,24.699126426154,28.3356871252364,35.2341730358144,41.5614641365765,8,25,40,48,64,78,1.33537696574753,0.2762393020439,0.557535989302962,0.834080960748064,0.294587828414294,0.211947659390299,0.256581056273275,0.175598327720432
7.93368436039146,16.3419680587475,24.7928329909941,28.3622058139995,35.2416684428902,41.5440505093717,8,25,40,48,64,78,1.35341694969285,0.330813997933232,0.488420236445343,0.846505715701631,0.282545996327773,0.209948605849547,0.253479992760881,0.169153306053441
7.92491183731889,16.569516699773,24.5968048651234,28.0871555746179,34.999596688539,41.1692058652946,8,24,39,47,63,77,1.35085278383097,0.435185611683825,0.422010106394356,0.896207361900558,0.268639905996025,0.213420373273856,0.237260627518858,0.159088730251276
7.88821501522101,17.0574170333275,24.6246189848119,28.1000430956608,35.057878158822,41.2234396660224,8,24,39,47,63,77,1.34013904525208,0.516474789062933,0.354794069759248,0.900051669251676,0.266044805210148,0.218247308955855,0.236774425176035,0.160551976724139
7.84705720898377,17.5109242515366,24.5103297222813,28.0407930545588,34.7601097202897,40.6193200382426,8,24,38,46,61,75,1.32814718138929,0.598539525039596,0.346980890579867,0.96421990698467,0.275663781139907,0.24530193969219,0.201415456491943,0.159487135670034
7.81222547841161,17.5245308259026,24.2973249898724,27.9483807532231,34.7693189440405,40.703588398357,8,23,37,45,60,74,1.31801870619372,0.709668793723173,0.31507958076251,1.01721078690826,0.297211637720759,0.257396686418062,0.209813844442649,0.17671086606196
8.08367687928477,18.29505511855,25.7391730731372,29.5796851078545,36.2117903690228,42.8100677218769,8,24,41,49,65,81,1.3974359865634,0.69512106323614,0.21929991224018,0.898075479821415,0.33233016847445,0.184853923712903,0.181552633634955,0.136362127817795
8.22354385113525,18.3320180736034,25.7983621420315,29.6836275333229,36.2749291500782,42.6466370227388,8,24,41,49,65,81,1.43877869354229,0.676525231926545,0.221609846024898,0.906097896924289,0.340844269483068,0.180875797206276,0.160259532398466,0.12577688273066
8.22319178009735,18.43279106216,26.3106731572398,30.1935571378728,36.6900746437016,43.2170913470815,8,25,42,50,66,82,1.43867427545627,0.596276945471818,0.26663391929919,0.899183385561488,0.340389161401219,0.171812690313766,0.174701796082928,0.128489318315915
8.22245069450726,18.5209941067945,26.5176601394405,30.4155114703992,36.8088578455524,43.3519690403903,8,25,42,50,66,82,1.43845448821996,0.611130350822844,0.280413784232748,0.927102778146923,0.343253369736412,0.162231396882762,0.176236787795635,0.125130831053323
8.20492036663802,18.6115686399251,26.7289736762206,30.6347647325332,36.9230811079865,43.5221530630568,8,25,42,50,66,82,1.43325770607153,0.629388569006776,0.29477434520865,0.956007776800847,0.344776425232559,0.152782776186198,0.181629817014823,0.123240512440124
8.17909318384002,18.7030048744044,26.8707513754769,30.7866449067434,36.9677838259413,43.6542046718344,8,25,42,50,66,82,1.42560931868525,0.64944491944584,0.300866428694098,0.975626929400864,0.346718031341294,0.143459887291923,0.19022061296745,0.12279617917787
8.1512892365961,18.7909305699565,26.9458236159491,30.8856213511393,36.9608865186102,43.7696597230282,8,25,42,50,66,82,1.41738618517648,0.669492008343912,0.299305143752299,0.986088346577627,0.351328538575741,0.134567838260537,0.202606395504708,0.124647759412407
8.12131782477486,18.8631611691622,26.6978546268524,30.7318653116128,36.6866231729889,43.4138909988321,8,24,41,49,64,80,1.4085344481754,0.794096288630136,0.261709973418788,1.03197882462125,0.369720677854074,0.163761529547118,0.194309968524114,0.141883216009489
8.08894010617286,18.9491166095222,26.8306113988662,30.8944647779711,36.7663792068599,43.7874616362973,8,24,41,49,64,80,1.39898661648035,0.816865022114091,0.267047895089383,1.05117712550227,0.375618998046439,0.155953849789343,0.225065343085168,0.154424513853254
8.05394392900395,19.0339670879859,26.922551167756,31.0201109938241,36.813456156869,44.1754703389568,8,24,41,49,64,80,1.38868377371667,0.840173407185569,0.26786118855106,1.06456450963843,0.382322285719052,0.148738370711218,0.263654210995506,0.170753363072763
8.01603547784776,19.1178535335996,26.9705592111347,31.1059606378822,36.8226097514345,44.5296462234048,8,23,40,48,63,79,1.3775437974151,0.98896056421826,0.263757935980898,1.15841153695067,0.389899660162583,0.141873434660708,0.305793596716106,0.188704228637814
7.97475789387059,19.2038223131513,26.9786493109536,31.1564394848642,36.800038765187,44.7934559327888,8,23,40,48,63,79,1.36543786964852,1.01618366164045,0.254961126942981,1.15965004565164,0.398451823800478,0.135499389870266,0.343058894811044,0.204533073506301
7.92916186120411,19.2904045272816,26.9547398247664,31.1807008520805,36.7536075445324,44.926623692803,8,23,40,48,63,79,1.35209490083275,1.04473384854035,0.242740033928011,1.15599140320513,0.408252015981196,0.129484282381926,0.36745951229084,0.214634854428682
7.8763608594462,19.382482392422,26.9062001851093,31.193697292234,36.660118309369,44.6774528884187,8,23,40,48,62,77,1.33668254238345,1.07634019111886,0.227630758230228,1.14857917053833,0.42089559610777,0.160331195332498,0.420500765052357,0.269712190006737
7.80163732792947,19.499621975393,26.6609951847463,30.8120462575679,36.1445850173248,43.660117434292,8,23,39,46,60,75,1.31494354479461,1.1186900085532,0.240571264479844,1.20116055588305,0.513271910303433,0.147444800998646,0.347577782916274,0.248638183463682
7.44621492183197,19.403145412932,23.9864002390483,28.0129095576155,33.231769140877,39.7607722988902,7,21,36,43,56,70,1.42709024946168,1.32853407763793,0.0611544882089474,1.05775865640371,0.484202945157703,0.181900602886616,0.282361694365986,0.230374044745922
6.92442693860538,18.2744495768529,22.3422749654281,26.1659368917058,31.3119019050406,37.5416059224087,7,21,35,42,55,68,1.26812231245992,1.18489412456613,0.0544625930595718,0.898094396861724,0.438044223230649,0.173986332472486,0.309467766662785,0.223825766229503
6.83783683138103,17.0541453272113,21.0201310443888,24.8986228537663,29.9787207474396,36.3138251568879,7,20,33,40,52,65,1.24215016646164,1.07090985388736,0.0716022131365095,0.871226905709844,0.450371589787502,0.220469112837985,0.324591843631594,0.269190848392369
6.85448861482546,16.929381398259,20.8448780629297,24.7155429931033,29.7576437560768,35.9400246376856,7,20,33,40,52,65,1.24713531749071,1.03839950296613,0.0683216362326595,0.845725086394622,0.44860499152628,0.215686763367001,0.302784541914916,0.253098044604142
6.89293239778742,16.9283278295562,20.839044314135,24.706374885431,29.750003026168,35.8309806017682,7,19,32,39,51,64,1.25866169777526,1.18204723222968,0.0680157173192481,0.929667012272719,0.447853089523834,0.21587802602259,0.288690275691493,0.244952166332217
6.93029894507468,16.9234460186373,20.8589417370061,24.7253568541367,29.7669718582333,35.8074641012278,7,19,32,39,51,64,1.26988796011932,1.17169028259734,0.0696102935248061,0.932707490148683,0.44764672606391,0.215625952371941,0.28315013236851,0.241570657097235
6.96634929137464,16.9083126549514,20.8793197504347,24.7429297365287,29.7696829579531,35.7707242208303,7,19,32,39,51,64,1.28073996493114,1.15918039061225,0.0719334223236502,0.935825874939699,0.447014582800441,0.213769440880732,0.277799687527594,0.237162306590539
7.00084152384097,16.8834831159834,20.9006254949238,24.7594774421686,29.7589808063354,35.7184019500019,7,19,32,39,51,64,1.2911422470837,1.14473328490524,0.0750183830899015,0.93909105739046,0.445943019308417,0.210385590277126,0.272206861902882,0.231547733940005
7.03357343491285,16.8498117846186,20.9231442578513,24.775252780392,29.7361819698037,35.6478618883192,7,19,32,39,51,64,1.30103096634121,1.12862817525837,0.0788778497109685,0.942547499300063,0.444425776221864,0.2056402690169,0.265857367585137,0.224561106154703
7.06434732622433,16.8083268823643,20.9470667000849,24.7905299637771,29.7031808010038,35.5572339139387,7,19,32,39,51,64,1.31034341174365,1.1111836468928,0.0835119375167398,0.946225420053944,0.442483123398947,0.199775457834572,0.258287469558755,0.2161291215398
7.25588382785829,18.480907349117,22.8649177772893,26.6674885886063,31.5430573211,37.5192865044397,8,21,34,41,54,67,1.15886840353044,1.31185584336841,0.102246796565348,1.06437236082653,0.433332517021094,0.146212333170144,0.274459070469812,0.186044718427648
7.18156366954307,18.5795911591683,22.8921970131105,26.4918932486284,30.9977996394934,36.7630607588416,8,21,34,41,54,67,1.13799996996408,1.35467762996251,0.0965714544342126,1.06868109423973,0.388894249949781,0.112354130020568,0.24682742265269,0.138834655755841
7.20532901315569,18.6794233206546,22.6732393902069,26.1329337117986,30.2710541497356,36.3768506877889,8,21,34,41,54,67,1.14466257434549,1.37363634047591,0.0734491604964907,1.03430668226763,0.359199531144854,0.0834673400593679,0.292111215171799,0.129830208211239
7.23221404501791,18.6711893652463,22.573248964759,25.9827915114815,29.9951188330831,36.386516865995,8,21,34,41,54,67,1.15221169290234,1.36487354457733,0.0674637570966738,1.01876937091452,0.348763874131046,0.0746928782614273,0.332803266184492,0.135691631476242
7.25182972834452,18.6198404001386,22.5568794140582,25.9528629838585,29.9141560505356,36.4866604369915,8,21,34,41,54,67,1.1577275697529,1.34721813561983,0.0697103258367879,1.01623537562499,0.345961188597642,0.0712934952004797,0.359842425856214,0.142095814795266
7.27475325351438,18.7538728897768,23.3140500175741,26.6342030504656,30.5271929025175,37.066137614785,7,21,34,41,54,67,1.37440235294045,1.21500740220367,0.11702366871307,1.13624772595009,0.330435725297275,0.0668883156748451,0.354761081491744,0.13240160224067
7.3022936973666,18.6158039360766,23.2788890758788,26.5925419459759,30.4580750161599,37.0569291590687,7,21,34,41,54,67,1.38283628654184,1.17642166578112,0.12616377921852,1.13054954970365,0.32911677765234,0.0651640042809087,0.36385447383246,0.133791115557107
7.32475353069221,18.4244690059186,23.2109376154962,26.5132675777397,30.3433342305072,36.9624844762073,7,21,34,41,54,67,1.38972259978828,1.12721220700601,0.137613371661968,1.11957144432619,0.326823778076805,0.0629760519803247,0.366958150079707,0.132372746446982
7.35719332220157,18.2554829956618,23.1438279714631,26.4394432604765,30.2311213153037,36.8794479210073,7,21,34,41,54,67,1.39968183838331,1.08148808118568,0.147467978916486,1.10877359608217,0.32546671795199,0.0606577393381394,0.371440095648239,0.131524573878467
7.40009458730023,18.1252214051402,23.0671495680925,26.3607073714984,30.1094162692154,36.8040402366738,7,21,34,41,54,67,1.41287626785708,1.0426881865654,0.152795687561621,1.09649020270791,0.325051299835508,0.0581241750940119,0.378601011680915,0.131592120646253
7.44534929106057,18.0273183341466,22.9798753771221,26.2788954345686,29.977642237529,36.7450343878482,7,21,34,41,54,67,1.42682318799404,1.01097488505645,0.153864297697648,1.08257990039936,0.326154580011422,0.0552595150736679,0.38997663801258,0.13310033059614
7.48513504680613,17.8029797768018,22.2217346213152,25.486691168258,29.0427366790872,35.9290885286887,7,20,33,40,53,66,1.43910874520009,1.09445315814869,0.105073945183327,1.05494601026562,0.31929641433846,0.047554867969562,0.408886496044148,0.130027617332503
7.53455384713501,17.638351248392,22.1456448186398,25.4098676381883,28.888635764953,35.8277982118669,7,20,33,40,53,66,1.45440000624524,1.04501767815017,0.112472186188943,1.04286479175435,0.319149269883799,0.0436746972472311,0.417404357373245,0.12870197947114
7.59404937836705,17.476339188485,22.0855004565889,25.3524029051275,28.7471090951886,35.7609707738375,7,20,33,40,53,66,1.47285443259481,0.994656934851785,0.121327766694341,1.03335723560555,0.319686771721056,0.0396837383924903,0.429580295602649,0.128351842758396
7.67234871673146,17.3272725344002,22.1080313908116,25.3804730456988,28.6882320175356,35.8328643084347,7,20,33,40,53,66,1.49721570563731,0.943836165407152,0.137071762348519,1.03691455669906,0.320798908561275,0.035804417143278,0.451251254112785,0.13095204163232
7.75116948145525,17.1754302841545,22.1176106201951,25.4015026221609,28.6185995710011,35.9488116442166,7,20,33,40,53,66,1.5218231151881,0.893212080872249,0.152820995475037,1.03842856160203,0.323102281636093,0.0320241981195398,0.482766337874846,0.136665485564528
7.80234916074913,16.9893476953491,21.9915887650951,25.2910034597993,28.4168869289544,35.8710740323095,7,20,33,40,53,66,1.53784553877807,0.842155584157793,0.158911073966382,1.01858612148537,0.326234342018502,0.028488576621474,0.50430629741115,0.139308959994666
7.85619786880349,16.8067000743725,21.8755315621002,25.1397471022113,28.1816071760679,35.6590122515768,7,20,33,39,52,65,1.554740792598,0.792326399625955,0.165808082768278,1.00045769746599,0.435732172424883,0.0254639884836906,0.508382882277803,0.160772688684144
6.6408308561423,15.2173622251193,20.4527041821754,23.878362190998,26.7854563353762,34.2986673132491,6,19,32,38,51,64,1.4114492050199,0.715792473011705,0.183714968837224,0.871493294862456,0.475192929062139,0.021064527556612,0.514695734002396,0.164620444615569
6.56386069620353,14.9361841047871,18.896032930751,22.3096012210904,25.2127611970911,32.5986211814273,6,19,31,37,50,62,1.38666604014804,0.675220048967281,0.101618311835895,0.728746806819553,0.472202714810251,0.020944259635401,0.59489536236415,0.1859674404684
6.38306471497671,14.6566172547321,18.4508960107131,21.8094711672347,24.7539492656713,31.8716423825305,6,19,31,37,50,62,1.32879133234865,0.655916023181909,0.0880966892239024,0.668137338669949,0.458671953947955,0.022230214832817,0.543739903977846,0.167419704145549
6.37694303868349,14.6549588304845,18.424375197237,21.8091206758108,24.7458823623605,31.8965038410211,6,19,31,37,50,62,1.32684022222693,0.656783762066878,0.0861586834263514,0.66460333339371,0.465096428947875,0.0219862049039349,0.549925625553129,0.170715165910521
6.37117637050023,14.6485479831969,18.3970335519706,21.8068035003889,24.7369337666361,31.919990698411,6,19,31,37,50,62,1.32500277867612,0.656658494871119,0.0845458831671932,0.660969107173234,0.471264404294296,0.0217779219689962,0.55604524403723,0.174012785503364
6.36582337155546,14.6373858365383,18.3694037105279,21.8028641477707,24.7273418794497,31.942458800582,6,19,31,37,50,62,1.32329759355028,0.655529255949331,0.083289027363965,0.657306034139083,0.477125702899223,0.0216014162045868,0.562119718099684,0.177299706746428
6.36094692638913,14.6216541630261,18.341969976923,21.7976388687622,24.7173561986474,31.9642329419642,6,19,31,37,50,62,1.32174459136598,0.653421086327792,0.0824023447690495,0.6536783837223,0.482639690142108,0.0214535033103894,0.568162368843417,0.180563725813749
6.33629057822318,14.565769651316,18.3446508461817,21.7948909575151,24.7506657621436,31.1381758268352,6,19,31,37,50,62,1.31389781304662,0.647370724057947,0.086893611076489,0.654032469278991,0.481290093633999,0.0225906500428858,0.413859462007324,0.130260740092807
6.26707653060433,14.5131077842245,18.3797835587124,21.9172297998829,24.9836183350014,30.4207322598008,6,19,31,37,50,62,1.29192051967566,0.650574995650669,0.0938775630982333,0.658681043948788,0.503102551971722,0.0263242239135372,0.26782578636513,0.0930250801180385
6.19204432860248,14.5404207478073,18.4327621984397,22.2113371745531,25.4845506071948,31.3739132777281,6,19,31,37,50,62,1.26817995901558,0.670520405090175,0.0959760855991589,0.665719989957473,0.56483313141765,0.0343323954729492,0.333846960871801,0.138498885107591
6.12847194602647,14.614014687537,18.4666411944046,22.5395589136411,26.0982973147559,32.5260196267837,6,19,31,37,50,62,1.24813510069828,0.697605740875456,0.0927397276668323,0.670239580812089,0.642803714666815,0.0476937597564912,0.420634188674303,0.211105257771976
6.09305739710492,15.201503505489,19.5017297591864,23.587130145828,27.8156175182963,34.0389690266321,6,20,33,39,53,66,1.23699680162651,0.705356895305109,0.0956059713186519,0.661795535383894,0.646169859668216,0.0633920312934191,0.30856674923181,0.178456004753932
6.04211210592777,15.370297644117,19.7738309654405,23.9301434459804,28.1776881396389,34.4123649797519,6,20,33,39,53,66,1.2210097346989,0.748363291360105,0.103830088874399,0.697372448538716,0.665380305548686,0.0645060439435213,0.310173932328738,0.185007828776745
6.00049026927092,15.3408433297426,19.9374825081957,24.1797559459651,28.4559089252113,34.751751947901,6,20,33,39,53,66,1.20798018804374,0.750772540933492,0.120219424340084,0.719188702556804,0.688864137632963,0.0662003230069581,0.318919832151806,0.196707823379789
5.97253331711588,15.1892264694984,19.9332057374607,24.2673627201518,28.5918969774082,34.9786494550778,6,20,33,39,53,66,1.19924457618408,0.726422572428713,0.133610277754273,0.71861459581473,0.714197517582483,0.0691257393741873,0.332122129949248,0.212743969732143
5.94664647745057,15.0011551999515,19.8667941917017,24.3059519838849,28.6702173892829,35.1616402810564,6,20,33,39,53,66,1.19116751173536,0.694948358373986,0.145240352337754,0.709726941838057,0.743431231782959,0.0715847619928937,0.347620593530547,0.230867687238726
5.92300977839174,14.7800566949553,19.746577469588,24.3000801736922,28.6941828617762,35.3073404373661,6,20,33,39,53,66,1.1838024233933,0.657351772069088,0.155274110320224,0.693769743282015,0.775599044113412,0.0734651027708456,0.366040544401282,0.251132566690513
7.62889014705433,21.1527110762463,27.6893392350304,32.1425368700786,48.4210825301185,55.4283655667995,7,25,42,49,67,83,1.48368409200771,1.10731428649565,0.135923245136075,1.09238567788954,0.585952082431571,1.72419377902202,0.223568595074121,1.18669109578842
7.64358744676486,21.1145650756694,27.6798678579533,32.154965602465,48.5055634152931,55.523592062902,7,25,42,49,67,83,1.48825748388331,1.09641822648735,0.138226817534434,1.09100127716837,0.591333375041227,1.74149289437097,0.224733674512793,1.20276597920454
7.65506470872558,21.0743172371859,27.6741703887438,32.1728123606365,48.5574815813133,55.5680613868137,7,25,42,49,67,83,1.49183093784891,1.08579047608108,0.141031351732005,1.09016886903823,0.597135140363275,1.74969185642108,0.223925713136877,1.21050124280885
7.77021004230531,19.4583447979824,27.5457632294936,32.1377513503321,48.6214125406551,56.3685703469336,7,25,42,49,67,84,1.52777993923044,0.753151996303438,0.291174667375888,1.07148281611748,0.620303205314691,1.77358101268593,0.251872083983707,1.26354698648092
7.80762253796063,18.5092486294268,27.261295679844,31.9579759586443,47.3549585772819,56.2357972259597,7,25,42,49,67,84,1.53949840184432,0.585764507320984,0.375975005634611,1.03059739811726,0.646595251998373,1.51703408966716,0.393593879787354,1.28726268973097
7.82835881646123,17.9957577312951,27.0155669701158,31.7909937128193,46.3843567505605,55.9550485321593,7,25,42,49,67,84,1.54600143129937,0.502670032017511,0.413024054084909,0.995852234916666,0.66658008932344,1.33588274990723,0.494202439564272,1.28177109629863
7.84701129964603,17.6882813619366,26.8367937540351,31.6737099181366,45.7112805402997,55.698348458439,7,25,42,49,67,84,1.5518557841195,0.454726241079867,0.431401141502363,0.97091145187516,0.682306913690846,1.21523382237701,0.559792787204404,1.26958691254457
7.89201324721511,17.5022342336587,26.8868565132913,31.7352726424792,45.3937093737509,55.6470272117584,8,26,44,51,69,86,1.34124700599159,0.422085067193659,0.391301981258033,0.828570366871424,0.685259860468271,1.13524605418907,0.603558672257758,1.25380924439547
7.93065601942159,17.3124640688698,26.7849779276433,31.7595762364489,45.1693940202317,56.5169765898634,8,26,44,52,70,88,1.35253164973837,0.390924868141024,0.403165479042977,0.815746356952906,0.570878179153884,1.08385599967311,0.693409103265029,1.2233822666024
8.01419759907043,20.4357830171019,30.6728306673551,35.4475501039318,49.1102352392479,65.1326748617435,8,27,46,54,72,91,1.37700424632016,0.780495434807317,0.43583972708516,1.19040244192701,0.525662902060244,1.13613161917037,1.51014100207141,1.90618439388051
8.02740087326718,19.9573626214874,30.2590390378569,34.7889123618202,49.6969423681221,64.8938235261392,8,27,46,54,72,91,1.38088147395305,0.695551478946611,0.44475376825506,1.13058247498068,0.472008235207292,1.4058990229002,1.32793794655504,1.93763803119486
8.03525821385116,19.3512713211757,29.5058640973279,33.8012950955084,50.783728482816,61.6045326847784,8,27,46,54,72,90,1.38319005174406,0.595271408827847,0.424588933679747,1.02524194258035,0.422535777647777,1.89544709809536,0.605047931289555,1.60171209961748
8.04614756068144,19.1754896254178,28.4857372997509,32.6569699571438,50.9840026652333,63.338068794055,8,27,45,53,71,89,1.38639096799743,0.566115414407787,0.381393211319932,0.963867349016995,0.397124398745702,2.23569374557317,0.875596193218898,2.09240607769607
8.27321388826898,19.1171515944608,26.7309961332381,30.7376190835114,48.8235292751138,61.1195190347085,8,27,44,52,70,87,1.45352747849794,0.522785443937076,0.237257395367404,0.808989754133941,0.364338060087368,2.17348371539015,0.982040219366605,2.12374614752824
8.18782107443799,18.04831226169,25.6736502134004,29.7514137775375,47.9812356067659,60.5082752883158,8,26,43,51,69,86,1.42819290800013,0.457491704169397,0.238499786961067,0.746752917772953,0.37838006366823,2.21055279109429,1.02916202543155,2.20910635598417
8.1603462833092,17.9339648565765,25.581251864016,29.6910643384415,47.9354949135144,60.6758274218829,8,26,43,51,69,85,1.42006362861108,0.445053582296592,0.240881637138256,0.735570122585409,0.384769783847658,2.21432576420061,1.20909732629265,2.38575367732545
8.26383142537593,18.2322290019422,28.083060298353,31.9972584591491,50.0571932084337,62.9116903480919,8,26,45,52,70,85,1.45073883560472,0.473157823630055,0.384337090285815,0.910513972520913,0.458459651684656,2.16681210834998,1.38515565219876,2.59767386795967
8.92493029729718,22.3664228609292,33.1673026891822,37.5782165922898,58.4226072285783,73.2501854474007,8,30,51,59,81,99,1.65012623998848,0.666140624475647,0.373904715597253,1.13590753551529,0.446664766701411,2.16647410821624,1.38788338424588,2.60886071022592
8.98187414807271,22.6604462449774,33.6183662600418,38.0317996822648,58.9546558412887,74.1936168867396,8,30,51,59,81,100,1.66756318051191,0.703390300650077,0.393217221964223,1.19852876267202,0.447196454158028,2.18539956869825,1.33703055299287,2.57949993297048
9.02750549792715,22.9814664543048,32.1002781118962,36.5302036811175,56.5442855539858,70.3010162070586,8,30,50,58,79,97,1.68156472857002,0.747746980730581,0.242787596048701,1.06847124538049,0.450682226014906,2.13204073642278,1.15579805656829,2.36746355801909
8.96183438898641,22.9560288555227,32.1516752280909,36.5652889127854,56.4892379493734,70.2947277881461,8,29,49,57,78,96,1.66142220435769,0.852382568501251,0.250535167715053,1.15417173656355,0.447234502985793,2.11014451110738,1.16604157756951,2.35642498513803
8.84876336221407,23.2455047139042,32.5351443740143,36.8891126073237,56.8104060290569,70.6722362626405,8,29,49,57,78,96,1.62686567747802,0.92427595834653,0.260186562219746,1.2085993018264,0.434707249601384,2.10950042737137,1.17791763066636,2.35528545613847
8.72150647024085,23.5595104378861,32.9542537339818,37.2590734848092,57.2020042815275,71.1048512897506,8,29,49,57,78,96,1.58816561193217,1.00570689370172,0.271203958221192,1.26934967707718,0.424479663845462,2.1147500397054,1.18659032959818,2.35786769010398
8.57724183052047,23.862611763537,33.3722513054954,37.6446232127104,57.6269825252158,71.4574556461137,8,29,49,57,78,95,1.54454518129247,1.09095359420774,0.283518213001301,1.33123233875723,0.417775070818557,2.12432638549236,1.30927932257573,2.46878734140722
8.41374852931387,24.1084339160757,33.7419430804759,38.0053524170081,58.0415371267524,71.8133023112258,8,29,49,57,78,95,1.4954433510093,1.17122736297706,0.297108350168368,1.3870222899593,0.415929901609221,2.13742080122703,1.29616902119424,2.46607428581192
8.22987892225812,24.2459063561131,34.0143547858284,38.2994044091737,58.4104237279056,72.3651753595755,8,29,49,57,78,96,1.44065786402359,1.23571801940197,0.312280979404426,1.42875847700485,0.420390085332137,2.15566705736169,1.19759729522041,2.39627244321313
8.0257345501827,24.2328332433766,34.1560879721127,38.501236421427,58.7373432958615,72.203241695929,8,29,49,57,78,96,1.38039200566318,1.27466005671418,0.330155776561353,1.45068144719319,0.432865530967591,2.18627128641013,1.09537296088626,2.33811643370815
7.80227747182443,24.0617964770848,34.1772822501042,38.6316750913788,59.1272034717776,75.0052415820719,8,29,49,57,78,97,1.31512941544787,1.28542008879322,0.353040533489446,1.45397189485917,0.45587105421272,2.25015646535464,1.47770299135134,2.75711097439953
7.55836757304497,23.8236127060565,34.1806718655622,38.8143573506883,59.9129838423179,74.4646126396266,8,29,49,57,78,97,1.24477348503196,1.28659743495932,0.382865689152557,1.45449843128788,0.49451700134304,2.40077906041007,1.19126123309216,2.64857470663678
7.27507776259445,23.8939568247431,34.4307228312954,39.3611658561395,61.4005057769385,73.5781887707264,8,29,49,57,78,96,1.16427348187261,1.36005229694978,0.40581088966783,1.49356275338553,0.560784144526007,2.64131382922959,0.8424625230038,2.55132400175429
6.75808360048222,22.6510717007723,33.1689651920579,39.1521388686218,55.437805686217,69.6238289268365,8,29,47,55,74,91,1.02099331363789,1.21087517168659,0.556562707034656,1.4820840237419,0.816127662504579,1.56986960951675,1.38961311038244,2.40049913810328
7.36611985973286,20.0903053417523,30.6022361203952,36.6967474067024,52.6015128502822,65.8092949338705,8,28,45,53,71,87,1.18999728723467,0.733268220371804,0.647383846668834,1.26659543897298,0.844763190419775,1.63532827834622,1.31466843490986,2.40827823450763
7.4144645083611,20.014547508293,30.592426254661,36.547570663227,52.4603397229694,65.6657373453806,8,29,46,54,72,88,1.20371410690718,0.622331645708952,0.65876220277009,1.1786723708078,0.808963680234899,1.63721550574888,1.31412251965092,2.38150408028614
7.46901942843739,19.7792010170189,31.0785252146476,36.8535872611378,52.7709471797137,66.1887891323383,8,29,47,55,74,90,1.21923988857453,0.578428109859218,0.685106647519205,1.16538219589232,0.763379880975391,1.48651284556765,1.36305087096572,2.26247004143577
7.52756824469227,19.5484817800286,30.7211716863871,36.3520318462716,52.1064320777392,65.539143101785,8,29,47,55,74,90,1.23595701248306,0.536052841141949,0.663516878342518,1.11458403143638,0.727447950549293,1.45011718107547,1.36649714991734,2.20589730232772
7.58759061726687,19.334306124636,30.3698740124366,35.8688572084132,51.4340351630227,64.8004027576302,8,29,47,55,74,90,1.25315296510607,0.49723937168049,0.640463801402372,1.06563564484936,0.695047736201027,1.40823910979665,1.35114225238321,2.13173027150542
7.6464682842537,19.1295541470024,29.6409588411352,34.9811989255615,50.7227771081611,64.2972235401568,8,28,46,54,74,91,1.27007740111905,0.536915708576012,0.555543212218766,1.04379506272454,0.656652443946437,1.30868338070038,1.25243285032542,1.94151385399971
7.70168708138419,18.9819166960606,29.2456619711252,34.5236762232116,50.0226789853686,63.418760318342,8,28,46,54,74,91,1.28600026382319,0.507395391235155,0.517243587275198,0.989933987116158,0.641787842550852,1.25792882785486,1.21333979168066,1.85506338788348
7.75097877113282,18.8849861952395,28.8921782578184,34.1302687888256,49.3519258054958,62.511338437895,8,28,46,54,74,91,1.30025454825404,0.486587517092313,0.47884825694098,0.942877507754916,0.632307222099093,1.20078487577339,1.16213102238814,1.75786088382964
7.79248593397265,18.8522881390626,28.5856616995102,33.8043290039639,48.7255448541097,61.6308520328238,8,28,46,54,74,91,1.31228705901122,0.476180699487721,0.439344540021448,0.902932091626193,0.627710936240694,1.13997732067235,1.10801261675606,1.65934993912682
7.82494974917125,18.9018216951112,28.3348541086216,33.5524329941207,48.1634722433717,60.8175121296023,8,28,46,54,74,91,1.32171655127896,0.478565456914715,0.397815777884481,0.870847359589014,0.627453688032766,1.07842910073964,1.05540273319126,1.56503789796106
7.84765918766592,19.0435672428186,28.1463140998728,33.378921970243,47.6831278549347,60.0558033561232,8,28,46,54,74,91,1.3283223898301,0.495347603069519,0.354386736015724,0.847087749397593,0.631008739960333,1.01881094817682,0.997590671684037,1.47127904658309
7.86053933273118,19.2703858352874,28.0273751647507,33.289603470269,47.296823225481,59.0686127122746,8,28,46,54,74,90,1.33207253532134,0.526170829202239,0.311513756636173,0.832259077066959,0.638033872678166,0.962342484045231,1.00018239661222,1.42741874178539
7.86407530019136,19.5494056603702,27.9911160342523,33.2984195147621,47.0235562161937,58.3128231835057,8,28,46,54,74,90,1.33310249962917,0.567090223279397,0.274796237592214,0.827763194282203,0.64877123210675,0.90986715888625,0.901445794812445,1.31362951887687
7.85922345930395,19.7699725149175,27.8802400576745,33.2291200550541,46.6515673186863,57.2385685718399,8,28,45,53,73,89,1.33168929345377,0.601579934836573,0.293915562630755,0.884174617764209,0.658724748958587,0.854851957724621,0.764676977326683,1.1676375145255
7.71224543647473,18.5481842490076,27.8870856985348,33.5382390684445,49.5906389570422,57.684790129908,8,28,46,54,74,90,1.28905034812585,0.445416892309935,0.385196497159006,0.814928453689571,0.732473165328271,1.37474581080499,0.35664831017839,1.23330081886483
7.5587187148376,18.899937984466,31.0075553595321,37.002110114894,53.9151511205419,61.5657630924992,8,28,47,55,75,91,1.24487409015131,0.51619149073029,0.725783533984686,1.15521373683917,0.819041756065194,1.56343147673869,0.29869379757947,1.35059065820806
7.40908187477557,19.2504683834979,32.8653809090436,38.9394900599373,56.7604630590981,63.3006798285065,8,28,47,55,75,91,1.20218495192279,0.590872038678992,1.00255818094735,1.43408181615517,0.839494678383331,1.77108615839676,0.175960205954781,1.33132776858221
7.20615403702192,19.4612546163549,33.3396491466354,39.4386674936688,58.4995447975133,64.6345284876489,8,28,47,55,74,90,1.14489404723793,0.655970443414304,1.05442135208152,1.50936240385988,0.845928333277048,2.24210572372936,0.13954458706614,1.56811150930226
6.97037129862225,19.7629561291649,33.5689940125863,39.7365772358688,59.7691600821141,65.5808195707168,8,28,47,55,74,90,1.07923472002778,0.744839517329669,1.04008161687251,1.54634133726901,0.863709608972649,2.4937027431444,0.113804010339879,1.69097035941002
6.70562104204485,20.2252748563833,33.7276599705458,39.9729849481767,60.5548502346314,66.211278935692,8,28,47,55,73,89,1.00673278909836,0.872371375151335,0.980709161600949,1.57214083905731,0.883996883472635,2.84008489184317,0.10249664012593,1.88525493906424
6.61351331965791,20.6726529215647,33.550481020797,40.002677000077,61.0650008278512,66.8764781126807,8,28,46,54,72,88,0.981826448876649,0.97212511382003,0.976840370517702,1.64242839999754,0.938616161974335,2.97370905520028,0.113790338413774,2.04190938364708
6.58417622317705,21.0635634548918,33.5471645428166,39.9716637609104,61.4125987220813,67.414623123371,8,28,46,53,71,87,0.973928990403796,1.05269237968008,0.900242397686411,1.64187290883473,1.11990639442856,3.08010171378067,0.128601634539802,2.26948633634598
6.56161134944432,19.0078914306472,31.234406303456,37.5015639993383,59.1767966195348,65.3145619244371,8,27,45,52,70,86,0.967866367642676,0.78486701342752,0.851585957914393,1.36395792222876,1.07416737253333,3.14640969840641,0.139778849072738,2.31174385522678
6.54520099160623,19.2185619873422,30.9333748398843,37.2514861567123,59.1132320129018,65.446846555481,8,27,45,52,69,86,0.963463774673852,0.825523933146164,0.757916197599476,1.31721122166144,1.08892952276825,3.42462492804303,0.120237846044646,2.39869945217667
4.6928550407539,17.5111313998984,28.9292347434895,35.1975274067482,57.2333501764909,63.8157080089804,7,26,44,51,68,85,0.645628973773323,0.851895632700834,0.705615324516882,1.10503240927787,1.07449566385379,3.47590088548336,0.139607264507642,2.47446745363128
5.223047430738,17.5482741399511,29.3691209473578,35.6494352530367,57.6740528055849,64.553483084762,8,27,45,52,69,86,0.628746517736528,0.763532056870029,0.776970535493912,1.08574802352435,1.07797442808872,3.47259493337933,0.164885678665239,2.53557577546297
5.03432152107459,19.2435042993724,33.2051682408941,39.8691583843985,60.2415281080042,67.5983238092259,8,29,47,55,75,91,0.584624110743314,0.89048899415635,1.19906582620822,1.48785256131579,0.995454842202648,2.39613316625964,0.263040455986721,2.00707453214266
5.05005728848069,20.1258722683102,35.9650520218438,42.5068050753251,61.3525703029594,68.9343934534599,8,29,47,55,75,92,0.588263480240276,1.05069237468083,1.61988950810722,1.95410745890854,0.962539451406433,2.01520331310033,0.233813591056734,1.6465030228466
5.17689318119384,21.2666318507742,37.7035027242637,44.3449261465147,61.5126373947964,69.8274242656606,8,29,47,55,73,90,0.61786162230182,1.25068904498558,1.7622768645316,2.27294650793102,0.989355728958073,1.94133804128023,0.319009520212355,1.71051344136736
5.19370427030688,21.4698402918123,37.9471727298488,44.6712904506371,62.3903643071858,70.2756161644638,8,29,47,55,74,91,0.621819322920385,1.28883777617104,1.77205073137394,2.31908516289045,1.01175449772149,1.90789687803083,0.267478756628409,1.64066358467834
5.21616985131938,21.8783129529225,38.3154192335353,45.0855820298673,62.3630582792442,70.6617552148917,8,29,47,55,74,91,0.627120711854234,1.36913820448815,1.762333680871,2.38946540890195,1.02428427383769,1.8015495650429,0.316999010625656,1.64371256484802
5.24941372856321,20.8545156673883,37.4926397221541,44.3916054757798,60.9570550894286,70.3559838031325,8,28,47,55,74,91,0.634991607633818,1.28004033831099,1.65102487072203,2.23330094925854,1.05954983455008,1.63418258589162,0.46819213889855,1.73278969456894
5.33405249832829,20.7932941036279,37.6953444127241,44.750469148162,60.8563504031136,71.5237435068634,8,28,47,55,74,92,0.655169586788985,1.24967793996151,1.71265479905397,2.27140774888632,1.10272114718399,1.5289916891609,0.580274935606054,1.79433424124371
5.48913105306125,20.6642862575795,37.2676151871756,44.4183254565114,60.388579451279,71.0029966850358,8,28,47,55,74,92,0.692645306222663,1.1912979086864,1.64295414200895,2.19128333378115,1.12936505942893,1.49839105431258,0.5718235869389,1.77808328081627
5.65869392134736,20.6874310409815,37.0298326561365,44.3115016137474,60.1104061332459,70.6498711151256,8,28,48,56,76,94,0.734343081713633,1.16160615498391,1.43739728154079,2.03371123795717,1.16613105101104,1.32078153038027,0.5599577620392,1.65409644349317
5.84009164968245,20.8870525435851,36.2612731863092,43.6893099677511,59.2588133520985,69.6358212468749,8,28,48,56,76,94,0.779751112196063,1.16528678480511,1.23210056407905,1.89765960528345,1.20757201056219,1.27260614232002,0.534610578732,1.61306627665939
6.03002602047027,21.2445975705542,35.4197435060129,43.0005293184031,58.2847249586242,68.3737055960683,8,28,48,56,76,94,0.828143265725805,1.19933758633875,0.994120127719679,1.75299432251093,1.25120050762089,1.21358651373905,0.490945124640114,1.54375359982676
6.22480183529906,21.6955914399592,34.7105504950178,42.4246778647535,57.3998693147206,67.1282223044532,8,28,48,56,76,94,0.878628330844202,1.25207227677047,0.78297416412159,1.63468984234702,1.28959418258796,1.15081632083501,0.438634705419305,1.45720447360935
6.42064721991802,22.1573320055294,34.2808047520174,42.0948028124934,56.7701041454322,66.2098477561523,8,28,48,56,76,94,0.930228023615195,1.30765249966921,0.634939975381231,1.56465486692289,1.31853369333821,1.09107615221833,0.398722779400534,1.38017348770035
6.42860493742996,22.1746809419851,34.2665249217717,41.9448915726941,56.4277272009987,65.4280738423669,8,28,48,56,76,94,0.932341854535659,1.30963117994674,0.6299305411909,1.56234947934047,1.27926971059195,1.05336352518956,0.341409675620421,1.26279022263693
6.38977758294557,22.2509780032663,34.39613989998,41.8514595692356,56.24877185996,64.7361139344572,8,29,50,58,78,96,0.922040580927365,1.20448700464454,0.554076506300827,1.39706257164451,1.21533642617568,1.0367662134321,0.279967898698716,1.14217558586921
6.38064782511144,22.0359031844943,34.1409516171584,41.5454196691074,55.9802605162178,64.186743663337,8,29,50,58,78,96,0.919622965000016,1.16340212211768,0.548228167435781,1.35863998440598,1.20087459486391,1.0440370335583,0.248913190321785,1.10028912136544
6.38624165858197,21.3863179877287,33.2740373911567,40.7400757318912,55.2930131900727,63.4481390076547,8,28,48,56,76,94,0.921104038070531,1.15582620862236,0.598015387263172,1.40562113813927,1.21839022500868,1.06704198038163,0.243436447559826,1.11847257056374
6.392642202902,21.1545823700388,32.7192860974955,40.1873285005656,54.8672123938257,63.1003062540864,8,28,48,56,76,94,0.922799511674313,1.10821390417173,0.54900441426723,1.32109407408869,1.21896140259926,1.091980121251,0.251775646070126,1.14807504740238
6.3911898507408,20.6841632965983,32.5717472528774,39.5897006753565,54.511161469111,62.9885986990031,8,28,47,55,75,93,0.922414714896644,1.01665286960016,0.68841891086782,1.38828855297838,1.09240429042951,1.14002642325827,0.278841203557653,1.1532359852453
6.41040070497194,20.1447342201329,32.4523334541129,39.5651624150604,54.2160303051853,62.7808316183064,8,28,47,55,75,93,0.927508162294679,0.911559871565859,0.760445208928495,1.36984615150062,1.11878632061312,1.08626105771526,0.288857794977543,1.14052859447322
6.44571089163778,19.5527974342758,32.1699550184286,39.4009776517461,53.7713283394597,62.5532402762632,8,28,47,55,75,93,0.936890225472847,0.799000885660343,0.815384794960264,1.32665498556352,1.15187688649522,1.03155452247183,0.314513776740492,1.14840099667394
6.49603240894878,19.0239463740532,31.5986232031462,38.9789579702967,53.082145296141,62.0615307750363,8,28,47,55,74,92,0.950305569865875,0.700484831813506,0.807754431806822,1.24109661402242,1.19402639979721,1.09943285518582,0.338782130098309,1.24555393597515
6.56071187996087,18.6062089072448,30.7508758047283,38.311168198152,52.2477835046645,61.3462299297188,8,28,47,55,74,92,0.967624915504371,0.622620983819661,0.732155098382966,1.11876804479386,1.24532498705438,1.06601247868255,0.35383705879772,1.26555254566439
6.643197086172,17.6012266578457,28.0388195167821,35.9482033097784,49.6352445677428,58.7758288252172,8,27,46,54,73,91,0.989834732136766,0.539923765933798,0.46377200273137,0.833680498795684,1.34631684915609,1.01665839526966,0.359240722814283,1.28709333511276
6.766331356458,17.6151796955081,27.3906148599789,35.4325246940814,49.1411547228372,58.3432438625498,8,27,46,54,73,91,1.02324009838897,0.523518027509823,0.37464161136409,0.755000710532406,1.38514508418999,1.02089308137643,0.36719831372602,1.32018038481293
7.17854899684636,17.7274377253497,26.892249813422,35.3076168010011,48.9765958424092,59.0159065711767,8,27,46,54,73,91,1.13715551662118,0.479616804667074,0.300569371246939,0.697077073931521,1.49592765489009,1.01312052669908,0.48358260362363,1.50603268589955
7.94445187000058,17.0260597129534,26.2940909804804,33.8744543059698,43.4004653182928,60.1827516059423,8,26,45,53,71,89,1.35656581862723,0.351688713235498,0.312525374587459,0.690889165459832,1.25107931089554,0.410467521889599,1.84624788435718,1.91489499582948
7.6047973101333,17.0382279008918,26.592968024033,33.8784465392315,46.2450385983924,64.3544889184212,8,26,45,53,71,89,1.25809329504306,0.39786956353828,0.346948422270597,0.725554129323725,1.16720502382536,0.877967965977272,2.17953492107272,2.66295165062171
6.96847986737748,17.1870766091404,26.6069322553661,34.1151505110191,47.9612299644655,66.4951625305331,8,28,48,56,75,94,1.07871207732365,0.365626648041528,0.273871375482913,0.552152791011806,1.2304258897237,1.04800808320843,2.10894654936278,2.83116247835947
6.6613229998048,20.6688368963397,29.2616989634658,36.8226718682313,61.2336516554252,73.8966627313357,8,30,50,58,79,98,0.994733467494936,0.756506274499783,0.193221283802775,0.718863749357559,1.24551998241804,3.27505542353533,0.823653053093269,3.55809471875323
6.81079761875578,20.7415907921689,29.1911959208589,36.798186120426,61.4048919832042,73.7321468038761,8,30,50,58,79,98,1.03537577668991,0.743970959320937,0.180779712188049,0.711030035624232,1.25872325237488,3.32895473529189,0.763887536781935,3.53749007966836
6.90345298004706,20.803832043049,29.1297324479133,36.7614312735369,61.4265508196962,73.4955518347295,8,30,50,58,79,98,1.06078406542201,0.739026192036488,0.170404163546111,0.704235465656465,1.2658266943093,3.34508497504008,0.719166920595021,3.49921295478802
6.96548059780516,20.7985680525562,30.7329842215072,38.395091408266,62.8858635542078,74.623559655994,8,30,51,59,80,99,1.07788345053841,0.728135644511764,0.276066227227438,0.824863990469263,1.27458212300418,3.29700109175893,0.663438551503112,3.39604547015714
6.97677655848459,21.2091834071644,30.9932617942299,38.4845284820256,63.3564252034678,74.3351865532289,8,31,53,61,83,102,1.08100511912933,0.701772523098589,0.214647023034643,0.729921525492963,1.2255853899872,3.19718589997434,0.54306430009151,3.13812595133789
6.94987653806126,21.0741221971206,30.3874782635657,37.7681519169604,62.1553549858779,75.5828910784251,8,31,53,61,83,103,1.07357510043586,0.68501563102844,0.175059925249102,0.665189844777588,1.19412249623612,3.06728245366055,0.855765595976167,3.38904053081074
6.90179983016481,22.1208994545251,32.3858482978893,39.6469556406264,63.7430363204922,77.700878064202,8,32,55,63,86,106,1.06032931561673,0.767894240780971,0.21483252291305,0.763217613093614,1.16033873303168,2.80109275866671,0.953074298990373,3.27410973179894
6.83219283216186,21.7069018011677,31.8519086584619,39.219675952574,62.1714167714196,76.0779454209651,8,32,55,63,86,106,1.04122841332749,0.714001372592498,0.204565287201745,0.70564413574376,1.19046406584077,2.51216443388209,0.943479774713694,3.04922022987591
6.7304598216584,20.7675669840888,31.1963156252725,38.896878246287,60.1124130516674,73.7086536426974,8,32,55,63,86,106,1.01347786601132,0.590198600048622,0.229302824416701,0.638063545650943,1.28567553444822,2.09240485724776,0.886273772234585,2.70695090408189
6.68913173151889,19.7211323914645,29.5797337109592,38.0899776930825,57.5219703476352,69.1222658953373,8,31,54,62,83,102,1.00226170776303,0.525996382679851,0.181176882322358,0.533415442167638,1.52438043834714,1.99187210029289,0.640881668931139,2.50321360764227
6.79109480546606,16.9644116608088,24.9924104850327,33.2858167126813,56.8326993285188,62.8513288075218,8,32,52,60,81,100,1.02999382651857,0.169473693346691,0.146822628228479,0.256862790449986,1.45953319958877,3.03990176616414,0.0535346877534111,2.18454034150817
6.84518731406739,16.7441981788591,24.862862959754,33.2408699772486,56.2931155906745,62.1148841637702,8,32,52,60,82,101,1.04478728916548,0.149842642205177,0.153789213784019,0.248855215957442,1.48475726097835,2.71733035801939,0.0456167436045629,1.96339321268393
6.88916262176598,16.7587806445801,25.5979336241081,34.0538117183592,56.1998002797025,61.9901784121116,8,32,52,60,82,101,1.05685475318901,0.147822371395614,0.215674827098326,0.296292814306819,1.50806170816459,2.48676651798407,0.0444297538631256,1.81473024302232
6.94943605218264,16.7134494203975,26.4816185774659,34.9909975626908,56.5172604688994,62.150276581853,8,32,52,60,82,101,1.0734535456751,0.140696560860693,0.312249183837404,0.359764500174623,1.52412048601344,2.33260698933784,0.0387854392957121,1.69327649914483
7.03269189331009,16.6464374107105,27.3457037922596,35.8831032643211,57.0675143362393,62.4089363831409,8,32,52,60,82,100,1.09649193390539,0.130914445261412,0.427107419642546,0.428613305940578,1.5325463957346,2.24884923202695,0.0422359391322107,1.69310275224699
7.13563375601475,16.6182414210547,26.1512387573193,34.6942110291399,55.5002778534165,60.6269138712804,8,32,51,59,81,99,1.12515173453662,0.122719588904659,0.344275996151631,0.373494975870538,1.53422341371031,2.15724911881011,0.0346453863694767,1.59625587356075
7.25337118344863,16.6758661068762,27.7390548928844,36.373104616328,56.9666754506745,61.8448653336035,8,31,51,59,81,99,1.15816130555751,0.148629044911363,0.476653391123203,0.50903391367249,1.56168945922859,2.10632119914536,0.0270716705749316,1.53650056547749
7.38032879988603,16.7571992417264,26.5672016727828,35.0267719982272,55.7682662677136,60.3943705241364,8,31,49,57,79,97,1.19402470770435,0.145437925179026,0.450243879358971,0.497615735408181,1.50916872632339,2.14173335820418,0.020628857060826,1.49211134975583
7.5145197865005,16.8679627639738,27.2611430488925,35.6444830851639,56.4945547348321,60.8969355433903,8,31,49,57,79,97,1.23222648623366,0.143815065301346,0.537110880648949,0.564468160894903,1.48635063072625,2.16784263024622,0.0158800948133988,1.46194041283993
7.65441415576494,16.8959900786152,31.2891387241826,39.3778721016775,58.7353847789927,62.8568973117044,8,30,49,57,79,97,1.27236569104381,0.169418447344359,1.15850466125932,1.03587881845538,1.3989257033391,1.81786168424394,0.0110867284831429,1.15295182860572
7.79882004275163,17.0548566151742,32.5486849570234,40.521902438028,59.9370742170964,63.8653168696768,8,30,49,57,79,97,1.31412559969036,0.17054653365549,1.39255663563773,1.21054149559718,1.36498658532067,1.83101086318137,0.00846512030594114,1.11763075184978
7.94666360793122,17.2447973891639,33.452589205203,41.3079878639714,60.9428243811532,64.4017196548599,8,30,49,57,79,96,1.35721283806413,0.173854790355425,1.55211951105368,1.34327214258998,1.33057548831649,1.88138784866396,0.00674516081203535,1.14687236948134
8.09703888321392,17.4644085668088,34.2895710501987,42.0178245376744,61.9088551132954,65.2022104076214,8,30,49,57,79,96,1.40137343086761,0.179374156712479,1.6946259144536,1.47145752092229,1.29367807199014,1.9406990654917,0.00511307941091838,1.14167613445625
8.24907665654374,17.709529141829,35.1005984460414,42.69500856183,62.8494504389803,66.0279546395217,8,30,49,57,79,96,1.44635594416138,0.186948073614863,1.82872408731594,1.60034434003846,1.25511038743909,2.00229352911332,0.00416846154593161,1.1437705109941
8.40195250475796,17.9708681469774,35.516078256693,43.1791429496566,63.5767102192051,66.7555985207703,8,30,48,56,78,95,1.49191461383578,0.195995255146515,2.03584630686677,1.76932198961897,1.27485805497905,2.05968402749385,0.0041713828926675,1.18859530615546
8.55490791675162,18.2451191960436,35.9412922953142,43.5330902664658,61.3709998106892,66.3260625548142,8,30,47,55,76,92,1.53781658569788,0.206394998308269,2.25781459860884,1.94987910611443,1.25436052674564,1.62396787573463,0.0598425428389976,1.23382032518458
8.70332215048153,19.1748611001969,36.2049913656221,43.7988140034412,62.0318072506614,63.769750313138,8,29,45,53,74,89,1.58265245097793,0.334958496790536,2.27308074140354,2.22868557121209,1.25494173228701,1.71285752246812,0.000429442676616568,0.91628554177186
8.67288736082972,20.3849954585941,41.072749806301,47.7057836281284,68.16327871955,71.437824837859,8,30,46,54,76,91,1.57343470989622,0.422374172338218,3.31101829141189,3.07860378342165,0.987090844796787,2.07390851930153,0.0136864367649156,1.23087035604993
8.65938170283985,20.5883802373705,40.8101034043895,48.0966576196049,68.4719446070592,71.6877780737448,8,30,46,54,76,91,1.5693481132851,0.450118250264862,3.17359087397907,3.02312117900618,1.16750832537757,2.05440342454801,0.0125350779011749,1.30863784052188
8.71717065892056,20.8366378929824,40.6026909061155,48.5976090553787,69.0765548532933,72.2655523539251,8,30,46,54,76,91,1.58685068521122,0.47517473553337,3.04056103906873,2.97955230803827,1.37134733379546,2.07900753152132,0.0120321897225544,1.43167677402774
8.81827531618363,21.0713855036295,40.393391605815,49.137435894913,69.8470293817724,73.069629469815,8,30,46,54,76,91,1.61757528356317,0.493136852053333,2.91225420186932,2.93580916711979,1.59500456868134,2.13408094045113,0.0126641735789823,1.59723938604689
8.9356970060437,21.2476119220275,42.0214026752373,51.4445867323222,72.4600594767984,75.8385530325521,8,30,48,56,78,93,1.65342008523231,0.501139027672866,2.89327302814384,3.00058708303958,1.80401131480769,2.20780334012449,0.0159024323391867,1.79236588265044
8.99393926204317,21.6887109188064,41.9036463490601,51.9780994052691,73.3400169180308,77.509782003201,8,31,50,58,80,97,1.67126277913461,0.480804563602723,2.54174971207389,2.71380045587146,2.00934447989311,2.29222451837911,0.0183001599577994,1.89061649232815
9.04194859851426,21.5572286084855,41.7582931771262,52.3774105718356,74.1716454903062,78.5071392684988,8,31,50,58,81,98,1.68600172815968,0.457533639405515,2.53808602923992,2.68522502258266,2.18436952143612,2.22967655711445,0.0222665141184327,1.98354362339476
9.07520934568447,21.5020181151789,41.646181562584,52.7083020662106,74.7858482915489,79.3840741292926,8,31,50,58,81,98,1.69622919485353,0.446266432873618,2.52307219620721,2.66325977152235,2.32874971778736,2.29786387675448,0.029701380114491,2.16226570734476
9.09320036317836,21.4492519452739,41.5993348717141,53.0059627328424,75.3158571502281,80.2051469345157,8,31,50,58,81,98,1.7017668640093,0.437352445656129,2.52463294771389,2.65410088363673,2.44219660406876,2.35425466138192,0.0397015669692322,2.32390889392066
9.0976300761514,21.3999122772044,41.6391827064858,53.302020548851,75.7858425904835,80.9837295769184,8,31,50,58,81,98,1.70313093340135,0.430636669035337,2.5481807999037,2.6618907114493,2.5271942103122,2.39673873146569,0.0524688128150435,2.46490572055151
9.09125685640802,21.3592596457418,41.7703796087548,53.6155934633854,76.2071298958358,81.7234847158898,8,31,50,58,81,98,1.70116846191793,0.426381463420817,2.59372338807224,2.68759694694314,2.58801057442521,2.42316459321159,0.0681057474262224,2.58334205879199
9.07859595129808,21.3305291249222,41.9366373537331,53.9115474578665,76.5642863439046,82.4099743081813,8,31,50,58,81,98,1.69727130161584,0.424393755896394,2.64566530794974,2.72030151328128,2.63141397961274,2.43821848470518,0.0870054171793484,2.68618301735757
9.06270253568668,21.3136737934249,42.8585672165158,54.7789810251995,77.1189632577503,83.3908393915398,8,31,51,59,82,99,1.69238186659575,0.424274916282076,2.70132304978493,2.77491826030102,2.61316116754043,2.36158745558336,0.115684611194139,2.69792466271314
9.04403347866012,21.3069113524954,43.1112703581642,55.0709162352698,77.3381924539594,83.987332316679,8,31,51,59,82,99,1.68664242328032,0.425747054516655,2.77022075226484,2.8249096045806,2.62629919233347,2.34387995871123,0.145086764811257,2.76678284025156
9.02484511880936,21.3072236132267,37.7854327154156,50.0649409380301,74.6538839579449,81.7832923807103,8,31,50,58,81,99,1.68074772121175,0.428163466942835,1.61403865675359,1.94908775433871,2.73383727397784,2.9282923733146,0.147477231334752,3.27611773619837
9.00693748055519,21.3116549780566,38.2919209206313,50.5248868286362,75.0176972760948,82.5144958268308,8,31,51,59,82,100,1.67525048866787,0.430939749092079,1.57851263816247,1.93060788174651,2.71814359552775,2.90335653212016,0.178875268626916,3.32385783645154
8.99163389991015,21.3183520372108,38.2018009307731,50.3821759467527,74.8369305797528,82.6725734985655,8,31,51,59,82,100,1.67055573465541,0.433682475972694,1.55680815751152,1.91514929971818,2.70042907799956,2.89350190446481,0.210788639169809,3.37685890210556
8.97978893600363,21.3268520506882,38.16419765533,50.278735333583,74.6523417740163,82.8119512697813,8,31,51,59,82,100,1.66692395967608,0.436226290877846,1.54650806796171,1.90871374310776,2.67828085492526,2.87252017084831,0.24391208162712,3.41482512038371
8.97120391666341,21.3336424062277,38.1407512909422,50.1822067056592,74.4563966019787,82.9173030197814,8,31,51,59,82,100,1.66429278637413,0.438153506287499,1.53976523672988,1.90470542762408,2.65373241312354,2.84687418845485,0.276965891209991,3.4425449688893
8.97900597929379,21.2892146879116,38.1538675249921,50.183941568433,74.405513181237,83.0467101526191,8,31,51,59,82,100,1.66668395837924,0.431623526105219,1.55260610327855,1.90694732240846,2.6499129259487,2.83332705936733,0.297761848569443,3.46763772361323
9.00444488750759,21.2119393916781,38.1612556905881,50.2207389129822,74.3817959570022,83.2026696692814,8,31,51,59,82,101,1.67448562918915,0.418920499717952,1.57156343364334,1.90821060963362,2.65978433885403,2.81776978043029,0.262429789283806,3.35630142066658
9.0340224936366,21.1160855245878,38.6969684843856,50.7070376330887,74.4831139108688,83.6063772408963,8,31,52,60,83,102,1.68356647256529,0.403658980839682,1.56699611812197,1.89545434514601,2.64320177992965,2.71937659096777,0.29582271078737,3.3283243105234
9.06673522086431,21.0062125062061,38.4057167382408,50.4901881972095,74.322539318322,83.7511013389345,8,31,52,60,83,102,1.6936221902116,0.386648279679784,1.52720879863485,1.84640617677939,2.668176826947,2.73369625931942,0.331580805069633,3.42102714545578
9.1016434918035,20.9575391793443,38.3070911075492,50.4562453253439,74.2238492717205,83.9140145996637,8,32,52,60,83,102,1.70436701254317,0.320414790945384,1.66220847192131,1.82991492012387,2.68992222251858,2.71722261279328,0.363819886120497,3.47705214278094
9.13787955292472,20.8053285133755,38.3409006359111,50.5329368485201,74.1570994908245,84.1696575346006,8,32,52,60,83,103,1.71553594689962,0.300937042376375,1.70490322980668,1.83556149024194,2.70435527308974,2.68082989947056,0.340692840619276,3.38210988722941
9.17464740402503,20.6708674103381,38.3809403366441,50.6122782820961,74.0907863097391,83.8454784439312,8,32,52,60,83,102,1.72688473844463,0.28379256225973,1.74527249078213,1.84225767094417,2.71759494063913,2.64402229519481,0.371995028456634,3.44651320624198
9.20402090839554,20.566430333416,38.5538743735681,50.8097511787194,74.1226733170561,84.4716735052655,8,32,52,60,83,103,1.73596265440907,0.270764250576329,1.81006199414998,1.87129190516095,2.72586702414299,2.6023594675892,0.381851770970862,3.40095092459111
9.03425919901479,20.2101005105876,38.3898511933095,50.6195921113629,72.886722790533,83.2962611524408,8,32,52,60,83,102,1.68363918807787,0.253144102377712,1.85542138364212,1.8437492507281,2.71705672995931,2.34384455346469,0.459816447507552,3.3276896761055
8.85887597810042,19.7708503586672,38.1440742937928,50.3394892922386,71.2335107952375,82.4970770936753,8,32,52,60,83,102,1.6299497964661,0.229314486009381,1.90141199639432,1.80278836529107,2.70549305595449,2.01734216944874,0.587015528247492,3.21128520066041
8.6879469519837,19.3652707775771,37.3678875391473,49.5575792507027,70.4223009105295,81.4423600058396,8,32,52,60,83,101,1.57799429010838,0.2092043779015,1.81362782084946,1.67590876945891,2.70356582687898,2.01054538352234,0.637877918907077,3.29236745342787
8.43340750493908,18.39719013991,36.5573142584352,48.406830227095,70.6515389873918,83.1903643569762,8,32,51,59,82,101,1.50132847334153,0.154351481203203,2.01596307566961,1.64196404610309,2.58944826182892,2.33839194848311,0.801337160735848,3.69978920201617
8.14042459280246,17.7669131452244,37.2499692780467,48.9317999497008,71.6985100960322,85.056040720325,8,32,52,60,83,103,1.41417593407864,0.131727729531335,2.17183203784865,1.65696771983605,2.53351570969794,2.46632649839607,0.843231213024288,3.80871516260274
8.37456387193522,17.824374813651,37.1767276518164,48.8618702005753,71.6685572021887,84.9112372498531,8,32,52,60,83,103,1.48372874443195,0.120719767875503,2.13942090733477,1.64524801017724,2.53461830948261,2.47620862412996,0.822828379225689,3.79298250396371
8.4114005158749,17.5081835160356,37.1663163151262,48.850598662403,71.6868770127,84.9772166656078,8,31,52,60,83,102,1.49474080012618,0.126733576587292,2.04597609083436,1.64358485346265,2.53433192049752,2.48353111241585,0.940036120346194,3.96103513900951
8.41085504394432,17.3832459294093,36.9130245493874,48.5763987539873,71.4768274327455,84.8182607489156,8,31,51,59,82,101,1.49457759981659,0.118913585997068,2.18345336387722,1.69959821600944,2.5273726924613,2.49942753266152,0.949776347633454,3.98220908631666
8.40944811611214,17.2963856170743,37.07478082487,48.7562528509863,71.685551120081,85.1355079080201,8,31,51,59,82,101,1.49415667836034,0.113714217247399,2.24560105420582,1.7260769877414,2.53339631349814,2.50659127986411,0.970591712231639,4.0171890526235
8.40790909040157,17.2535223664364,37.274174748696,48.9829109029338,71.9373197638827,85.4898885346645,8,31,51,59,82,101,1.49369626708972,0.111250164793857,2.30665195542739,1.75894701034465,2.54247562630871,2.51282723362124,0.990430652180823,4.05215370440868
8.40703230907626,17.2527412462163,37.4446936863307,49.1855949421354,72.1600950893791,85.8092771681897,8,31,51,59,82,101,1.49343398572621,0.111255831009593,2.35010918854508,1.78725713995612,2.55319442944743,2.51782001927081,1.00924819427703,4.08583007620948
8.40756667242202,17.2853112388058,37.5344641219081,49.3080250105043,72.2953938198978,86.031562833398,8,31,51,59,82,101,1.49359383453701,0.113163235032575,2.36467286516175,1.80223480946733,2.56408619190216,2.52101949676096,1.02630448203637,4.11588202797807
8.56261973377901,17.2122029128174,37.2444085909739,49.2330237998795,72.0860819635474,85.6434182857181,8,31,51,59,82,101,1.54013919835338,0.100005962682264,2.30957546666137,1.75402400494327,2.63600780900133,2.48768621301921,0.991356100016705,4.09363049776278
8.72831287182455,17.1384600083652,36.8535105358969,49.0641864049675,71.7916644363193,85.2013659496904,8,31,50,58,81,100,1.59023028451292,0.0872594879712864,2.41065346134688,1.78985300230456,2.71063307352903,2.45664000372615,0.962850473365417,4.08204149194414
8.87656982460222,17.0707525594914,37.1400481592581,49.5892395274057,72.2139999116025,85.3120611328161,8,31,51,59,82,100,1.63534909633795,0.0766802321919421,2.31896822048851,1.73680839543669,2.79118284954174,2.43133315950276,1.02064537757886,4.19936602377313
8.99004974395987,17.0556072108409,36.984255937309,49.7057444117475,72.2275065609253,85.1851500647447,8,31,49,57,79,97,1.67006991856285,0.0707861985436521,2.661013876775,1.91659702294748,2.88362360929646,2.58164792836123,0.992633363096238,4.36760517684144
9.06210732178253,17.0052219368591,37.0834804382037,49.9754892856448,72.4444169475027,85.2750734320863,8,31,49,57,79,97,1.69219881462622,0.0654532479222672,2.7017553975875,1.9338861197429,2.94176631659867,2.56824483898226,0.967551110024949,4.36542605212094
9.10271943330789,17.0010043563268,37.2683083906276,50.3390222312984,72.7531165269718,85.4741629690242,8,31,49,57,79,97,1.7046984211037,0.0635677191452451,2.75346930991048,1.9662539874813,3.00290336477113,2.55435617754966,0.946095057983849,4.36876747890984
8.64772811455701,16.9770616571561,36.2757536245812,49.2628665686041,70.2789033627112,82.5514323637743,8,30,48,56,77,94,1.56582382864808,0.106844235540501,2.49130611983552,1.90018869765219,2.97427690704937,2.37998228221213,0.977300715475134,4.24409177592521
7.08017605260308,18.7289466621456,37.0946505956673,49.6779925243227,71.6344927480892,84.303787145335,8,30,48,56,77,94,1.10968821988526,0.41443240852793,2.24571749044325,2.04535291469317,2.83666178917796,2.61986906556485,1.0585705805268,4.46546301296807
6.64680483812723,19.9641878047248,38.1323492200989,50.6927256316743,73.2268424399672,86.0939156654767,8,30,48,56,77,94,0.990809249498055,0.64699264474759,2.19464816941729,2.23518381863601,2.8288673861756,2.77041588941493,1.09994862673911,4.64638225790115
6.61809326028346,19.947894426836,38.1290715712581,50.6992175629227,73.3447498827636,86.0976738675667,8,30,48,56,77,94,0.983060910002686,0.648897559109539,2.19800269479848,2.23457414588792,2.83218270176103,2.79972402194957,1.07599795672877,4.64808422350498
6.52250788318681,19.7372011152361,38.1075308500276,50.597109574061,73.234553624113,85.9687503095758,8,30,48,56,78,96,0.957384647585348,0.631334711122286,2.24691737084809,2.23056894039663,2.80486168866554,2.61106479797733,0.948659641180687,4.288244360418
6.43604125638008,19.5286583395347,37.9611318946265,50.4697119945815,72.7542475182121,85.3389890515776,8,30,48,56,78,96,0.934318378799288,0.612941302050789,2.26305439149913,2.2034202421853,2.81130118771401,2.52162798042838,0.91966761217121,4.17610126926046
6.36196644596081,19.3319914368879,37.8073040967384,50.3581424648709,72.2488770046821,84.6889251924637,8,30,48,56,78,96,0.91468150502868,0.594713611811647,2.27419754636379,2.17503016903598,2.82563127242777,2.42291551141273,0.891926431985574,4.06195115087153
6.30023376409882,19.1450703005867,37.6535368519967,50.2697057934384,71.7298170614485,84.0367647746134,8,30,48,56,78,96,0.898405201778231,0.576354290580931,2.28283203449414,2.14679171730594,2.84780938277191,2.31632678288496,0.866696553649036,3.94832288934124
6.25059128516142,18.9627308475445,37.5043873697448,50.2082183944067,71.2068233082907,83.3947872571695,8,30,48,56,78,96,0.885375953127983,0.55717748269773,2.29148516625142,2.11953632110434,2.87761393649095,2.20371781281193,0.844380171348179,3.83698594104902
6.21977058546046,18.9030489151985,37.9488779387077,50.6840763991345,71.4767369402065,83.65800196239,8,30,48,56,78,96,0.877313635168435,0.553045537772064,2.42404876764492,2.20115355296001,2.88829120940471,2.15402494743206,0.843130465673079,3.79629278382758
6.2124833215944,18.7103187789845,38.6174827285361,51.5099794072197,71.2742096603486,83.5936846882214,8,30,48,56,78,96,0.875410413350864,0.52683166424029,2.65517670927863,2.32611228825023,2.94193292791449,1.91126945257069,0.869059262846112,3.63321505942415
6.661024678627,18.3030580975031,38.2189768987405,52.1678270818846,69.1701099143346,81.7781464225862,8,29,46,54,75,90,0.994652790161313,0.482775655283682,2.8643031960871,2.49505703133056,3.30618855564017,1.44130879143163,1.32683355358573,3.93471935702825
6.44955956525464,18.0394251856543,37.5029209672667,51.1688287443991,65.2024865613579,81.1794220415005,8,29,45,53,73,88,0.937914403353826,0.475641719285474,2.95299173218065,2.48059589525388,3.20796569525896,0.967319116984646,2.18496227578208,4.12707887936808
6.57559089537377,18.4885396969309,38.0907038422443,51.6347768424808,70.1218704628626,81.7865612883283,8,29,45,53,73,88,0.97162111536295,0.52061103777104,2.9930498739796,2.59787992136735,3.16581492593599,1.92864447218844,1.11130127845529,4.13168918150379
6.58350330504533,18.77550122414,38.2722587318845,51.7199164498583,70.575150768108,81.8179373237976,8,29,46,54,74,89,0.97374804552893,0.560940278663931,2.74691904165064,2.50554843876235,3.13252123096681,2.01750433661849,1.01913479709895,4.09596103076714
6.58719516642158,18.7972909510933,38.2282748664225,51.7431054935033,70.7351106470632,81.5744429041017,8,29,46,54,74,88,0.974740883715439,0.563602663586726,2.72861396224784,2.49688668607371,3.15571118067032,2.05082963739041,1.06822432301918,4.21711596789916
6.59309622254983,18.810910342561,38.3911983481921,51.9831351457852,71.0975034547438,81.8072603471019,8,29,47,55,75,89,0.976328401095391,0.564739830458468,2.56679374556459,2.40404508649073,3.18236370836876,2.08078514714353,1.03926743269465,4.23400055068284
6.60115859188281,19.2039659770333,38.5400140858962,52.1775628549121,71.3702971475106,81.9555810338787,8,30,47,55,75,89,0.978498490355541,0.541598841995108,2.7022486408773,2.43277190948143,3.19814658219933,2.10003892628387,1.01170543750688,4.23388088746062
6.61132048365264,19.1249914325111,38.560916474129,52.2199483586677,71.5050533545667,82.0096128965171,8,30,46,54,74,88,0.98123554789871,0.529047362870415,2.94504279889222,2.56266313622647,3.20558452959247,2.12280226035027,0.993966143566469,4.24189116309145
6.63781623184182,21.2033079997645,41.0519102179063,54.7497924408062,75.0218789343283,85.4981445811794,8,31,47,55,76,90,0.988381748557647,0.754471688945397,3.06455982713037,2.93595784878833,3.21904229724686,2.19509837745419,0.987774015438677,4.311617968176
6.68818094640792,21.7589110392431,41.8058593572959,55.488661220146,75.9271911887059,86.3415141752383,8,31,47,55,76,90,1.00200406471682,0.83748424830291,3.12240666028083,3.09341527718596,3.21381740499629,2.23607252041688,0.974264414026727,4.33321431747548
6.74542709999657,22.2470863109018,42.8456569470273,56.3922937933293,76.9263811000648,87.3380503988093,8,31,48,56,77,91,1.01754809355527,0.911114339416923,3.05808560686288,3.17290601246609,3.16670102289358,2.25969917772887,0.973687083059118,4.32276199458386
6.80945378161971,22.7035043218896,43.5323714759944,57.0635515651545,77.7042208909843,88.1516591763654,8,31,48,56,77,91,1.03500846293993,0.980339363749569,3.12416064252318,3.31897345886161,3.16135957162158,2.28613933137908,0.981478836386256,4.35344232663942
6.87999494619909,23.1126673916129,44.1769164006203,57.7042513537932,78.4329854605176,88.9601072520918,8,31,48,56,77,91,1.05433600355324,1.04169389510685,3.19204849469144,3.45808168936379,3.16003101505369,2.3080550216821,0.998913409442229,4.39316720332192
6.95661653796305,23.4599674173382,45.7735980808188,59.399731338852,80.17023857069,90.7281800826251,8,31,49,57,78,92,1.07543549221626,1.09178361546467,3.32883757510908,3.65964795002421,3.19419537774967,2.3184723731978,1.00568489072876,4.43482265054574
7.03841958743522,23.7475950993406,46.3747198242748,59.9958383383961,80.7688098487625,91.4418903536586,8,31,49,57,78,92,1.09808154807553,1.13047949899699,3.41933238228465,3.79264838731467,3.19245988814957,2.31908734864707,1.03112007016826,4.46225051786632
7.12465729232259,23.9570322192095,46.919088755071,60.5612436140351,81.3590598954266,92.128535152166,8,31,50,58,79,93,1.12208676063901,1.15388830930125,3.29409727674817,3.76269351860396,3.19974108715447,2.32529021506283,1.05257970012771,4.49698272819322
7.20438585552557,23.9266400836151,47.608332414484,61.2549413790169,81.8892732707619,92.6695517493503,8,31,49,57,78,92,1.14439797183357,1.13295583861611,3.7279264527654,4.0703804154592,3.2012830981555,2.28456461300159,1.0549940268858,4.46079947258002
7.28784287264371,23.6900299542172,48.8322656792414,62.4438324720025,82.9094288678736,93.6660880080266,8,30,49,57,78,92,1.16787169803156,1.18923566912276,3.92444186126958,4.35205886484484,3.18915466452456,2.24275714768662,1.04971794580356,4.4054605611858
7.37460420495503,23.6036100991156,49.2429280393348,62.8794763601113,83.2054491611148,93.9732794504801,8,30,49,57,78,92,1.19240170330217,1.15542456179815,4.07174117266595,4.44788838558215,3.19780027036106,2.20833874704105,1.05221224286592,4.38034876139044
7.46419508109962,23.4830554710086,49.1302590697149,62.8340708540707,82.9906145671502,94.0053178351094,8,30,48,56,77,92,1.21786493643002,1.1148922478985,4.31887979742779,4.58702707849121,3.22109707707851,2.16678997540001,0.97047356372237,4.24497788915968
7.55611014952041,23.3321884961535,49.492131143218,63.1938214771002,83.1502338670206,94.1444898722444,8,30,48,56,77,92,1.24412676169763,1.06875430711253,4.47613690793676,4.67335261314863,3.22036190403043,2.11802293831801,0.966152251029932,4.1919603876471
7.64984481021266,23.1554390762325,49.8382216832093,63.5194848804512,83.2465004021068,94.215006093146,8,30,48,56,77,92,1.27104966641356,1.01824111943538,4.63771897210159,4.75636973919761,3.21328437846752,2.06254564383713,0.960719926178373,4.12663951414173
7.74486360124732,22.9574884110308,50.1817328372945,63.8204853342684,83.2903069405071,94.2254174788092,8,30,48,56,77,92,1.29848408470733,0.964611921341745,4.80631497548162,4.83920367661804,3.19856326849591,2.00089111257066,0.953691048928975,4.0481075131819
7.84065583797892,22.7431293183455,50.53370080797,64.1052746623489,83.2937537264373,94.186476516345,8,30,48,56,77,92,1.32628437777888,0.909097486023001,4.98397369526838,4.92452127108666,3.17532160722654,1.93412225289062,0.944795932785151,3.95654693183816
7.93671570177939,22.5169736157126,50.9021345871548,64.3810462794887,83.2692188081127,95.5103181648323,8,30,48,56,77,93,1.35430326458959,0.852834668900076,5.17189669375706,5.01430588624982,3.14330758763492,1.8636493778717,1.09969283558168,4.01708805241425
8.03254099366043,22.2833088659659,51.2910066933038,64.6537921610741,83.2290347764816,95.3562985774554,8,30,48,56,77,93,1.38239159822626,0.796831960994456,5.37012827824274,5.10959196130569,3.10326004964036,1.79111215498721,1.07525124094184,3.89129432675164
8.12767806852981,22.0459750567548,51.7005946580944,64.9288979516642,83.1850057032216,95.2010365720778,8,30,48,56,77,93,1.41041179640103,0.74193762043237,5.57766081922213,5.21052440284725,3.05698545812305,1.7181064559417,1.05155491156649,3.76176634457919
8.21592741583153,21.853243358553,52.1616749834385,65.0504332747504,83.0114119659906,95.1041601228247,8,30,48,56,77,93,1.43652018433353,0.696845327882344,5.78893088719544,5.32483548450835,2.94065617842511,1.65148799098541,1.06787841619346,3.63520544535297
8.13496500847625,21.7267466913262,52.3899850335318,62.1428372182998,79.5121627921257,94.2251024598001,8,30,48,56,77,93,1.41256339409985,0.689652277045045,5.90420239628298,5.3817050378642,1.90738509678722,1.52062271291698,1.6733033167335,3.38823015780976
8.41860338742797,20.9600022838299,53.5776884694218,62.1693474660091,79.516487077813,96.8472192170732,8,30,48,56,78,95,1.4968962150834,0.532937335193798,6.54654791659234,5.68033900557646,1.54889217800248,1.37997315891319,2.1617967547315,3.40702327808145
9.10365527274337,20.25962591479,54.3866717244457,62.0158254604333,79.1780317667801,95.1709500304712,8,30,48,56,78,94,1.70498668706506,0.355161039436479,7.05053783242039,5.88635963162931,1.26509455937453,1.34183601727434,1.99816630468229,3.0176845090049
9.81018894961957,20.3718560179249,54.9548425069935,61.7735505303256,78.8890750293859,95.1132943041044,8,30,48,56,78,94,1.92548410845201,0.289774832783245,7.20404062372328,6.03228164348358,1.0375386425121,1.33227014120781,2.05861560172005,2.88697541159855
10.0114577758575,20.5553812360727,42.4102208328109,48.8562126815188,65.9618787723608,83.4602521343325,8,30,46,54,76,91,1.98928882709794,0.28792740325036,3.66091389792982,3.36639998898792,0.936964981086317,1.33025315164677,2.60877244413594,3.21664071505324
9.94566186205066,20.5820745832499,42.5274046513789,49.0018580174584,66.29166248776,83.8253813764518,8,30,46,54,76,91,1.96838465916867,0.297624532461135,3.68836924178087,3.39202482409958,0.944546353573718,1.36810845260904,2.61884185789328,3.27051027857175
9.87720900049554,20.6312190305916,42.650861900676,49.158110899193,66.6204466358596,84.1880501869408,8,30,46,54,76,91,1.94668363514957,0.310193926843699,3.71094998373355,3.41909127189547,0.953302937380463,1.40392177460793,2.62850411991986,3.322764963457
9.81119849624488,20.6829354915389,42.7762310997924,49.3202809970511,66.9514494607068,84.5487597386884,8,30,46,54,76,91,1.92580309476469,0.323044439714569,3.73336003745834,3.44664980283049,0.963155162453042,1.43928482215822,2.63698228272393,3.37444216382941
9.74737644261543,20.5333992385208,42.605820362842,49.1813757541768,66.9310791130924,85.2100143334562,8,30,48,56,78,95,1.90565843986589,0.313661891642939,3.25961292953654,3.12242337339391,0.971611574385381,1.46429779747593,2.41328775441909,3.26319724952544
9.6678019502816,20.3023047766067,41.0986749208434,47.6691856310057,65.5171690745677,83.2898269885715,8,30,48,56,78,95,1.88060254016466,0.29742260492158,2.89954715915099,2.81169991364756,0.970256178840367,1.48515115267055,2.27805702104635,3.17496936723655
9.59598701313293,20.3488226984446,40.2802428724948,46.8330007036042,64.7583617207999,81.9375885873177,8,30,48,56,78,95,1.8580486030673,0.310067085032508,2.66176709591116,2.64784232089105,0.965490456003697,1.50164176836325,2.12233531871021,3.06217460476744
9.53383017300285,20.5454460558333,40.1020328452424,46.6443212468105,64.6040494431522,81.2918614831729,8,30,48,56,78,95,1.83857336935567,0.338658049868141,2.56041663647273,2.61263396548741,0.96268295169075,1.50898639677779,1.99578225599112,2.96454766270956
9.43267017030524,20.7161155623756,40.0272763472083,47.2762624048864,63.5386943771425,80.6884235928774,8,30,48,56,77,94,1.80696907766906,0.370060596284844,2.49463564248646,2.59791546663462,1.15692752355426,1.28601897390303,2.11467628742727,2.99180950399433
9.31756547463093,20.6454484860357,39.748873155742,47.8792651079109,64.0529968984196,82.0217493600387,8,30,48,56,78,95,1.77114848848838,0.375326023777802,2.43932370474343,2.54336836795119,1.41121302900915,1.14471041818855,2.33018209131713,3.19236077908478
9.16249179444293,20.573588250236,40.5748695291835,49.6613459292304,65.5077501944711,84.6976157124575,8,30,49,57,78,97,1.72313100858827,0.385284797909937,2.48548099798807,2.57942571470078,1.69969676099763,1.20151775033186,2.27506117116829,3.44631679617375
9.00161378604319,21.0850438936092,40.9011805772357,50.9388489772579,66.5683964059611,85.7889179800866,8,30,49,57,78,97,1.67361698918616,0.470384803461023,2.43700632979937,2.64325893608977,1.99762855929725,1.15831064218065,2.28291395057911,3.61369070656588
8.86170910241712,21.6995366193853,40.6667876843673,51.4395040749347,66.9318437071608,85.8303797643495,8,30,49,57,78,96,1.6308140648674,0.575334047354958,2.21827252919101,2.59734924529416,2.23423151311553,1.13127740135855,2.38510620423346,3.82754256047488
8.7356097256754,22.304785069817,40.5697759203539,51.84168445435,67.1261225400552,85.6695493205399,8,30,49,57,78,96,1.59244439226448,0.686093121391972,2.04192147445815,2.57843381562665,2.39771578468145,1.09077329150654,2.29194695895704,3.81311536183702
8.63174211042108,22.7961144900927,40.5606492978307,52.1332656266078,67.1672427048349,85.2568913143566,8,30,49,57,78,96,1.56099221115552,0.78240924862934,1.91895152549049,2.57665690034333,2.49720380046074,1.04272339299821,2.17444438689871,3.72229984409456
8.55770172547674,23.1712547723316,40.5698245837395,52.3074429320657,67.0726512175782,84.6246847418547,8,30,49,57,78,96,1.53865792222591,0.858580594508993,1.83052287784329,2.57844329138491,2.55210005656065,0.992088696508747,2.03756677458478,3.5794305312636
8.47019929749326,28.6999738412239,45.2018208237749,57.121510216211,73.511372682111,89.8490910568512,8,31,50,58,80,98,1.51235657105688,1.86509748826195,1.61948865508261,3.39040517104581,2.61291868362254,1.18681740612689,1.73839670126991,3.56079484046314
8.80244681547641,29.9249770820799,45.0514294059544,57.4275587046475,79.9196607385226,89.6575892207427,8,32,52,60,83,102,1.6127566014293,1.91675372809488,1.18139125294602,3.0840699558641,2.76646621472061,2.39876697145317,0.369862763147679,3.26435794912842
9.27741662452686,30.192755321865,44.7073634865898,57.534184897227,80.3111015275547,89.5462161681426,8,32,52,60,83,102,1.75868983631967,1.87032358141881,1.05955484273002,3.01437054033493,2.91951655653014,2.46884837581325,0.308687285397607,3.31340351955295
9.90931360138111,30.393423563713,44.1587869431386,57.6070174238029,80.2041654752483,89.2575765539402,8,32,52,60,83,102,1.95685544140311,1.77491867212358,0.917280150017191,2.90441854709741,3.13271884946363,2.42454370484423,0.287928375960144,3.3684864493754
10.6701129326856,30.4748622976059,43.3475667003398,57.3579751149499,79.6746278256967,88.3657173299965,8,32,52,60,83,102,2.20090014154656,1.62810766400552,0.758488772201055,2.74453301795424,3.32761900420242,2.3559011406349,0.248726140283215,3.35136520377903
11.466794789094,30.332064254134,42.3535252664161,56.7375944860003,78.9210802408971,86.9720136410058,8,32,53,61,84,103,2.46210989819639,1.43251437019995,0.53613166731498,2.43437216918416,3.45815347755934,2.32352341604129,0.186772161557335,3.26695018879301
12.1565477228531,27.3713421267921,40.2372925514251,54.558301501375,76.5866770539817,84.3848383971669,8,31,52,60,83,103,2.69240974932378,0.86181532979811,0.66382735349359,2.16327439974669,3.43607059334499,2.28598407061278,0.129987984110099,3.03322812926988
12.463954974676,27.1410210155143,38.3630224344473,52.1798720590048,71.5247536336796,82.0441716739185,8,29,50,58,79,99,2.79618184136527,0.975696230562193,0.426753733380074,2.0504629937032,3.2603073879062,1.97115210585458,0.403567972423873,3.20923533398076
12.4000925441963,27.4912130569109,38.7854900247803,51.8538945514621,71.4001803792741,82.387258717607,8,29,49,57,78,97,2.77456878309259,1.05361345324772,0.509415260344016,2.23976922686844,3.00211201384139,2.01916021443434,0.544326454679603,3.33385846526507
12.3638261783502,28.2235170579702,39.506025217526,52.4709996626819,71.6028320419423,83.0291973409017,8,30,51,59,80,99,2.76230778970131,1.0845595697493,0.434622632427009,2.14361335759032,2.96670380355805,1.9207654317338,0.612804792937893,3.31700198172261
12.3114138034,32.9023255369478,49.2699974511619,62.0827841994066,81.5253612857953,92.413373955181,8,31,53,61,83,103,2.74460448477777,1.9473879223812,1.18246794807459,3.83300002478402,2.91472990202601,1.83727151691574,0.452487708628766,2.96190344412136
12.352423300989,28.3239321474018,38.8411934739381,51.8780954445732,70.0405140594445,82.2740247792336,8,29,50,58,79,99,2.75845459523469,1.22670799040238,0.340238163985749,2.13590097210172,2.9913201803599,1.69686395428318,0.652500848651896,3.15712817175106
12.1166849936847,29.4227971024163,39.5349277458374,52.3077267635584,69.5551765375385,82.0782701297659,8,29,50,58,79,98,2.6790027324922,1.50685884937362,0.294907466322381,2.26223235722892,2.90109884488037,1.49412440565473,0.798527711342265,3.10931833215247
12.0308589949551,28.0389221047981,39.4825075080429,52.1450914119489,64.6440397140722,80.218661334376,8,28,48,56,76,95,2.6501763180192,1.36525291330648,0.531108501266193,2.49157659172273,2.86358372271245,0.695699975914922,1.41031927992654,2.87086855323571
11.9952414986649,28.0792716524243,39.5718715215091,52.2946633520989,64.9059812798406,80.5057987901711,8,28,47,55,75,93,2.63822938308657,1.38153211184314,0.623433415323308,2.63536322857645,2.88406728625368,0.71433923406343,1.56394337879684,3.04923513908942
11.9794261866898,28.193405297325,39.8648107248313,52.8089268123382,65.5884214608268,81.8195739295184,8,28,48,56,76,94,2.63292757604855,1.40953414374352,0.564989144999383,2.56603259782139,2.95957150610838,0.742619205873747,1.71284450570985,3.26742267903244
11.9532678936071,28.2331367612437,39.9426984874852,53.0758121832982,65.9904287598393,82.6087707976947,8,28,48,56,76,94,2.62416255141295,1.42380643780915,0.570754627432113,2.58129971685428,3.02429923907739,0.765669647360363,1.80624302208617,3.42243089995928
11.9054815136719,28.1993061163108,39.6463745097219,52.8912463552032,65.9495858254816,82.7688959236537,8,28,47,55,75,93,2.60816367574256,1.42683572326587,0.616118589444491,2.65021721425287,3.06268056092924,0.790504237374128,1.85531923692509,3.52314964584292
11.8468367760198,28.1854291061864,39.5199199269129,52.8569950751759,65.9987817470901,82.8529819543897,8,28,47,55,75,93,2.58855290841764,1.43656810482943,0.59819194679768,2.62502320077433,3.09440464772513,0.805071627072087,1.86388017887951,3.5699299599631
11.8160340384148,28.1302529998151,39.4563635465189,52.7709774263785,65.9767964795795,84.5222611456582,8,28,47,55,75,94,2.57826292828887,1.43126658182727,0.596866617577819,2.61239338109207,3.08667163798704,0.816322861758544,2.11183492839385,3.80546435576142
11.7630848315809,28.051760517516,39.361574284592,52.6337762305032,66.0785672810439,84.4707692167073,8,28,47,55,75,94,2.56059160579999,1.42571782175007,0.594292942403475,2.59359788650354,3.07207845567711,0.85886641507343,2.07354424939529,3.81524413929952
11.6923460468414,28.8506886658233,39.1121174743278,52.3461579193248,66.3444618799281,84.3833523341825,8,29,48,56,77,96,2.53701681343847,1.47485229824021,0.439192708256382,2.42021175053477,3.05895729381397,0.853104667396533,1.98607838556889,3.69857906695004
11.6502863077353,28.1434820601187,37.2908500977534,50.4619238062879,64.4324763426896,82.3023488742835,8,29,48,56,77,96,2.52301815001186,1.33377945344143,0.298571882036126,2.08074795543217,3.03732713743299,0.848233140162076,1.94464132831532,3.64101482226327
11.5250697796906,27.1280059297041,35.2905467909427,48.3781674939744,62.1561918962592,80.0490174975682,8,29,48,56,77,95,2.48142476041239,1.15304899861053,0.196891178712202,1.73119281277832,3.00869800706157,0.8147493901481,2.12403322261799,3.7362582248037
11.2666687407528,25.9500654297261,33.3703391798628,46.3307904442082,59.6737996128564,77.8490503482961,8,29,47,55,76,94,2.3959887578312,0.976870041141281,0.172059077981955,1.51428921430836,2.96515691015254,0.741149271518192,2.19647510782652,3.67363975436465
10.8070229668369,24.8882201543364,31.918860082458,44.6769437153871,57.3722057110269,76.063898633312,8,29,47,55,76,94,2.24539734786667,0.867722906757769,0.139609366602971,1.28874895004731,2.89608531798102,0.637052980653197,2.3307166300391,3.59940719513984
10.0822630773803,24.1757525265423,31.4696850253256,43.9605807791318,56.0447662877354,74.8580488056505,8,29,47,55,76,94,2.01183372894799,0.869899168932946,0.161123201348263,1.22213128754801,2.80530794502755,0.545197526964582,2.36264633616194,3.43292952373911
9.35449511740025,21.9781344597542,29.5146510130059,42.0804129812247,53.1883764327489,70.4432354002669,8,28,44,52,71,87,1.78262455047693,0.716395601833103,0.284584943313956,1.19082033138414,2.83069489888137,0.562817116847973,2.33390483389211,3.48922809126108
8.48789758797031,21.694258011696,28.8040928924536,41.6145661354037,53.3171372941083,70.5749055985704,8,28,44,52,71,87,1.51766802598889,0.816418256127436,0.234813835053013,1.08706156190753,2.91394098387454,0.657640779809383,2.33469507957625,3.68111776373844
6.66197620685636,20.9027855046709,29.0351025102609,42.0434949868772,53.408208220194,71.9494683422727,8,28,44,52,71,87,0.994910125537491,1.00665347961809,0.36186150267496,1.12033727001523,2.98155915262975,0.602982118413161,2.69000818549374,3.94682136988312
6.94215675700089,20.8802101258752,28.9192648558273,42.226611408738,62.195762830627,77.579767362833,8,27,43,51,69,84,1.07144530030715,1.06629937512471,0.349184900772868,1.18879470615207,3.08417029331226,2.67202726936036,2.02528668360071,5.75247671643309
7.42260354309508,20.6877083960423,27.7575195959395,41.9734304178905,59.3777248426504,73.7648959060471,8,27,43,51,69,84,1.20602724933825,0.935239705496016,0.230391574343952,1.01990999980486,3.39931439900101,2.0004116998025,1.7645977757732,5.05968828436507
7.88259041250489,21.068517098089,28.0980961132153,42.6148958681556,57.0210710300913,70.7309695627371,8,27,44,52,70,84,1.33849872562905,0.920251538422526,0.178545415474425,0.988155516224476,3.50470338137696,1.29481049539312,1.77030516561282,4.39174744859809
7.68267442120955,20.6476055893766,27.3429121754487,41.7370158770411,55.5642836809481,68.9201962195032,8,27,43,51,69,83,1.28051233779892,0.878915620174457,0.191106300727845,0.962444404375613,3.46166939120689,1.17062712678316,1.67814247904875,4.13234141580239
7.31459092559721,19.8440996195617,26.6201251981852,41.1036411096223,54.9180984443619,68.2259827363366,8,27,43,51,69,83,1.17542048491574,0.799672870379887,0.19925118860696,0.865917619487589,3.49302163092633,1.16792899333182,1.66574676069383,4.13930103147604
6.94142042239404,19.0071093100468,26.0748357234235,40.6290362469565,54.399243338863,67.475514393032,8,27,43,51,69,82,1.0712422116358,0.718600576438836,0.230162397099989,0.796243881930398,3.51783702603944,1.15862602985386,1.79004114827729,4.26437422980723
6.5759084390103,17.8142625170596,25.6165746474339,40.1550541167796,53.8208079010269,66.7440219480085,8,26,42,50,68,81,0.97170644979009,0.674676221810321,0.317964297352025,0.808452009025919,3.51231552900803,1.1367714217908,1.7489450032859,4.19686550280192
6.23063581423994,17.2285817135557,25.328507829082,39.71958869674,51.937135984615,66.1622530928777,8,26,42,50,67,80,0.880153478128761,0.634198434355986,0.357434861754626,0.772127440424555,3.46061018433384,0.966226464145147,2.1063990453798,4.30238004573849
5.91687503362762,16.6652165808633,22.4085205152923,36.4268451657209,48.6209882393047,62.395707212927,8,26,41,49,66,79,0.799212100684392,0.593291449812168,0.144239229283168,0.501951191389579,3.33037645537249,0.961526577365075,1.98077131598652,4.09210295717613
5.71580726849195,16.0802222605358,21.9395935487932,35.6562614190411,47.7162810337115,61.0682449747883,8,23,38,46,61,74,0.748552368350718,0.836482879564596,0.154789552093948,0.626434880675065,3.22555282179792,1.2000886844524,1.86471160943814,4.23747089896925
5.87207745315828,16.0812412957797,21.9877671791117,35.8383705845466,47.7580652379512,60.8090885174494,8,23,37,45,60,73,0.787840947306866,0.805581192168341,0.206689407830295,0.69880113830511,3.27203014751656,1.16831184725503,1.7832441955552,4.15990091391704
6.06245625917912,16.1074559668672,22.287794169186,36.3161439572311,48.1097294784347,58.7268401491428,8,23,37,45,60,73,0.836489749008026,0.773381220875155,0.238551761981254,0.73704685614148,3.33386900204956,1.1399980082683,1.16479584505747,3.57322082261274
6.28928927092768,16.1508768106978,22.7541659308131,37.0583174750591,48.6734727518268,58.8701949630333,8,23,37,45,60,72,0.895528116982799,0.73799730274106,0.29215243421042,0.798392830770422,3.43017097978279,1.10033889669858,1.22184985841093,3.6662070304453
6.57051534950548,16.7770914895367,24.4292750951003,39.3649930736972,50.4498549099247,60.4575137332248,8,24,39,47,62,74,0.970257425094618,0.694248809262616,0.366810962110302,0.873211036150002,3.65222370672783,0.985352574974147,1.17524461075712,3.64475526670242
7.10339949403306,16.8835539077754,25.3462225460653,41.1431999663457,51.6741836618758,60.13622940369,8,24,38,46,61,72,1.1161570211023,0.618560064989971,0.584728587613739,1.08814548819256,3.95822313494482,0.870113310071045,0.958050656878571,3.51540464517165
6.99595390718571,16.4830643941071,25.0689167895143,36.566381310675,43.9485419200786,53.4946521192457,8,22,36,44,57,68,1.08631020396958,0.78005778167796,0.607051448575371,1.22969364731243,2.4722717924766,0.491745239307064,1.22578912732811,2.35802293939483
7.30071468936885,16.8459196323317,26.1718029019773,37.8143276308499,50.1725201286857,59.8361731072665,8,23,38,46,60,71,1.1715028282649,0.678471675246943,0.638366630096552,1.21686044890964,2.52043638676557,1.4262844417003,1.25597786705293,3.41331601790677
7.60702984864917,17.2867078667565,27.7903990450177,39.5288279768212,52.629868655151,62.4805076101353,8,23,39,47,62,74,1.25873464318558,0.703534484642025,0.749026554200653,1.38400583216602,2.55237026070757,1.44428285779574,1.1369627013065,3.32256564794779
7.88063974703946,19.0971140296267,28.5683813838483,40.5180876548627,48.8280545865997,63.710761461731,8,25,40,48,62,75,1.33792995925013,0.773047285456413,0.664843596544733,1.41378946215579,2.62296953083189,0.557523795656406,2.29326556757033,3.43044057699286
8.14523048407366,19.5931092967974,29.0164437561435,41.105035513631,49.5714892532268,62.7356186750735,8,26,41,49,63,76,1.4155957545833,0.71079520255668,0.656067046797249,1.38904201663388,2.66956110006015,0.585409533837172,1.81374796600776,3.09464261523925
8.40849584379656,19.8076849049585,29.3070382625037,41.4245329884971,51.4373899902353,62.0121233744495,8,26,41,49,64,77,1.49387179502762,0.702332952895974,0.670007545435825,1.43692152943519,2.67927495441355,0.767134739199668,1.15475015165741,2.71150642999481
8.67165954915404,20.0712650774302,29.729956002511,41.8323539697203,51.8302426285986,62.5301102916451,8,26,42,50,66,78,1.57306309586469,0.702405158904018,0.597654700520803,1.40812136089831,2.67420039881711,0.65676694231005,1.34848397861613,2.73247852275122
8.93430639248655,20.3530900435808,29.9236817445122,42.0359313537269,52.1745945728301,62.8926619973223,8,26,42,50,66,78,1.65299457615239,0.705733501177878,0.582677992013428,1.43983931622282,2.67751169627122,0.681959837287082,1.3531330815277,2.76985336068776
9.19543566889207,20.6299007049158,32.3595130668275,44.3746584861601,54.6788598103528,65.7204037890845,8,26,44,52,68,80,1.73330832621275,0.708459765446294,0.760564303525898,1.64595946336795,2.64490446255968,0.712066645430186,1.43652983830288,2.85725920857317
9.4538789452673,20.8811127290933,32.595325502995,44.5708181996481,55.0367377905204,66.3339582505762,8,26,44,52,68,80,1.81358562049856,0.707202053210703,0.757808902450666,1.68637721221212,2.63160923101457,0.74197240858786,1.50344255248224,2.94234391224249
9.70845215523179,21.4168708388003,33.4460026413393,45.4783812034107,58.1263574541761,69.6372421948102,8,27,45,53,70,82,1.8933937283975,0.658604491719968,0.814944756808934,1.72790252081114,2.65068622476973,1.05414446752043,1.56000935579186,3.34888536017799
9.92022247470234,21.2425690601846,33.1121836340073,44.8361570324933,57.7577284894857,69.6650622617477,8,27,45,53,71,85,1.96031416792466,0.596271765540025,0.7857973718028,1.67073041250066,2.54755233855047,0.985484130690417,1.31660196268574,2.96746874526611
9.96689311753881,21.9782261284205,34.263419844747,45.7711487845639,59.5146472321403,72.3019351414756,8,28,46,54,72,86,1.97512524538828,0.617256504471602,0.862599562315588,1.76359466163362,2.47567441525195,1.15302372570964,1.53311691951083,3.29903527745743
10.038684408039,22.3189135974236,34.2646146201035,45.4666965868403,59.8446317969465,74.8860213724953,8,28,46,54,73,87,1.9979519744105,0.660018632672266,0.799647739850667,1.76380061559816,2.37471981686937,1.15537749675355,2.12877369304291,3.73586185291257
10.141022433919,22.664936810211,34.1794056099239,45.0608955209995,60.1005247833146,75.2487914840537,8,28,46,54,73,87,2.0305814080906,0.699823316137305,0.722435320732109,1.74913647460061,2.26967029095482,1.29415012300129,2.15830131680808,3.84129255218757
10.2763363838571,22.9961619569293,34.1161279289903,44.6757865852991,60.2998460107847,75.452312909301,8,28,46,54,73,87,2.07388460541969,0.732533194232715,0.654612669287237,1.73827831490078,2.16512567988947,1.42122601739794,2.1594638954102,3.90451352283794
10.4440187180032,23.3212630804356,34.1660964079246,44.4123854547832,60.5505027176853,75.7172299180585,8,28,46,54,73,87,2.12779302444184,0.759265264733649,0.608968117640807,1.74685043069525,2.06425332320438,1.53629499833186,2.16341223912202,3.95567856418465
10.6408967719228,23.6478413842217,34.3806523053012,44.3278333366946,60.9253127019164,76.6349428524433,8,28,46,54,73,88,2.19142657191024,0.781586220892311,0.590784545285267,1.78384868972717,1.96886681742275,1.64159859102788,2.1125715745983,3.95603551612796
10.861963662558,23.9806157698774,34.7410657419479,44.4086232754621,61.4188361127221,77.3457731706073,8,28,46,54,73,88,2.26330084542169,0.801022192235101,0.595249098309616,1.84669005930755,1.88052568466148,1.73811974903323,2.17137221830217,4.03926715672645
11.0970244781465,24.3003523408156,35.0281027149906,44.4047654393971,61.7784251697572,77.7376499825232,8,28,46,54,73,88,2.34019831791081,0.815883949592035,0.589968668161303,1.89734960539608,1.7895207273684,1.8245510058534,2.18014575381481,4.0642721486504
11.3497726389122,24.5961046671936,34.9824044089981,44.0166735892852,61.6877698980614,77.2819862715584,8,28,46,54,73,88,2.42340635557616,0.823474043756288,0.536046502969811,1.88924825264581,1.68364225432364,1.89625158412315,2.08151992889222,3.96676312237408
11.6206113741241,24.889266617155,34.9141583751734,43.642124139434,61.533737510675,76.8079184123309,8,28,46,54,73,88,2.51314981067032,0.827425190130964,0.48145463545011,1.87717497521818,1.59012497756263,1.9499564743739,1.9960767823945,3.8709625648116
11.9019575233384,25.1701550776064,34.8204466054314,43.2806181869888,61.3138466031282,76.3137435130983,8,28,46,54,73,88,2.60698452260521,0.82734410399903,0.427665853510956,1.86064616468265,1.50934901455466,1.98468596881709,1.92364216087234,3.77714435672898
12.1867061988591,25.4316608963742,34.7017855971649,42.9334464581971,61.029194424741,75.8044887361546,8,28,46,54,73,88,2.7025605950306,0.823230509815654,0.376097598541019,1.83979946388044,1.44118654230661,2.00007724399889,1.86489008145913,3.68633657223831
12.468304023467,25.669528117463,34.5606669188853,42.6026497059865,60.6880817251531,75.2926426664059,8,28,46,54,73,88,2.79765472778563,0.81551336993993,0.327828284521888,1.81512818593032,1.38516653000804,1.997535151784,1.82057657027081,3.60079604932228
12.7409537499614,25.883424842472,34.4030302007316,42.2924996528109,60.3076972838589,72.4801123451376,8,28,46,54,73,87,2.89025098642852,0.805191553081076,0.283653761298967,1.78772533500039,1.34050494576737,1.98025378443828,1.38076222017306,3.15510052463331
12.9996288139583,26.0742036057417,34.1307034499615,41.9085193857575,59.8179957797906,71.5580097358726,8,28,45,53,72,86,2.97855971411383,0.793329957305967,0.287485980077907,1.84755142008758,1.30803132113508,1.95432689078125,1.27659781368169,3.01197720892187
13.240096090207,26.2455229739131,33.9683794797206,41.659479418198,59.4281880971303,70.0466572754404,8,28,45,53,72,85,3.06103881688823,0.78132349364554,0.249174806411298,1.81889999362334,1.28294362518217,1.9199674590695,1.16511834092192,2.86402220623568
13.4590211990013,26.4007422249092,33.7990584168785,41.4325528165265,59.0480613909548,69.5599253907822,8,28,44,52,71,84,3.13644230759862,0.7703282967114,0.267943408556626,1.89869835310568,1.26634328157365,1.88278660909805,1.13989783894575,2.79553089428843
13.6538751537304,26.5443858865713,33.6347300062669,41.2321493531567,58.7024268241909,69.1575155296443,8,28,44,52,71,84,3.20379890316641,0.761536154750944,0.232654934544607,1.86913299931958,1.25597437472848,1.84774775427033,1.12653807837628,2.74452809529811
13.8229563075952,26.680788493383,33.4578266609833,41.0390457002715,58.3484435106453,68.840909643403,8,28,43,51,70,83,3.26242776630475,0.755947394606227,0.252136511723884,1.9497659377036,1.25132478826846,1.8091732054079,1.1353276719009,2.71475002765059
13.9166619023245,26.640613853408,33.3128806431936,40.8846642865289,58.0472919802686,68.6557762857844,8,28,43,51,70,83,3.29499128896604,0.733228842208898,0.239799954231447,1.92318197516207,1.24861872381431,1.77420469008263,1.16274869467243,2.70620458884525
13.9328253801991,26.3981316130474,33.1764659269323,40.7308470415547,57.4465676783114,70.8790375182183,8,28,43,51,69,82,3.30061330754699,0.690159974408598,0.252291050350794,1.89829106963241,1.24363147095879,1.82997253364983,1.88666981558236,3.37913356797857
13.8049264160265,26.2783322964995,33.0805583297162,40.6633204340459,57.6483276048601,68.3329358848329,8,28,43,51,69,81,3.25616799986236,0.691492074900727,0.255148015989779,1.88086625804636,1.25176747496663,1.89608232243586,1.34458958800777,2.97785717468092
13.6609436542462,26.163198039172,32.9635382583717,40.5773204942618,57.160988995102,67.8407972064324,8,28,43,51,68,81,3.20624655978904,0.696245411713014,0.254921933909909,1.85968995624841,1.26067490891491,1.96925257013769,1.17970900746367,2.89450380167872
13.5082917896406,24.9179585530885,31.8031132977548,39.3834608255113,54.199414962359,65.3555898708674,8,27,41,49,65,77,3.1534526001284,0.610137569809163,0.330720539065173,1.87456520662062,1.25107477913401,1.69881251975614,1.46642329980056,2.90031120130895
13.3482982362978,24.2815965837854,29.769218241007,37.4481502215252,51.7994625840667,63.1982773129205,8,26,39,47,62,74,3.09826971600636,0.623492906777338,0.212616291502401,1.72931991906064,1.27943276986338,1.75541260920937,1.53026680907863,3.02753739481604
13.182321087169,23.3810645341244,28.9715537452119,36.4721962520908,51.0151963618562,62.8843041388045,8,24,37,45,60,72,3.04118898458158,0.692827012162487,0.225001934289887,1.81222735860895,1.22826206058649,1.80467343827995,1.65612247578354,3.13967650380544
13.0117460364897,23.2094482313683,28.7803342153454,36.308735711019,50.8910270017864,63.1510904519597,8,23,35,43,58,70,2.98270706771739,0.803317049657371,0.286669505554036,2.02191515882111,1.23619533165927,1.81481899310869,1.76276086681793,3.247040161065
12.8374526522426,23.1241293969984,28.7165927408471,35.4068237465119,49.2395044097542,63.1148588270663,8,23,35,42,56,68,2.92314330589761,0.820955517055075,0.28976370201777,2.00912389591499,1.19816073352632,1.80259515752555,2.22071638193293,3.59354894099932
12.771274891099,22.6072532394033,28.5902029047213,35.25752297361,48.9702679269062,63.0875962370666,7,21,33,40,54,66,3.21626330359832,0.851311742958868,0.348312898691184,2.25099108837232,1.1913655746136,1.7710518790485,2.29150279827523,3.61810375562588
12.7367554484126,22.4744014373358,28.4308050790922,35.1531765458865,48.7439249965079,62.9692580217635,7,21,33,40,54,66,3.20397452211275,0.830999012735409,0.344182390309398,2.21712569539412,1.20770824718487,1.73912780810587,2.32326711659208,3.62828910405625
12.4792350706497,21.7337274728922,27.4414550201522,34.637033633093,48.3580759704506,62.3563243710284,7,21,33,40,54,66,3.11251162701818,0.733833641492469,0.306546515919684,2.01098163496059,1.35021878204433,1.77322907135788,2.25660146994239,3.7220554526185
13.4815727733166,22.536265320127,28.0865629895738,35.9860681012337,49.8445625276937,63.7072412634123,8,22,34,41,55,67,3.14422625087446,0.694983731505685,0.283731226942348,2.01135657594519,1.56835604710472,1.80940454589953,2.21702290998582,3.89974154095243
13.1146148677858,21.661129350969,27.0796869581105,35.5698420932899,49.627559604899,63.4304300033495,8,22,34,41,55,68,3.01795372481349,0.59988662534298,0.265258409162382,1.81114441700321,1.75637696991402,1.86219633988091,1.98856476049875,3.90168609584143
12.7182947412664,20.8170424929716,26.2772291194308,35.4239227389787,49.6554265518109,63.3726492188626,8,22,34,42,56,68,2.88253647494472,0.52076619726286,0.271033936995731,1.65720281194592,1.71825504349957,1.90858772543369,2.17474560956898,4.09008771888584
12.3154665632438,20.0717415338147,25.7651154173512,35.4238941875638,49.8434719473861,63.5359984164946,8,22,34,42,56,68,2.74597269109988,0.463392729779894,0.304433410327523,1.56168792502936,1.87776567899131,1.95914231407936,2.16758709877035,4.26315616147756
11.7144439251044,19.1935414267175,25.2873406248671,35.7259284445061,50.0077866871811,63.8452076142135,8,21,34,42,55,68,2.54437711867673,0.508680557928398,0.290455221015453,1.47456247531617,2.12604282974912,2.12236504458567,1.998140604348,4.46732033385898
10.9127596663142,20.570541289769,26.5429734620806,36.3385733748959,50.8035507887437,64.4808800525241,8,22,34,42,56,68,2.27987744975363,0.814632471583447,0.346673829545225,1.70761343991677,1.92087561200591,1.97139934014275,2.16318483176936,4.30626262703706
11.4539052377583,21.1316138543803,28.325812365202,37.6328874163146,52.1020203047103,65.6847298740392,8,24,39,47,61,73,2.45784141854671,0.600908311093176,0.304256232897996,1.474393071807,1.76789139473717,1.97252226791663,2.13582469341764,4.15735911612541
11.5489144487572,24.0846751160916,32.0879367678735,41.1912767460416,56.3040225276849,69.8084926044173,8,25,40,48,64,76,2.48933573114381,1.03095632056476,0.418370864964262,2.04645157912597,1.70488956592963,1.77294880734247,2.11326522209664,3.88552944793609
11.489348443442,24.1094289603292,32.1408845679449,41.5324061850081,56.9652705809102,70.3973186629258,8,25,40,48,64,78,2.46958193457964,1.0483627728387,0.422642759706974,2.05664384432,1.79414634842396,1.85395375237305,1.69784632835535,3.67215159562109
11.3725413437315,24.1459626580856,32.1653031717475,41.8660156870513,57.4850996683007,70.7683203828835,8,25,40,48,64,78,2.43092808901843,1.08028484809319,0.420804748151891,2.06135067544286,1.89095696665432,1.9015591574637,1.6593915586721,3.75513988256552
11.2185170386754,24.1751700022091,32.9242058177641,42.78672430752,58.4961910881408,71.6701633403518,8,25,41,49,65,79,2.38012871831952,1.11887477716043,0.450879243806767,2.08554974700717,1.94203276768304,1.92479012189675,1.63132537997294,3.78953105226158
11.0352159685691,24.1793179693668,32.9650389174689,43.1688688715719,58.9822375499005,71.9138295494193,8,25,41,49,65,79,2.31993206959584,1.15884467460028,0.456450701451288,2.0933931008754,2.05065867405815,1.95159577121011,1.56955724069073,3.83849548514597
10.8271836234069,24.1429679881368,32.925111223518,43.4920704789088,59.4201044405904,72.0538306280334,8,25,42,50,66,80,2.25196397823091,1.19588010787921,0.380058504463315,1.96676490584402,2.16748676080548,1.98130093543057,1.49461895206723,3.88208969110426
10.5981693670098,24.0594605756866,32.7140481184199,43.6617768809232,59.6607923548899,71.9376988580442,8,25,42,50,66,80,2.17758596143836,1.22758288741098,0.362893670070234,1.92763308425183,2.29130230653482,1.99975323551555,1.40631086865503,3.90514999400261
10.3521636698774,23.956159730343,32.389616426811,43.718102691929,59.7586563324706,71.6685697653421,8,26,42,50,66,80,2.09822900110156,1.12391997374246,0.40421813555898,1.86807104562784,2.41637815263935,2.01057393056773,1.3172217549165,3.91860279679387
10.0937340057575,23.7840928190832,31.9690343857261,43.6634104763063,59.736461467747,71.2657851419335,8,26,42,50,66,80,2.01549091204501,1.14190613344046,0.369107365700738,1.79193517240974,2.53769281727456,2.0190509981773,1.22678358358023,3.92293511999811
9.77886386263964,23.5719488711367,31.2728323089856,43.140230838711,59.0142828568049,70.9353801221854,8,27,43,51,68,83,1.9155916692585,1.03752232000989,0.305015455694565,1.56439276439652,2.59542578832668,1.79130690537943,1.16862806499956,3.6742045464968
9.44552749983883,23.0229387239151,31.9497704167522,44.2947769191898,60.018412131204,71.7202391049499,8,27,44,52,69,84,1.81097960043135,0.995256497884286,0.399976557061428,1.57667352689057,2.75594884508693,1.75424149582679,1.11954378358458,3.69958339352496
9.11450171661425,22.4371674104986,31.3601394050416,43.8334988238785,59.2269130463841,71.1407482758682,8,27,44,52,69,84,1.70832847303437,0.946194118467321,0.399439102667482,1.4791107901596,2.79936699634229,1.67370448958618,1.16699115381869,3.70197076956588
8.85690028790538,22.6731557821746,30.751774289166,43.4397577752374,58.8240417021216,71.3716091506735,8,28,45,53,70,86,1.62934715500027,0.926692288580356,0.290122441585688,1.28934755777546,2.87222204175956,1.67149430691509,1.16643356742836,3.73549352450449
8.62204287880852,20.8346974473145,29.2172207030956,42.0667013099546,58.3412929118715,71.6004789684147,8,27,44,52,69,85,1.55806233779277,0.743906584041555,0.327540943334415,1.14688240341227,2.92724742713535,1.89113373752474,1.32645529090098,4.155656796152
8.45065442742895,20.5900550694527,29.3955356206192,42.5207861386025,59.0445459811498,71.2812681705315,8,26,43,51,67,82,1.50649584427086,0.835336893710147,0.383239133724107,1.26127770866104,3.02160172781883,2.13764296726834,1.2405022563375,4.38499561704761
8.26993412253426,19.4321868091792,29.3180125600552,42.7181227914866,59.7433950772169,71.5451279686827,8,25,42,50,66,81,1.45255253061398,0.763061743868812,0.543519739171801,1.3416543404745,3.11612300878208,2.27177068314304,1.14182019395945,4.47047565610159
8.08147012508439,19.3121560232537,29.1947918104366,42.8608619582182,60.3363785653592,71.7309105474509,8,25,41,49,65,80,1.39678596179698,0.775672954624681,0.636426956535281,1.41834811934298,3.20802192861467,2.39404212497772,1.05196739972503,4.54825887095315
7.8869639771622,19.1812678263344,28.8711488810134,42.8692719435858,60.8028259006593,71.848903803334,8,25,41,49,65,79,1.33977415985051,0.787469416314504,0.602994640161851,1.36535466935067,3.32334036235778,2.52014847443393,1.11497511680947,4.84826489888372
7.79321097629481,19.13044074504,27.3116057848028,41.5866941832965,59.4277410476093,70.5420597559993,8,25,40,48,64,78,1.31249747866245,0.79546829728355,0.445646336479272,1.21111369110842,3.42000331636264,2.49454354180855,1.13055147010997,4.91380564300311
7.76114051253295,18.9866017873843,26.8858910253303,41.3347424489951,59.1312922596299,70.2404399231377,8,25,40,48,64,78,1.3031978629558,0.774707272384105,0.402784157924934,1.14548397015259,3.48086154119427,2.48225151278439,1.12936865585362,4.94608067896402
7.74102207102018,18.8259676003627,24.9039765836639,39.4417491431383,57.3685058230769,68.3685900436958,8,25,39,47,62,76,1.29737218342883,0.748913404056524,0.226378209740124,0.939075748257641,3.51206728093085,2.73145272123481,1.10451716994687,5.17097230228995
7.73696205541357,17.7078448779532,23.7179490546674,38.4584775151373,56.41796251735,67.568649343618,8,24,38,46,61,74,1.29619729365923,0.651977691271901,0.218474523145797,0.852943405250375,3.58337651596841,2.74088203516629,1.29358486876392,5.47768021274768
7.72451003887258,17.3144473541839,22.4499372327653,37.4250493362978,55.3235052242919,66.8576684768261,8,23,37,45,60,73,1.2925955288063,0.686769345780371,0.129528484913962,0.758115289725898,3.66614205067002,2.72330540863801,1.38866340081384,5.62949545666671
7.70308096903723,17.1071407689069,21.8525269149141,36.9653048462371,54.9910571419412,66.6121738348586,8,23,36,44,59,72,1.28640282788152,0.652550868757452,0.133741814559237,0.752549651388079,3.71484121090373,2.75999839319706,1.41050204889628,5.72596054410869
7.65849769387424,16.8612550444882,21.6104405099879,36.842817798652,54.9466766692496,66.7259878472959,8,23,36,44,59,72,1.2735420783329,0.616280166029881,0.134097380171893,0.720927114085275,3.75722474201035,2.78257138675629,1.45049059716944,5.82394557896503
6.98557709409356,15.8901956437382,20.6130413670746,36.1731542685204,53.7677755792842,65.4589886654955,7,22,35,42,57,70,1.28653643070474,0.564112117390237,0.131642728676487,0.663788690435845,4.22857241839842,2.6362145858116,1.42818037410344,5.96434376019916
7.58588077472212,16.2435486114697,20.7429006899147,36.6485933109898,53.4429111091458,64.895209752042,8,24,37,44,59,72,1.25266230107582,0.437135128546108,0.111797246358733,0.550636265618919,4.35635435803855,2.41025361067874,1.36819596560496,5.77119046967917
7.47059445034949,16.0876257774246,22.5340305039741,38.7912671770312,56.8192149424772,71.7497137277888,8,25,42,50,67,84,1.21968885744092,0.357911042791996,0.128817349704436,0.462397674838531,4.12314541427947,2.3459805992989,1.56280250637404,5.70077143587862
7.1463169699189,15.8173079515422,22.3096630773595,38.7612635381021,57.6242602888399,73.7696535557793,8,26,43,51,69,86,1.12813687944978,0.301270887349835,0.132409377550005,0.394122594151935,4.19306595575218,2.37573626200578,1.85875712378475,6.09601038354089
7.19025707808806,15.9033174212366,22.003945656406,38.5081796506431,57.5406031980554,74.2698336061184,8,26,43,51,69,86,1.14043601393733,0.306260409993931,0.10358399054404,0.36784241596832,4.21202774666632,2.42049730290441,2.00636186645471,6.31167955375555
7.2562922531866,17.4479063599677,24.8046770395323,41.1217219635353,62.6730782138693,79.7739136457155,8,28,46,54,73,91,1.15898335121806,0.362312212743157,0.166512851846436,0.479633308813676,4.14464380517675,2.90134693041132,1.9247357025539,6.62944848792316
7.23296419396248,17.512372136117,25.0214038160974,41.3770635028888,63.3111223894938,80.2821973474259,8,28,46,54,74,92,1.15242250983985,0.3731503634419,0.179978313766283,0.500268766375951,4.15853217287059,2.80483827421782,1.89264454179074,6.50439574611484
7.20549755326231,17.5484053179759,25.1756690799401,41.5940706420003,63.1901910409667,79.9558450436565,8,28,46,54,74,92,1.14470985984717,0.381086131402347,0.190829298132956,0.515235144618928,4.18111166267657,2.71488787023667,1.84217715607359,6.3768162024566
7.16340293936797,17.6163002846621,25.3712331522591,41.9760575807553,63.1275945968475,79.7194025849333,8,28,46,54,74,92,1.13291530999388,0.395022650005842,0.202931994286311,0.534539070770539,4.24829855544782,2.59779421114981,1.79979362676902,6.26272429078841
7.15696629240365,18.7222245778422,28.4183628522671,45.3419587578466,66.6706607121246,84.2902050126984,8,31,52,60,82,103,1.13111456763775,0.343737674939699,0.251818510321443,0.523314301270598,4.36351392543162,2.28408885901401,1.57552174330293,5.70713843821267
7.20025117070011,20.2210590909816,29.7642492764512,46.7511660716629,71.6318270921658,89.0429310208644,8,32,54,62,85,106,1.14323817135234,0.454622769997996,0.193827857476567,0.550586382457397,4.38644889757327,3.00432688520273,1.52974286393989,6.38308158964762
7.2552000733877,21.2780458075838,29.7799470260447,46.5757969777017,72.1453651153821,90.7714149895323,8,33,54,62,86,108,1.1586759733588,0.514627686040558,0.14820635164281,0.552060436396577,4.31729267855298,2.99490647493158,1.65380396728972,6.44393575080441
7.31798600514855,21.400834936882,30.1801471640189,46.7654078854395,72.1542682195225,90.1174786178192,8,33,54,62,86,107,1.17637951391717,0.522470870229793,0.169579048420049,0.590337555836339,4.24124101320392,2.94837127158433,1.65198845845743,6.36300157633039
7.3918134630269,21.5680838527982,30.6428548735953,46.9780145831961,71.8238600929067,89.6118313671858,8,33,54,62,86,107,1.19728243786998,0.534793707767541,0.194144434548796,0.636254787614753,4.15115826646046,2.80980335902991,1.61284515744208,6.11798183225578
7.47570290736732,21.806762322113,31.1829132883769,47.2413250320745,71.8803303276718,89.5005883760387,8,33,54,62,86,107,1.2211453339177,0.555507961182139,0.221106664118499,0.692075393789801,4.05178741351553,2.75753241053682,1.57567928665921,5.95474287534175
7.56766220240644,22.1158063243958,31.7805870774135,47.5492867281154,72.0641679454158,89.608846178635,8,33,54,62,86,107,1.24743714935801,0.58517546341503,0.248714701880067,0.756607844727856,3.94812117712243,2.72630295287621,1.5590264569132,5.83292103388323
7.66667960954378,22.4868694933966,32.411850263555,47.8911709477039,72.3335468641768,89.9041890980821,8,33,54,62,86,107,1.27589992458301,0.623355295929458,0.275083886610709,0.827858692885867,3.84495364169584,2.70810911501232,1.56474045331604,5.74973146533954
7.77028930104994,22.9068012698384,33.0602623373507,48.2622199394074,72.6684088471759,90.3621608262723,8,33,54,62,86,107,1.30584915259228,0.669122423990823,0.299381180016736,0.904288693032461,3.7464380516193,2.69904209480378,1.59192984661325,5.70272495809526
7.87593326754534,23.308438254833,35.7696059212382,50.6399879581953,74.3243455582234,92.2389430161418,8,32,54,62,86,107,1.33655790251119,0.802132027910409,0.521717540300619,1.25767029195995,3.62915698680296,2.52008525416787,1.64109830746531,5.49856345872791
7.98121469608575,23.7487036482329,36.3199528065882,50.9536337749957,74.6795850463695,92.7524322956866,8,32,54,62,86,107,1.36732985929969,0.857144657681106,0.53713965187587,1.3358599237655,3.54577167178364,2.53029695884281,1.67663690421654,5.48957620443569
8.00118453361525,23.9576669310672,36.5562120697819,51.5437207651271,76.6888074312587,94.2001746751787,8,33,55,63,88,109,1.3731853924771,0.794400683673011,0.5409956002564,1.28700731028721,3.67052349201355,2.7072274270302,1.55170598351672,5.61009483206972
8.0004405327362,24.2155845365337,35.7720647458562,51.2620886824936,76.3888225125086,93.6372292432195,8,33,55,63,88,109,1.37296713138685,0.835839495280764,0.40299111769897,1.1789170973468,3.84876259103629,2.70268570034182,1.49433184396482,5.66414674623153
7.99969508015729,24.581426713822,35.4084155100006,51.302248943076,76.4237327258769,93.3116739136431,8,33,55,63,88,109,1.37274845264122,0.896087700878557,0.318128550549244,1.13024703859986,3.99285128359748,2.70138690450274,1.41690303215333,5.67347066441471
7.99961692704194,25.0083709693109,38.2362936542436,54.2569791038147,79.2014409722972,96.385809266507,8,33,56,64,89,110,1.37272552687697,0.968453588768388,0.553117656677051,1.44483255767442,4.03826692030251,2.65770354608428,1.48047221081592,5.73385393541568
8.0008645859886,25.4394106518348,38.5602848967825,54.8779229371469,80.0496332034082,97.3513087216158,8,33,56,64,89,111,1.37309153121057,1.04358842767591,0.538221041598684,1.49272670493879,4.14485708032371,2.71381994287243,1.37056198833924,5.71482606833649
8.00400083188917,25.8254020099976,38.7547927486593,55.3118432573707,80.8560936686644,97.9777850609198,8,33,56,64,89,111,1.3740116596804,1.11239825218596,0.512044627812704,1.52180305843725,4.23106705449599,2.8065656837513,1.33353242329391,5.82052647331053
8.00955556155137,27.3577085259785,38.3747159622155,55.2461029584549,81.2049999295438,96.6721720296514,8,33,56,64,88,110,1.37564169271835,1.40337004352361,0.285503368717582,1.46521220814441,4.34461572290018,3.09586252687734,1.0111430238041,5.77021990837422
8.01107668724998,24.5407654589281,35.7092763628763,52.4742950776645,74.6872120193049,89.9366218109306,8,32,52,60,83,103,1.37608814593371,0.987893658973213,0.491461573458713,1.41786249163598,4.30614709143737,2.33066741065061,1.20645979414488,5.30142630590331
7.98168784023237,24.3149482654048,34.9512656734476,51.1305337479007,74.1937284652076,87.9044165958004,8,32,52,60,83,102,1.36746852564848,0.953474960906708,0.418796311903977,1.3061195635305,4.09514220337643,2.53989626491577,1.02129712713167,5.16537994648713
7.93066568533734,21.5969058103177,32.6376993362714,47.875017066455,71.7605798880731,84.0027046240277,8,31,51,59,82,101,1.35253447523645,0.616041155157621,0.473531523096585,1.06432529136768,3.75897702328407,2.74725646546403,0.749024184669009,4.78296957110676
7.88475761531035,21.1107598152261,32.117241213595,46.5689077059951,71.6358172830918,82.3766380070213,8,31,51,59,82,101,1.33913069665771,0.552848759036747,0.468766835337329,0.996062672154091,3.48184881223454,3.05315531103379,0.507508165647158,4.52210502503586
7.85475419531796,20.6334615406506,31.8057088010562,45.4626768261005,71.3880650047464,80.7181939045734,8,31,51,59,82,101,1.33038783859972,0.491874487274724,0.491990716269059,0.956207543988844,3.2048698560828,3.28099315133171,0.319830260456688,4.21053879707888
7.86165559066029,20.3506700716021,31.3933523722976,44.2964431762992,70.1689743854223,78.4365224133357,8,31,51,59,82,101,1.332397660801,0.454174547473523,0.473794450278443,0.904628977166932,2.94555157268613,3.26683643957734,0.206676517073954,3.79008942276473
7.91842756959435,20.7957859402316,30.1093425197717,42.4456846174932,63.88404933361,69.8813006332707,8,30,49,57,76,92,1.34895820727563,0.581098863787768,0.317872563687363,0.883637467526183,2.75302208512354,2.87045453136356,0.128218077576089,3.23120323588763
7.93916537066306,16.7205994817032,23.6698332092671,36.6598332008437,58.0340663660409,63.5637512137738,8,28,45,53,72,88,1.35501960858029,0.210292568243538,0.171162571906599,0.423287816907061,2.97526473673153,2.85295959377463,0.0937695249293168,3.25810235204921
7.95531794620513,16.6687313119748,23.7928185652152,36.5999553317789,57.9270592073971,63.4387603001231,8,28,45,53,72,88,1.3597452721911,0.204043992413362,0.187445346557771,0.434312586757183,2.9128032891285,2.84012091031579,0.0925679509959991,3.20348718672843
7.9732790494039,16.5894352957686,23.5540658050583,36.1113215733178,57.545702450715,63.1260199918447,8,28,44,52,71,87,1.36500462192024,0.195287451369413,0.218974687838203,0.460195606985039,2.82780853062402,2.86936692581479,0.0972015032482247,3.1872513552356
8.0045385098455,16.5151575832302,23.607819995858,36.0187500878672,57.3506891113207,62.9439722526019,8,28,44,52,71,87,1.37416942110473,0.186022826004186,0.232911189659184,0.465268927473463,2.77823454742267,2.84143736576332,0.0980919707407075,3.1356907583075
8.08484373676737,16.6010390381505,23.8385798510858,36.1273747630603,56.3676523051509,61.9248599655866,8,28,44,52,70,86,1.39777972647062,0.186506141904134,0.24920913636805,0.487381513367739,2.73697051678887,2.74606032718437,0.0956261006439133,3.00961889869469
8.10510863620526,16.565780217398,25.0602918953765,37.3894458754643,57.6458949455316,63.7083367274848,8,30,49,57,78,96,1.40375263845011,0.114815139174716,0.228698101947488,0.367823128747847,2.75059440429082,2.19126063203846,0.0753469318065616,2.4537043405688
8.01429940091722,16.4260305434363,24.8691826642817,37.2917605482644,57.0474709340809,62.7152860149501,8,30,49,57,78,96,1.37703413126234,0.111804441623243,0.223610983177912,0.352889111428689,2.78217528893357,2.06946031748883,0.0557270711074133,2.29990572492858
7.91603865062246,16.3309636082576,24.8916104372945,37.4080485871002,56.6594273257492,61.9896760640963,8,30,49,57,78,96,1.34826037122305,0.111999448199282,0.235337772015662,0.35462377641163,2.81396498039982,1.94898774129491,0.0418164051123686,2.15982416284119
7.81008902742008,15.582370514173,24.0735090847849,36.9569620434895,55.5878757061847,60.869464533968,8,29,48,56,76,95,1.31739806867715,0.099813330905837,0.228362141603078,0.330781997455167,2.9388444359987,1.96321154602285,0.0279546707369975,2.10419905476902
7.69657421080298,15.5424035708975,24.4346569484093,37.4520727881294,55.6240353127119,60.7073654560591,8,29,48,56,76,95,1.28452389455751,0.104181089878149,0.270128309011867,0.358587906577809,2.9846479912712,1.85357749298224,0.0228646591156749,2.00918033063733
7.5761606162419,13.8482499619513,25.6561428246394,38.6959005859669,56.5303286293147,61.1956035482059,8,28,48,56,76,94,1.24987385746426,0.0476559753863172,0.585731621932598,0.46192738274574,2.99229822755259,1.77422629402038,0.0215516903046295,1.9889214408673
7.4193385607062,13.9729817649049,26.3929838678681,39.5627590316182,56.9976762020168,61.7573195427723,8,28,48,56,76,94,1.20509919685614,0.0591183371452385,0.682729094850404,0.531113522117508,3.03688132633088,1.68175737314381,0.0238917007784262,1.95737194189601
7.24898300547538,14.1321416060477,27.1517877163142,40.4686049854446,57.4786227290628,62.5159714433234,8,28,48,56,76,94,1.15692666491438,0.0746137709940002,0.783786335854135,0.60763968989377,3.08743008786119,1.58520250827128,0.0317781850159361,1.95734465284546
7.0820259900301,14.3367537920368,25.7846850285423,39.5693630064372,55.6627516144742,60.7694458769742,8,28,47,55,75,93,1.11020315801522,0.0948761574536215,0.616256864978828,0.52324346374556,3.24914021681829,1.38354220219886,0.0339905968238381,1.88966566787486
6.92211550949494,14.5737286044384,26.4392660445911,40.4280293915973,55.8583147171869,61.5126019701046,8,28,47,55,75,93,1.06592131069673,0.119871554244113,0.684720408335188,0.589121877990817,3.32008120722073,1.243681435581,0.0551195963247234,1.90538186492799
6.77507792689149,14.8505082523257,27.0811392778517,41.2958932250194,55.6004472497155,61.8347973249699,8,28,47,55,74,92,1.0256241999041,0.150444185364406,0.747026556166261,0.657596613908822,3.39891013755362,1.14033678538464,0.0850648439797492,1.95912479309491
6.64534353191687,14.5631424061817,27.0771422425636,41.6610836543039,55.1688750275104,61.7030608686382,8,27,46,54,73,91,0.990414493837947,0.175082221623425,0.796905514525517,0.718303025813198,3.52828606579697,0.981754706914138,0.10375201846629,1.93603917753421
6.53851028085204,14.6389746880034,27.3147798035316,42.2457271289798,55.0374754728249,61.6598691237664,8,27,46,54,73,91,0.961670349282941,0.191227083057553,0.825965985346312,0.746041289258344,3.65053871276506,0.847043552268565,0.109673766895117,1.88566079497572
6.45809349312381,14.6950628817292,27.5258134164785,42.8020883231668,54.9576712093274,61.5954137936012,8,27,46,54,73,91,0.940186479448401,0.203800550834028,0.854180986006566,0.771101941881189,3.77279851565793,0.734036728011111,0.110723991265893,1.83674560078457
6.4033285347894,14.731102505915,27.7239414602423,43.3411252860543,54.956277536533,61.5181866480553,8,27,46,54,73,91,0.925632189729128,0.212404200796819,0.884094787171769,0.794993342135336,3.89405560552083,0.643304739558825,0.105592332162955,1.78836046689914
6.37206208643223,14.7499701754146,28.0188613358479,43.951276852901,55.2285674153748,61.6232431010241,8,27,47,55,74,92,0.917351012854101,0.217236069497646,0.827466987534115,0.764370114898268,4.00665691277882,0.589171097399049,0.0947806974428675,1.75529604016253
6.38451792983021,14.6073750198123,31.2430662923243,47.0676923679935,58.3800510801111,64.6880433132557,8,28,49,57,77,95,0.920647578016531,0.16202259129793,1.36358049591713,1.02972388132139,3.96810383776958,0.512020595495735,0.0894490108505708,1.62479454660443
6.3946880363712,14.5029910089847,31.7333981072179,47.3918324787976,57.8504797357026,64.0999367722965,8,28,49,57,77,95,0.92334162498662,0.152983709029605,1.49043174681669,1.09608504941464,3.90876468177516,0.395757829584572,0.0859533524440176,1.44906118465354
6.39580954989832,14.6477340666771,31.5962414700325,47.0626364551851,56.9405577775688,62.9792333615455,8,28,49,57,77,96,0.92363884556889,0.164362893004518,1.42981253251407,1.07733268038183,3.84035450941623,0.324869805361033,0.0543874411401564,1.20945163728151
6.39025883289014,15.0511362515487,31.3787940495022,46.6696789223614,55.5949268618061,60.8223390451585,8,27,46,54,72,89,0.922168067579646,0.245590797539676,1.57946810881059,1.29556196416943,3.77798381901155,0.33204140259494,0.0538116885609119,1.26868623909829
6.403557136317,14.9979910772293,31.0925851533428,46.4575820333631,55.8554576503241,60.8252498097298,8,27,45,53,71,88,0.925692812448253,0.238768427167173,1.68027452294518,1.34184841684482,3.80430303428661,0.393080256023712,0.0428120415697866,1.31369171274898
6.40895405645295,14.9350705980385,30.5843832460414,46.0467947922996,55.9039044359124,60.8498065534853,8,27,45,53,71,88,0.927124337235099,0.231858600227546,1.57546001107986,1.26389079103122,3.83893730788162,0.457004627983013,0.0418730061211784,1.39835211656847
6.40524710731025,14.8656486305783,29.9275027152493,45.4864603967608,55.7774507985883,60.8016209094331,8,27,45,53,71,88,0.926141008978847,0.225312767267771,1.44056018557925,1.16612539128765,3.87330674702325,0.521398123279573,0.04500011827764,1.49776231853665
6.39211537141621,14.8079952089978,29.2572054495241,44.8902454090391,55.5926906793615,60.6270217815618,8,27,45,53,71,88,0.922659923967759,0.220934322522242,1.30421429585973,1.06994563679195,3.89970864302627,0.585896141588218,0.0454168278349185,1.58077810952215
6.3702469444687,14.7939359164116,28.7179480296611,44.3780621326886,55.4181525977152,60.3568502101643,8,27,45,53,71,88,0.916870890679764,0.221699008332125,1.19107430892948,0.995267737187785,3.90936380430739,0.641218705924559,0.0415924745683759,1.62660023621975
6.33473208894659,14.8796366723236,28.4541697152796,44.0815686253825,55.3302666232854,60.1328419085144,8,27,45,53,71,88,0.907490931024503,0.233748247786329,1.11780734411233,0.959634243955134,3.89769736031088,0.676441146925664,0.0365206092393154,1.63341724572877
6.27896233438115,15.0540002205276,30.0962954218761,45.6986451484356,56.4457005138928,60.3483218934651,8,27,45,53,71,87,0.89281574264906,0.25754664441086,1.43613741927209,1.19091960806819,3.88876799355923,0.593083666173947,0.0202450702992086,1.49426036620142
6.24617124695092,15.1098899172077,31.3407524267927,46.8442696774998,57.6438510809258,61.4573548453388,8,27,45,53,71,87,0.884218452361015,0.26703703524842,1.71277514121928,1.38063725540977,3.85356519891883,0.601594530733001,0.0180895035325737,1.4717143551928
6.23161380591908,15.5075164660872,30.3829119644113,45.6295451390736,57.2939963173002,61.0429276883806,8,27,46,54,73,89,0.880409222331497,0.313446684161517,1.25918802028189,1.14834727673456,3.7622813556058,0.651372957481094,0.0166305617429165,1.46247429082773
6.23943055012338,15.8609974914176,33.0447539468906,48.1235342210881,59.3837591776476,63.0617881796457,8,27,47,55,74,90,0.882454046727768,0.355225195468379,1.6244556560499,1.46236376485284,3.7028058841318,0.586491247161513,0.0151251992817583,1.358604301836
6.25071054852712,16.2598078668159,33.0307700207722,47.948074517074,59.4036952670925,63.0134703638856,8,27,47,55,74,90,0.885407191200505,0.405072836683771,1.53171745815029,1.46015056190907,3.6457206964488,0.617489740946912,0.0137687752877753,1.35314795039846
6.26556386716486,16.6588901745168,32.9535063459955,47.6931359135818,59.3530157743494,62.9092852061847,8,27,47,55,74,90,0.889300064730083,0.457537717725942,1.42700761061256,1.44794761798078,3.58305990666668,0.650623029234705,0.0127671621101937,1.34887604057643
6.08592439295604,16.6080574151093,32.6303133610445,47.1586707818148,59.3745167705236,62.6515497710029,8,29,49,57,78,94,0.842544619693188,0.34080314358833,1.36828923118397,1.22227903563611,3.50876118332664,0.564449761844206,0.00836196877901298,1.17986585906138
5.94937974284154,16.4769449252689,32.1380568802488,46.1394016402057,58.5708104196804,64.0088581632199,8,29,49,57,78,95,0.807492564767437,0.341433673307862,1.29176828079426,1.15225937074781,3.32446230664162,0.596614410216955,0.0640233661532384,1.37110986440121
5.915693584939,16.8281711291717,31.6827159710734,45.1290534386822,57.7799494761631,63.1395681234322,8,29,49,57,78,95,0.798911598765443,0.387580067912979,1.12664114429459,1.08913860911999,3.1320657167267,0.630172198427214,0.0600907902333771,1.3074253897422
5.82488269766522,15.4125350257223,29.6368129212277,43.0207717638574,54.5240782235568,59.7980201931054,8,28,47,55,74,90,0.775913085104166,0.292039403444925,1.12396489438969,0.966715128468416,3.11055583057502,0.625158837167672,0.0775363297880771,1.38161681022032
5.30249710717973,15.1688820036356,29.0626438785253,42.1470040116427,50.3771703348597,55.2007301143369,8,28,46,54,72,88,0.647623631803141,0.323531429413458,1.18466740855056,0.965438674702882,3.00758034088583,0.251459913647379,0.0533534666195032,0.8762046195912
5.13973227119152,14.3274319130774,30.5879838202158,43.9283308797512,52.202784299407,59.5862041243023,8,27,44,52,69,85,0.609141720658628,0.303200327068145,1.8876074148024,1.3552749170584,3.09553136654554,0.313981330115201,0.266179201415283,1.38606179507342
4.99454265293335,14.2666182778867,30.7006010037265,44.3972773129812,52.918552074766,58.1396027626271,8,27,44,52,69,84,0.575456753982404,0.312998578942079,1.93130362089642,1.3730532433938,3.21862443535673,0.345354774780842,0.101797086795147,1.23105662563695
4.93017235435216,14.3032767783198,31.0553995976048,45.1165879548853,53.9574639818486,60.0234882310742,8,28,45,53,70,85,0.560722450385676,0.268916313343968,2.01221629185726,1.33607669829696,3.34531320891162,0.38808673919186,0.174568867470532,1.4809478074937
4.90542904846332,14.4320675527522,31.7597115896164,45.8776623513602,55.2213431795397,61.0290664389888,8,28,45,53,70,85,0.555092113230967,0.285363980928106,2.16099037178732,1.44717473805378,3.36510902762463,0.459958971434663,0.150044979829923,1.53239890820058
4.90962090425507,14.7353277196944,32.6305781354033,46.7804802996467,56.4165158898042,61.5506051716402,8,28,45,53,69,84,0.556044655461374,0.318834292451981,2.31060607804852,1.58961990088057,3.37625990192812,0.593788288643563,0.0955331991374875,1.57739072319137
4.94289408444394,13.8040283880188,32.3364954043792,46.5869515820157,57.0414944008351,62.0240035975236,8,27,44,52,69,84,0.563624528274228,0.266757962460529,2.48179639637741,1.64203539888725,3.41138939119526,0.637548890172342,0.0851627543538841,1.60497623706128
5.01541582598428,14.2218538172073,33.0083845709956,47.2325375699206,57.7396783413744,62.3935684011593,8,27,44,52,68,83,0.580261280932276,0.305362882082874,2.55095992953966,1.75811467788956,3.40219477947594,0.749672088816161,0.0650561004360131,1.65993462683681
5.11733681033531,14.6587705682575,33.6537145828822,47.7421784436427,58.3962287512,63.1812739377787,8,27,44,52,68,83,0.603905712885359,0.345311726589917,2.60806972109401,1.87253941378566,3.35482327054906,0.777363482680773,0.0726931409435694,1.68552915636713
5.22571473183501,15.2342997687931,34.7402669294985,48.2725641469513,59.1312553830476,63.9692413096744,8,27,44,52,68,83,0.629377404922051,0.405004885584523,2.74948463809616,2.07145613020617,3.16174557407082,0.816577720652522,0.0759213183947164,1.63202988955671
5.29218611059753,16.1468791553415,35.7237409518639,48.0867275599225,60.0395397795087,64.7189573735833,8,26,43,51,66,81,0.645163860466143,0.610579771368491,2.76925479292302,2.382907083247,2.76202405574975,1.17578579030413,0.0665024459172413,1.70094625654778
5.52543950882151,18.7651435004147,42.0960664626715,55.9660521537169,68.8673412348282,73.9748313384026,8,27,44,52,67,82,0.701511627463667,0.930421252629722,3.86277332563167,3.59856581675095,3.27876461228401,1.39631782916298,0.0936630567668462,2.25785434320676
5.79646638154292,19.7915547583694,43.5622477070052,57.2284761948965,76.9331286153863,85.0939294817182,8,27,44,52,68,83,0.768757108615436,1.07770096770295,3.9961955646492,3.93543654182906,3.20807676623458,3.02273999947661,0.442485855527151,4.29685424417358
6.07913739612756,19.9782702044293,43.9279888480726,57.1244053469929,77.4373314653371,85.8957790478276,8,27,44,52,68,83,0.840792263581345,1.05854473167706,4.05079398524066,4.02094070452451,3.04602983902336,3.20037811387016,0.489647164760381,4.40549846326898
6.36029284833945,19.7302748237548,44.0958254583718,56.7847718965516,77.4619218270019,86.0901900845071,8,27,45,53,69,84,0.914239177793554,0.955235432606005,3.93130559651557,3.89833570411395,2.87254962412821,3.30787614029203,0.517467424676445,4.41214429337221
6.6289161848023,19.4138664218652,44.1852743067964,56.3524517635927,77.3080156820961,86.085094066522,8,27,45,53,69,84,0.985979745972649,0.84580191265535,4.05315720664541,3.91898675411521,2.69598679167005,3.39059893993648,0.542376471626451,4.38851345127085
6.8769238893382,19.1392584078906,44.290368220696,55.9504638990671,77.0037101413125,85.9323264031025,8,27,45,53,69,84,1.05349260710489,0.752541959012655,4.16790380880194,3.9432937730245,2.52628175137523,3.41973319242305,0.568241255660507,4.3242514657073
7.09913234030299,18.9015905246833,44.3825756258353,55.5727602448551,76.5160159418371,88.4252746626185,8,27,45,53,69,86,1.11496769653937,0.67418433925759,4.2681636606381,3.96465928547906,2.37080572422896,3.38693199913925,0.905003430308452,4.56315505899758
7.29262150773663,20.1304255923582,45.2836600136475,56.2180728225125,76.5348809268548,87.7475275657116,8,28,47,55,71,87,1.16921941563549,0.752530535601295,3.9276874611182,3.85473328420897,2.28695055217862,3.20151946620155,0.886115069472557,4.34990143648446
7.45538264525644,19.922771487337,45.2844531571201,55.8844038226601,75.8516305684145,88.2777856165132,8,28,47,55,72,88,1.21535436276967,0.690502385136456,3.98931536769096,3.85491310618521,2.17816263871938,2.8787570316128,1.13983128238478,4.3041494254131
7.58479848858805,19.7258578311867,45.1403872695614,55.5425637596827,74.8994422696147,88.0221277939198,8,28,46,54,71,87,1.25235174779282,0.637732775519411,4.24792358041137,3.97961599061287,2.11431591549591,2.70802794251243,1.29523207770844,4.27687132975414
7.67908517266507,19.533045447798,45.5182760799381,55.7451609748947,74.4674307873415,87.2340795845612,8,28,46,54,71,87,1.27947695628508,0.592806874987719,4.42241668286449,4.06705535993133,2.0580382631327,2.5334185534977,1.21496194292053,3.99501354418999
7.73485137289838,19.3361148750631,45.8859205894503,55.8861892864514,74.1207140915955,86.7402768833122,8,28,46,54,71,87,1.29558660481492,0.554458362534377,4.59650785551695,4.1526951227123,1.98573079768967,2.40134065406279,1.1823070287414,3.79057203674009
7.76810492597853,19.0197333740154,45.9465722045859,55.6893263137593,73.4775246866953,86.3613951761081,8,28,46,54,71,86,1.3052160095647,0.503294105770829,4.71355545079809,4.16687694578706,1.90420113548203,2.28217605261628,1.39215934337197,3.85223160840757
7.79655352567368,18.7150887300644,46.0355230361766,55.5360564763874,72.8704443995826,86.019951840704,8,28,46,54,71,86,1.31346764848404,0.456656326376412,4.83639626343196,4.18770305026227,1.82815824688552,2.16275148354092,1.45599676447601,3.75005886336337
7.82101798752383,18.4238857431384,46.1267633521769,55.3953728732763,72.2875061622388,88.8266206764763,8,27,45,53,70,86,1.32057366269347,0.487388855251973,4.95637750882302,4.37549811404769,1.75595938239182,2.0481290563307,2.14171616907897,4.23252218787666
7.84207892607446,18.2617952727674,46.2627184006342,55.3451664890009,71.7189595390212,89.2678559730277,8,27,45,53,70,86,1.32669844330479,0.461249699178055,5.05029548095158,4.40804211461939,1.69845682650059,1.91610532174242,2.4141303847668,4.30703815134757
7.86013496731676,18.1476273408258,46.3062133822832,55.221158731763,71.0760864774434,89.4490210388942,8,27,45,53,70,86,1.33195476301336,0.442790242699526,5.10012112278024,4.41846913268586,1.6470728383274,1.78658133534992,2.64267705815473,4.34076876322698
7.8754779105753,18.0300840395944,46.221908496706,54.9842849620303,70.3250288393315,89.440772210998,8,27,44,52,69,85,1.33642517237903,0.424590744531664,5.38723063674309,4.56988784484907,1.60057214256468,1.66096695360736,2.85311637859728,4.35943681419812
7.88840442811998,17.870021675557,46.0180204637017,54.6273543586041,69.4684475579308,89.2283391578487,8,27,44,52,69,85,1.34019429264127,0.401435375508508,5.37304625931908,4.52024031631824,1.55422516481332,1.54166052690378,3.03877160206472,4.35733824250608
7.89916477212781,17.6615975791777,45.5749748222034,54.0556978254302,68.3466779643237,89.3653851612343,8,27,44,52,68,85,1.34333372917536,0.372981598737191,5.29723202728007,4.41292017915721,1.51551434483433,1.57005106296809,3.17888594418217,4.50047857955359
7.98793292914958,17.583262555509,45.0549933304149,53.3987312699534,68.266595462145,88.7713554033565,8,28,45,53,70,86,1.3692991117439,0.292884945470802,5.15508822676724,4.12155546125992,1.47452786836116,1.54798154655245,3.25689331636642,4.48213099149726
8.07682639858192,17.4448502637031,44.5017648924364,52.6322407831891,67.9514938972998,87.9021870429103,8,27,44,52,69,85,1.39541833052437,0.324329198707341,5.0222712773576,4.15622515744748,1.41123781228468,1.65577840165336,3.09430205139725,4.40409647011119
8.15517262322075,17.4274587323423,44.2127608569401,52.2640415199293,67.8443145272237,87.6047053247,8,27,44,52,69,85,1.41853404751133,0.313023216108682,4.93567796359588,4.08791072257942,1.38790044330632,1.71913469947128,3.03891657279791,4.40200813514506
8.27521746028534,17.5656116507268,43.7883142934861,51.8399712004482,62.6271273496002,76.5020335885813,8,27,44,52,68,83,1.45412313737703,0.315146380469687,4.75727909683712,3.98821939660101,1.38801109938087,0.802785993736635,1.63472487160265,2.29615731507925
8.71803596446892,18.2059129450843,44.3514823399967,52.4137424694639,63.2487059133004,75.8670916699148,8,27,44,52,68,83,1.58711308817117,0.338762452856438,4.73292392643893,4.12065789795489,1.39113043593889,0.811993167220027,1.32926647994881,2.05834356470678
9.24925017554779,18.7471273881433,44.8278060443791,52.9578828022832,63.756474394231,75.9022924688706,8,27,44,52,67,83,1.74996059637146,0.339980685728125,4.71245405180164,4.23371152398423,1.41111996727488,0.925149144007633,1.07922192507416,1.97320679192421
9.73057743454762,19.019930479742,38.811726828744,45.1693373952674,55.6610852397295,66.8659268456276,8,26,42,50,65,81,1.90036322976622,0.378631067348276,3.04804031557356,3.1682378498071,0.913530381940811,0.862147723915747,0.8845588590991,1.42824931275961
10.0319243637953,19.2717871666236,39.9980782136522,46.2593919247401,60.0102004206432,71.2467273346284,8,27,44,52,69,85,1.9958003175463,0.309239462149047,3.0946875452229,3.13388196797635,0.888185661515507,1.29149986402513,0.890882750062197,1.77341518733337
9.92437189526119,19.821515412792,40.8153529263762,47.1367964890808,60.4367484597813,71.5482027460331,8,27,44,52,69,85,1.96163009068022,0.390351230776243,3.17170363595564,3.31237623099758,0.903988151855912,1.19244784686341,0.866017872515083,1.68128854988764
9.74351831026045,20.3642850229014,41.8933736640893,48.228478800347,61.0945413416281,72.5670356220451,8,27,45,53,70,86,1.90444205297506,0.489978505836451,3.1050083698478,3.40108040658353,0.907589318546285,1.09973574478782,0.938498419712532,1.67084075763082
9.52426461089181,20.6494825681259,41.6565717485293,47.7904977052999,60.1917923148806,70.2964822977976,8,26,44,52,69,85,1.83558003051935,0.65549739769523,2.95826733832559,3.49948519870807,0.854967956689249,1.00341695121405,0.675845222542843,1.32800630889823
9.32721759591813,20.9419879360187,41.7478823461086,47.7031269512738,59.7828916747753,69.3771780504797,8,26,44,52,69,84,1.77414642172463,0.740112878161841,2.90219471416699,3.51999656501312,0.808989256801867,0.938680036460257,0.687578184490605,1.26110263333635
9.21160331173456,21.1090041615657,41.8508477269168,47.614746602152,59.440885635951,69.1362602656431,8,26,44,52,69,84,1.73830765178709,0.790844317460788,2.88440185698783,3.54317262915163,0.760579889618018,0.888754278909138,0.706483045602104,1.20703051491612
9.19820697414806,21.1463960784577,41.8278054191547,47.3925281301285,59.0284835264024,68.716986975148,8,26,43,51,68,83,1.73416504560196,0.800102273481276,3.08181324136409,3.69422101434613,0.711142975667764,0.851996001016883,0.705191725596105,1.14598521595851
9.2613212352052,21.0503691791868,41.6929868190599,47.0733504119323,58.4731567260947,67.3509021242189,8,26,43,51,68,82,1.75370048567073,0.77123643230538,3.07069646202884,3.66324868987755,0.666293325850299,0.807185225365001,0.66125485537532,1.04807916745823
9.35572164642851,20.799878551234,41.3851583956216,46.6142752309711,57.6391460290094,66.4528307777779,8,26,43,51,68,82,1.78300596802589,0.710146876649394,3.05428290014064,3.59284301100133,0.630182382411998,0.73799136594693,0.649204131465779,0.962289074886207
9.44478808033982,20.292355255573,40.7576168677897,45.9112217731082,56.3267249365756,65.1890196174413,8,26,42,50,67,81,1.81074890661344,0.609414806976217,3.24523802503743,3.60669185369601,0.612392347125998,0.630893992861837,0.658340488055904,0.873501381515451
9.5094316985611,19.2344796834783,39.5865835586988,44.7493984913798,54.2587934325625,61.5527598797376,8,26,41,49,66,79,1.83094039191783,0.438167713831649,3.4501028365497,3.49587293197953,0.614553480026358,0.484848760545747,0.476541930068293,0.629574516539555
9.52693815258301,19.0837246620017,39.5701456520663,44.7780190119553,53.9406343396159,61.1122952890947,8,26,41,49,65,78,1.83641655643214,0.41469583666408,3.49099156384634,3.49210168454576,0.625161259835726,0.515416774117302,0.455786125985193,0.643792608212717
9.09815309227665,19.0412774540952,39.6390974684989,44.8512097793774,54.000197816057,61.0386307356122,8,25,40,48,64,77,1.70329200455454,0.552704299500429,3.52498348567996,3.66869713162171,0.626162165932415,0.513230789882571,0.433617833572729,0.626647291806744
8.83550796355082,19.2296973312683,40.0496260710639,45.5473019439855,54.1515408626835,61.5734786919785,8,25,40,48,63,77,1.62282502314069,0.62727295129416,3.59297028637138,3.76548170224778,0.694728801068378,0.513491395061684,0.410151125755872,0.641580391540217
8.1301205611376,17.386196164439,36.9026602251813,41.9923598985919,51.7322299840063,59.8787408285401,8,24,39,46,61,75,1.4111329001811,0.530516005328462,3.19816159105521,3.19627827941609,0.74803834985826,0.714867357476726,0.528988259893179,0.907464962964397
7.67114670778231,17.8017727172179,36.9912192719426,41.8555219157454,51.0366358545271,60.3346840675655,8,24,39,46,61,75,1.27718769107735,0.680511285913654,3.10075945791195,3.21636089735195,0.689345172171631,0.6124300890618,0.742408384839361,0.960943949494287
8.2467124847789,18.3011216258077,37.1300420433006,41.9012875220901,50.4811367993015,60.1076719743656,8,23,38,45,60,73,1.4456539536714,0.775213439417629,2.99419090643409,3.4064415613741,0.665514513350313,0.509468996122146,0.937554257730735,0.992155904689429
8.55827352781757,18.7301356386949,37.7093758001425,42.7598799603419,51.2295021474798,60.3136963393255,8,23,38,46,61,74,1.53883012937433,0.79822134091902,3.03851866152909,3.54232837934897,0.588366939328764,0.491457693579183,0.820362369952395,0.854747117432767
8.34794734812989,18.6168783038442,37.8084605275674,43.0080534826949,51.2561315132127,56.9160297092326,8,24,39,47,63,75,1.4757835136476,0.705608730574156,3.10139331349931,3.40358193213116,0.623207544850129,0.377888394267729,0.299530736259347,0.432822786496795
8.25283382423188,19.2046426299882,38.5575661656676,44.0031676225516,52.7722110804258,58.7926912635595,8,24,39,47,63,75,1.44747171705153,0.834663830593544,3.14936467122541,3.57812029153876,0.682061270651182,0.453914098967321,0.354189113025197,0.553637320707088
8.24571903530843,19.9793746506299,39.2008485129106,44.8088589946117,54.2500393847749,60.3322065102762,8,24,39,47,63,74,1.44535899348743,0.99224456441766,3.1102681355873,3.73016114325802,0.721802162347907,0.560966240782713,0.454175477149776,0.730578058990443
8.38209605855592,21.0554166065554,39.1449237916798,44.8805937796716,54.4373451073251,60.794622945207,8,25,38,46,62,73,1.48597892707873,1.05940724427926,3.2545024024908,3.88602307575289,0.753513045321427,0.580339517812186,0.505302056628801,0.800351790343367
8.59020646408654,22.1981784983386,39.2252229158785,45.265606882199,53.55309596453,59.9413452175553,8,25,38,46,62,73,1.54845409305894,1.25982794604708,2.92775119083008,3.90553224627448,0.830806449018082,0.383417956360893,0.511189813368274,0.67683027684103
8.41866011723471,22.1349594586815,38.1456741186944,44.5939822520597,52.103573572527,58.2977507051776,8,25,38,46,62,73,1.49691319393425,1.28382360605961,2.62255007905563,3.64575067979276,0.937581348680868,0.281304039052013,0.474733864431995,0.606957508885166
8.03721909713158,20.7320737447038,35.807482700537,42.943005947349,49.9586701877626,55.925504989112,8,24,37,45,61,72,1.38376632353109,1.1989851402792,2.34876195452676,3.25953464721574,1.12512086621592,0.224477050373407,0.433386131373902,0.602856516249958
7.68244014005277,19.731439677703,32.69996117384,40.6094549522528,47.3862452428178,52.8663049330577,8,24,37,45,61,71,1.28044474908992,1.05855897206568,1.76108302459978,2.5656905146363,1.34634896449131,0.199329204316774,0.442933916188744,0.676720105177354
6.79211497437827,14.6221730422583,21.6498013980845,29.6848181794708,31.5337540002697,35.8598909189957,8,18,26,33,40,48,1.03027230966769,0.959460402151314,1.09508714048557,1.74578180236368,1.61111462489246,0.0894585954005142,0.428905046986508,0.790027491814038
5.59691259130667,15.087012708247,22.4155783092134,30.0284642225899,32.1652508805431,36.352329504657,8,18,26,33,40,48,0.719064845530985,1.39238532184604,1.1793692589935,1.91069292657424,1.47870737927792,0.126224470166406,0.400334815421954,0.744941259484245
7.96253299277767,14.8339017799556,22.3572147853666,29.7649291360687,31.8911885636211,36.0577439475936,8,18,26,33,40,48,1.36185739577998,0.732704244404625,1.23474014286691,1.89794539676615,1.41522252729503,0.124778900399951,0.396178570941202,0.706884337760413
7.4121944787566,14.2137525742164,21.9296304099481,29.8471139081987,31.4049351509219,35.5929890802347,8,18,26,34,41,49,1.20306915397934,0.716978616925613,1.2901000760127,1.80544810370206,1.34868242079833,0.0584377986547364,0.400532719852486,0.615617525083278
7.37666004389222,14.169286635934,21.9317764788654,29.6991774525,31.3376528792474,35.5555880786781,8,18,26,34,41,49,1.19298449941858,0.714974942590949,1.3035888128409,1.80590837776633,1.30501198414177,0.0663835986981295,0.406613219319241,0.60981653666434
6.15343541774982,13.724820123245,21.4388919624295,28.9240560176873,30.8970742302088,35.3089537793129,8,18,26,34,41,49,0.860031988031134,0.896391961392911,1.28957813476814,1.70127484903397,1.22384394712262,0.104593155206566,0.446868518164866,0.646336240316653
5.14738445502751,13.4551214194496,25.0956490095459,33.3137825444765,35.1343612418053,39.834939400546,8,18,27,35,42,50,0.61093409253084,1.07926379348552,2.25219751980191,2.36403121625181,1.43717428251142,0.0861565011188412,0.50920944085156,0.782615049526723
5.30253960909206,14.026095476852,25.649429398934,33.9565236151289,35.7687486266496,40.6174295199088,8,18,27,35,42,50,0.647633777042914,1.18683490486099,2.24676392872873,2.49339461243309,1.46360759730472,0.0851950268272632,0.542250008153927,0.820311193744026
5.06321001303922,13.7007522182559,26.4677961787382,34.7989466302128,36.6138752216706,41.3326081674643,8,18,27,34,41,49,0.591311036163847,1.16434498151119,2.61370831183998,2.68847806143008,1.7053482423066,0.085505633684554,0.513222064476704,0.902446339345478
4.92429879082913,13.8749950065939,27.0828808950109,35.3240885347453,36.4886559909395,40.8272927035487,8,18,27,34,40,48,0.559384232966906,1.24680033918708,2.75791840607169,2.83804378984438,1.67661485035305,0.0520378363394583,0.431507550750146,0.808960151193681
10.9327485917729,18.9339635998709,26.6789784003183,34.8023666690324,35.9516932231343,38.755597964468,8,17,25,31,37,44,2.28640678225618,1.17502295005975,1.29852785285872,3.09459105578253,1.90347385845991,0.0504704138930024,0.23194391515014,0.720470322582433
10.8482174068865,18.8297339810451,26.4446635103946,34.593720937336,35.6910899034657,38.4240918740015,8,17,25,31,37,44,2.25881884873164,1.1696835608188,1.26100465080732,3.03445269947904,1.91221033108503,0.0453014474981707,0.219475640363627,0.70391579957475
10.6459270588219,18.6231037104091,26.1510301759936,34.3208385423903,35.3732025804361,38.0291534790854,8,17,25,31,37,44,2.19305712589327,1.16850807534051,1.23605946630846,2.9595702697463,1.91927771664269,0.0410449730356945,0.206238915323588,0.686830782277574
10.1571717014225,18.1773027618546,24.6263859766477,32.7115144627475,33.7565887022843,36.3535444498798,8,17,24,30,36,43,2.03574000522943,1.1801564060161,1.12709376098447,2.75435264967578,1.89046450116795,0.0403750201088282,0.19632953318408,0.66169694452237
9.09090577482007,17.1703940590014,23.5470313757153,31.5121908189172,32.5495159906881,35.1109529906682,8,17,24,30,36,43,1.70106036938157,1.19630360791696,1.1059448743829,2.48645899860991,1.84976867726867,0.0396688564426581,0.190459659565497,0.634965629420689
6.58790826340846,14.1110167027351,20.8127711106188,28.4745676124119,29.4848652509036,32.1267569632446,7,16,23,29,35,42,1.16788229499977,1.04733212085952,1.20158182381173,1.99851239485424,1.74753969139314,0.0372544360415043,0.203859466280701,0.594951362580243
6.87043276070843,14.2763545137802,20.3396455081846,28.0347807914964,28.98964440201,31.6886920172386,7,16,23,29,35,42,1.2519128509395,1.01666390705914,1.01559761981758,1.89000988702761,1.75872552911056,0.0325405659856832,0.21360193878503,0.600496926453158
7.00988902786393,14.2440964636713,20.1967814751016,27.9033177566472,28.8127181397695,31.5273614602844,7,16,23,29,35,42,1.29387392994496,0.972197060599561,0.984162248697274,1.85763784171007,1.76255361619333,0.0289161359773556,0.216291915288145,0.59757329529379
7.1147290138386,14.1942230982967,20.0461245660104,27.7636398328337,28.7149210915239,31.4242421124991,7,16,23,29,36,43,1.32562101239729,0.932627653678736,0.955734971769082,1.82370060439866,1.7662413582031,0.0154565771891083,0.215372403066039,0.521546280519397
7.1843174032095,14.129599181715,19.8897283627922,27.6610720965024,28.473177725356,31.2261909406379,7,16,23,30,36,43,1.34678671893296,0.898693993864268,0.930033749386247,1.7886910493242,1.52813476559691,0.0219012225986585,0.222966999052627,0.515503004278194
7.22076450009519,14.053710744516,19.7297903188919,27.4822823402213,28.2562149771014,31.0192608650034,7,16,23,30,36,43,1.35790155253711,0.870579883533955,0.906653208501704,1.75312393873978,1.52223671484951,0.019427704348923,0.224725612716244,0.508723734749634
7.22803928692933,13.9701631597377,19.5740371208137,27.3413229316626,28.0817939154872,30.8509295158657,7,16,24,31,37,44,1.36012244295481,0.848046605161671,0.720781514063372,1.5792566559943,1.52686478263878,0.0173894025404805,0.225795734867129,0.506916068314154
7.21109212297636,13.8823845721591,19.4157261056007,27.1899562326602,27.9034012757538,30.6699385675828,7,16,24,31,37,44,1.35494993859712,0.830597658114159,0.703445812082169,1.54603952949193,1.5290382351837,0.0158318566593473,0.225338898102804,0.503664020103705
7.17511904620646,13.7933003196798,19.2605728481204,27.0522513913303,27.7426550181042,30.5030320245999,7,16,24,31,37,44,1.34398476865069,0.817586708215403,0.68732424642966,1.51372827401282,1.53450211098179,0.0145665519367977,0.224257254160318,0.501982477981119
7.17457664737568,13.9960625586856,19.010078811434,27.1343665899859,28.5785784871438,31.1452070939128,7,17,25,32,39,46,1.34381958618859,0.721455945529281,0.579938725605672,1.336748119174,1.63940899414655,0.0481146307454214,0.191313073344923,0.552611034561861
6.88373753033387,13.9024761857893,19.1103674518077,27.2966168253223,29.2923635685199,31.7596437092781,7,17,25,32,39,46,1.25590267457709,0.766270511694128,0.625165486785499,1.35638566081372,1.65910549322849,0.107484295606211,0.17525668380311,0.629921601285542
6.70905491039545,13.9062913932122,18.889482813109,26.8936067071082,29.3705439400962,31.7304782695095,7,17,24,31,38,45,1.20375037195051,0.807580913707337,0.720135704757777,1.43744246072698,1.60134634597468,0.176791737305072,0.158574870511634,0.659883135975333
6.62244746665353,13.9960663682508,18.7645161783337,26.0723854839477,27.2283861182192,30.2127540887314,7,17,24,30,37,44,1.17808273831701,0.849082634420814,0.664802324858342,1.41207426448743,1.62957090859387,0.0266059523699435,0.264876671070235,0.531791021087727
6.54725078243326,14.1812186656941,18.6425965775872,25.251131708449,26.6734449598819,29.7023571728865,7,17,24,30,37,44,1.15590148357563,0.91152917401365,0.587960403956465,1.38748333871205,1.40104020665351,0.046243282553634,0.273261408650376,0.476174893027433
4.91288403481606,14.4028699661149,18.5435158510972,24.506387804954,26.3798104593278,29.3946109897251,6,16,23,29,36,43,0.878822199098944,1.39235404998996,0.510822738521348,1.49706007432904,1.19622877154386,0.0923573534880936,0.270594413343847,0.447469517754991
4.91768659169021,14.4932401805111,18.475598550828,24.1197878091237,25.6992413846566,29.1758701198912,6,15,22,28,34,41,0.880222318878667,1.62090700355681,0.474028686173847,1.62070948645532,1.09765817435066,0.103113299400373,0.362747622868255,0.501556332490846
4.89924030766113,14.4803833317014,18.4110780671066,24.1041369434095,25.6811782218081,29.1263794391309,6,15,22,28,34,41,0.874847429968135,1.62255111164012,0.462212249618092,1.60658681830673,1.11265666893156,0.102772064265429,0.35617266644358,0.50375873364227
4.93095110639892,14.4768555247811,18.3217002580648,24.0915754487183,25.6744259737188,29.0860598691917,6,15,22,28,34,41,0.884092133480837,1.61219240299511,0.442793361217823,1.58709301812793,1.13631957233763,0.103594647056345,0.349196874717204,0.510977685894671
4.95336565348872,13.0897251060754,16.7683890238371,22.2507486013561,23.9296690447437,27.2755537921029,6,13,20,26,31,38,0.890640457299815,1.64324267619669,0.405998281407453,1.53114511211104,1.04830815131548,0.190441245431624,0.335675475346419,0.554877489686702
4.95328380697943,13.0908405486559,16.769528492526,22.2050618794204,23.882862770087,27.3099940786094,6,13,20,26,31,38,0.890616525521448,1.64362300495349,0.406003523354231,1.53139855734034,1.03412152016925,0.190211130925995,0.352411424106316,0.560115460480452
4.96377575518409,13.1298484099312,16.8045796634941,23.3425249817042,25.0494239465124,28.651124710383,7,14,22,29,34,42,0.715081385123413,1.65268651435473,0.301516814530722,1.26918880033028,1.15316344371156,0.196222520942234,0.2883152325628,0.591665493023503
5.1385063952026,13.2940342364105,16.6739586403386,23.6156050373768,25.7879266726346,28.8736923142884,7,14,22,29,34,41,0.76092251689258,1.64933378632095,0.249683697326027,1.243024620931,1.27330157649852,0.300218921957286,0.284105591211044,0.741667347118158
5.12515078531363,13.3081667972772,16.6681734836062,22.4417413963794,24.7285170035434,27.9139500264601,6,13,20,26,31,38,0.941196923504885,1.65807650472056,0.338563634368445,1.50891013070579,1.137459755161,0.327806741508847,0.303492735784863,0.675942482297496
5.12592530734645,13.316404549334,16.7308780150013,22.4814529291008,24.7652202643951,27.9421840073548,6,13,21,27,32,39,0.941426319454173,1.66045180313476,0.255553962356191,1.38361717024755,1.13036427045767,0.327072514003244,0.301826970156757,0.670070176747387
5.14009161762763,13.5767233360926,16.9919000732556,22.5596892986301,24.6590647122902,27.7392672848594,6,13,21,27,32,40,0.945624319908745,1.73916717178002,0.255674032703663,1.43908663912518,1.07429858544483,0.283020540397294,0.201163321495211,0.508472021758176
5.15606721436465,13.7565005107957,17.2600208656318,22.6727300177649,24.6348676830816,27.724251118763,6,13,21,27,32,40,0.950363602251473,1.79193846704151,0.270937947810811,1.49685021507524,1.02722208185662,0.251525705186073,0.202583552007844,0.467542125055645
5.17332443068104,13.8355524962449,17.4757873426786,22.7779156398696,24.6841901875414,27.9574262131399,6,13,21,27,32,40,0.955489160099419,1.81192516076254,0.295252036148729,1.5438998412591,0.993941193939229,0.239044324253682,0.23191145761378,0.470013600270933
5.19185730487449,13.7966055305267,17.5598177977593,22.7766745477282,24.7034514405869,28.2098294568012,6,13,21,27,32,40,0.961000588493735,1.79333269180101,0.317818771355944,1.56235741633902,0.968446484730925,0.243601600014325,0.271437633195615,0.494223074995593
5.20576754757243,13.6468210845886,17.4619379069801,22.5849852039165,24.6043873888304,28.2429307985846,6,13,21,27,32,40,0.965142039284068,1.74058770325237,0.327535400612212,1.54086493529633,0.94057398243525,0.264526684594411,0.29494618736193,0.51343574335371
5.21322125321584,13.5640318676581,17.4112721262644,22.5037998612381,24.7178752555612,28.5532754954367,6,13,21,27,33,41,0.967362869315705,1.7116417175,0.333604946969315,1.52977961887168,0.931546396288231,0.208350054873877,0.331362894076474,0.487715064316723
5.55103668569955,13.9464821214331,17.8223691264884,22.8179529403623,25.0776847226184,28.8779352074648,7,14,22,28,34,42,0.872156274337163,1.72594675463386,0.339053312145164,1.47970628572643,0.903005002303773,0.21699427573951,0.324740924540825,0.475589734783835
5.63950680526974,13.9412005785214,17.8409401857638,22.8670946542445,25.1580914789387,29.0709872934642,7,15,23,29,35,43,0.896527592123471,1.46199977731342,0.34361536171166,1.35221408800674,0.911983081377919,0.222988297611129,0.346141467798528,0.500209464937898
6.03489527739261,14.1048925093845,19.7627657361269,24.8141931148866,27.3929038559131,31.6732626467193,7,16,24,31,37,45,1.00750391503913,1.19371778296532,0.734139495334025,1.61917934556761,0.737977884804547,0.280845150942375,0.419421833637879,0.520262741568237
6.43223856625221,14.0566460399669,18.3826154116252,23.5181489855617,26.2475168126865,32.53730146352,7,16,23,30,37,45,1.12216789300491,1.0740472739685,0.554987022644462,1.46342407041591,0.760136005828451,0.2188439429991,0.895658286553692,0.780799095578824
6.45213641617018,13.3079054427788,18.6753498404749,24.1143933636885,30.6598072204963,34.6143367944093,7,16,23,30,38,45,1.12798715218498,0.876270112726594,0.822150889155797,1.524820510785,0.841559347634057,0.963520847488921,0.467651694886792,1.09963095290751
6.58271282188137,13.5446761929319,18.9616459112375,24.5566438933974,31.7083957060745,35.5229287913572,7,17,25,32,41,48,1.16634971510883,0.753280113195805,0.67512697566269,1.32730279864267,0.884244656104448,0.951048830563619,0.436002787713844,1.10262249893127
6.69708745591443,13.430700852607,19.1791591897862,24.7942524098215,32.2607865329493,36.1108056497748,7,18,26,33,42,49,1.20019601944206,0.57858217495239,0.756712064682473,1.25124073690572,0.889784814815957,1.03249432884251,0.443956014338742,1.17288347259164
6.79909164016315,13.3656908935422,19.239466354349,24.8755328123509,32.397872874196,36.3013351034103,7,18,26,33,42,49,1.2305683478305,0.545598991540369,0.788271090293849,1.26257418133481,0.895576605493394,1.04713019998657,0.456022839428051,1.19797886367135
6.88638689716201,13.3593380130815,19.2909016147123,24.9778747719854,32.3108714538638,36.2735140033244,7,18,26,33,42,49,1.2566975067123,0.527425020059346,0.80295088933067,1.27227128629,0.909674895983438,0.997709992066375,0.469507899524486,1.18268126842065
6.9576178834393,13.4046966981905,19.3723510104693,25.1383091124063,32.1262007836065,36.1272715334462,7,18,26,33,42,49,1.27810970613285,0.522445388132998,0.812158817794966,1.28768495487388,0.931660852881965,0.909427108271564,0.478332315152081,1.13914997515459
7.01217726914014,13.4902312320537,19.4921668993856,25.3604951857681,31.9542776581233,35.9742851423512,7,18,26,33,42,49,1.29456501487313,0.528409286721879,0.820933220794917,1.31048756260673,0.96035404713238,0.811630707869155,0.482700283219796,1.0878214415942
7.03732257998582,13.3543047046466,18.7760160020169,24.6633426587056,30.8843324563703,35.0040536450901,7,17,25,32,40,48,1.30216470067551,0.611076449587723,0.676273824057501,1.29133478853187,0.96570321306389,0.87763217170789,0.386753257738319,1.04084422717911
7.03192124310215,13.3699346042669,18.7519404711355,24.6217497973309,30.6614003955408,34.84836086766,7,17,25,32,40,48,1.30053141638037,0.615550287546935,0.66668886058596,1.28669716002371,0.960770778362971,0.830617808241032,0.400310842971601,1.01682964684368
7.02789954978614,13.3806706074651,18.7182380118689,24.5780190180039,30.4204889418173,34.6662471689414,7,17,25,32,40,48,1.29931561197787,0.618696436396553,0.656011807027109,1.28021570686002,0.957949926445761,0.780351780389594,0.412304554684552,0.990017107611771
7.02507257496788,13.384460631615,18.6728315549581,24.5280354862177,30.1784040113643,34.4638962699134,7,17,25,32,40,48,1.29846113621526,0.620108920841867,0.644254460644053,1.27150300756285,0.956663143539061,0.732278620708965,0.420481492475093,0.961973805812226
7.02322219051691,13.3815479682697,18.6153878500652,24.4690251795122,29.9422542643344,34.2488904045436,7,17,25,32,40,48,1.29790191044105,0.619882087514357,0.631300449126005,1.26051291925738,0.956222814901595,0.688773014246639,0.424856103833883,0.934145876951502
7.02212142998392,13.3734024764402,18.5473253356356,24.4000015654002,29.7158808199184,34.0392645106866,7,17,25,32,40,48,1.2975692624892,0.618378529972965,0.617163178294991,1.24753822804241,0.955952701586091,0.650820416638631,0.428332566630851,0.909425599565812
7.02153234501971,13.3609210853462,18.4696845792415,24.3193333685129,29.4982943900325,33.8625181259703,7,17,25,32,40,48,1.29739124981596,0.615843262483062,0.601905124629554,1.23280019560128,0.955101977280724,0.618348004291089,0.436852248963745,0.892280108866448
7.03557732309623,13.3666996877196,18.432154927336,24.2842402080353,29.3824726440923,33.8330473340936,7,17,25,32,40,48,1.3016369110071,0.614083146905201,0.591831774525602,1.225700204306,0.955786627228149,0.599450611881033,0.455059963311769,0.893669333776715
7.06937271118598,13.3929487727918,18.5013984504568,24.3599626233059,29.373796537465,33.9991704831641,7,17,25,32,40,48,1.31186553481673,0.612477899446996,0.601831935814118,1.23881215280272,0.957607787557585,0.579896706878497,0.492701673994199,0.910438835897218
7.16428808909343,12.9689608865107,18.8229802922128,24.6690671861392,29.485894160952,34.018280396165,7,16,25,32,40,47,1.34068714602488,0.626648705669612,0.63775596628899,1.3003995412868,0.954101313905984,0.535085199951974,0.605479934729713,0.961476458323777
6.73530450599218,12.9582312830037,18.7539395857165,24.5288504790805,28.6438185228876,33.3802501948481,6,15,24,30,38,45,1.44198252247977,0.722792557747511,0.624637918801464,1.40993475547451,1.13787448036274,0.385801332393048,0.65666156649288,0.966305233770986
6.73413720929998,12.9561149718263,18.4408315547456,24.2054099420802,28.3222085800182,33.0776197668753,6,15,23,29,37,44,1.4416045012649,0.722569415035353,0.691569670755733,1.47556277364376,1.13468452838414,0.386167848820912,0.661483688733973,0.968240939694895
6.73367726967613,12.9196690842664,17.5769943430353,23.3851687650648,27.4543952708562,32.2937622951932,6,15,22,28,35,42,1.44145555806703,0.71412428175764,0.636674171996689,1.42790379410458,1.14815675013677,0.494112588400394,0.682935936347076,1.09926613036782
6.78290991472542,13.0931965513794,17.7898415250144,23.5113267980687,29.5470242147494,34.3872961959566,7,16,23,29,37,44,1.22573858195176,0.743427175788927,0.646586331771643,1.34188789184574,1.12140093271219,0.82960116230443,0.683168238951255,1.35556088379559
6.73419089103325,12.9363035389648,17.6064643392362,24.190407817733,29.3924741587759,34.2983145495359,7,16,23,30,38,45,1.21122364912577,0.717903568804162,0.63990497022866,1.30506941552957,1.1667126985945,0.623790923353825,0.700059482878024,1.24659655222795
6.73868891597771,12.8595841808199,17.7068078476839,24.5712391871025,29.6884315142395,34.5709995519179,7,16,24,31,39,46,1.21256209313424,0.698928720566089,0.54192154856588,1.2041276529729,1.25011408900124,0.603871980030111,0.694050780082935,1.28119578562055
6.73759473327279,12.8549385741561,18.0005764376648,24.9133333233558,30.0398988872566,34.8809788057368,7,16,26,33,41,48,1.21223647409817,0.698102740260006,0.381615993146991,1.03787711668733,1.26461489688548,0.606061622696592,0.683375655720067,1.284468063851
6.90196165208022,13.1831166534788,17.9827408103893,24.9050639815547,30.0387115860605,34.9049175136479,8,18,26,33,41,48,1.06037382746229,0.603481691921391,0.531229021985325,1.03477087249432,1.26748986714896,0.607717709562611,0.689835077915556,1.29291464835011
6.81338611307424,12.9512886413647,17.9089808876406,24.9101978450967,30.0340851217896,35.8799229638638,8,17,26,34,42,50,1.03608339233158,0.702888587617464,0.446871334083268,1.02196496570379,1.08776731632059,0.605435700352403,0.781202630218425,1.25489399317662
6.80153685032623,12.944526306995,18.1223497646251,25.2268911310313,30.2681675113519,36.1125973061285,8,17,27,35,43,51,1.03284521268891,0.704074397258559,0.387359638286693,0.958403882812378,1.11647533461764,0.586231730474957,0.780846876815695,1.25863548275022
6.79687178984156,12.9445750457215,18.1254122874201,25.3122783827921,30.351616728095,36.1997850302555,8,17,27,35,43,51,1.03157107669316,0.705173801541335,0.387899216547384,0.958912541646142,1.13948564375621,0.585783609035312,0.781791542476349,1.27498813757387
6.79371650737946,12.9455764955222,18.1404942099046,25.4051580985457,30.4833561471819,36.3365439127523,8,17,27,35,44,52,1.03070953239391,0.706143738540983,0.390424111376672,0.961419158645263,1.16134010939954,0.471117802692713,0.783060414020884,1.18139529222741
6.79014657357538,14.5856361043884,19.728719204168,26.9962703883638,31.8732974659022,37.5846204787562,8,18,28,36,45,53,1.02973499846218,0.950956160380817,0.38116155920776,1.13170264583798,1.16215321321597,0.43090654903486,0.747433785475809,1.11868397917773
6.80269605088154,14.6239905850681,19.772898763984,27.0748841448355,31.9559234519324,37.6860397899278,8,18,28,36,45,53,1.03316188182216,0.95730229522555,0.382198024279394,1.13945147035606,1.17186144354451,0.431695514140717,0.752125049416987,1.12914338972099
6.82024344451405,14.6487592423464,19.8294820080138,27.1414354919148,32.0251388933334,37.7461783543284,8,18,29,37,46,54,1.03795859628369,0.95908049570491,0.302598329538369,1.04735631150138,1.17467560646549,0.432219679251751,0.749858151745354,1.12979431102018
6.88043231828741,14.1873144057078,19.3244346271867,26.5202165816198,31.3986856326715,37.1156486226653,8,18,28,36,45,53,1.0544561323558,0.833301769807074,0.380101745480039,1.06179040593907,1.14198486986579,0.431190036809238,0.748840740110635,1.10690974652589
6.95616581573583,13.1427291395951,18.3859380637004,25.6198463138569,30.5166047791109,36.1354482853911,8,18,28,36,45,53,1.07531105651629,0.583592077583294,0.399133114759376,0.906657986145688,1.15268783510727,0.434791711425296,0.724477175354992,1.09934494504465
7.04779557085455,12.8906897125996,17.899900452442,25.1635958224152,30.0202202431065,35.6168126642844,8,18,28,36,45,53,1.10068496145884,0.513377179276144,0.35765560290101,0.830422916657862,1.16106739290742,0.42690291675115,0.718985921577481,1.09344613114192
7.15452383476817,13.0781962338342,18.0180398156987,25.217872863839,30.1531767603334,35.776940760932,8,18,28,36,45,53,1.130431447517,0.529584955996268,0.345716108213828,0.84868741700372,1.14312090247985,0.442418767668837,0.725693184515673,1.10104657859483
7.27486568166601,13.3622189368235,18.2792990041768,25.32300465276,32.5131194489188,37.1936088189115,8,18,28,36,46,54,1.16421372441204,0.562988315250731,0.341834365228842,0.889685812364119,1.09954912369033,0.805919278657527,0.504781779836295,1.20193608724917
7.4127237654708,13.7038104340698,18.5978852863389,25.3743140172022,33.3822760804262,37.9864577006465,8,18,28,36,46,54,1.20321952537572,0.605583682938044,0.337929787747664,0.940794183390497,1.02599252747471,1.00358701578665,0.488083376993791,1.29076318679066
7.6638621814377,14.1544706897688,19.0423455173141,25.7031164976891,32.8117865754787,37.0094261751104,8,18,28,35,45,53,1.27508788450979,0.648350752919775,0.336880656445298,1.01409228051376,1.18942481946198,0.786995503062523,0.402479684190413,1.13903463177346
8.01962608072557,14.7956544966063,19.3897147094898,26.0805934029101,33.458227678383,38.223622505579,8,18,29,36,46,55,1.37859804429396,0.711256343298387,0.218580174286179,0.974855141868369,1.19835296076277,0.850035122714689,0.409173113318266,1.18712082239462
7.68497219937075,16.3666012091402,19.9252391496519,27.0066459914043,36.6718732439624,41.9063685708821,8,19,29,37,48,57,1.28117527898466,1.01063786837495,0.146101745733324,1.06342874974204,1.11003080854788,1.25638362846036,0.50325366893872,1.55245655438737
8.73142065599474,18.9845523919746,22.1283279318734,29.3987605969462,38.8492075335425,43.6869634611164,8,20,30,38,49,58,1.59117320597887,1.23586108437016,0.10206869008319,1.34488923989871,1.16296482300801,1.20137794653495,0.423212795593659,1.46970554161816
9.62153329389947,19.372137457714,21.9983264915435,29.10918646635,38.1661729998608,43.0355839564848,8,20,30,38,50,59,1.86606514743601,1.11277941376121,0.0586407453132121,1.32124197302035,1.11823715998491,0.949722831255235,0.429410397082258,1.25728324213882
10.1127602580961,19.397910556437,21.8137086689268,28.7590642454245,37.4249206218041,42.1338635554173,8,20,30,38,50,59,2.02155980719895,1.00244084498118,0.0447261666169428,1.28794354022201,1.07232768437951,0.861572074736014,0.398345042861662,1.13077053359178
10.2966841767696,19.3389913934456,21.4713172955777,28.3304348508051,36.6717202397888,41.1916328397856,8,20,29,37,49,58,2.08041181534145,0.946363151944578,0.0490773445478913,1.33641989088927,1.04860600096608,0.790664423005007,0.362904591542681,1.02915685927037
10.3742497471041,19.2873292154448,21.3302194927298,28.0862794877258,33.7735094859806,39.5936315382418,8,20,29,37,48,57,2.10533016598324,0.916957033524187,0.043026945993096,1.31048848739691,1.02044226074039,0.384632741493847,0.630119125526669,0.887169046065761
10.4345575758326,19.2703962692047,21.0398574547923,27.7505934211134,33.2972429977626,38.3885677433272,8,20,28,36,47,56,2.12474419909807,0.899528616544544,0.0476202697029251,1.37043915146867,1.0081207841196,0.361031375716504,0.473787182768923,0.747517644821941
10.4007137287606,17.9293960089104,20.6296776280716,26.7331613794026,30.7883707277413,34.1236444529835,8,18,27,34,44,52,2.1138450706066,0.886108757792357,0.0979500709403489,1.41026208169389,1.02708108293679,0.20897482859146,0.242179951481729,0.4479555526622
7.94244281356348,14.1324380258294,16.7696584374511,23.4035418661111,27.3356376761136,30.3816124625812,7,17,26,33,43,51,1.58187902595486,0.584309543165461,0.0916445378044488,0.832622014180914,1.18146464684904,0.192396930809753,0.195906375716909,0.46244265296729
7.91013664542369,14.0857276468471,16.5928603805883,23.29496587873,26.9838407992437,29.7971277866277,7,17,25,32,42,50,1.57170217806122,0.581300332373763,0.121449288919794,0.897944097342088,1.201686091406,0.161549976349514,0.16179343281365,0.413343277995799
7.83060629121402,13.7352847109297,16.3481301488623,23.1872687626725,26.6857074436183,29.4864280169223,7,17,25,32,42,50,1.54670659266483,0.525757222335518,0.134775111288735,0.857491794069406,1.24253972627324,0.139219109197792,0.160033810675083,0.405653738760128
7.84832371288466,13.7725262687885,16.3475374376668,23.4067636973105,26.8520249881435,29.7794008498567,7,17,25,32,42,50,1.55226787530406,0.529691941365936,0.129931118216544,0.85739477314066,1.30879271099377,0.133276635180948,0.178160442685672,0.440420510916483
7.8560651680443,13.8042570507215,16.3399338444891,23.6264146796518,27.0118064533547,30.0702342126434,7,17,25,32,42,50,1.554699110578,0.534541263006207,0.124983178275116,0.856150550561928,1.37799241813816,0.126741793623258,0.197812053194525,0.477198374558232
7.85242029104109,13.8258230474314,16.3257582303193,23.841880313263,27.1622696088965,30.3567306304835,7,17,25,32,42,50,1.55355432488229,0.539654931157252,0.120565773113179,0.853832940237497,1.44869280705966,0.119834659060844,0.21914069743934,0.51568665587354
7.83790003287605,13.8386437554947,16.3034457825774,24.0506439348675,27.3030063315039,30.6328002916742,7,17,25,32,42,50,1.54899551218282,0.545220725792201,0.116297130005495,0.850190382025693,1.52058129618599,0.112817488177101,0.24126554315263,0.5552778025313
7.81320331211333,13.845495572721,16.2714760023668,24.2500844843564,27.4335073634924,30.8910758303755,7,17,25,32,42,50,1.54124801265757,0.551668850896696,0.111665874285302,0.844982699520149,1.5932875005903,0.105928510161006,0.262953814889098,0.595096700469825
7.77838676512999,13.8475613082865,16.2271676540122,24.4333073491308,27.5477470076256,31.1209643633297,7,17,25,32,42,50,1.53033949793261,0.559241935942815,0.106252397403624,0.837787510457621,1.66543820447983,0.0992609368380192,0.283229668354607,0.633874387472043
7.73829854169386,13.8603806183824,16.1175702670912,24.5138455922611,27.5439032071767,31.2248939645114,7,17,25,32,42,50,1.5177991869234,0.570170473172604,0.0925925172124437,0.820102288558989,1.72621294686394,0.0914144212853448,0.302659092651849,0.664838307870088
7.63308186045567,13.2442691599279,15.3381624560119,23.5079528755826,26.473138708034,30.2324149562576,6,15,22,28,37,44,1.73791525402937,0.583736042604681,0.120381276908072,0.987452340590053,1.91927160242893,0.12675714763324,0.42371386422098,0.907643955521374
7.54047976994012,12.9750072300205,15.0972817987731,23.155097774399,26.0157078310153,29.868087968861,6,15,22,28,37,44,1.70694051026368,0.545472974379736,0.124233654437097,0.943813303419097,1.88118659210763,0.114942603000199,0.444486855621912,0.885930706475664
7.48338207797255,12.7394748134626,14.8860227230747,22.8434853847969,25.5911151024416,29.5286203984731,6,15,22,28,37,44,1.68789045549576,0.507753908037554,0.127571497018491,0.906189807471518,1.84716285446801,0.102825507102012,0.463764402876345,0.863605850615027
7.65493994484068,12.8207822624175,14.9483464371206,23.4117755522331,26.1578575596479,29.961173863318,7,16,23,30,39,46,1.49179208288135,0.489044011451327,0.124957660407713,0.817042672317654,1.74777942872222,0.10266423629138,0.43349876992262,0.827786606432248
7.71688463469323,13.8684500802801,16.1612474741758,24.522084031449,28.0688662197217,34.0504014174287,7,17,26,33,43,52,1.51110932055769,0.576293479398025,0.0610626578070826,0.738326624580451,1.71485290420522,0.144733275239251,0.666755838663508,1.01853373044471
7.80197983477321,13.8887429890857,16.2002945428024,23.9262596630676,27.7028869508988,33.6993208704855,7,17,26,32,42,51,1.53772979267169,0.562866561942064,0.0625578857269677,0.744229752368471,1.76908048979632,0.172383027378329,0.67017173965071,1.05434211927489
7.5417321244979,13.4089032879923,15.8435879943785,23.6154226488997,27.6095544573081,33.4339623704498,6,16,25,31,41,50,1.70735876477672,0.518228700078036,0.0728639489573694,0.776597837581764,1.78450617539374,0.200670905432494,0.63108300660437,1.07066749914424
7.55850676738513,13.3009595822984,15.7684122451573,23.5072831939175,27.6028574002122,33.3259260517228,6,16,25,31,41,50,1.71296279372169,0.493485803122587,0.0757489494156138,0.764839637854208,1.77341832981769,0.214547777090101,0.608424628729465,1.06478328259566
7.57883907130976,13.5493064682446,15.9342779054421,23.7206428262315,27.4131846406699,33.0022805895994,6,16,25,31,41,50,1.71975964985453,0.539058619962656,0.0686010844601253,0.790885451132374,1.78939740373787,0.161995867537064,0.578902500097096,0.978675901070335
7.59085391423234,13.9204772835365,16.2214235965755,23.9515424648243,27.309637662154,32.7382553084348,6,16,25,31,41,50,1.72377827748703,0.613764163453123,0.0617099282283039,0.836856645712052,1.77047642687888,0.123817343359325,0.544208552416081,0.88529359698902
7.83695211757886,14.6340183528893,16.9212444743886,24.615220102264,27.6676333214504,32.9887694693278,7,17,26,32,42,51,1.54869799836894,0.71597068767326,0.0606222761670146,0.856872442483167,1.75833623462069,0.0934599314577431,0.521392786424091,0.812080135612177
14.5569976188203,22.108679865634,23.7344611447329,30.8132536672349,33.7943534452169,38.9240306807484,8,18,27,33,43,52,3.5188195485306,0.891642798875328,0.020688086022092,2.05571428526626,1.55401394675033,0.0870189863413064,0.481617674486865,0.676941436991707
14.6814402686388,22.8458366092935,24.3763016711033,31.3202173513526,34.2461486180469,39.2982267695112,8,19,28,34,44,53,3.56257322038814,0.888210683070871,0.0169016024605586,2.05156701354343,1.50983695894974,0.0822048627810817,0.465822552383013,0.637915242516396
14.7551771122427,22.5740505751655,24.3504446221109,31.2133268614792,33.9962782542959,39.0980139606238,8,19,28,34,44,53,3.58853666755602,0.809329246668015,0.0276527592516656,2.04592368267195,1.48340995790716,0.070416869554245,0.4759082000993,0.613055597947246
14.7902586888184,22.1105799776736,26.9579045102663,33.6184251247415,36.2344949610542,40.6689165772559,8,20,29,36,46,54,3.60089900291519,0.582230741258893,0.425082632706806,2.48039880141606,1.18935064060411,0.0579219393199882,0.451634153218408,0.47477819326456
14.3769201159454,20.9597471528471,24.7562120646904,31.1291798840568,33.4462263202632,44.6332811399901,8,21,32,39,51,59,3.45564888092848,0.361411826187717,0.125380455442143,1.60510752328106,1.10487618758039,0.013632104220097,2.36977625288547,1.26749701507916
13.8334188314734,23.1602658071511,26.0029325244805,32.3945932780316,34.6549011058642,45.9525998697284,8,22,31,38,50,58,3.26606109005291,0.748098423920678,0.11297300171659,1.9806525919118,1.11032279112592,0.0122849136651118,2.40621951060088,1.28101363032569
13.3591408591729,21.9966464766662,25.5949931904367,31.698687449978,33.9382053894859,45.5015881632755,8,21,30,37,50,58,3.10200449117366,0.728076607365897,0.209961947247821,2.03155446722311,1.0271413106701,0.00658695020158054,2.494138103099,1.16302992111498
12.6080194495214,21.2163343723303,25.1611007273786,31.0699287422923,33.2687335230521,44.93654647036,8,21,30,37,50,58,2.84504124595394,0.722186107969346,0.263351798038106,1.94008905630726,0.971766121789461,0.00604380446023462,2.52884983322133,1.139898842234
11.5069701517841,20.053276656364,24.4675657927861,30.1583096079125,32.3164283602798,44.0533936249765,8,21,30,37,50,58,2.4754228505676,0.70973190440164,0.343665829909463,1.79700516296001,0.910721413055463,0.00553381099328997,2.55188235792509,1.10678642615035
10.0834596023323,18.6128210833915,23.496247604635,28.9421136273141,31.112294716036,42.7908593197737,8,21,30,37,50,58,2.01221514555512,0.706342513978867,0.43216519155734,1.60335310137633,0.843415004316168,0.00568165686544126,2.53242844438975,1.05670516789617
8.66231637686603,17.0498283147791,22.1197784568594,27.3080435597998,29.6616491957468,40.9784878811888,8,21,30,37,50,58,1.57023589741889,0.67820722045911,0.469443359222847,1.34332905540349,0.774120149315768,0.00829303875452701,2.41253400083647,0.983529775171944
7.59424272075178,15.7460038110877,20.5316614981136,25.4863267534917,28.3458279726058,39.0117295103199,8,21,30,37,50,58,1.25506233054269,0.632406387223765,0.4130865488068,1.06622084391281,0.712713183270648,0.0196400425940262,2.19953408286643,0.921752556225031
7.00392398850054,15.3425102488922,17.6628976781252,22.5349454755048,26.2835055402918,35.7887971489301,8,21,29,36,49,56,1.08851697430844,0.668602628296666,0.0995294199758815,0.712107802208961,0.691339396684094,0.0581155119708965,2.08861584385679,0.958993468997667
7.80532770800898,15.5964466027016,17.7658345572521,23.7406179909003,27.7283404384279,36.7174323436364,8,21,29,37,50,57,1.31601516148856,0.564750876516014,0.0833681733946583,0.726744405425499,0.813981288342196,0.0730424097739749,1.9183351433839,0.998940607832748
7.30365834317437,15.0464326232092,17.7925945314869,24.253657119337,29.8443198037693,38.7139644528602,8,22,31,39,53,61,1.17233363011965,0.461188927680835,0.102672558789112,0.58303203825037,0.940977326211882,0.172801180763291,1.63323540438072,1.13181702077765
6.69739875286935,14.5153618126082,18.2832743576155,25.4984384643792,31.9449869832328,40.7359053325791,8,22,31,39,53,61,1.00450264687092,0.473519106542841,0.235440878690385,0.645948478371295,1.14742273290448,0.271680252890125,1.60924897601961,1.40458910631303
6.20274709014024,12.5343591038227,19.2936221068029,27.177516128646,30.0372785032691,36.3630449593946,8,24,35,43,58,68,0.872869411956736,0.156640295459778,0.583711346253024,0.507754015118251,1.3388788584162,0.00696796271783865,0.612943687332837,0.384341625069166
5.11874470605413,13.7436321843074,24.8822528635222,32.2537669329497,36.2306872674423,41.9667727606513,8,25,36,44,60,70,0.604234449427756,0.358950634030129,1.65147570343983,1.19926914049976,1.19152583544477,0.0221718666352992,0.492234727961959,0.337600092639739
5.09128058576126,13.9690918083168,24.2447973863231,31.4962654335048,35.207993935577,42.8997854994695,8,25,36,44,60,70,0.597832083664608,0.393175417615097,1.41648631543188,1.09779860982484,1.15762580559424,0.0158282646589541,0.925584734258284,0.495668758291934
5.09392583314728,13.9290718310514,23.9239248127566,31.0887865783887,34.6122821611956,43.5958395656048,8,25,36,44,60,70,0.598447783878956,0.387300055805723,1.34215998567221,1.04817399950288,1.13332353885654,0.0121797635746681,1.25554343969636,0.614483038518291
5.0916742176248,13.7875076480932,23.6845186399066,30.7636564269315,34.1278575412765,44.0954531309405,8,25,36,44,60,71,0.597923691393268,0.368403244386671,1.31653161675228,1.01179603048272,1.10939924110909,0.00959557757152561,1.33500629660452,0.638570335256478
5.09113720560485,13.6293841596551,23.3245539044039,30.3037428956274,33.5450997596775,44.4864160535606,8,25,36,44,60,71,0.597798716728356,0.347564739538969,1.26410833526981,0.958158046003421,1.08167210577294,0.00789186295780526,1.59690636707165,0.734602424344766
5.08577958244092,13.4769438469486,23.8672493879926,30.8284298282118,33.9997088965694,45.4656063148656,8,25,37,45,61,72,0.59655233833416,0.32863710001472,1.27013212875631,0.95384735958304,1.07669570892275,0.00702486852322875,1.74302560262735,0.793309844667208
5.08567876544945,13.6805710697972,24.3166685718215,31.0883037382616,39.2953756735698,49.5117020724081,8,25,37,45,62,73,0.596528892646182,0.354989104316955,1.33223089635909,1.02010274181801,1.02468561151006,0.305667939247059,1.400679391125,1.25042870207483
5.08741001158026,13.9473166332373,24.9648472812415,31.6548998759705,39.1836038305572,49.5219272386566,8,25,37,45,62,73,0.596931547037945,0.390704799639732,1.43028985330777,1.11906107164385,1.00251125951689,0.228157966123,1.43320815115046,1.14703398668437
5.09934386190164,14.0850592124288,25.2426984590321,31.8991263402385,38.6594623804622,49.1536473307925,8,25,37,45,62,73,0.599709504071948,0.408217296105917,1.46680629657944,1.16268128071869,0.993409864647591,0.15447209947023,1.47506220755844,1.04618802611835
5.11707413374367,14.5939298870759,25.9919580453616,32.6417421156689,38.8653380757928,49.5992457902958,8,26,38,46,63,74,0.60384438557052,0.403755841193005,1.5300586211768,1.18829984741602,0.99161418716001,0.112194383681466,1.54006648164354,1.00018014300225
5.13503702083204,14.6560566102404,26.1452140627415,32.7682468706911,38.4095503842542,49.314065366685,8,26,38,46,63,74,0.608042784601898,0.409783638916267,1.55423072016712,1.21261992276589,0.984392767603987,0.0749452837142036,1.58678138990506,0.935356444358665
5.15318409435608,14.7138625842242,26.2497323910085,32.8437688864292,38.5226963062635,49.2366182855278,8,26,38,46,64,75,0.612293661821834,0.41523199862308,1.56666174745844,1.22932493521194,0.976581420327488,0.0562292552887967,1.53461841401729,0.829853475762853
5.171451660483,14.7670335244301,26.3082843860487,32.8726997031164,38.295770091573,48.7798256328873,8,26,38,46,64,74,0.616582290073234,0.420054671211846,1.56809549967402,1.23872518298053,0.968619165170168,0.0453854621322387,1.67127330651363,0.836264333348957
5.18979444278325,14.8161994683132,26.3231970888548,32.8585988208363,38.081543192285,48.5652020155123,8,26,38,46,64,74,0.620898147398654,0.424335007352314,1.55897509412575,1.24112414768519,0.960837421434724,0.0379261240075533,1.67115947185211,0.804748242258577
5.20814859966157,14.8609906947805,26.2927344951868,32.8010802026511,37.8685357459235,48.3407146349316,8,26,38,46,64,74,0.625226234379899,0.428022226646696,1.53898946500347,1.23622578957748,0.953596145213584,0.0327264602171624,1.6678662355868,0.778542191048143
5.21742074835349,14.8923401351359,26.2235622850619,32.6998876187338,37.6721872074781,48.3243493800784,8,26,38,46,64,75,0.627416315037525,0.431112650349431,1.51240537900603,1.22513317957091,0.945045581810504,0.0297928380220446,1.51781549478995,0.713095004388737
5.20995053732721,14.9023160053437,26.1753962095459,32.649709275366,37.5845731072083,48.2465991362206,8,26,39,47,65,76,0.625651662062497,0.433562027282489,1.32370897421764,1.12592824311065,0.944508940319761,0.0286891811561642,1.52049581828322,0.70934015943564
5.221311839758,14.9931046571061,24.6692639023849,31.3211593182558,36.3324579915978,47.3096212702767,8,26,38,46,64,76,0.628336112050331,0.444793855583476,1.09488804188888,0.987274195911887,0.992184743168438,0.0309727456525171,1.41981767947592,0.711739038204744
5.24807671523072,15.1047050867218,24.808218918386,31.4991803302179,36.6522774715491,47.6283823366575,8,26,40,48,66,78,0.634674455809783,0.456935324903911,0.823989854639121,0.848553896244847,1.00275756312709,0.0355271606459205,1.41954339998986,0.734466906056426
5.27643340529998,15.0829608087607,24.1324954442963,31.0121700538002,36.3154987254394,47.3344797207424,8,26,40,48,66,78,0.641411598269423,0.449746967223113,0.693991460750814,0.760780633136688,1.05424802202333,0.0408168671273079,1.43066651357458,0.783845917943547
5.30566847474018,13.5055043293369,22.4108706892695,29.5946349111582,34.4055332909829,45.9663911159208,8,25,39,47,63,77,0.648380776351622,0.304781642699537,0.666477222103042,0.618300553964359,1.1386164773763,0.0527531593821844,1.23419902872039,0.83090073084467
5.34218043768974,13.7635461179157,23.1951137627221,30.4874270540853,37.0815287785115,48.0109537862765,8,25,39,47,64,78,0.657117665456975,0.332482156815307,0.768925368425917,0.71238144067072,1.16913247759423,0.140562301707516,1.08851469831131,0.926682954158458
5.44070206055448,14.2676793255554,23.5073359513354,30.6533027683218,36.6932743717456,47.4788839851121,8,26,40,48,65,79,0.68087314245144,0.31997434771758,0.73092150467414,0.6836244323825,1.12803900627277,0.0994841263295479,1.05618612638029,0.811782393944176
5.61111212252319,14.6221475391727,25.4004024613244,32.8502206675344,38.334179054885,48.6659268599876,8,27,42,50,67,81,0.722567749543963,0.283191931406141,0.920924003847553,0.781119119694014,1.21376977347507,0.066397849158213,0.95635511780661,0.721142125207371
5.83052595826349,14.659377658306,25.6245749137364,33.1886800589695,38.3536121441203,48.6847295818445,8,27,42,50,67,81,0.777336529677799,0.263284560951079,0.960022761818222,0.80947207726085,1.2464175989535,0.0509953390981423,0.95621884423652,0.695732704984942
6.05399856538028,14.9868523768278,24.7582799099818,32.4688737890032,37.7000935761856,47.9271454635477,8,27,42,50,67,80,0.834310700030215,0.274558124712134,0.720836933038699,0.70257651285458,1.28857313268067,0.0539864375170699,1.07339304840174,0.779503226889415
6.27934508044657,15.3159619435938,25.0921585117543,32.8785084222129,38.051554948632,48.2606446534672,8,27,43,51,68,81,0.892916229981705,0.286046476110254,0.617874218607383,0.677738402264586,1.31050660556028,0.0513556712181381,1.06924237858909,0.7794535417701
6.49206852624596,15.6122648499643,25.0467509948867,32.9201359641263,38.1435488731697,48.3349223954339,8,27,43,51,68,81,0.949246933626798,0.295473832826935,0.559852531482652,0.672486497806292,1.33581515000493,0.053628529649855,1.06515369765138,0.79519988499507
6.68648769296435,15.8652141219794,25.02560770701,32.983411726479,38.7363916201243,48.8982120459901,8,27,43,51,69,82,1.00154527211992,0.302167473399899,0.515060107306831,0.670047875192599,1.36047295437496,0.0596493295549196,1.05834460410214,0.798776757685753
6.88077950270504,16.0724717392114,25.2251973192683,33.1429853887861,39.0525946042629,49.47091704408,8,27,44,52,70,84,1.05455149273545,0.303660458967905,0.432008886289114,0.631468132861429,1.34877139209639,0.067308609647988,0.975134750275423,0.775174289056953
7.09508488685559,16.4200349612834,25.4646445438157,33.4407028360959,39.3849816194827,49.507433224324,8,27,44,52,70,84,1.11383990734027,0.319217842466533,0.416536767654985,0.658259328562297,1.36581886604957,0.0690828517079341,0.911483551649086,0.749467321077686
7.29695259016426,16.6219310871816,25.7853043347351,33.9165373129333,40.145140697851,49.4862395828546,8,27,43,51,68,82,1.17044124874822,0.319221201968866,0.515538470804325,0.760374342994229,1.4114613506289,0.112553502627778,0.750920313204047,0.776444607893045
7.48783906055028,16.7221096624969,26.2566296965195,34.5580293109389,41.5928763820958,50.7903046037229,8,26,43,51,68,82,1.22460720924551,0.37139512973279,0.488673221760035,0.819166835830521,1.46191221200675,0.179035385767215,0.722656331649031,0.887509693161936
7.64701955679176,17.0077751290499,26.4448551036442,34.7538999410699,42.4781624360465,51.9189229202386,8,26,43,51,69,83,1.27023612677584,0.388109217791969,0.473915524629398,0.843223589371943,1.46418843612327,0.199988099238786,0.770763788515435,0.939362149936216
7.69525174529614,16.8013523814156,26.6985730308979,35.0833126523217,41.8279820059455,50.6646997789261,8,25,40,48,65,77,1.28414209246068,0.425305000409797,0.744822116627981,1.11710644432141,1.48676885563167,0.153130018593502,0.899726340268774,0.968255681807887
7.56588274884514,16.6899711506327,26.4390115400426,34.897380573614,41.8943402468499,50.9084880261159,8,25,41,49,66,79,1.24692708341928,0.427885687733108,0.613176804961782,0.995000429043345,1.50880853041431,0.175527702134808,0.80562984867056,0.95833307610201
7.25282991446458,16.381746015514,26.0578096657595,34.5278275741035,41.351664750685,50.3988006561069,8,25,41,49,66,79,1.1580089981931,0.428579522648105,0.600626596456132,0.941646969788981,1.51230215598119,0.159978163581134,0.812556241312135,0.939923663031808
6.70293203213392,15.8095063469822,25.3431818889011,33.8154452684131,40.5935062620268,49.7907942040302,8,25,41,49,66,79,1.00600329977113,0.425372867462973,0.576449342448466,0.845249410521573,1.51297580790811,0.155998305864784,0.844347893846272,0.955189117202328
6.28470870264175,15.2242052395329,21.2734156553408,28.736783784784,36.4067893033453,45.8612803660679,8,25,40,48,65,78,0.894324744730824,0.401742452779291,0.172912221200147,0.441307410221014,1.2176292916091,0.243359751167706,0.899792077898354,0.975436570323627
5.81487482689574,14.5772658539273,20.9036197855913,28.3320900677075,35.8012104123612,45.2959049588443,8,25,40,48,65,78,0.773390610322657,0.377376165542106,0.201278337337467,0.406427975467873,1.2076952833223,0.221899265709995,0.908568642264644,0.947253957775648
5.46688625384951,14.0390608901242,20.3885067738592,27.7805265238321,35.1957289172421,45.0364126702589,8,25,40,48,65,78,0.687230328130442,0.352002602751322,0.203742961184271,0.36039657520952,1.19734097333809,0.21631361917944,0.985290272852794,0.984162043298269
5.49989255090147,14.0810753470103,20.5055958456883,27.6176824560025,35.0553689572931,45.1163460094493,8,25,40,48,65,78,0.695269609240256,0.353185397481007,0.211862205721634,0.370597144085684,1.11857926697167,0.218633849254869,1.03521821541181,0.978758328111049
5.69119153635213,14.2551514059928,20.7340698445797,27.6522517899008,35.0320935260071,45.3455217607701,8,25,40,48,65,78,0.742418212103164,0.35092562548823,0.217846610906332,0.390946958676616,1.06483797567643,0.212690752095224,1.09342564794836,0.978860264657907
5.79662970500134,14.2380880478062,20.7077492507694,27.6030988106026,34.8485352686283,45.7404777630252,8,25,40,48,65,78,0.768798181836602,0.33505213945207,0.216822215945079,0.38857266201864,1.05855545927142,0.199213148076243,1.23060701537355,1.04089904491619
5.91871181361887,14.2258419394023,20.9705503131387,27.7386561002103,34.8228189016772,46.6219512520662,8,25,40,48,65,78,0.799679351737972,0.31805200665725,0.248297005881213,0.412627850945823,1.02372364559018,0.183657240852147,1.45552415632833,1.13500827155344
6.04798021513656,14.2443663065698,21.6185481165691,28.1639989006297,35.089882545583,47.2521858062661,8,25,40,48,65,78,0.832761119383794,0.304359548717451,0.328188327700369,0.475228778524021,0.963530748412989,0.169048650019041,1.54864127943317,1.13225730117099
6.16410192921346,14.2952640508951,21.4225140883726,27.8709174472076,34.8530356616228,46.5398159658228,8,25,39,47,64,77,0.862804258866858,0.29643307740461,0.365595418237284,0.509109743435945,0.937606690737271,0.174163880354289,1.42706049880597,1.05355503508974
6.28476375408655,14.3199966946722,21.4709271609431,27.8372691428059,34.7551481822759,45.7435404202324,8,25,39,47,64,77,0.894339204742967,0.284962279343864,0.36909142627186,0.514209227266439,0.915838227436685,0.168327269917132,1.25396917835557,0.930191698596072
6.40830013801958,14.292908779536,21.4860513038109,27.8017601712307,34.5748059392889,44.7588482626724,8,25,39,47,64,77,0.926950853862889,0.267404967735302,0.375360257586622,0.515807614055938,0.902477685251098,0.155565629746743,1.06346324292996,0.793168945068589
6.42660949257337,14.249990316379,21.4311329807483,27.8086278301282,34.5129303724799,45.6448073630427,8,25,41,49,66,80,0.93181167472224,0.260427856985094,0.242798476504495,0.40754085150492,0.918788445940324,0.14970185901901,1.13457075549023,0.844019306913772
6.42486210741483,14.1979864247539,21.4670209485341,27.9425364669567,34.5862093592788,46.7504112124512,8,26,42,50,67,82,0.931347471379943,0.204688957720553,0.252825506015904,0.365532749469743,0.944829606250785,0.144633761693742,1.22386290411502,0.912927431397403
6.41327084457199,14.1082730953447,21.3665597462502,27.9421065270751,34.5464285208297,46.6502103392665,8,26,42,50,66,81,0.928269798030091,0.197201002543673,0.251588408548906,0.357044339016239,0.971609260492422,0.182140215909394,1.2100564070888,0.993303787867745
6.39109016653917,13.99944083199,21.2888408086481,27.9538756868432,34.8862572360881,46.9617420517112,8,26,42,50,67,82,0.922388305464566,0.189070389495728,0.255177937273657,0.35055269528855,0.995737446897814,0.169635480891648,1.20360808170772,0.967290287627222
6.35692052873239,15.0919033688608,22.1038093293636,28.799146495208,35.6580289356267,47.5052350415567,8,27,42,50,67,82,0.913348063386336,0.25331815747103,0.280897568860687,0.421873791458265,1.00394368759927,0.163062338337024,1.15200836654253,0.929251029115539
6.22695363830875,15.1519266791215,23.1078339583182,30.0102372903516,34.8833550957451,47.2271355472698,8,27,44,52,69,84,0.879190779041848,0.273695390662101,0.275646358317866,0.419220244125567,1.06049532147237,0.0390950768374374,1.26520004444288,0.759111660688189
6.09696097350514,15.3041022213033,22.7089440749953,29.8451682933573,34.6055968185812,47.5616022627479,8,27,44,52,69,85,0.845396414453291,0.305444193322857,0.215248819219257,0.384326054059669,1.12531667091249,0.0350371161322102,1.25744019836431,0.781883001533441
5.9639656007501,15.3885295880527,22.4089733276817,29.8432815123572,34.6290466837681,47.1732667609587,8,27,44,52,69,85,0.811216309519434,0.331099459265457,0.17769748136793,0.359171494891686,1.20935568819668,0.0359240516844644,1.16569732320072,0.770715029111834
5.79408541562185,14.7955211791823,22.2922412652562,30.009449771366,34.4501310060742,46.1198448733556,8,25,43,51,67,84,0.768158407614471,0.410430441597743,0.178868205500573,0.392598409225492,1.29048467857723,0.0370539150346406,0.858477602881669,0.657071077796028
5.6629500964052,14.6777976570831,22.0122781715154,29.823714313965,34.113181692912,45.3087062248965,8,25,43,51,67,84,0.735399165412798,0.412322921068467,0.164589793649041,0.368545569958202,1.31778939646942,0.0316401159946473,0.769183090767877,0.596557689381427
5.601341490571,14.5615213156583,21.8418123883325,29.6263062833817,33.8140303690154,44.7036655387327,8,25,43,51,67,84,0.720156865635761,0.404634099999106,0.159966133986519,0.354307324755451,1.30996817127575,0.0283089613239721,0.713639059200272,0.549218275752983
5.57113866039249,14.5283388512512,21.7934958094916,29.4651791634685,35.7561653102837,45.7971781558077,8,25,43,51,67,84,0.712719806558655,0.404216939800129,0.158687871592844,0.350327868259715,1.27734241568455,0.153019125255008,0.568547269368679,0.677764913564784
5.5461037171183,14.5172460178625,21.8064217932934,29.4450668006337,34.0611613756179,44.0472454168069,8,26,44,52,68,85,0.706573043101312,0.337751517802827,0.160719210129959,0.311480187715572,1.26782539871876,0.0440505825064919,0.559633656502378,0.485020003716091
5.52292412857398,14.4317281746764,21.6928254185526,29.3252204130216,33.5915207141416,43.6478187454285,8,26,44,52,68,85,0.700896276553768,0.330007000099423,0.158345947853439,0.302915125105689,1.26602697621436,0.0308598965563057,0.571038346533067,0.456857630887607
5.51881287990998,14.4388953208332,21.6384885316155,29.2934684401555,33.5222136738982,43.5410218795264,8,26,44,52,68,85,0.699890874422484,0.331401682475502,0.153216042032511,0.298866051451689,1.27252865751608,0.0296224158030287,0.564936765748682,0.451784583492105
5.53482140676846,14.5296795977765,21.6471138949947,29.3442643845765,33.5380177452406,43.5144392026873,8,26,44,52,68,85,0.703808222115418,0.34072073157679,0.146510407296331,0.299506726531561,1.28469027760937,0.0284995260594005,0.558071872677333,0.448396564939885
5.55144825281233,14.625187074032,21.6538385484717,29.3889706757042,33.5548452126261,43.4837779988681,8,26,44,52,68,85,0.707883914837045,0.350686903801651,0.139453468141647,0.300006762406589,1.29566783212633,0.0276255089060858,0.550423337932151,0.444813688855984
5.56874798301166,14.7262524832587,21.6572071458223,29.4260009956765,33.5682990027626,43.4484968661554,8,26,44,52,68,85,0.712132132310446,0.361421579085191,0.131915506178685,0.300257425072375,1.30541568675821,0.0269005237725591,0.542621197164212,0.441125634420413
5.58661401379339,14.8319605500053,21.6595728843469,29.4578780257904,33.5800090585867,43.4099706228259,8,26,44,52,68,85,0.716527494955373,0.372844801451878,0.124201533487863,0.300433534625324,1.31397612113152,0.0262906041200131,0.534628925999674,0.437241285030573
5.60490456509733,14.9438991974521,21.6613391519335,29.485712791286,33.5907874430938,43.3689981110451,8,26,44,52,68,85,0.721035765300716,0.385208894611143,0.116271578227317,0.300565056858334,1.32154907223961,0.0257820714126346,0.526449316176312,0.433200941777331
5.62349006586128,15.0739647988744,21.8764719660865,29.687498013305,33.7668158279855,43.5454853312397,8,26,45,53,69,86,0.725625470458275,0.400175073525785,0.0935512967251308,0.280015477691036,1.31767026362588,0.0250267555168908,0.526521598447428,0.429564670169471
5.64219438339255,15.5663830554922,22.3981207583044,30.2919839816863,34.3848363759115,44.1631708377905,8,27,46,54,70,87,0.730253365921989,0.393883898966068,0.0953149355767713,0.281763075402816,1.341786731131,0.0254217679157761,0.526468817534911,0.438631028650153
5.66087181653233,15.6161503567164,22.3529691208625,30.2590507690486,34.3363595882063,44.0651379693571,8,27,46,54,70,87,0.734883425441003,0.397963569245275,0.0896604182131749,0.278605766722844,1.34535272004083,0.024968477400059,0.518687286214508,0.433626349547733
5.67933367644911,15.6477384972707,22.2885376022155,30.2054534658237,34.2684786530368,43.9464370413703,8,27,46,54,70,87,0.739468662383122,0.399692009318739,0.0841527522805647,0.274135881764303,1.34851660720592,0.0245567688182232,0.510759707915835,0.428521942441494
5.6974311951168,15.6568275952452,22.1985911726137,30.1255181432175,34.1754221547713,43.8018208403171,8,27,46,54,70,87,0.743971687355403,0.398505417941311,0.0786945467542624,0.267965933395873,1.35144169523305,0.0241826322425686,0.502771290352398,0.423412338323321
5.71496865132107,15.6320926381653,22.0683143540737,30.0039436541065,34.0421287718361,43.6191744752533,8,27,46,54,70,87,0.748343140132341,0.392959641645663,0.0731245556410981,0.259174109413361,1.35398560255011,0.0238517578679352,0.49517652964835,0.418548313434403
5.73177704462721,15.5603772201048,21.891464658629,29.8318117898207,33.860420583009,43.3963248676455,8,27,46,54,70,87,0.752540021698645,0.381465977590867,0.067827033560489,0.247512912995219,1.35536521685592,0.0235836650122038,0.488884313578867,0.41430061981699
5.74767653902319,16.2335118115793,22.9152012695578,30.7674622726581,35.1692266624787,44.8840644891736,8,28,47,55,72,89,0.756516381493189,0.399242946379263,0.0864721731219217,0.283157877710693,1.32966195046761,0.0240058120387272,0.516507357598308,0.409569824238242
5.76070618807722,16.258545421774,22.8964869854505,30.7503379130669,35.2155486852778,44.8871834228658,8,28,47,55,72,89,0.759779647999322,0.400786341054588,0.0839921051671433,0.281857395547908,1.33012484298876,0.0257558066000678,0.509776988816003,0.411547271865321
5.77262857883042,16.2802050572209,22.8782661331759,30.7326855973888,35.2249249345962,44.865634162366,8,28,47,55,72,89,0.762769249116796,0.402040388511995,0.0817696873987701,0.280594529916876,1.33029037677077,0.0265269374035231,0.504982971675146,0.411245485509387
5.78332354309325,16.2964824434002,22.8616182177914,30.7145646083692,35.220440864088,44.8512831697235,8,28,47,55,72,89,0.765454023097892,0.40276018650881,0.0799623906432694,0.279443552560998,1.3298614902673,0.0269218735996651,0.503457592431418,0.411453734497484
5.79265751770494,16.305060979282,22.8468461199141,30.7022173330224,35.2140855993036,44.8581446019089,8,28,48,56,73,90,0.76779942451874,0.402662744157279,0.0586030292283205,0.245772613661009,1.33056749677946,0.0270966582377525,0.505501290457865,0.413417900760028
5.80053728469687,16.3055944281167,22.8406952542356,30.6933589729177,35.2082787664899,44.8818765437563,8,28,48,56,73,90,0.769781068421924,0.401715746844289,0.0583138308310771,0.245383084846068,1.32977919391607,0.0271859643265852,0.510081964068683,0.416139294023925
5.8110058069125,16.3144913275423,22.8757102519085,30.7353229545351,35.2152017506041,44.9312314597306,8,28,48,56,73,90,0.772416076281529,0.401513290955006,0.0594490692075031,0.247605439306745,1.33180265597017,0.0261723736887162,0.516693579736678,0.417448612016023
5.82709320973836,15.1745030328563,22.2194456775413,30.0977382003247,34.5040298762234,44.3745500626949,8,27,47,55,72,89,0.776470568695626,0.321878013242002,0.0830675694408551,0.237135961500463,1.33724564252905,0.0241279148218257,0.541077567034222,0.426601856821241
5.84128903086571,15.1663002996165,22.2532993764472,30.1688901701242,34.5085022651746,44.3708167805513,8,27,46,54,71,88,0.780053511478459,0.319225075554485,0.111564812556524,0.27170896748328,1.34812955562059,0.0223719989209885,0.539770211988468,0.423134563106276
5.85340171236043,15.0718781055779,22.3211014278662,30.2994740902329,34.5933760242293,44.4032510437283,8,27,46,54,71,88,0.783114511106879,0.306756268503338,0.122687458287375,0.276389738342939,1.36649700251518,0.0212202902922167,0.531447620742132,0.419885782918734
5.86353985148669,14.8248050330281,21.7100112069722,29.8066752351405,34.0381802926999,43.6259743879114,8,26,45,53,70,87,0.785679226021113,0.336518626266104,0.0985925017843623,0.268390012988026,1.40126293520972,0.0197150635317579,0.496826236090205,0.404799856482875
5.87161533162002,14.8049322724895,21.8204183327791,29.9985712722419,34.2155680354913,43.670908531237,8,26,45,53,70,87,0.787723893575653,0.333041907966697,0.106858331988825,0.276068899634709,1.42533105681163,0.0193759799753652,0.476665876119889,0.398937836544493
5.8646172479656,14.811223921627,21.9782383358753,30.1650039413518,34.3403779435772,43.8355983209428,8,26,45,53,69,86,0.785951926918401,0.334692942442751,0.116973439458894,0.287263203437971,1.42788041526873,0.0279212793494732,0.482697016460784,0.44744005586151
5.81172319090681,14.8219993603186,21.405910202693,29.5141615520921,33.7008494114304,42.445933134,8,26,43,51,67,83,0.772596744584902,0.342657802287612,0.139733348867779,0.319306382412497,1.40467946089317,0.0282762957090621,0.450280838013923,0.419116165812276
5.75685398799497,14.821086631371,21.6949511627588,30.0147143111384,34.410887765261,43.1571281641337,8,25,42,50,66,82,0.758814433240532,0.419325823087849,0.164390698846168,0.385196961576686,1.46738098458943,0.0354019829218463,0.450455939594813,0.459697021570224
5.72832883870052,14.8973692662506,21.9819434808385,30.3958302944182,34.9960418422068,43.7487354713909,8,25,42,50,66,82,0.751678470701994,0.43436593711494,0.183696064957234,0.410753897092299,1.49548472949308,0.043384700616749,0.451433405066643,0.490201138784542
5.7448555886288,15.0789011388759,22.1490698919882,30.5618000216861,35.3455234934376,44.147636830818,8,25,42,50,66,82,0.755810425815694,0.458529791413211,0.18233928032786,0.426044173990388,1.49513862565648,0.0514791400684962,0.458950024853853,0.514090700640646
5.76162974369701,15.3391162090107,22.3572808779862,30.7472841357575,35.7274340785566,44.5903033421745,8,26,43,51,67,83,0.760011109970266,0.417551168798164,0.177486278269109,0.398304885028665,1.48834197905974,0.0611335203568421,0.46826580404793,0.538849137289209
5.77848426436218,15.4993343250477,22.5424348821463,30.9215241870541,36.1100079409605,45.0658170960267,8,26,43,51,67,83,0.764238865392039,0.437574883258001,0.179804480757396,0.414794107478731,1.48508058924199,0.0725193288702457,0.482675056312481,0.570329984026643
5.79523236046607,15.6596863799939,22.733866316866,31.0982999755481,36.4787370103976,45.5586087871776,8,26,43,51,67,83,0.768446793125843,0.45806280887726,0.18271653231759,0.432221060520867,1.48070365044817,0.084073225730854,0.502205304742905,0.603952330034467
5.81172924872086,15.8155835864071,22.9323738835436,31.2798868779495,37.3536599605732,46.8215906436468,8,26,43,51,68,84,0.77259827025741,0.47835747104845,0.186749901521143,0.450697039006524,1.47565393680499,0.101756814124897,0.565425912246856,0.664276581441085
5.82106888708397,15.9850480564621,23.227222988349,31.5010962876493,37.7193524553342,47.2504351763639,8,26,43,51,68,83,0.774951532301943,0.502156151041516,0.198891878443494,0.478896541550201,1.453723514174,0.11181216076002,0.675860284460622,0.747009135217091
5.82600395001607,16.1759176989957,22.5143097149976,30.614893184772,37.27941821342,46.843690375908,8,26,42,50,67,82,0.776195846386643,0.530433200500934,0.157249129662385,0.460497104188022,1.40241836601529,0.146365850115331,0.682003731386282,0.785891397885735
5.83122284267527,16.3487447694365,22.7525217538554,30.757728560491,37.5500704489754,47.0990809840625,8,25,41,49,66,81,0.777512363630544,0.648345354727773,0.163186584164167,0.537619841786645,1.37436551368509,0.15723398622631,0.679176057181661,0.788100566637727
5.83727611453736,16.5518418536916,23.0645230480369,30.9530527160924,37.8975097600117,47.4447972576039,8,25,41,49,66,81,0.779040183033439,0.682603155771921,0.173340615806896,0.571050489044008,1.34023082255035,0.170728968151343,0.678857102418173,0.792444788833576
5.84528415200036,16.7607776863007,23.3762406834717,31.1458155190938,38.2324728703293,47.7581253419936,8,25,41,49,66,81,0.781062730711622,0.718270175295842,0.183225845278639,0.605465242629133,1.30564205601268,0.18389271340649,0.674857210992504,0.792652577919148
5.85731631623849,16.9676771208826,23.5021899944516,30.9791293988991,38.3847443218949,47.8393710236861,8,25,40,48,65,80,0.784104523939575,0.753553221499963,0.224050158312835,0.683005784269134,1.22149793741197,0.215328176314733,0.661791455566554,0.786894166215188
5.87645986785539,17.161740389401,23.7870714250669,31.1489648175188,38.6579017720677,48.0603772840624,8,25,40,48,65,80,0.788951250316,0.785792012423911,0.234373359379233,0.717660641034676,1.18879998378114,0.226071626232502,0.652262188521524,0.778700463543771
5.90472359363859,17.3244450973855,24.0358999392047,31.3040714065751,38.872469823321,48.2178104748581,8,25,40,48,65,80,0.79612295099438,0.810928122308569,0.244378260914944,0.748601876506082,1.16232791263121,0.232377508377454,0.641885346045526,0.767046861463086
5.93545440956439,17.5245367635965,24.0048416639848,31.2377122915987,38.8426697106953,48.014812199378,8,25,40,48,64,79,0.803942095264857,0.843027587837835,0.218000246413443,0.744705870876759,1.15239621403288,0.293008335969711,0.610837041026407,0.81685916227037
5.92881694344862,17.0635239682466,23.8561449096568,30.9627986466122,36.6728814963752,48.0215975293712,8,24,39,47,62,78,0.802251376384997,0.870620745647445,0.253997533391766,0.796622749292858,1.11706425008022,0.141293914835851,0.91340758484741,0.83755273538793
5.86766540229287,16.9727550158886,23.9240594042721,30.9262705379573,36.6495031736037,48.0512395741946,8,23,38,46,60,76,0.786723598489405,0.98965722896993,0.273331459494021,0.881293630718728,1.08804261792117,0.186644969165976,0.924124720670735,0.909644200958976
5.86921929474628,16.9552032888349,24.0468752999154,30.9289770490473,36.7507603550326,46.7941957676426,8,23,38,46,60,75,0.78711706768848,0.985591207189354,0.291008494735389,0.898387086286957,1.05491469200015,0.197292695230512,0.773076778128649,0.797475907925305
5.87072186537764,16.9315846003366,24.1503838710448,30.9118180542822,36.8468284955041,47.1196894187326,8,23,38,46,60,75,0.787497596218258,0.980253929543355,0.30747678011962,0.91290867198933,1.02190589293946,0.20989761722673,0.818207281032146,0.827457331633691
5.87219276199908,16.901545967338,24.2348988165803,30.8761357122655,36.9384985033987,47.4496205620326,8,23,38,46,60,75,0.787870155417325,0.973573868142048,0.322684513070719,0.924843390916462,0.989305358433852,0.224544694210833,0.866077685953626,0.861193049029944
5.87364397377336,16.8685163673122,24.3046202675242,30.8263864478617,37.0295344442588,47.7824758036794,8,23,38,46,60,75,0.788237779257616,0.966282418299166,0.336618593108343,0.934741490238498,0.957186134091941,0.241308139176074,0.915674590183356,0.898043791357702
5.87511225406651,15.4187535515784,23.3170829869309,29.7819278860202,36.1274908025471,47.0920679490821,8,22,37,45,59,74,0.788609778019186,0.79144879553021,0.402641502747963,0.875445221030259,0.94198504524995,0.258867432593184,0.959892110443668,0.940489277097732
5.87662335740935,15.3862966887557,23.3672559132878,29.7173420379416,36.0710673983574,46.7792971025988,8,22,37,45,58,73,0.788992679930027,0.784596915520196,0.415005283164899,0.882469707174694,0.911542854835534,0.327297791152311,0.906428938253129,0.971076349257297
5.87819213086713,15.3529803758946,23.4078687230887,29.6452419586785,36.1884914279047,47.0825652758522,8,22,37,45,58,73,0.789390252545696,0.777582934009965,0.426207850685491,0.88817431049919,0.881915733362181,0.355411084554525,0.945078995183075,1.01031549497998
5.87984742927783,15.2135991302651,23.328211482753,29.4139360524084,36.2053508268698,47.0257994198186,8,21,36,44,57,72,0.789809816624668,0.873611894274791,0.435354034541513,0.958696592478867,0.842493011781779,0.393764106693028,0.929697885440276,1.01376750035108
5.88160482620887,15.1867357319554,23.3563849153318,29.3340318709495,36.3359904297931,47.2962690884021,8,21,36,44,57,72,0.790255330714631,0.867445440007515,0.443857888792806,0.962849359911015,0.814713644639403,0.427630134344995,0.958986631263846,1.05061881863647
5.88220637189871,15.167516918615,23.3509441621688,29.264942826835,36.3757494610106,47.1830138339596,8,21,35,43,56,70,0.790407844209099,0.8631840095368,0.535379377583967,1.0493242767564,0.798480552664839,0.445602756707334,1.06103301964096,1.12502082771023
5.87888785019062,15.1640898396749,23.3436645843578,29.2511555168307,36.3644523935857,47.1664891752985,8,21,35,43,56,70,0.789566586723122,0.863160689629182,0.534710946498347,1.04819629938071,0.796826159515048,0.446017580654323,1.05986226671026,1.12354519952407
5.87639742910487,15.1561216682705,23.3338344734528,29.2293641791083,36.3563302222819,47.0451199606582,8,21,35,43,56,70,0.788935427984825,0.861984263247788,0.534388011775951,1.04667394227145,0.793787993324454,0.448297471133752,1.03460708924139,1.10580684316161
5.89110479732054,15.1390867821025,23.3011247521289,29.1036673606633,36.3002596476631,46.9652853883883,8,21,35,43,56,70,0.792664920211771,0.855178213765263,0.531672541357001,1.04161514928931,0.770285618156537,0.459985886233776,1.02933368236679,1.09834845002038
5.90237755552194,15.1265624555884,23.2550161112051,28.9615518765102,36.2652586174631,46.931068178093,8,21,35,43,56,70,0.795526941087742,0.850088147774929,0.525873615110213,1.03450204964068,0.746240173060901,0.478211343004878,1.02950747199198,1.10022846973579
5.91422166532234,15.3736336277973,23.2270361086217,28.766475755721,36.3264755314584,47.1170668710115,8,21,35,43,56,70,0.798537261526417,0.90086475068295,0.479378467259005,1.03019587277337,0.704939560318386,0.522992405688561,1.0573005038383,1.13429075805877
5.92434774420354,15.5111849077924,23.1827275824007,28.4596975492149,36.4843448567116,47.4824137570045,8,21,35,43,56,70,0.801113549650371,0.92879377976228,0.449635561102035,1.02339257579321,0.641539293073643,0.608221459256316,1.10405967804676,1.20071638446089
5.93203487471807,15.6055567086837,23.2269218492714,28.4351803222255,36.6264080017653,47.5964790450124,8,21,35,43,56,70,0.80307092996012,0.947959303423912,0.441572424219692,1.03017830393008,0.625252172242823,0.639988853755338,1.09771048106629,1.21220315647135
6.62370973988215,17.6992618208997,24.8294815747561,30.2426669186097,38.5806885562197,47.4528127783641,8,21,35,42,56,69,0.984575327682223,1.27519759141734,0.366033026523261,1.28893740301475,0.834536030023115,0.562482681903442,0.776053045036958,1.02653892040027
7.81377361407061,19.1175985965135,25.0796568304427,30.5494687286031,38.6164823853134,43.7674099443749,8,20,30,37,49,59,1.31846848239424,1.50518233456205,0.537351652687405,1.92308550676736,0.849936619666123,0.732419505272225,0.382557599075174,0.863719906929158
7.8661002433844,18.4198515533318,24.3426990927326,30.338145936561,38.2014646016256,43.5815737240051,8,20,30,38,50,60,1.33369241519475,1.31132901000268,0.529418515528817,1.77166197697493,0.819270299621252,0.690199965859663,0.424232831503356,0.860545904078003
7.70446227113064,17.7340543775152,24.2461086857083,30.1920099254566,37.9036452355615,43.4228478827618,8,20,30,38,50,60,1.28680178730588,1.18062292786548,0.653007791311561,1.75214708423412,0.806605243274699,0.659355856220829,0.45034245918872,0.851140083844479
7.57102069308005,17.4157312928494,24.8406774623134,30.7159681722982,38.3696598469111,43.8530829718684,8,20,30,38,50,60,1.24839997314317,1.13552503284711,0.861283409013892,1.87349821933844,0.788654994536926,0.64771052247966,0.443568649714652,0.826482901600543
7.47786488983628,17.4513236532781,25.7099310715201,31.5267232763834,39.1560451932453,44.4561958690862,8,20,30,38,50,60,1.22176186832011,1.1668733522135,1.06675060704824,2.05602826156352,0.773873696296611,0.642835728451909,0.409499793792323,0.787231549652951
6.20813072918215,16.8808472108295,27.3370582931462,33.3322405919365,43.6611637443808,50.3283876433934,8,23,35,43,58,70,0.874274198528184,0.89910955588181,1.28669687428195,1.73967680918931,0.819202524081812,0.829380384900858,0.461919827102498,0.994229228271445
5.64497425350934,16.1243788456637,26.4644171133722,32.4626488325881,43.2167746502698,49.7151279651268,8,23,35,43,58,70,0.7309419273823,0.859647376487708,1.25754097744755,1.57685777472616,0.819983873442961,0.915919976880667,0.432644088458481,1.03383895741066
5.60297930148224,16.115367334199,26.5001599100931,32.4688903793682,43.5515209840784,49.8242235621778,8,23,35,43,58,70,0.720560822437866,0.86633471032431,1.26874939293116,1.58340573813746,0.812433848033221,0.984878153441256,0.394771509345601,1.04516171016873
5.57926382194456,16.0994475425493,26.5162818509245,32.4531207809079,43.9037667547741,49.957023490589,8,23,35,43,58,70,0.714718224627558,0.867918045066593,1.27679221482534,1.5863626604213,0.804294895642541,1.06419951941275,0.359355822680392,1.06328129581296
5.56203846787889,17.7916592013906,27.7880712558065,33.731372614137,46.1681511747202,51.6871604245745,8,26,40,48,65,78,0.710483590788111,0.852167529016215,0.884829587221672,1.28640571677087,0.805942231912915,1.01065793078829,0.216358953537723,0.877836526351718
5.57792533328406,17.5546818891696,27.6387880356256,33.4799490946736,46.4322871106774,52.0729896774629,8,26,40,48,66,80,0.714388901013623,0.805328407925352,0.903344904384525,1.26260941531774,0.780021190480497,0.991580645413628,0.177961706286975,0.799416698109276
5.62247701914092,17.6055648496186,27.5840478297584,33.337488594592,46.7524366610721,52.1875141972377,8,26,40,48,66,80,0.72537507150105,0.806488469827043,0.881060919350737,1.25393057209714,0.757959513633264,1.08490774494081,0.157262889304546,0.821485176442876
5.67447624315158,17.6472555489192,27.5210458199478,33.1946771675952,47.1517422621573,52.3863737117034,8,26,40,48,66,80,0.738261428990352,0.804600004343919,0.859169615833936,1.24397317644425,0.738051504736597,1.19808872357012,0.138385792784807,0.856176260126494
5.72627206014916,17.6710269515705,27.445566985402,33.0423847758396,47.6244626697557,52.6643860243488,8,26,40,48,66,80,0.751164714483992,0.799474923250115,0.83859951229414,1.23208811320931,0.719041476246731,1.33339422425546,0.121292828684106,0.904053302252187
5.77519805311498,17.6743145486396,27.3571137516536,32.8796302656522,48.1624457224143,53.016175786542,8,26,40,48,66,80,0.763414013488348,0.791156357906044,0.81974656141549,1.21822173538054,0.700796575125005,1.49083617265892,0.106103205442807,0.965334513903082
5.82043344891544,17.653084902115,27.2547963596244,32.7120988191503,48.7456335175571,53.4260015992993,8,26,40,48,66,80,0.774791357280333,0.779103504980046,0.803213113445208,1.20226531761631,0.684901399308458,1.66577529820694,0.0929806468968126,1.03888610820857
5.86189859451987,17.5980982616514,27.1327926038438,32.5476647304088,49.3307344474881,53.85569043625,8,26,40,48,66,80,0.785263859149246,0.761744173390979,0.789641924214653,1.18335632188165,0.674619821750794,1.84643969517983,0.0820536051987077,1.12077406683548
5.89979838673794,17.4927977193007,26.9773007812062,32.389126990405,49.8424290828062,54.235117937446,8,26,40,48,66,80,0.794871854777055,0.736261178942085,0.779533853752499,1.15944356044127,0.673883592109705,2.01271428846369,0.0733753506518311,1.20273512617585
5.93454679829656,17.3157782732855,26.7685345191754,32.2290184260764,50.1793038072837,54.4670197483598,8,26,40,48,66,80,0.803710844223605,0.699222403387009,0.773165194372684,1.12766910112382,0.685674243932143,2.13871473587459,0.0668926105409847,1.27210293133334
5.96666008129487,17.0502399576196,26.4938344888165,32.0575985661654,50.2576030641421,54.4688382239291,8,26,40,48,66,80,0.811904749116944,0.648496904708961,0.771330880556843,1.08644414374598,0.710907465809546,2.20285763686581,0.0623936071779385,1.31646593082928
6.06932560676753,16.6749808863575,25.7357473315345,31.4480162577281,46.4139187326729,49.9685771566397,8,25,36,44,60,71,0.838260773199794,0.663578952249158,1.10345656359792,1.34094045886103,0.747669698944212,1.7361503373931,0.102283344228814,1.18976782822484
6.26031945217901,16.533883872191,25.4558802281804,31.26151609974,46.1340358988882,49.8391791379557,8,25,36,44,61,72,0.887925020512198,0.606943476493793,1.06919435451751,1.29376859012924,0.771064090246378,1.54908164131098,0.116366179058111,1.11952178916929
6.47844157375134,16.4118452997969,25.1695284460104,31.1055249784011,45.8494315539381,49.7334920378736,8,25,36,44,61,72,0.945610041231847,0.551141499892982,1.02905539780044,1.24622377985657,0.804080232423577,1.51878271155609,0.134355800057885,1.14812959484954
6.53851973617708,15.4541748456989,23.3253960744734,29.4456116797219,36.4916524989013,41.4756447494277,8,24,35,43,59,70,0.961672883113253,0.476426199004008,0.821123305888743,1.04536787408342,0.851414280651614,0.227785434487966,0.273053450112037,0.389508503563222
6.51039279705527,15.4420245729058,23.4772153854109,29.6949009204817,36.8039474629637,41.7680083060224,8,25,37,45,62,73,0.95414350552222,0.40064542370467,0.725764347028253,0.89795329509819,0.876768961578781,0.186013387968651,0.270135672569206,0.354903458969936
6.59799475245419,16.9699328297504,25.9030425695124,32.0816082267696,39.2528727704522,44.6920996192945,8,28,41,49,68,80,0.977646747321806,0.38474105289048,0.788704781803722,0.920365999415044,0.866567477217284,0.117264943543542,0.268118845934744,0.271857693288304
6.54300667259875,16.7606666645022,24.2600359877737,30.470173804966,37.9931887321627,43.406793725928,8,27,41,49,68,81,0.962875493693513,0.433181995908033,0.422231483310542,0.708450657256283,0.874798083582237,0.142868221299329,0.203918392448507,0.261824641062672
6.45667709901981,16.6095709605016,23.7526641800323,30.0899049424276,37.6253638602347,43.1533553504114,8,27,41,49,68,81,0.939809273666042,0.424358564456922,0.367932738585989,0.648358993065981,0.908152625831187,0.143827523707222,0.217435914558478,0.280547742213012
6.39008275196996,17.1485895612297,23.316883520087,29.6855903069757,37.8365473544565,43.7240708738719,8,27,41,49,68,82,0.922121421882451,0.510114019922929,0.237102590923149,0.598834363470066,0.916463559106447,0.195827412941611,0.204563049222954,0.319859468945799
6.41869129798151,16.9840222024405,22.886756512175,29.0744752570708,37.2884915592388,43.3567394051139,8,27,41,49,68,82,0.929708669065952,0.481978183508626,0.20626424432815,0.551877736908912,0.8689513495741,0.201656034746577,0.225233471202016,0.324901655361764
6.46183726285069,16.6990395130991,22.4596243978406,28.4211206194188,36.0442721334425,42.2810684181894,8,27,41,49,67,81,0.941183698326336,0.435860950598717,0.190645023798798,0.507170515834539,0.810585531948178,0.190446113112643,0.245402597535555,0.313197270412158
6.50065199977141,16.3692251214571,22.1073192342981,27.8672995663244,35.330735456541,41.877566738688,8,27,41,49,67,81,0.951539733464824,0.386635794942474,0.188231267463739,0.471756543196087,0.759597748267517,0.175885793445847,0.284696983423624,0.30911629810368
6.52664222987179,15.6132491545019,21.4038192155189,27.0976152139513,34.2665504882026,41.0132444602209,8,26,40,48,66,80,0.958491392854394,0.352325863103687,0.193887612650621,0.453969593030142,0.743066521777286,0.15069412480225,0.311496613081355,0.296491774997942
6.5406359033224,15.4346995721834,21.2320113050272,26.885486402341,33.916959316849,40.7194175073593,8,26,40,48,66,80,0.962240017579502,0.328188532253673,0.194620506520671,0.437326455033616,0.733048757982482,0.139674703632022,0.319174869945867,0.287110807132134
6.55420294527753,15.2698367076765,20.8164229041075,26.5298597997513,33.6392397200848,40.3309854091958,8,26,40,48,66,80,0.965878155433344,0.306566940685241,0.168321199683024,0.398426047156044,0.747961024466166,0.145862086971818,0.304015896585065,0.289183862221018
6.54789104405276,14.7441894949049,20.7063577090587,26.7644149111169,33.5143079921246,39.2205766009326,8,23,36,44,59,71,0.964185091535833,0.448001378198901,0.272574362369924,0.608546769998968,0.835356167980161,0.248910781299497,0.306331436002716,0.425392268230848
6.52684010978179,14.7046046183495,20.6544723777821,26.7544200114143,33.4785129152495,39.2177506178679,8,23,36,44,59,71,0.958544373121549,0.445117896477491,0.270930633776398,0.602376063610694,0.846168624816525,0.245863941025417,0.311208291856081,0.430355625810753
6.5018469982878,14.6991305675847,19.3602062507052,25.2981112857266,32.2308724981797,37.9289423851076,8,23,35,43,58,70,0.951859058917229,0.448154868899709,0.170570202560203,0.51513391107521,0.804566588788371,0.271036394518674,0.305124021137331,0.430909654002759
6.47314766019462,14.7073434429363,19.377153775118,25.355025507879,32.205139977794,37.9047135010228,8,23,35,43,58,70,0.944198182422242,0.453922650448754,0.171545628563307,0.517020841454181,0.814771140288908,0.260922212499451,0.30534529954926,0.426739001951103
6.4385435607009,14.7048556359239,19.3924739675717,25.4253226925117,32.2348866695365,37.9178212890616,8,23,35,43,58,70,0.934983733706518,0.458967128123552,0.173542976222462,0.518729563710332,0.828868781682858,0.2560286702923,0.302900692114285,0.426515510366433
6.35497903683711,14.5954079891556,19.3250305172796,25.4912913558132,31.8287899810072,37.548118222187,8,23,34,42,57,68,0.91283514568183,0.454899793633076,0.236886275906723,0.572545430502531,0.863365676094268,0.202465892047886,0.390108356391653,0.449062374411823
6.14315612746811,14.2386795299735,19.1160237255416,25.5612563143923,31.2033109923007,37.1622316540457,8,23,34,42,57,68,0.857362754593332,0.432421439688549,0.257605720502704,0.547976186004535,0.936762964897393,0.135366350181336,0.431973861627883,0.430653918247485
5.69073489729064,13.4187020241286,19.1194030052928,25.892043365087,30.8004223583646,39.3284743274945,8,23,36,44,59,71,0.742304561715907,0.377681317074728,0.238651428512709,0.434011712315379,1.0249596304483,0.0803439801545588,0.831210842213547,0.613851303992526
6.19792764171186,10.5985958722629,17.0208763046649,24.2047065379367,28.5266779747489,34.667922468085,8,22,35,43,56,69,0.871612384159806,0.0738827438161297,0.337347213673379,0.288860385618451,1.13863497246077,0.0973055017912381,0.297029529733009,0.390579340218726
6.05688173190527,13.2006724903374,22.0722866083836,29.6963328897869,35.2187290525814,41.1681783971854,8,24,38,46,60,74,0.835053338916699,0.238599158326195,0.660097755458812,0.642183258045826,1.26362563234591,0.165888671536236,0.211533377554929,0.431651242874881
6.27056622896982,13.7029194533789,24.5540936399221,33.1304381302359,38.5807577599935,45.1829474494241,8,25,39,47,62,76,0.890612200086842,0.218082317846213,1.0708840233581,0.890318638091515,1.54427471010946,0.119411867775,0.292006381128902,0.537931273373961
6.79012689688109,14.6099838979952,26.8768618294701,36.6556236005635,43.6615668527328,49.2482464390567,8,26,40,48,64,78,1.02972962772184,0.209239487952478,1.40385261561938,1.14410904114524,1.91555944578499,0.223423548210053,0.172393807488615,0.678376595815446
7.45951999151687,15.1894307671496,28.1932008605482,38.7860853542992,44.3505892568402,50.226580506655,8,27,42,50,66,81,1.21653289059783,0.159292667747719,1.42086265044007,1.16713966177147,2.17587520970487,0.0961218581024375,0.156333286450325,0.575343187842395
8.31705964172503,16.9602569585796,28.9584537005363,39.2075464693963,45.1060367336987,51.6030556974866,8,28,43,51,67,82,1.46657556945722,0.197701061071285,1.18605387370375,1.19468883241358,2.06515164704355,0.12042642373849,0.219856679422291,0.645662611028052
9.76219546885291,17.225737909631,26.9268252583754,36.8393979064402,42.356291758861,48.4197738857811,8,28,43,51,68,83,1.9103320358949,0.107591197224011,0.707557350801293,0.906302798499878,1.9578886135681,0.0681343915948674,0.174317859340645,0.462732179678791
9.87659417011283,16.9760166359293,26.1558411151746,35.8004938109871,41.4062147639874,47.3085202255456,8,28,44,52,69,84,1.94648894095961,0.0860418122837602,0.518183026539856,0.738667593296706,1.87332625211394,0.0729565707832366,0.158794330917321,0.429751988193574
9.90821200970929,16.9202513765273,25.4348236427701,34.9195192552908,40.7627789802401,46.4531685599745,8,29,45,53,71,86,1.95650624333371,0.0611987895441927,0.415992808379316,0.595907485829686,1.82320854411014,0.0639930927782041,0.139563624580409,0.370797287103016
9.90907265545742,16.790430443994,22.2219865969878,31.9256594271187,38.0026379661464,44.3939654556412,8,29,45,53,71,86,1.95677906189125,0.0557275497567369,0.0873238240649419,0.305056039575325,1.8918889214279,0.0761408517376713,0.208252367284625,0.478156461533471
9.83847380708337,16.5773931718253,22.557282010782,32.094907588637,38.4764929469416,44.4502816177977,8,29,47,55,73,89,1.93442532764732,0.0501381815546613,0.0709352193102273,0.258885656863715,1.83976134093987,0.0939636516317399,0.126342031946351,0.402738601211959
9.7752859790561,16.3802150318802,22.1922874884897,32.0235819318826,38.5224857282222,44.6335120294712,8,28,46,54,72,88,1.91446243656539,0.0613805090760007,0.0624707754524726,0.267536585881147,1.93215503960153,0.101437565428185,0.1375359732829,0.4534895243683
9.72457027112567,16.4669985109793,22.5928914090169,32.6701191686444,39.2612987294791,45.6682980709834,8,28,47,55,73,89,1.8984704448928,0.0677160556042984,0.0581991578387482,0.261243789591079,2.01022877698868,0.10755609928385,0.16348228685272,0.516171791953923
9.69397653396762,16.6224585400608,22.7544909332207,33.0882464074398,39.7946044408682,46.5621284456984,8,28,47,55,73,89,1.88883672201163,0.076925234366051,0.0584737290364671,0.272102704159731,2.09231393604082,0.115490701983866,0.198384937073677,0.593749977704396
9.69275070246903,16.8556738642551,22.9429395782146,33.5455452820164,40.3859281748352,47.5254543344369,8,28,47,55,73,89,1.88845092679173,0.0895901609456314,0.0564905741497455,0.285091822679893,2.17902223464588,0.125140338153226,0.238122065177276,0.681777856731858
9.73073305239186,17.1820681504134,23.2041438714534,34.0684016304615,41.0398076436274,48.6092799174793,8,28,47,55,73,90,1.90041226819927,0.106821303022766,0.0536806717407463,0.303676406806703,2.26404900326088,0.135007669606948,0.232492214262322,0.714480756930028
9.81664186129503,17.6105938870792,23.5762091786958,34.6787175827422,41.7603347637633,49.7245971567285,8,28,47,55,73,91,1.92752321902368,0.129690706127674,0.0513211965020045,0.331312984446594,2.34199800487886,0.14363979029549,0.223636144667673,0.737776495322263
9.95532050432759,18.1493645336605,24.0697772158581,35.3779991500063,42.5419484811465,50.8244212660611,8,28,47,55,72,90,1.97145055053638,0.159721434524839,0.0494813866355638,0.370081175057159,2.40969085757177,0.191268864910705,0.257131754569026,0.883525515501841
10.1476823346818,18.8267505440059,24.7417321650746,36.2067053482202,43.4122205376189,52.0169408357242,8,28,47,55,72,90,2.03270848122222,0.200927802995028,0.0492632626989987,0.426701158143335,2.46150657751166,0.195299700367997,0.293493601090649,0.953204247383896
10.3840265063663,19.5871649375478,25.5674061283497,37.1636568008723,44.3425413943105,53.2301229485489,8,27,46,54,71,89,2.10847510300949,0.304981528268651,0.0519258400024169,0.554272902232679,2.50505387382348,0.192712054078513,0.327390408572059,1.00663743799817
10.6405952073544,20.446394810273,26.6709681514066,38.3133680749903,45.3989480368444,54.5606801111199,8,27,46,54,71,89,2.19132882792638,0.378532020735057,0.0627127881315393,0.672085858023413,2.52039487616068,0.183790993559786,0.361967458602918,1.03854740743123
10.8794657666055,21.3120273283042,27.875346889115,39.540950164071,46.4991548595941,55.9110871480719,8,27,46,54,71,89,2.26900986055087,0.463061469050321,0.079863420506047,0.813486177995847,2.52811447130846,0.171978527554578,0.394970457431908,1.05931084865932
11.1054096345141,22.2377456494899,29.1105497052294,40.686499305957,47.4813657420737,57.1772582610947,8,27,46,54,71,89,2.34295021943183,0.566577995383352,0.0978263230403249,0.971823220843193,2.49831066913143,0.157452986298487,0.434057990108964,1.06373770884929
11.2418833829646,23.0012376145166,30.197083306999,41.6365872550978,48.2851506891771,58.2574106464141,8,27,46,54,71,89,2.38782263386693,0.667024147388637,0.118959244918305,1.12174344898296,2.45307389698627,0.145038963601361,0.473722989978995,1.06282485362544
11.2559780936862,23.4411405694108,31.1281734565858,42.4012032121649,48.9485580404623,59.0897483888122,8,27,46,54,71,89,2.39246584495619,0.739145421126742,0.155805827462442,1.25778766281781,2.39808536692979,0.136782420041732,0.498737674660878,1.04874251284839
11.2482014077831,23.566479552622,30.8687020713926,41.8466111050299,48.3207224105773,57.7542764352432,8,27,44,52,69,85,2.3899037723383,0.762314647552753,0.204850718880068,1.39977161145896,2.30117116314341,0.130976520818293,0.559697530140127,1.0591713054786
11.2489175399824,23.5572016367918,30.8546019978125,41.8207705991908,48.2454560010301,57.7712525654226,8,27,44,52,69,85,2.39013968508556,0.760565044300996,0.204368759102839,1.3975222156087,2.29733113656556,0.127139003864529,0.57512358447855,1.06370307447521
11.2812627194976,23.5952639448865,30.8809780626652,41.8622646507039,48.2400765225076,57.3811900024829,8,27,44,52,69,84,2.40079947334993,0.761565710762046,0.203203238980426,1.40173124392912,2.302276105413,0.123559539068149,0.605340196740686,1.08739363141794
11.3373123722336,23.6289514606124,30.9276398711542,41.9296540089616,48.2698747204212,57.3689726697233,8,27,44,52,69,84,2.41929185123651,0.757654722119104,0.204497437083024,1.40919039762801,2.30905913586781,0.120731044052566,0.597929168134899,1.07864137784677
11.3782727346653,23.5408541040637,30.9059942216445,41.9184911477901,48.2229015626168,57.2697689801125,8,27,44,52,69,85,2.43282214366286,0.735244124782061,0.211193924803782,1.40572815826198,2.3124910122229,0.118071423599381,0.496976898408131,0.984365385934391
11.8534658427461,22.9420419337438,28.1665668689509,39.8729268922592,46.162956237182,55.0445355468684,8,27,44,52,69,85,2.59076836072539,0.559833336782256,0.0536794185097032,0.99756146579752,2.54168411411073,0.117012922008591,0.471151201134889,1.05806348803244
12.4156140001542,23.4373509366577,28.1331402456198,40.0174373328223,46.3400360654257,55.1250714514468,8,28,45,53,70,86,2.77981911772043,0.470882517583447,0.0328403206657775,0.917072935378034,2.60107661920777,0.119418012236434,0.45634630613139,1.07471643144616
12.886637425797,25.9245943315062,30.7993913877796,42.68532662129,49.4812025555569,59.7026524967001,8,30,49,57,77,94,2.93993189224926,0.604783826186057,0.0182472410817904,0.97131695285322,2.60162452544555,0.0702861509337776,0.598247114484502,1.02065496862644
12.8047439253846,25.7614169733868,31.5676429336513,42.9805346907374,50.3716273270628,59.8724029378192,8,30,49,57,77,94,2.91198740690026,0.592743209294784,0.0450264530907441,1.07344110632557,2.44426838499149,0.103070338166787,0.483539814086985,0.939715122578159
6.99818920818596,18.3058907038835,28.8785179075507,40.2165007925837,49.3524829965291,57.8822534363786,8,30,50,58,78,95,1.08692900074529,0.372930146474681,0.410466176367992,0.676802387964635,2.41951322886734,0.244507865909411,0.34646016514221,1.03454063017166
7.12711058309918,18.4996994401709,29.0942735324103,40.6218501629425,49.7861178011075,58.0202720635005,8,30,50,58,78,95,1.12277161057331,0.38066032824963,0.413327661562202,0.700330354227041,2.4822562481865,0.247355656210593,0.308996224348291,1.02378987459106
7.30591095957037,18.7167114059618,29.281814272236,41.0708384004745,50.4984647891943,58.3766453032937,8,30,51,59,80,97,1.1729694973435,0.385249144650162,0.345806692545264,0.66220215332786,2.56924593235473,0.225902895993365,0.266668102678014,0.969726216670861
7.49386341549498,18.9919445907976,29.4755586367967,41.464469837762,50.7829146905136,58.3850219215821,8,30,51,59,80,98,1.22632657622828,0.395831921380701,0.33634882041043,0.682894390244033,2.63610703831501,0.215795991679042,0.188491683977532,0.872976718507148
7.6852419033573,19.3237597072751,29.7484321573226,41.9099617936759,51.1161302366337,58.5240743078129,8,30,51,59,81,98,1.28125309783209,0.413153688032612,0.329589655735281,0.712578750346687,2.69408612547352,0.166674249700057,0.215567360388271,0.856219068132941
7.87757374463074,19.9695232228408,30.6393538875088,42.9492385526408,52.0416924187753,59.1961766752747,8,31,52,60,82,99,1.3370361045342,0.404851816316373,0.358153424028402,0.751012176055893,2.74408827997774,0.158033590554792,0.190357252919075,0.829149438462733
8.06916582628583,20.3491618234405,31.0780056721376,43.490338464596,52.5015894206471,59.6079146068875,8,31,52,60,82,99,1.3931628902289,0.427867884705944,0.365205127177382,0.800862834687119,2.77870906616203,0.152024478838609,0.185754928347261,0.825848569166447
8.25863316343564,20.7079510186672,31.5802958189332,44.0617197120719,53.0125457603093,60.1387356421083,8,31,52,60,82,99,1.4491943471609,0.449120276581078,0.382634526520037,0.859859697640147,2.80209880982626,0.147640075636504,0.187645996920239,0.829347960876891
8.44484163244139,21.0352879205848,32.119804633714,44.6388310747987,53.5482763150539,60.7326867076612,8,31,52,60,82,99,1.50475381545156,0.467211989830158,0.409129372534458,0.925467190906323,2.81484247579986,0.144680372782942,0.193247475502179,0.836045012870164
8.62689274512521,21.3313416154549,32.6670400093405,45.1972688348658,54.0809303446427,61.3322316000528,8,31,52,60,82,99,1.55952719634388,0.482074776900861,0.441596415614436,0.994340503102538,2.81864089510051,0.142853844788467,0.19979153839718,0.84250385222661
8.80406077351728,21.6028522992026,34.6524373671934,47.3775710049556,56.1400579642835,63.5661806820204,8,31,54,62,84,101,1.6132477949354,0.494540921155758,0.528404810586302,1.10547605947376,2.88486449203416,0.134450818367523,0.217438920815182,0.873515212500014
8.83319903020686,22.0321385327053,38.0206663991053,50.7793531320914,60.5414198610001,68.5669115930115,8,32,52,60,82,100,1.62212141474873,0.477177452781713,1.36107752657221,1.78236248649292,2.8962907656972,0.212695992729425,0.229892751851256,1.01237708975805
8.85001214376331,22.6052074296104,38.2908054850652,51.083224420628,61.4993843777651,69.7224093212682,8,32,52,60,83,102,1.62724645824568,0.550937650867204,1.29690734326206,1.82719755298658,2.90778557951848,0.228172386933462,0.202496257356876,0.980262209460223
8.86180139953385,23.536463984566,38.8445621405631,51.6682889885448,62.5914592210476,70.9695743237187,8,32,52,60,84,103,1.63084222256803,0.683483148508528,1.21849231068551,1.92050676897226,2.91846101504912,0.230299489711328,0.217256141486593,0.997066514477865
8.86883596006963,24.4021607065993,40.0980487379975,52.8317724557084,64.1002955377314,72.2094549984604,8,32,53,61,85,104,1.63298861653883,0.818527375730481,1.17146634397604,2.0303774744614,2.88778906920693,0.261817749975622,0.192015043304255,0.995309230197939
9.0537911180091,25.9922588602726,43.5545878778921,55.7492262863589,66.5616056140871,75.1886408690666,8,32,52,60,84,103,1.68964169757935,1.0610796634656,1.71107333088108,2.78502365749206,2.70523153734283,0.220654265892688,0.242103353504754,0.934572785339674
8.80813318069204,24.6379553319435,42.9985299433649,55.1982162406653,65.2872619759521,74.7387638396777,8,32,52,60,83,102,1.61448734154467,0.867549623547496,1.8983943305662,2.67675695974289,2.70693150417726,0.199870225955308,0.334349313971132,1.02054084948494
8.73494471132978,23.2218542662351,39.4173591870733,51.9184813763133,62.0137588808191,70.4782477024824,8,31,50,58,81,99,1.59224257656806,0.741891141636154,1.54932502307787,2.24062749299115,2.80877343125262,0.200390058873075,0.277371749873135,1.00555120234119
8.79042082252512,25.404605305288,39.5510418212738,52.2598510735928,63.606806655857,71.4474943988669,8,32,51,59,83,100,1.60909763751383,1.00285010401194,1.10817208598122,2.15167799943197,2.87930805366709,0.269280585358021,0.262390621943567,1.11856826583772
8.7937218366259,25.3027522058141,39.3088189691772,52.0783472154296,63.0429713014342,70.9678866321008,8,32,51,59,82,99,1.61010180391925,0.98425069107072,1.07990073868706,2.10842287571994,2.89998436976746,0.280232570759159,0.272048624473524,1.16591586673017
8.81654825051618,25.2100836629656,39.0471424272202,51.913108007724,62.7384423019099,70.7889640265158,8,32,51,59,82,99,1.61704935795817,0.9639840231512,1.04622042982936,2.06207892190154,2.93287389391052,0.266469109140025,0.286775454897236,1.17772083931701
8.86379439958995,25.1826792381793,38.8446437533064,51.8456839180175,59.8413088098914,67.7188471873028,8,32,51,59,81,98,1.63145026645398,0.950975451759893,1.0117478315247,2.02649277313296,2.97904272763392,0.0881396509223126,0.266594549766717,0.868546444845764
8.93449139218227,25.1915758574945,37.854334094703,51.040668644617,58.8329544042488,66.5567329103638,8,31,49,57,79,96,1.65305118219987,1.04617367548987,0.93475917827977,2.07026716367459,3.04256722044166,0.0778170538317252,0.249276872654775,0.847112330466114
9.02375555654118,21.5348047452699,33.3258893778422,46.4824980719649,53.7346334170821,61.5079499532705,8,30,48,56,77,94,1.68041313940151,0.528680231566231,0.771603188505144,1.41363602487685,3.03236166621267,0.0721266736786601,0.25479200338502,0.85156865172379
9.23099307319016,21.556264640308,33.3516926008337,46.6418893546003,53.6464475683062,61.5113342630748,8,29,47,55,76,93,1.74430735421396,0.580678245039112,0.772385544647582,1.51129499739323,3.07826878746998,0.0608766024346524,0.265147454557422,0.848757083145148
9.56086548535532,21.811716099294,33.6233158818008,46.9551964318606,53.7457776978894,61.7545762195147,8,29,47,55,76,93,1.84703896035931,0.56961879870265,0.775301327357734,1.55515435236802,3.09261596546212,0.052120818426545,0.281840743583937,0.845204071409392
9.96032475549847,22.0320408918691,33.542796273183,46.806506697473,53.7390291489265,61.7424259350008,8,29,47,55,76,93,1.97303940032338,0.543389794604602,0.721784180603488,1.54209850784016,3.06915801301085,0.0578301736003403,0.281204975231571,0.853775070950034
10.4376951327889,21.9080534595688,32.998840691217,45.9234816292741,53.0876222706122,61.6561108289889,8,29,47,55,76,93,2.12575517371325,0.459486048926752,0.649706412065107,1.45510245951019,2.9529147271829,0.0679884541483488,0.351519154436427,0.912192173023268
10.7575831652419,21.816359502213,32.5093477357277,45.568529692054,52.2427621571671,60.6068716434532,8,28,44,52,71,86,2.22930941989038,0.47603755369382,0.78476791109506,1.67159527355404,2.99895198140033,0.086046314449609,0.474476551241027,1.15277889808319
11.5030675983088,23.3901177267334,35.1189609153427,47.6580119920415,54.319520189238,64.7765110865324,8,28,44,52,72,87,2.47412909070666,0.597911934804843,0.991244436964075,2.14257023315409,2.82163288363679,0.0639395730918238,0.855113900312757,1.30193501708021
10.4106421884251,23.8401442450522,35.9199724152953,47.8834269035337,53.2184668344768,63.8779183500874,8,30,46,54,74,89,2.11704131979539,0.664280063176775,1.06512318114596,2.0581413393485,2.62757523163759,0.02029972041965,0.896381120693586,1.04822660508323
9.55916385814814,23.098530381926,34.671183318277,46.3430970176803,51.2897688316811,61.9412198938984,8,30,46,54,75,90,1.84650589070494,0.681412177908326,0.958982533497839,1.83443820221596,2.53021463272208,0.00865710957684706,0.8947369825094,0.877644927815456
9.49464371862578,22.3640081865819,33.6811833524104,45.2607368240869,50.1841002811199,61.4178729105449,8,30,46,54,75,90,1.8263172406279,0.579931020071016,0.907053985026238,1.66438095322545,2.49950749351845,0.00840447863677827,1.01719589104276,0.939182259678518
9.48952622238432,21.7928702483816,32.9467381580401,44.379573958867,51.7672388128487,64.040788104374,8,30,46,54,76,91,1.82471792984148,0.499968963750751,0.874420475292984,1.54257403817459,2.45086698527147,0.0596339832985021,1.24898014466327,1.34207598971445
9.35061585090578,23.3432032799106,40.2784217837216,51.0631583816889,61.9567528127548,74.9438665572611,8,33,54,62,87,107,1.7814183160267,0.510693866081153,1.42697654400244,1.95654929960438,2.23814255801671,0.188424210783706,0.778156236187493,1.18425829416786
9.67556191020494,23.140960121468,41.559905609032,53.3690622217168,64.7084336106284,79.7637169845596,8,34,55,63,89,109,1.88304295199245,0.384082389582942,1.7552333730692,2.07055799587509,2.57596643798061,0.186384591145147,1.16696908108317,1.61887613235332
10.0466764538159,23.2934922497687,40.7675424876752,52.79049961035,63.9343189663568,80.2764934141459,8,34,55,63,89,109,2.00049636241789,0.360269613648686,1.54351906799736,1.93632611345106,2.64752503645937,0.172074915536164,1.43734782884082,1.8282555026894
10.4897282147501,23.7906214513689,40.571854400687,52.467993537301,63.5781037579561,80.9501331907147,8,34,55,63,89,109,2.14253467939226,0.366088488722339,1.39425843618635,1.9037338878507,2.60503785207712,0.169674930021273,1.66734863802733,1.97345488727331
10.6058670375368,26.9116927241105,44.2704861659477,55.8197552914292,67.5615780766044,85.7134092970624,8,35,55,63,90,110,2.1800782138689,0.67739114915351,1.66432119658169,2.55594376584311,2.4894534367093,0.18126108367137,1.84881397655346,2.05051454313626
10.413038088156,27.3464343378949,44.3770922505569,55.8518766355726,67.317848791152,85.4959049769101,8,35,55,63,90,110,2.11781276750088,0.769668833069317,1.58984910002903,2.57582545797394,2.46475638827652,0.161993098729393,1.85502015259277,1.99538912655306
9.69143213871629,26.9867390978066,43.8945944647521,55.1989844993619,65.1847477229638,82.4555241580803,8,35,55,63,89,109,1.88803596479873,0.825235754173901,1.56227014569513,2.48630532323746,2.40842669816258,0.100779436118901,1.64423517919622,1.6751160127723
9.68156638680125,27.604428217928,44.7879748921582,56.290680394772,66.378214055787,84.7879179066609,8,35,56,64,90,111,1.88493173167661,0.925513893113635,1.48029467968169,2.53485649054422,2.47400905627226,0.106133841316325,1.75311933253821,1.80977477722236
9.74207488242617,28.1961313227498,44.8947398271456,56.427341047316,66.8061948197441,85.4919282140984,8,35,56,64,90,111,1.90398701171942,1.01414537247502,1.37681292371175,2.55457670009892,2.48392298575166,0.122421346332287,1.81661774336792,1.90794068831827
9.80053840571832,28.6790429074345,44.8717866417824,56.3973628514222,67.1728424157787,85.9633205692192,8,35,56,64,90,111,1.92243536950912,1.08734423686483,1.27171919139666,2.55033221984878,2.48159273219257,0.146912601466099,1.84090426881159,1.99077692269416
9.85588618443762,29.1039896474655,44.8546427802528,56.3301985121497,67.5879590908434,86.324748857694,8,35,56,64,90,111,1.93993378452644,1.15274989700575,1.18236797710228,2.54716373307307,2.46501191792471,0.180332378241335,1.82844288144888,2.05516507925856
9.90452577460403,29.4988952073621,44.9176131359846,56.3025572889186,68.0612588578647,86.6619111182584,8,35,56,64,90,111,1.95533781993049,1.2153946787339,1.1168707098801,2.55880905942885,2.43502718648163,0.219294287109397,1.79696734334126,2.10230813827617
9.94246282644059,29.8476616467699,44.995400921796,56.2598498672588,68.4447323850831,86.8525374527094,8,35,56,64,90,111,1.96736941788105,1.27272774370027,1.06444607704046,2.57322227495618,2.395257185734,0.255839612090467,1.75268508569744,2.12183175430095
9.98964454575845,30.2134134807331,45.6348440940859,56.7703176575889,69.2159841323521,87.6146199700625,8,35,57,65,91,112,1.98235359148776,1.3325422609733,1.0027180950295,2.57476529442335,2.35282172566327,0.279730673203051,1.75058860155456,2.14313179298343
10.0632681190786,30.6548165202596,46.110046690938,57.1493712876823,69.7206729036601,88.6800350757996,8,35,57,65,91,113,2.00578063015779,1.40289078429592,1.00894083060229,2.66292467826405,2.32127822277746,0.291651462982296,1.72792060170483,2.13861329712545
10.1327192532739,31.0237665373635,46.399877465346,57.3288903760898,69.9616781366968,88.863330985438,8,35,57,65,91,113,2.02793011411939,1.46117913145758,0.994398120464825,2.71723897219432,2.28518626581979,0.297582448898248,1.71501030937688,2.12024575597353
10.21274985068,31.3442450422921,46.5632989983365,57.3772862605874,70.0681835759046,88.9419052962118,8,35,58,66,92,115,2.0535131982058,1.50861071644868,0.862539108048065,2.6296596382625,2.24766531502446,0.30324609670122,1.56692798051737,2.00204195441479
10.2921963255097,31.5703767060613,46.599003611184,57.2823562173989,70.0376988719868,88.8795117450199,8,35,58,66,92,115,2.07897184702263,1.53781979794221,0.830428067228366,2.63625553343705,2.205195773582,0.30959344176249,1.56012781260659,1.98567814218122
10.3714118546063,31.3310973742477,45.8267973828687,56.6068996211891,68.8730215407963,87.0470721994436,8,35,58,66,92,115,2.10441745872163,1.47466171950007,0.743293945770988,2.49500503425086,2.236634511588,0.26315825681389,1.42023037814753,1.81232552528708
10.4324478530857,30.7791064152681,44.7352991468245,55.7752891726394,67.3302489918029,84.3747762503532,8,35,58,66,92,115,2.12406446271556,1.35589581044372,0.659332001941524,2.30047995138706,2.32149625796892,0.202925573912793,1.19462536650982,1.56618342159464
10.4583220687688,30.1152874208964,43.8664828637002,55.1660355331457,66.1186081336636,82.2336619326824,8,35,58,66,92,115,2.13240384455502,1.22685781986375,0.62858976081325,2.15007875129252,2.40683100430709,0.158718596101712,1.02021603258531,1.3793162246335
12.0165341460053,31.185598341852,46.9457264001677,58.7488390948448,69.1011107811803,87.9762516779672,8,36,60,68,95,119,2.64537030246845,1.03540740418488,0.855919396471546,2.47141026559297,2.57394856811458,0.0969487014670086,1.43452274158678,1.59782827145063
13.3488258526189,29.238111055334,44.5197064029201,57.0347646998206,67.4254936006551,84.717716428222,8,36,60,68,95,119,3.09845143841117,0.547270557958768,0.77785474644489,2.05433689214595,2.81349719463401,0.0988597191545032,1.12606974839423,1.47498412509489
14.425249373497,29.3188176776084,46.7125778185827,59.4754499579046,71.990596008603,86.7780974879577,8,36,60,68,95,119,3.47258573837189,0.427750261917359,1.14500067359006,2.43002085557723,2.89771660266221,0.24202406089972,0.700625489532992,1.45582816256314
14.7725507243559,29.7867598426333,47.4634999847729,60.2029461013599,73.0167371572676,88.1753317476623,8,36,60,68,95,119,3.59465813934489,0.441458650023969,1.19839921358699,2.56428787451551,2.88973758947082,0.268141212971107,0.758303493347099,1.55030168111573
15.0836469120834,30.2880448104612,48.1128822109861,60.7211786308123,74.0402701441057,89.2576854422451,8,35,59,67,94,118,3.70452834840725,0.528558843890056,1.22671468459746,2.80030288911411,2.84513531701754,0.315656820082019,0.767626555707344,1.61502015318128
15.3452709934327,30.796055015097,48.6880858120773,61.2859420322818,75.2583402207009,90.3825317520446,8,35,59,67,94,117,3.79729527150053,0.560352465834856,1.23964430035998,2.90915101035715,2.84158973538085,0.383184317915502,0.846479696608615,1.79216717738387
15.5465376304193,31.2803308550408,47.527392404557,60.3247192555151,74.4154173510616,90.1833523548981,8,35,58,66,92,115,3.86888290036753,0.597951650220586,1.04433348704032,2.80992551406247,2.90945866242361,0.45644054353038,0.957868193743219,2.04859952454628
15.6827372594242,31.706292761524,47.990566296428,60.8145286654397,75.6540985250336,91.9878765796514,8,34,57,65,90,113,3.91743423658908,0.717676064672034,1.05117192358431,3.02248227225755,2.91854134800081,0.626117126582055,1.06029639259701,2.3906314308126
16.2927002910825,31.4823332835992,46.9108794127204,59.960668328446,75.0079996878693,91.3406994844447,8,33,55,63,88,110,4.13589115701941,0.676950812743399,1.00402685851894,3.06486488320279,2.99573409646821,0.656071642608091,1.17562537676458,2.58568038446289
16.445009079605,31.8769103982571,46.8199458284962,60.0809346568836,74.8031035140256,91.1548410909716,8,33,53,61,86,106,4.19069215669443,0.713165651132393,1.14435443276003,3.31227956913027,3.06822208401083,0.609471542692996,1.43943015813864,2.81173522834656
16.7895793804609,31.7891969630296,46.6374720751372,60.1662268962135,74.7705908108561,90.7138201899023,8,33,53,61,86,106,4.31502553687096,0.649136564404698,1.12538999427947,3.27454834636594,3.16052159203463,0.592974843032312,1.35141280460625,2.76136151016294
17.1272655037175,31.8335021825043,46.7247197659428,60.4575964079069,74.9804812545235,90.6060910783983,8,33,53,61,86,106,4.43733979502291,0.607228380994964,1.13396961626811,3.29257034254917,3.23117193689222,0.581686734529015,1.28433007628677,2.7235937778377
17.456181759096,32.0740621199017,47.1560044720828,61.0223995611956,75.4995984072441,90.9285727403248,8,33,53,61,86,106,4.55690398323,0.594857061443097,1.17236386553652,3.38215958790311,3.27751687864938,0.575401207257059,1.24341018931454,2.70260117276815
17.697751693262,30.2442564192772,44.9078348872092,58.76425792042,72.6958946192603,86.9844257077665,8,32,52,60,82,101,4.64497644191869,0.397158457784894,1.08876493730875,3.05491269582445,3.27405197795402,0.744108300015541,1.13706212287676,2.87782069102904
17.8790562624443,30.538207976244,45.1285399105604,59.0466909163412,73.0383748716699,87.5979713657414,8,33,54,62,85,104,4.71121771005095,0.351978624833765,0.959669825722375,2.84104886477515,3.29550917031164,0.664720233115277,1.19291673577898,2.82606556681173
18.025938688478,30.9258372041955,44.9254171939053,58.4092370772089,72.2882941991092,87.5438467313639,8,32,51,59,82,101,4.76496918358902,0.439613850378223,1.07860076519318,3.19301096433686,3.14500203550695,0.647688136467721,1.34062152730373,2.85590130216789
18.0845410893871,41.1717717554392,56.0075762294858,68.5520101376742,82.9177155344391,99.2984102789067,8,32,52,60,83,102,4.78643602941884,2.37487868577135,1.12290295583677,5.56156516591765,2.82345868566176,0.722665156892689,1.59161889853571,2.99192491202246
18.0083606395719,41.5455351396614,56.4130098184264,68.6951393990006,83.2312871054287,102.186235549438,8,32,52,60,83,103,4.75853247281621,2.48405067405809,1.1292229670697,5.66159979934878,2.7347216336652,0.749763303057292,2.04178399629524,3.3703777930929
17.9103180162981,41.9259699988799,56.7945947169404,68.8078961385128,83.5501223147193,102.601012877482,8,31,51,59,82,102,4.72265146769915,2.78048906030839,1.12945271197629,5.93855952066626,2.64428592679321,0.78309419287766,2.06522877368521,3.37738869686063
17.8023052171469,42.2920814994432,57.1768114804439,68.9562092682304,83.9470005814286,103.094269080587,8,31,51,59,82,102,4.68316148356765,2.90257048130318,1.13267189421122,6.03518552660275,2.56603362055477,0.824108323240857,2.0888618670637,3.40087858943403
17.6929129718706,42.5945315245702,57.4950091501276,69.0499272287363,84.2741243144994,103.510134977512,8,31,51,59,82,102,4.64321020900043,3.00981031587677,1.13582286152242,6.11596446800978,2.49132827340402,0.863413356651462,2.11069449377268,3.42158572736869
17.5869303929892,42.847112853031,57.7519763153491,69.0910509242696,84.5301662536493,103.839139961104,8,31,51,59,82,102,4.60454596217555,3.1040555313773,1.13670100395462,6.18142051763267,2.41987368214326,0.900270398377846,2.12869635834504,3.43688624136678
17.4859992148461,43.0586743629866,57.9508793881529,69.081637926483,84.7145900770491,104.075254440203,8,31,51,59,82,102,4.56776320372497,3.18684153897166,1.13416718334813,6.23222082767746,2.35127303822898,0.934049244307133,2.14147760056652,3.44479887020499
17.3896567514281,43.2354153838393,58.6833113061014,69.622884923121,85.4445561110856,104.873298840745,8,31,52,60,83,103,4.53268828278475,3.25967224943423,1.1225721359369,6.23116674134667,2.28863695968909,0.96741738039851,2.15834594837009,3.45876575340364
17.2963376351099,43.3814351430178,58.7609572283936,69.5008024304048,85.4670256378073,104.893526947345,8,31,52,60,83,103,4.49874750868401,3.32386834726328,1.10922895417541,6.25092030583102,2.22354275379213,0.993292421274547,2.15778994137877,3.44654221397586
17.2041351685745,43.4999933626198,58.784658008392,69.3321548119187,85.4261155781925,104.828763352384,8,31,52,60,83,103,4.46524552392806,3.3806768159791,1.09081712747154,6.25695343805551,2.16119352345384,1.01638297212561,2.15187549065603,3.42773805537311
17.1112172221688,44.1229153635749,59.3757994341989,69.7184306942919,85.8321770375443,105.278715115038,8,32,53,61,84,104,4.43151673566178,3.37346268795744,1.08467457625159,6.22058533009417,2.0951655658586,1.01997827410425,2.16276178700289,3.39779915011672
16.8331813216383,43.7371032774155,58.7963933223866,69.1327615489646,85.305020305922,109.826230842138,8,32,53,61,85,105,4.33079321202066,3.34474502096946,1.04754205187046,6.07460297087998,2.09315328744366,0.925634078020838,3.51824097120286,4.37856616683831
16.3248169681015,43.5906753223881,58.4946124223242,68.8780679098228,85.1242321461613,109.153975373093,8,32,53,61,85,105,4.14743862639483,3.44144807847065,1.01810318062129,5.99896373693162,2.10829139550716,0.938372293441647,3.37955385325341,4.29408724962686
15.7432069851119,43.226454619789,57.8346367426021,68.3001994732503,84.6303578715946,108.108747551005,8,32,53,61,85,105,3.93901727410105,3.49988670183669,0.962959629905261,5.83450380183097,2.13473867658364,0.952935380584619,3.22566568372934,4.20679848120125
15.1594470812439,43.0225025974777,58.5813560903961,69.5678561883709,85.6696455091881,109.550134262865,8,32,54,62,86,106,3.73137151418709,3.60261466275344,1.02811220990126,5.84019539519018,2.30398186126921,0.913554482503762,3.33771537206231,4.36460683752932
14.2128060521589,40.9028480589783,57.2201745112752,68.2782851099294,83.9465933803538,110.120794782797,8,32,54,62,86,106,3.39822947641391,3.28795432201267,1.17262216957531,5.5069708092857,2.32743512457887,0.84069710074946,3.99450505795817,4.81297734159667
12.62455932879,37.0819999571873,54.6991582148316,65.8028137701147,80.8217591128233,108.521209627098,8,32,55,63,87,107,2.85065981527341,2.71188636992848,1.30720620973644,4.74329283724583,2.34237450350409,0.736365984850994,4.44626721720795,5.03156603540799
10.9958839540171,34.6175209888495,51.8418059533359,62.9045980558155,77.5846060582659,105.424914788987,8,32,55,63,87,106,2.30705266385808,2.50471027955053,1.22955825254848,4.09943987081565,2.32896990586201,0.684290998785663,4.73817015024703,5.14491937880739
9.75128185718537,33.4922594958571,49.7218052685811,60.8620447603918,75.354881946131,103.846015791658,8,32,54,62,86,105,1.90688989528889,2.53398915965314,1.15552939547459,3.78494554759388,2.35438732378835,0.656255769130721,4.93934566672763,5.27627746456909
9.46571229857458,42.5110774731054,52.3733069311584,64.2921687630426,84.3246254971607,106.200803029646,8,34,55,63,89,107,1.81727948922239,4.61672059211124,0.26859708685594,4.21689470038257,2.61264167902195,1.41517552391776,3.20355762494205,5.0328664469348
9.41878105147697,41.8099021470002,52.873438739337,64.6537551255155,86.1786691368828,105.564435173776,8,34,54,62,88,105,1.80263880583755,4.43237916933112,0.47670194941625,4.48378046509928,2.56634012639127,1.71937892063956,2.71604793317491,4.93053854804671
9.48700732790386,40.9959371321987,53.2562232723396,65.0548862139538,88.0913741474226,107.553797632632,8,34,53,61,87,104,1.82393083662961,4.18685106082362,0.752185106200677,4.73207375396232,2.5724631169498,2.04807628936132,2.73735980454281,5.31857152442203
9.62808215382538,40.0431219636899,48.0378588699021,60.2715634123416,84.1045514834174,103.913817220469,8,34,52,60,86,103,1.86812135642875,3.8875029503123,0.226738829275949,3.7118042609261,2.71839253589328,2.22887661805906,2.83431719411033,5.7081648477412
9.78207871091209,38.8909922302047,46.8539009433028,59.2525975697488,84.2676995420943,104.515927558159,8,34,52,60,86,103,1.91660643831978,3.53796267547779,0.223498843198536,3.45818957103515,2.77409667829432,2.50610642546499,2.95823988769766,6.1584856694601
9.90561160639805,37.4931077982466,47.2225955442417,59.6606172976725,84.6686320661864,104.867152377514,8,34,53,61,86,103,1.95568198065983,3.14252663144172,0.368791370928481,3.39606627718024,2.78740179787588,2.67336180176353,2.94414037174849,6.34370989576324
9.9646893975054,37.4915966570914,46.2140005947339,58.7178569591803,83.9334981264956,105.018470742085,8,34,55,63,88,106,1.97442538406039,3.12705593631688,0.165060841756405,2.92728084846253,2.8097000978925,2.72470853002944,2.98004680229118,6.45154550470956
9.88477389758962,36.7558712019353,45.6767830804571,58.6987065557204,83.6321389008814,104.632893141317,8,34,55,63,88,106,1.94907948210467,2.96102658895983,0.181120577572699,2.82278884876937,2.98619122125165,2.65498889124712,2.95649761830464,6.49072877964505
9.78132858727982,36.2804031462408,46.67918687159,60.0867443873879,84.8884108685469,105.829885522222,8,34,56,64,89,107,1.91636965149283,2.86802955458903,0.273046931454299,2.89253490126548,3.11869052824338,2.62262255581692,2.93995048717667,6.5411060209957
9.66870285700769,36.0939723548335,47.0248924705197,61.0104901805472,85.8411690258941,106.344724807149,8,34,56,64,89,107,1.88088583088279,2.84968460155464,0.329605020562346,2.95978332446214,3.31897900954204,2.62973873621845,2.8184567300959,6.58498054686211
9.56452970748768,36.1446157537491,47.5370721559524,62.0559718167107,86.789046314486,106.708171056235,8,34,56,64,89,108,1.84818696135228,2.88820585578356,0.383042837166411,3.06044065202507,3.50544058885356,2.60582143720489,2.46393770917116,6.35555457851006
9.53153601818299,36.0879154060253,47.5065809506189,62.4454269766616,86.0427901678926,105.364697030901,8,34,56,64,89,108,1.83785537017923,2.88229726486755,0.38619701813495,3.05441435686529,3.6533285944028,2.33251381610985,2.30893993941662,6.02233464879581
9.54515631145711,35.4972264246751,46.8035966525965,61.9467888049445,82.2764544814859,101.014489371139,8,34,56,64,89,108,1.84211895136141,2.73290597603283,0.372772369956959,2.91667090203007,3.72561278057225,1.60340158264958,2.16023906995386,5.12469269926276
9.58351214236339,33.9479600167412,45.3484800709896,60.4872741253012,76.5445749228462,94.7441394134897,8,34,56,64,89,108,1.85413652130782,2.35223977942644,0.384011915274358,2.63902579036489,3.72405486074456,0.810445356441375,2.02571430635165,4.00993942255768
9.64620168227791,31.6883200076947,43.4238111644007,58.594955701896,71.8465937491389,89.730650549653,8,34,56,64,89,109,1.87381294934828,1.82962818765952,0.425324518638117,2.2880585730191,3.73551643990277,0.418909102229669,1.78582403769134,3.20656617532244
9.72988699272775,29.8176531035795,42.0007173509571,57.4433281682806,69.4945919402331,87.246357219174,8,34,56,64,89,109,1.90014566024776,1.42606143803711,0.483683470988697,2.04119803876409,3.83189384168757,0.289496939331375,1.75496271691183,2.99178703655416
9.82973552278452,28.8475821640077,41.5317708206821,57.3844287355148,68.9690245570035,86.6228406856509,8,34,56,64,89,109,1.93166214275014,1.2211193122332,0.553175652027508,1.96231938529233,3.97812498892607,0.245893166675274,1.73222461128462,2.96094637347514
10.03196196852,28.8761267274716,42.5771870057241,59.0961126194572,70.4997965172663,87.6675333805899,8,34,57,65,91,111,1.99581228548636,1.18900683457588,0.621170705431415,2.03533270647739,4.21732262136161,0.19123499218027,1.6208230328133,2.83360747111682
10.3544328109175,30.3376922374649,44.3679066407866,61.7152686251626,73.4893926722828,89.6421664284476,8,34,58,66,92,112,2.09895836473676,1.40551863275724,0.589223897444043,2.23639199648357,4.51730129990122,0.220562435760624,1.3963210741303,2.86950515791455
10.5275274622183,30.7668490331748,45.6772525754339,63.0155420316013,74.5867539532466,90.5900612244547,8,34,58,66,92,114,2.15474004333603,1.45604822236891,0.719508051590175,2.4679942630888,4.51400156652805,0.204205020735977,1.11191425560738,2.55791984255046
10.3361900102195,30.7469463693598,46.0387485318267,63.2217101744588,74.770340594838,90.504723644163,8,34,58,66,92,114,2.09309603302792,1.49024448250168,0.779486712907239,2.53347994498456,4.45755669005178,0.202428524432382,1.06090604561225,2.47573225785312
10.1779354699785,29.1961384710345,45.2662805270518,60.8239497482541,72.3839332939352,87.5936708070961,8,32,54,62,86,107,2.04237642538707,1.46374307795163,1.12473270694809,2.86794429651693,3.87284778236958,0.290115077608738,1.07635625000535,2.42953097506571
10.2985348076956,38.7551955316919,55.8257415596029,71.2479255431743,82.5053244425987,100.884134027857,8,34,57,65,89,112,2.08100566414737,3.36682635870543,1.19965820655636,4.68386641245664,3.82462959245629,0.260768386260902,1.46263175546888,2.70423976993948
10.3512032287063,39.0005318279961,55.8810306016798,71.2625237611156,86.1224608749697,104.976032903974,8,34,57,65,90,113,2.097920304087,3.41713251163937,1.16308186022936,4.69642640547964,3.81016487504917,0.629025625565462,1.56263263377282,3.37392935444896
9.78239602637553,38.7486762494344,55.29293321363,70.4661203757232,86.2511545511031,105.778225332302,8,33,57,65,89,113,1.91670660509677,3.6984596867758,0.990465912555971,4.56338133118005,3.73624030031037,0.860068103525702,1.56937611207004,3.66260578254597
9.09596402428705,38.5060041783083,55.0190260584928,69.8196066848614,86.9081664361431,106.550253746073,8,33,58,66,90,114,1.70261786799967,3.81893382012529,0.884661645295965,4.34983925100481,3.60453752680741,1.08846909687833,1.59361135653191,3.88507250373633
8.54905629594133,39.2436731303566,55.1465600464558,69.4308019160518,88.7962690225004,108.175315561489,8,33,58,66,90,114,1.53605474534607,4.17326600182653,0.785927318446314,4.37798866989872,3.423205139525,1.53554638090953,1.53837901728181,4.21114910460678
8.4038558509649,40.3581924633207,54.380316782935,68.7357249109456,89.5036242381758,107.520763099331,8,33,58,66,90,114,1.49248386431004,4.52834324881773,0.514533729796981,4.20976378086296,3.44811408612182,1.83751542003505,1.26385412424662,4.23581499096505
8.29077383374638,39.8061749171609,56.3849021901013,70.2753629938329,91.6742165185147,108.280577510292,8,34,59,67,92,115,1.45874993485411,4.18863903776409,0.895586814880057,4.50105308983473,3.28588111962588,1.83182598493267,1.11108503983487,3.96362234220051
8.22343550364196,39.4557883623669,55.1318978339541,69.5451025962975,91.7091578492337,108.565111442297,8,35,59,67,93,116,1.43874655939194,3.90575896332015,0.841985973334786,4.22603393804442,3.46836356958312,1.85596409720621,1.15838929231015,4.1509028377306
8.14885074274489,39.3151471583251,55.0164156518078,69.592816895394,92.2607138703418,109.419435983388,8,35,59,67,93,117,1.4166655189703,3.88803422133455,0.846148245164488,4.20097621376491,3.52563649661713,1.96613465715456,1.1013663456254,4.21471694274272
8.07003498839552,39.2920047921261,56.4617145459995,70.30549130641,93.3759989481185,109.645174991737,8,35,60,68,94,118,1.39341874753612,3.90297147317161,0.996325303717382,4.3681468146236,3.26965871104686,2.05569528189417,0.942353053785948,3.95141395874592
8.06588659021204,40.7950769908393,60.1900592314802,73.9881050891847,97.7730335863123,113.008248655351,8,36,61,69,96,120,1.39219767304794,4.10683436631784,1.41269262616958,5.04701702892371,3.25377964520743,2.06688978180467,0.770457443867338,3.73367386298955
8.16305063090012,40.8867888667967,59.5767527463987,74.0652388252373,97.860716684849,113.437460850881,8,36,61,69,96,120,1.42086331565972,4.10536564895397,1.27478775200053,4.90801006291027,3.49476565686266,2.06922839645356,0.825631387003836,3.95296981071897
8.26244114173792,40.6449128109601,59.0237917943556,74.0867931089329,97.6571852378523,113.414801283401,8,36,61,69,96,120,1.4503257224698,4.01371524831715,1.21564827262391,4.78375049716679,3.69722198890522,2.01952368464187,0.855501425533424,4.06613981556438
8.36373661167439,40.2284639085224,58.6429598708724,74.1972233870812,97.4224274639428,113.384812315897,8,36,61,69,96,120,1.48049554950867,3.87574273971757,1.22236485308282,4.69877061398851,3.87163466746959,1.94409427938129,0.889850718258843,4.14160001721039
8.46660088320542,39.7765304714142,58.4041010962043,74.364589639801,97.2129464734287,113.3770904399,8,36,61,69,96,120,1.51127716278718,3.7293698569236,1.26284069280001,4.64572352319668,4.01670629894914,1.86287308145261,0.924239763086232,4.1915662447241
8.57071577138719,39.3682479011523,58.2421799675054,74.5369210771467,97.0143465840519,113.357096590063,8,36,61,69,96,120,1.54257837629799,3.59557937944587,1.31026091462868,4.60987477738289,4.13662479742731,1.78410491984005,0.955126390136782,4.2223461928473
8.67576104508103,39.0299580725502,58.1157539495377,74.686023091693,96.8023531880739,113.289352103909,8,36,61,69,96,120,1.57430454621355,3.48093506835939,1.35156442523919,4.58194755462625,4.23583391956362,1.70857787579566,0.980371565343436,4.23509437021762
8.78143274403807,38.7595178191623,58.0039528606527,74.8014367531924,96.5704548292891,113.1556714796,8,36,61,69,97,121,1.60636417010473,3.38450556914018,1.38280345599339,4.55729719119983,4.31788346026135,1.5107012705615,0.997712402449536,4.08518224872363
8.88743978403163,38.5415960614896,57.8924133821128,74.8778972147099,96.2917970165075,112.938001649655,8,36,61,69,97,121,1.63866801551145,3.30208054053118,1.40389984286636,4.53274792004378,4.38592969973266,1.4417476084222,1.00854144910292,4.0625365108075
8.99350061989575,38.3585956347641,57.7698680869195,74.9116234816119,95.9721861961665,112.636901632928,8,36,61,69,97,121,1.67112824451082,3.2290261368052,1.41594093647838,4.50582649389142,4.44259825851344,1.37435046374716,1.01183748043166,4.02453304452959
9.09933826503832,38.1920600361556,57.6263533305491,74.8982550161024,95.6125852244858,112.255970252862,8,36,61,69,97,121,1.70365700951388,3.16062713359899,1.42053602457006,4.47436542327146,4.4898654738006,1.30950943622778,1.00803976794898,3.97418890342188
9.20468877876347,38.0263212791573,57.4565690950486,74.8367729855844,95.2199243953148,111.805953764656,8,36,61,69,97,121,1.73616917848758,3.09297952186615,1.41972812858157,4.43723942171277,4.52924871132059,1.24862741093758,0.997856401144915,3.91504314331395
9.30929007344514,37.8488451964204,57.2738069372406,74.741086649441,94.8169498999937,111.316205268976,8,36,61,69,97,121,1.76857901508827,3.02305191995817,1.41867273554975,4.397389827093,4.56094535789558,1.1931576058246,0.982528824450612,3.85059852997233
9.41290665615022,37.6484502884424,57.1111210075734,74.6404814278844,94.4403126553716,110.83641130837,8,36,61,69,97,121,1.80080797472761,2.94822365416076,1.4262078338723,4.36201784470717,4.58356085690872,1.14418567120842,0.964431962988283,3.78441477815373
9.51530198724738,37.4150137264786,56.9941727537844,74.5564329588765,94.1147620271884,110.411906766822,8,36,61,69,97,121,1.83277628823274,2.86622305802685,1.44957700386128,4.33664895111221,4.59555180757746,1.10201714963567,0.947200525151114,3.72060280699554
9.6162520787102,37.1388245696305,58.155936453865,76.2987600916913,95.1755450331473,111.37298079028,8,36,62,70,98,122,1.86440729326302,2.77497964150341,1.6134927782513,4.44191187168104,4.80779768199421,0.986520811289655,0.929965555802002,3.67916622302669
9.71554863644828,36.8071241082896,58.1917178712046,76.2467537191868,95.0078859088915,111.123488942752,8,36,62,70,98,122,1.89562856144402,2.67182486733567,1.6898820576241,4.44968934933424,4.77562635013397,0.967448783114842,0.915917250008759,3.62054341253385
9.8129968622942,36.3994449697599,58.15517740115,76.1018458138445,94.805050348108,110.886984706353,8,36,62,70,98,122,1.92637135083675,2.55248929214409,1.7682869099554,4.44174693217723,4.73595075632933,0.957954683227687,0.910162777671766,3.57964738020951
9.90840902847949,35.8684450663689,57.986007849843,75.8182235458487,94.5298291139488,110.613121408101,8,36,62,70,98,122,1.95656869620023,2.4069205792054,1.84590743367234,4.40503767022301,4.69409268704435,0.959329142555346,0.91039458072025,3.55830053389715
10.0016326557555,35.0833039896441,57.5728419130557,75.304972788135,94.0944333053399,110.179622622455,8,36,62,70,98,122,1.9861644564127,2.2075159739231,1.92688842990177,4.31580879143278,4.65752801528351,0.972105950647088,0.910718447865741,3.55415989199385
10.0925255243967,33.6632326596983,56.6146851131087,74.2998291868301,92.5585286629298,109.804391181965,8,36,62,70,97,122,2.01510555947505,1.87826663027045,2.02907304833348,4.11125026467374,4.64037458055868,0.981158920152549,1.00962379050822,3.67353412303581
10.1809710618403,30.5501927604664,53.7959303265953,71.5784399575759,89.1584835074972,105.571870443798,8,35,60,68,94,117,2.04334700490018,1.36020037554456,2.24983016183237,3.7991239531329,4.67592868934835,0.965650544442631,1.07503400073578,3.7943756490237
10.1489747619676,30.1334789904785,53.3631746650257,71.1940312996097,88.7147756199239,105.020774499634,8,35,60,68,94,117,2.03312131435227,1.28751931502261,2.24608057135465,3.70932198569865,4.69359592893151,0.955638144304305,1.05517245504469,3.76933209527101
10.1151697533426,29.8153041977841,52.7498853403827,70.619575539637,88.0962237611828,104.26064496814,8,35,60,68,94,117,2.02232863396642,1.23478779201848,2.17745893888919,3.58333797563755,4.70779282361976,0.948220690741392,1.02920937750193,3.73833585908671
10.082643929099,29.5375065457699,52.0180692377159,69.9253866283222,87.3213495420154,103.350681764563,8,35,60,68,94,117,2.01195513160001,1.18999880535961,2.07323784855606,3.43501012799886,4.72155385888819,0.93471057426044,1.00467409197992,3.70084850977643
10.0514040009648,29.2239895814748,51.2399947331884,69.1784229521072,86.4565564304062,102.359188890833,8,35,60,68,94,117,2.00200175229658,1.13926210687172,1.96834205630921,3.27975566866015,4.73293555540063,0.915126009292706,0.981876040744271,3.65610956439402
10.0214356911866,28.8606547438093,48.5949712900234,66.3868683105105,83.9173157668325,99.9512778725878,8,35,59,67,93,116,1.99246279156892,1.08048245105647,1.61313903297958,2.89142644740221,4.67935842121428,0.957273525806697,1.0055111116034,3.70582698389993
9.99272534028557,28.4692153349089,47.9154904512911,65.7185560920719,83.0449151181628,98.9891411204963,8,35,59,67,93,115,1.98333279617051,1.01796201964712,1.55242995435346,2.76330618727722,4.68343935096497,0.923120739595087,1.1006295102075,3.78720126625791
9.96525888402066,28.0690195383428,47.2358945625641,65.046374698784,82.157270496492,98.0221990962457,8,35,59,67,93,115,1.97460623782896,0.955318802983401,1.49433327288529,2.63734822988989,4.68614880112357,0.887627597301016,1.08555261784872,3.72617354826626
9.93900511559622,27.6727931796582,46.5631982989299,64.3776951695515,81.2683215216961,97.1198739367209,8,35,59,67,93,115,1.96627220228667,0.894787409686472,1.43763029680847,2.51487180288452,4.68761670374736,0.851950328330124,1.08301724508739,3.67764679753263
9.91393552011578,27.2886510797575,45.905402902959,63.7206256479904,80.3868982994079,96.6688811756855,8,35,59,67,94,116,1.95832069934084,0.837652373427071,1.38229079357508,2.39727818587871,4.6878819784305,0.729749471025838,1.16572868015501,3.58195738544805
9.89001843300777,26.9230223558445,45.2708040397812,63.0841499416142,79.5320653632333,95.701210521073,8,35,59,67,94,116,1.95074080634297,0.784793693929469,1.32867726204112,2.28591242900357,4.68719607995555,0.697821938205467,1.14382305384468,3.51300262158164
9.87416796167146,26.7762067790442,45.0511153619472,62.7443806261466,79.3478837563001,95.3505460281416,8,35,59,67,94,116,1.94572068831857,0.764934142876459,1.31428673415536,2.24784404631181,4.64333880006008,0.720506137564695,1.11179082153891,3.48601471152338
9.86556499707123,26.7672956719441,45.1366211664421,62.6290068913958,79.7433803007728,95.4600598172073,8,35,59,67,94,116,1.94299707619673,0.764887679904603,1.33294271336125,2.26263086866254,4.5700895400699,0.7972446612157,1.05758047823159,3.49095620140913
9.85888188016972,26.7165804298642,44.5471567372982,61.7296260389001,79.5240308941947,94.9232897135956,8,35,58,66,93,115,1.94088180142808,0.758261121304844,1.35011738719182,2.26757169544919,4.45737792472766,0.904590577547896,0.998644308147756,3.50181064584379
9.85433068625917,26.6202237593757,44.1755124382285,61.1375463687601,78.455353411962,93.4137231100634,8,35,58,66,92,114,1.9394415690661,0.744526885009996,1.2948616353849,2.20311525429098,4.37743437248363,0.921700893792724,0.919005126062353,3.40328391618015
9.85043202506959,29.3942140491353,46.6592987379782,63.8081334427091,81.4809075747007,97.6017974265009,8,35,59,67,94,117,1.93820800387624,1.20616142631333,1.12103076783861,2.5322324507421,4.44516767670573,0.884965751903742,1.02127757477024,3.48285500703214
9.84547375572242,29.5905334114642,46.2163457945293,63.4536700275721,80.7476411802506,96.9565323807825,8,35,59,67,94,117,1.936639400547,1.2430614711347,1.00491538699258,2.4525946134815,4.47730108957643,0.825027567365548,1.03733711919312,3.44156771595606
9.84029285231055,29.5821438264127,45.7010455423757,63.0050843380816,80.0081750831534,96.0713123555418,8,35,59,67,94,117,1.93500063946201,1.2424698296282,0.916481843524605,2.36119014216017,4.501547216956,0.780237995783206,1.01079192769427,3.36652371807344
9.83488584534186,29.5626851227153,44.8327734384673,62.1416041096531,78.8788622650024,94.3150681178524,8,35,58,66,93,116,1.93329065998286,1.23988015970474,0.871230264033833,2.31760212609289,4.50328938721771,0.740265798909979,0.899767237477169,3.18878984658362
9.82925343923425,29.546536466254,44.2575677875703,61.5546850678366,77.9298674651594,93.1206830041174,8,35,58,66,92,115,1.93150972356239,1.23794343361009,0.778009289719713,2.21728359530399,4.49903093345475,0.770921822441237,0.857745547339861,3.19488935149461
9.82336697304439,29.5368570960599,43.756372380474,61.008421058479,76.9372718530171,92.0867081623557,8,35,58,66,92,115,1.92964881067504,1.2372452023064,0.699766049045257,2.13130539694865,4.48265093997364,0.703623417124186,0.850741235302105,3.08920829814637
9.81721528188197,29.5403974022073,43.7843939063569,60.9518566893188,76.313136100572,91.3083525057661,8,35,58,66,92,114,1.92770444028813,1.23902969551995,0.703578493880746,2.13607672926539,4.45192962045039,0.62203098054861,0.925559777726633,3.05784835954729
9.78985471666204,29.6517320091423,43.708431835322,60.9628530948451,76.2651191127675,91.2628643456689,8,35,58,66,92,114,1.91906139210882,1.26467556670676,0.674640831127961,2.12315223501643,4.48351305073331,0.613810145117363,0.926010314505888,3.06387366745292
9.7579893175987,29.6599791342741,43.337971859334,60.73021871353,76.1589269827853,91.3555765664594,8,34,57,65,91,113,1.90900527063248,1.38962028361717,0.617770368056645,2.16489589999082,4.53363079121204,0.631485424105077,0.961720544833419,3.155974027804
9.72298907259649,29.7316993735215,42.8364505849814,60.2698237490047,75.7677161939217,91.0874752656028,8,34,56,64,90,111,1.89797229240663,1.41051129116376,0.614758783704052,2.18482704998484,4.54859957231845,0.641253629224568,1.09761540369323,3.33571472306718
9.68460317994042,29.6472081037766,42.783695229197,60.2400976628398,75.7419117627805,88.9313998448797,8,34,55,63,87,108,1.88588713908963,1.40147171492826,0.707231922084767,2.28481025651828,4.55698433845737,0.813388031894314,0.715872287496335,3.17402435731272
9.73332753418555,28.528466887687,41.7180457528301,59.3223602785914,75.1998230680943,88.359702692675,8,33,55,63,87,107,1.90122988170333,1.29502297254539,0.627531046441653,2.09777614288283,4.61088515069262,0.875537212881988,0.80824435750351,3.41337170334005
9.79642350931734,27.5260128939665,41.1950205791755,59.065335664783,75.6132087087513,89.114223047387,8,33,55,63,87,107,1.9211357161512,1.09573865571531,0.701870637454191,2.00829672652903,4.70802131587367,0.991104807120572,0.869001050478316,3.68611542176684
9.85996388256626,27.2258557283689,43.2977662235051,61.8270895258188,79.7863771131319,94.1135123598568,8,33,56,64,89,109,1.94122423460181,1.03072854651154,1.01238205347084,2.26574895353331,4.9497541002268,1.13760348364181,1.02322174603505,4.17436937311624
9.92289749276753,27.2065504650233,43.7036199108481,62.5359020096514,80.6510622251859,94.9921953033262,8,33,56,64,89,109,1.96116248699874,1.01624951835552,1.09061087036926,2.33788654515266,5.06137891537606,1.16636160618619,1.02591799107568,4.2806717465877
9.9840856392575,27.2596535615254,44.0268952847726,63.1239946423633,81.3352949293455,95.6534666698156,8,33,56,64,89,109,1.98058698498557,1.01483051274443,1.14148965937849,2.39596977974723,5.15919588837249,1.18423803192767,1.02149662238749,4.35718587454656
10.0422668202988,27.3257025665944,43.8498951515744,63.0750723874508,81.3293715435594,95.4545079502286,8,33,55,63,88,108,1.99909240931217,1.01621138262263,1.21327369968512,2.47807267055497,5.20658495750447,1.1922673163184,0.984615050523741,4.35220180333433
10.0961646479236,27.3898497923942,44.099187836057,63.4870192924775,81.7641609546051,95.8017362496801,8,33,55,63,88,108,2.01626602356307,1.01801137353117,1.25009152814103,2.52411869537553,5.26684140731574,1.1965412669917,0.968057375916312,4.37444489471196
10.1444477914443,27.4495413375589,44.3149110837452,63.807586698441,82.0685502510953,98.0484538902996,8,33,55,63,88,109,2.03167536117715,1.02001641615272,1.28143348193521,2.56422183778229,5.30572506322897,1.19351364976898,1.2284051539944,4.68102854981944
10.1858588024634,27.5057285443905,44.5134696896527,64.0541899998776,82.2610426318941,98.0297930059441,8,33,55,63,88,109,2.04490996926017,1.02261571320908,1.31027825471362,2.60134356427122,5.32355469048123,1.1834087071505,1.18597864285335,4.63096054291016
10.2192363463628,27.5604214585212,44.6989681258231,64.2354585690462,82.3532325943316,97.9084416121253,8,33,55,63,88,109,2.05558948251419,1.02637001006782,1.33698467841987,2.63620370853569,5.3219846833023,1.16684622705226,1.14363463494174,4.56052337082624
10.2435963280715,27.6156914122658,44.869565541326,64.3555333094937,82.3549963630855,97.7188294997684,8,33,55,63,88,109,2.06339063759165,1.03182402975638,1.36069189693117,2.66841606365613,5.30323630819073,1.14498897909907,1.10617571563918,4.47827546770033
10.258125260895,27.6733342111842,45.018470854436,64.4153351017206,82.2728601502124,97.4902978781147,8,33,55,63,88,109,2.06804621611452,1.03945076693929,1.37955805489006,2.69665119052185,5.27019007645927,1.11898016461898,1.0778390121705,4.39260749592991
10.2622935659695,27.7333828800762,45.1383345180576,64.4154197456114,81.6446358068682,97.2334884703979,8,33,55,63,87,109,2.06938226737255,1.04936930525941,1.39197358509992,2.71945943387158,5.22580570277432,1.11438420055877,1.03368858054074,4.30764354267965
10.2491500427857,26.1371072397762,45.2351610095952,64.4915664263407,81.9174971521724,97.2672247066458,8,32,54,62,86,108,2.06516999864115,0.877300823467713,1.75907913778476,2.86185980506107,5.21814727134251,1.15102408565389,0.989567094216127,4.29346495913642
10.2056343153732,26.9519817012066,45.1733377748789,64.134435675042,81.591667882146,95.8083794746724,8,32,54,62,86,108,2.05123603829863,1.02642399520212,1.56530470820369,2.84978605160233,5.10893211691514,1.15689646509871,0.791133540140877,3.98343459903538
10.1496826067509,27.304293824201,44.5541921142965,63.1600963695316,80.3379517957774,94.0471332308124,8,32,54,62,86,108,2.03334742445883,1.10060904363914,1.35987211392322,2.72990160158307,4.97794150920974,1.10489372565474,0.708263218223362,3.73573596470949
10.08487568526,27.4330297103572,47.2997515920526,65.5377122693458,82.6599433039702,96.4561940644514,8,32,55,63,87,108,2.0126665693125,1.13648261802374,1.78356013321395,3.1426198686089,4.84269266760459,1.09465113983042,0.817895658249962,3.80830291170377
10.0148464103668,27.5282572832422,47.6025955222769,65.446503879008,82.5652759714653,96.2061517057236,8,32,55,63,87,108,1.99036663470251,1.16746480885369,1.8300402804453,3.20365175315849,4.69836681183294,1.09401544726535,0.791234398122884,3.68882013240072
9.9398695917496,27.6278683106425,47.9379144332547,65.3968024928258,82.5528617883478,96.1096451301149,8,32,55,63,87,108,1.96654651001288,1.20054295582401,1.88328775969637,3.27171078472188,4.55788945336673,1.1008757828421,0.776956856344171,3.59639372295621
9.86022875927891,27.7510182321467,48.2936936704691,65.3791941386988,82.5833461488789,96.1019855919447,8,32,55,63,87,108,1.94130806490514,1.23940497539129,1.93632951457724,3.34447039493619,4.42218759958442,1.10974888685281,0.770516160038903,3.51922241609551
9.77623529327356,27.9113972581283,48.6736924573114,65.4003065267125,82.641026664319,96.1587086946447,8,32,54,62,86,107,1.91476204087783,1.28685381606734,2.146727700061,3.56137722681856,4.29226907352705,1.11651426701555,0.770354784754252,3.45106027666903
9.68817651388106,28.1179726351024,49.0770054220963,65.4573857124512,82.7285491052852,96.2588827815429,8,32,54,62,86,107,1.88701147511415,1.34494225282304,2.19414225482727,3.64686031461094,4.1674266181644,1.12215869234426,0.772488396754436,3.38756047084395
9.57557813157969,27.3048901558886,46.613191836959,62.4945414005804,78.8346384713171,91.772593088393,8,31,52,60,83,103,1.8516493267996,1.3296933094466,1.9624716327877,3.40737617566056,3.98838566591525,1.06146330332314,0.769680241043839,3.24163087705635
9.41332474427168,27.2123004679386,46.7025254399216,62.559101565525,78.5427942136632,91.7425877242204,8,31,52,60,83,103,1.80093826440035,1.34373164340857,2.00576088189302,3.42620437265139,3.97952599791661,0.99643787312677,0.815261411003784,3.21680141831205
9.24920266747545,27.1190252875279,46.7366482645762,62.546361212191,78.2202370831504,91.721147437588,8,31,52,60,83,103,1.74994588063691,1.3580634976718,2.03625094910507,3.43340555788947,3.96277395762216,0.94124508639589,0.868982262962092,3.20526364430638
9.08385079478617,27.0333616382252,46.7370823542397,62.4827582379526,77.8986908962923,91.7397109139758,8,32,53,61,84,104,1.698888564461,1.25074543275036,2.05693750668031,3.29512675628509,3.93989883456124,0.896264405399572,0.931285883328651,3.20902666135057
8.91793074190776,26.9264647235077,46.9950094280373,62.6157385981812,77.8114957421313,92.0504857535803,8,32,54,62,85,105,1.64798564343426,1.26218334255637,1.98214045747857,3.21315767984338,3.89531949311107,0.858583604484721,1.00630541946722,3.22000471664081
8.75206653893182,26.7911604043911,47.047100282449,62.5547220995119,77.6553630262168,98.5788438282392,8,32,55,63,86,107,1.59744043818161,1.268120816277,1.87102040551284,3.09202314022189,3.85502628551029,0.842512146745898,2.35673932692496,4.49384481901804
8.58686714526816,26.5948659303518,46.5876735766644,61.9667073909835,77.0435704863242,98.94771201383,8,32,55,63,86,107,1.5474470572767,1.26207945261095,1.81174014430588,3.00077183203585,3.80929088160132,0.838514164367339,2.60634059248787,4.68613533147376
8.42296092235741,25.9449703685587,45.5761354376903,60.83363690678,75.9178023348051,98.4668265384996,8,32,55,63,86,107,1.49820052364719,1.16908563316179,1.73131153877875,2.80336685043719,3.76613703613726,0.839741131792818,2.77433234611888,4.81063813786783
8.21745285595723,26.9744352882286,46.7861550801713,62.2957551240208,77.5199397308933,99.134702121918,8,32,55,63,86,106,1.43697245881728,1.41055016334974,1.77131354806938,3.04007395643532,3.85573049533627,0.863411235000642,2.71982888285994,4.84898420949584
8.14202953280546,26.9385721074588,46.0167434172674,61.5067084021919,76.8628804609213,98.5282543275063,8,32,54,62,85,105,1.41465004991658,1.41855998477574,1.75460098526127,3.01608221741647,3.84874161051581,0.885971386759537,2.73325578035686,4.88774232497705
8.05323039805569,26.8398549895382,45.2611319993492,60.6562278639067,76.0786307447525,97.7276011780205,8,32,53,61,84,104,1.38847389696424,1.41655032240494,1.75576684437168,2.99488440770999,3.81499947430078,0.897381734068481,2.72890206442297,4.87702051485383
7.95340384786874,26.6421809043991,44.4017943239347,59.6486788259471,75.0902769191651,96.5514456140006,8,32,53,61,84,103,1.35918507193766,1.39677929945852,1.60654046621777,2.82482331686956,3.76237051109949,0.900699854869945,2.87668221290042,4.97079627996714
8.03801732100887,28.2355316157498,46.0789659107207,61.4012248785484,77.3611059129379,99.6825778759272,8,33,54,62,86,106,1.38400092475963,1.57591372728105,1.62519997407903,3.02848471294293,3.78912242547635,0.889427329629925,2.90893041819713,4.97947828319368
8.14245263914819,28.3918663780501,46.0940954922168,61.2577140108779,77.3199544437627,99.6779247365854,8,33,54,62,86,106,1.41477504606832,1.58668882119399,1.59380788102454,3.0315031662227,3.73284956245791,0.906803702611011,2.91878947032303,4.97476917375789
8.25302419994361,28.5502494268493,46.2091104788998,61.2013654346463,77.3672216791164,99.8217194322215,8,33,54,62,86,106,1.44752825855959,1.59663826072765,1.5842079403486,3.05448452165108,3.67220120870153,0.924533901794549,2.94490676463398,4.98162038948536
8.3739351346575,28.7042638142396,46.6586378179674,61.4543002213724,77.714822444884,100.49007014432,8,33,54,62,86,106,1.48354094924541,1.60353991393174,1.65000716481008,3.14489610915803,3.60280376610231,0.940855243943971,3.03213423251079,5.03380664111344
8.49805634736891,28.8643219475183,47.2336775169127,61.8191878516441,78.1560240870231,92.3308595933699,8,33,54,62,86,105,1.52071868529371,1.61104423692032,1.74389935990526,3.26190375774244,3.52883741312143,0.954097106994804,1.11392434377535,3.22867741375218
8.62437475768142,29.0280112087007,47.972021276809,62.3361565431232,78.7322675385425,92.881449550381,8,33,54,62,86,105,1.55876662244125,1.61886112619167,1.87668956609876,3.41431830847605,3.45117055644274,0.964434120095327,1.10872771466961,3.18969791521259
8.7516200155519,29.1926328286824,48.9373767453523,63.0693220426854,79.5124224893176,93.575727740171,8,33,54,62,86,105,1.59730483457061,1.62669252399023,2.06681685466223,3.61718770087326,3.36999235329959,0.972660682667369,1.09139651585764,3.13371080043328
8.87831153207876,29.3553517541189,50.2296503847246,64.1146581617409,80.5980773832091,94.4953931653681,8,33,54,62,86,105,1.63588079192121,1.63425388458677,2.34441598182547,3.89490767227495,3.28398558446986,0.979741863513632,1.05818321484665,3.05732139015771
9.00270410491116,29.5135677697472,55.8227163666001,69.1621786736656,85.6236428263345,98.7181716710301,8,33,55,63,87,106,1.67395150982003,1.64136391254445,3.59062308652227,5.00450610539761,3.09522668576719,0.975883328805143,0.903066693424983,2.7821956083357
9.12289773762051,29.6643784395213,56.6031206850646,69.7093991439038,86.232957707071,99.0144706864509,8,33,55,63,87,106,1.71091624852426,1.64780927678273,3.76662653635316,5.18847316201406,3.01509485665627,0.986812073875288,0.845174388904331,2.68724180823023
9.23682781785734,29.805559592147,57.1984899645305,70.0710605582749,86.6559348781315,99.0995201589857,8,33,55,63,87,106,1.74611363798837,1.65355351266249,3.89490094067766,5.33018005516195,2.93512874289931,0.997651750354572,0.784389487191626,2.58845506493879
9.34234556642631,29.9348449688751,57.6383354200343,70.2727872117796,86.9165420779401,99.0021081824322,8,33,55,63,87,106,1.77884729544101,1.65856919969484,3.98322178109704,5.43561058375774,2.85402115464164,1.00810556603973,0.722002162648788,2.48593511337928
9.43725304483718,30.0509682649162,57.9160718738232,70.3195949299919,87.0156057897394,98.7489301216911,8,33,54,62,86,105,1.80839837760003,1.66305087444255,4.25737436144526,5.67660792543,2.77572905346819,1.01741970392992,0.662715773076803,2.38614981206459
9.5194748649661,30.1521522389875,58.1497591225088,70.2798079570596,87.0174561408747,98.3024364420861,8,33,54,62,86,105,1.83408156234762,1.66706006431846,4.29627239326687,5.73391373828272,2.68349610056473,1.02486560749831,0.590380365291421,2.26057641468865
9.58710885016337,30.2367249536614,58.2126860177633,70.0735494495478,86.8350663796301,97.6960887603978,8,33,54,62,86,105,1.85526426314273,1.67064429570336,4.28991233016735,5.74937389343919,2.59324104854098,1.02914374281929,0.525336161268152,2.13956501390162
9.63849731293696,30.3033155215073,58.1965570999162,69.7898423927805,86.5497945677518,97.0082262063387,8,33,54,62,86,105,1.87139246542213,1.67386334985503,4.26562768834713,5.74541010321964,2.50406869045439,1.02886306546674,0.466720228171981,2.02072101694833
9.67238774345369,30.3491116057256,58.1408198804774,69.4683673070137,86.1992181149355,96.2796225059516,8,33,54,62,86,105,1.88204463709387,1.67638589088181,4.2358639845414,5.73171850006043,2.41606825829838,1.02364857180562,0.414583723509062,1.90437244148127
9.68795963941782,30.371590917924,58.0601914581503,69.1263204095,85.8025076756726,95.5362934223364,8,33,54,62,86,105,1.88694323246596,1.67785002586705,4.20568899021102,5.71192951161045,2.33006397080724,1.01388230878713,0.369336733979192,1.79249166230972
9.68487452986055,30.3676739096084,57.9668859951842,68.7785912896489,85.3803757524817,94.8063473820339,8,33,54,62,86,105,1.8859725134938,1.67767366825284,4.17957024906986,5.68905433875638,2.24692213008391,1.00064955640903,0.331268893988054,1.68761190820674
9.66331366413088,30.3341972753359,57.8640325875193,68.4306652344088,84.9443721805289,101.841372791403,8,33,54,62,86,107,1.87919132625048,1.67514830675536,4.1593253444718,5.66386976771341,2.16738112204971,0.985074899314877,1.4188314167664,2.74215952566268
9.62393297761756,30.2684788013799,57.7545806576966,68.0875958264647,84.5035599081967,101.247013942322,8,33,54,62,86,107,1.86681854520068,1.66957114320148,4.14657541867889,5.63710579282852,2.09207612353726,0.967906404981496,1.38627211035069,2.64882704246175
9.56783510302856,30.1683610536472,57.6362128653747,67.7477733755058,84.0569021674154,100.693856678305,8,33,54,62,86,107,1.84922266865375,1.66026424651153,4.14125760008741,5.60820392495609,2.02117701076587,0.949280668152721,1.36384572896344,2.56616005320737
9.49649314709176,30.0333455278695,57.4824551113719,67.3763911982224,83.5694672692577,100.081079688939,8,33,54,62,86,107,1.8268952924724,1.6468343734758,4.13579805234682,5.57072675569713,1.95198199754941,0.929214919252097,1.33761787277895,2.47995054983012
9.40665106433785,29.2453595083389,57.5687681535817,67.3638991980013,82.907343570121,99.6089203174508,8,32,54,62,85,106,1.79885876759785,1.63534197565506,4.1609604588172,5.59175565715718,1.92072753952431,0.918388500394933,1.37743830377491,2.49389178195296
9.23712852611564,29.106160820851,58.0836458338056,67.8764235467221,82.9854984441326,99.6428235999833,8,32,54,62,85,106,1.7462067401378,1.64181130211433,4.3505013997978,5.71768394277179,1.91998437322823,0.843932122140531,1.36812532595381,2.40394694374246
9.05028525304935,28.7856250896389,58.2489641145797,68.0621578064929,82.6315923422039,99.2594623756537,8,32,54,62,85,106,1.68856394283637,1.61335616053437,4.49258005452076,5.75829241668824,1.92643354804326,0.755105282052822,1.3619387333956,2.30287238430118
8.83613831123448,27.924579189936,57.7718131258121,67.6158405179988,81.4064105557285,98.2511645638461,8,32,54,62,85,106,1.62301712258358,1.47816666605916,4.60559352371548,5.64131711226891,1.9361818759338,0.634443972465765,1.40772285701027,2.20661473544915
8.58702637045117,25.0403624277131,50.5184293435599,60.6897943537616,72.7265351285652,87.3835776766894,8,31,49,57,79,97,1.54749507135529,1.08245938189689,4.26727444127756,4.74960824861033,2.04027594340141,0.464213058809113,1.34995442210153,2.00424916834227
8.35157828613811,24.297366539124,50.4745425144246,60.7318611304052,72.6951824148119,87.5751111461548,8,31,49,57,79,97,1.47686680063901,0.989618031132756,4.48144331405935,4.73912638150678,2.06778768480706,0.454585955619831,1.39959743919299,2.04641711074391
8.0813943636455,23.1053743635164,50.6266314873109,60.9095362749997,72.9125145657529,87.8880578006378,8,31,49,57,79,97,1.39676364665481,0.829650803193859,4.89932369414212,4.77548116268237,2.07599119295086,0.459774093339746,1.42107715257725,2.07542486287401
7.78697621405659,22.0009020217845,50.5920347993096,60.8935015361736,72.8819401577335,80.5655435507819,8,31,49,57,79,95,1.31068830967918,0.698896865202601,5.23731916869646,4.76720387844257,2.08194655860002,0.457868695264597,0.302835261352679,1.0901041041751
7.47420106553318,20.9846982626826,50.1425580380598,60.488181059174,72.4681670450966,79.9474600894023,8,31,49,57,79,94,1.22071709780194,0.593331800372255,5.41816301035106,4.66006503106659,2.09612693551832,0.456762716907449,0.342557429647336,1.14826013023518
7.15154083138036,20.0618758014215,47.7706217750859,58.2313303002993,70.255827352817,77.6275425088537,8,31,49,57,79,94,1.129597287736,0.509472896078848,4.95822323423519,4.10738526836113,2.13317332937106,0.462600967281276,0.327854580129937,1.15582542259157
6.83049922199995,19.2353111260829,39.2091442381681,49.9023311720937,62.1426618768881,69.3875550554399,8,31,49,57,79,94,1.0407648104905,0.443485986028891,2.67330108289624,2.31856208058918,2.20838756812824,0.491405759036951,0.310910386039988,1.20306410400991
6.5984365958936,16.5084540750845,27.4144838001926,38.4039630248132,50.184504049055,58.1252860232949,8,30,47,55,76,92,0.977765684752048,0.225997236153214,0.716573856611266,0.694646298286063,2.30495667746307,0.501955113643369,0.336057044730661,1.2830963760508
6.62076598328749,16.4855957503518,27.4553711401531,38.7226066299677,50.6737891396895,58.8438889585696,8,30,48,56,77,94,0.983781499862828,0.221888040943008,0.629524013927628,0.639732042766396,2.39617554637515,0.526055968669968,0.30115271343435,1.29703726647351
6.70535439288251,16.4525833515881,27.3336504198142,38.6827389444538,50.5812325588183,58.8819566549938,8,30,47,55,76,93,1.00666044473465,0.21138633826919,0.712107202361447,0.685569484704203,2.42318042123651,0.518559184784197,0.317251973894079,1.32138377815741
6.78859560036421,16.4107614990117,27.2118024155429,38.6426833313921,50.4930942615483,58.9048627234352,8,30,47,55,76,93,1.02931168416821,0.200524224848456,0.697863656346472,0.671998951839079,2.45022005825299,0.511760721551193,0.33125796590479,1.34360676349436
6.86998034494313,16.360265184312,27.1031813047888,38.6035126359274,50.4047349834733,58.9084492458272,8,30,47,55,76,93,1.05158637381518,0.189412680696551,0.687591161982559,0.660015285560156,2.47322204628333,0.504848467828767,0.343075282775344,1.36094184262211
6.9491122634987,16.3009651297582,27.0177773625563,38.5727333293197,50.3212952624477,58.8974109462021,8,30,47,55,76,93,1.07336419650669,0.178128709505367,0.682997869365598,0.650668620963438,2.491340848996,0.497496259326613,0.352519840702509,1.37248272415129
6.99285756999644,16.1577223491018,26.9160993863408,38.4812026252488,50.2268293772346,58.7953615515841,8,29,46,54,75,92,1.08545319841804,0.202003591593616,0.690317578158394,0.699797476343695,2.49470927564124,0.497087925112535,0.351524873053165,1.37242498051935
7.03395027522857,16.0640661628028,26.8817699231252,38.4507789885588,50.2028790821515,58.7730491399756,8,29,46,54,75,92,1.09684112314402,0.190312736900732,0.700819852440739,0.69588333419153,2.49600604735775,0.497988683893363,0.351739652698308,1.37429376899318
7.07696811743167,15.9706862100776,26.8732078774281,38.4314161181139,50.1795523525137,58.7776607157084,8,29,46,54,75,92,1.10879542309407,0.178870963235272,0.715945471313587,0.694908799444745,2.49242036519499,0.497437027718391,0.355412859618858,1.37634365680988
7.1272143266942,15.9192466810624,26.9893465687084,38.5099240346899,50.2480167150715,58.8568466652711,8,29,46,54,75,92,1.12280057354335,0.170598392822736,0.746208433881559,0.708184982383145,2.47993484728271,0.496040514241304,0.356827290996298,1.37059689008633
7.1812053403978,15.87901754831,27.1406558465546,38.6068125405737,50.3365371101638,59.0250650679993,8,29,46,54,75,92,1.13789958842471,0.163129753011578,0.781403645878471,0.725666461950243,2.46189855639315,0.494878347916519,0.367424539495143,1.3732252742969
7.23805512393467,15.8431111205795,27.3052776356842,38.7027327688435,50.4296482360099,59.2803886633682,8,29,46,54,75,92,1.15385348991115,0.155962044915371,0.818927675853948,0.744922328655089,2.43916330253793,0.494488500922373,0.389442774748941,1.38736055321613
7.29791936326232,15.8154581629299,27.4842224093574,38.798791749025,50.5324992026451,59.6169175184834,8,29,46,54,75,92,1.17071402713538,0.149367463798224,0.858295020156683,0.766131251319805,2.4117851587687,0.495431335379872,0.422203719420055,1.41206445785382
7.36089443258667,15.8036594382472,27.679421477667,38.897035490895,50.651231304337,60.0195700987375,8,29,46,54,75,92,1.18851703552208,0.143862573673653,0.898441794804671,0.789594361924097,2.37983146747052,0.498280462283127,0.463625495188365,1.44486587675104
7.42690817246715,15.820951383757,27.8926954670214,38.9995182987428,50.7914418305482,60.4643889658826,8,29,46,54,75,92,1.20725108748429,0.140339819859095,0.937085606330193,0.815618121819922,2.34341407163354,0.503546600338866,0.509980872367918,1.48184857118246
7.49581107213302,15.8875769916353,28.1257946946408,39.1082888816604,50.9570128139744,60.922620287084,8,29,46,54,75,92,1.22688257032687,0.140176402176441,0.97038438770977,0.844520646214464,2.30267118660986,0.511522941166039,0.55632619836645,1.51817966511455
7.56727103507126,16.0279127204984,28.3780475014053,39.2232378791374,51.1459899359676,61.3650283603418,8,29,46,54,75,92,1.24732502001595,0.145167815905243,0.993010556923796,0.876334103976892,2.25783210395515,0.522004673603719,0.597845979129408,1.54914981092675
7.64086152358618,16.2590892394694,28.6451109388454,39.3410388728308,51.348342322481,61.7698755053529,8,29,46,54,75,92,1.26846334432761,0.156968705721095,1.0003061510743,0.910616696979716,2.20927733394993,0.534094940225611,0.631920012214566,1.57175120825829
7.70442267992127,16.5550719082785,28.9262347954206,39.4656017823372,51.457487619419,61.9523139693375,8,29,46,54,74,91,1.28679035181805,0.17534025993833,0.997283078251244,0.947365222023967,2.15856576724105,0.614211880007137,0.64444605299123,1.6561091862454
7.67318963121897,16.7305813244684,28.7112359472471,39.0048130424939,51.1568982574999,60.4046211632144,8,29,45,53,73,89,1.27777672647246,0.192648152930843,1.04405762645325,0.994353660830304,2.07941485887768,0.639486405186894,0.529158988303846,1.53393725263135
7.46205724194963,15.7958938323419,28.4070133005137,38.0440768790121,50.653506342065,57.9458844291009,8,29,44,52,71,86,1.21725576956887,0.136056590383631,1.32755815414196,1.030911050453,1.87094209975218,0.813994543809648,0.317205041276354,1.37712323999728
7.23847648031831,15.0937854956378,28.207832623697,37.3228956404397,50.5943874392897,57.562870654962,8,30,47,55,76,93,1.15397194672353,0.0809304376575262,1.15240300410668,0.786836487228688,1.70850144765518,0.729328091779126,0.172916002621157,1.00470699378463
7.12158830214925,14.6223615842969,27.7724803172191,36.4182623806185,48.9416867844396,55.6792593052196,8,30,48,56,77,94,1.12123018567287,0.0644062850358137,1.03110341108099,0.674142481158375,1.56523547505256,0.610584546821092,0.152524202212978,0.817350783406393
7.07204645598533,16.0255510552224,29.2699502142448,37.845745156691,50.5608700916905,57.5414104344445,8,31,49,57,78,95,1.10742604118489,0.117752371371476,1.05014330966001,0.782298525614971,1.54410907376636,0.640144099115756,0.174019224308311,0.862823955798276
6.85261704885274,16.3140135677401,28.8697057671088,37.9572286609883,51.304358420928,57.6346915166942,8,32,50,58,80,97,1.04682355330601,0.121423947114517,0.914072169611255,0.675849973622943,1.70001890889204,0.651559812377571,0.119993292941351,0.854891232198683
6.65865151427144,16.5076004113345,27.6995491486403,37.2699045760978,51.2541956066939,56.751720331419,8,32,50,58,80,97,0.99401105938865,0.146411351683827,0.66678183710236,0.555417544800375,1.85001246374618,0.75270257420325,0.0671097835808267,0.891015851773283
6.49329882592298,16.5544747327494,26.4086399700663,36.4413671423539,51.0221225626835,55.7239472432604,8,32,50,58,80,97,0.949575475865124,0.161278465243062,0.456580708903908,0.436769407682519,1.99605581951036,0.852920410198404,0.0330414503831062,0.924731031771272
6.3562094852071,16.2988889523141,25.2128837212569,35.662975046225,50.6776033282532,54.5631233685513,8,31,50,58,80,97,0.91316020536149,0.187877614589807,0.272495875921836,0.340515402381328,2.12975035047745,0.929020452389901,0.0126911665322668,0.929250791171602
6.17161057004226,16.2046129241167,25.475306064313,36.1117212875571,49.7112595589143,52.6560685547544,8,31,50,58,79,95,0.86475730179926,0.195229132672178,0.312836783140506,0.360502480583487,2.18997408513562,0.784202525907772,0.00469632045681281,0.796128466362962
5.98360596421298,14.8448883677419,23.9367242404316,34.8161092921163,48.0703116096799,50.7998314889739,8,30,49,57,77,93,0.816238293693204,0.141279462594236,0.29225760566431,0.284999006233811,2.26898352593214,0.824866192901568,0.00306942585771314,0.825572469468316
5.77938666843242,14.4455120153116,22.9437091590912,33.9752713277318,46.7728849967185,49.3781553261148,8,30,47,55,75,91,0.764465418484823,0.127981299676108,0.342360604806651,0.285145587163454,2.31873505848371,0.745693221116725,0.00234998255355771,0.772349293032236
5.60017677900819,13.8687464161483,22.2415765090906,33.4537606690023,45.9989397311383,48.6267277384317,8,30,46,54,74,90,0.719869637753888,0.103273471722389,0.395517986597946,0.270904370092811,2.37804425449673,0.703343422930338,0.00246966720371017,0.766337277047303
5.46609822740838,13.2918248667835,21.3750574732819,32.6786715285123,45.001389335215,47.6525502546175,8,30,46,54,74,90,0.687038740628286,0.0794594753539529,0.355163405266938,0.215261417817866,2.40817071410563,0.666887657139688,0.00259876859474653,0.753285670048276
5.40043911008191,12.7723204804909,19.7585346408399,30.9068590151857,43.9559515521959,46.4212351469129,8,29,44,52,71,86,0.671133414913411,0.0780087943008363,0.277677714887234,0.177836090006362,2.3570436310054,0.894570442780819,0.00318279769012777,0.946898964571154
5.41958561146558,12.3929199682292,19.8242393983693,31.2344729702934,44.1150409782603,46.6851117997509,8,28,43,51,70,85,0.675759608905792,0.0792561466844452,0.335963665108788,0.209395191117551,2.44338915252848,0.863331898012205,0.00398248949287993,0.974254034019032
5.45807161542873,12.7349507519209,20.3138716374244,31.9388226907952,44.5088658902634,47.1106074571995,8,28,43,51,69,84,0.685088219909774,0.0961793308713495,0.356440267924272,0.24055465603467,2.5145925314475,0.916834815295181,0.0042512644400649,1.04626338605608
5.37731781195379,12.5921733002306,20.2240813558858,31.7986125091274,44.1196457907693,46.9184929082026,8,27,43,51,69,84,0.665559955177912,0.120279298318022,0.296358141770042,0.234648528074123,2.49783963919676,0.869353330465806,0.00623647837346567,1.03148300263441
5.31628777453958,13.1018519881449,20.8711444771759,32.3803790819614,41.9569976603185,47.0079522735373,8,26,42,50,67,82,0.650918083066871,0.205895075438257,0.313720473664044,0.316790295680354,2.47617360929087,0.495111022638509,0.0897593598952141,1.03387101941934
5.32383844131752,14.5743549385147,22.4506512954024,33.4622995630826,43.436386959155,48.8323254904588,8,26,44,52,70,87,0.652724073805564,0.373522389570494,0.214806057973445,0.362610480154532,2.31221314141813,0.473990497584559,0.0618925874415485,0.835112085299743
7.77928343899195,19.0689207538025,28.4252723669664,37.5340834317967,48.5269888822371,57.947805354139,8,26,44,52,70,88,1.30845689103416,0.683445061033232,0.3875214253494,1.03346374962143,1.70657500977268,0.633360989284187,0.396167308900459,1.19199449749504
10.1507762044488,22.8446537719386,31.6161804116731,39.9077312155635,49.6620141925599,59.2884587987524,8,25,43,51,68,86,2.03369676717703,1.06368283668171,0.313261941586977,1.62271062089809,1.45898111105512,0.522685853516469,0.424340516718224,1.00797252588991
10.3201551896022,23.1191310690205,31.8258168763092,39.9890726719362,48.5227441486399,58.1314329908874,8,24,41,49,65,82,2.08794588295537,1.22217914590449,0.369859383789258,1.87875290336586,1.42092398801537,0.418787453110199,0.500040144658021,0.976179599163948
10.3464770444414,23.3352670874152,32.0449620611198,40.11194363942,48.5533102810507,57.9805720860691,8,24,42,50,66,82,2.09640138235944,1.26484417301413,0.305859775738494,1.80558894992249,1.39251995666152,0.405359591763376,0.55865167539898,1.00475235144854
10.3115105200829,23.3945201912287,32.3992021540707,40.1614549096774,48.6294273392594,58.1054707709214,8,24,41,49,65,81,2.08517037107205,1.28620265406426,0.410888131735552,1.98568958372587,1.30352011800689,0.409209695053451,0.566781355056229,0.972013111444663
10.2754994628598,23.4057363823598,33.0349624258897,40.6475532560973,49.0432951220414,60.0911233897188,8,24,41,49,65,82,2.07361622219456,1.29695298449673,0.503207918739081,2.10684962767234,1.26033251113027,0.398795776277492,0.742157686235007,1.08415254046857
10.2433282929075,23.9229325883322,33.1164171648076,40.572372636843,48.856103126937,60.114093097517,8,25,42,50,66,83,2.06330476912608,1.27567809123354,0.437908331243082,2.00249148507016,1.21551751621461,0.382889013025824,0.78072731605566,1.07555892171145
10.2145764124015,23.7510158736886,32.838540076067,40.037571661147,49.678827803821,58.164201567603,8,25,42,50,67,83,2.0540978266916,1.24406719955502,0.422647327375172,1.95067806222975,1.14289612845782,0.505067581239868,0.411736747511176,0.842946404421224
10.1911714917319,23.5971169632127,32.4961635855025,39.4965013048569,49.748977550444,57.3256851379776,8,26,42,50,68,84,2.04660908806592,1.08306239235602,0.473851961142391,1.88755270380358,1.08752385780266,0.515529493129504,0.28951694381574,0.711093084261401
10.229340900842,23.5383836032154,32.2450328976557,39.090495376665,48.8954694136006,57.7132360747626,8,26,42,50,68,84,2.05882470656245,1.06327160541269,0.444479687958293,1.8417594430777,1.04486268485477,0.449524924252991,0.46134228311147,0.789644017528507
10.2940667663253,23.5580784251557,32.0731210713286,38.8635622226909,48.7345881700866,57.5239308574903,8,26,42,50,68,84,2.07957197140737,1.05412006608427,0.416061534156304,1.81066292280046,1.02981540415732,0.459010637306564,0.457002384015275,0.787452885905347
10.4012630362909,23.7154059229455,32.4273545697902,39.3192386065057,49.3360531932419,57.6009746875968,8,26,43,51,69,85,2.11402188355383,1.06430992074063,0.370566507877905,1.76385956179405,1.05760274513197,0.480264438620246,0.38024708773827,0.752924475433683
10.4870102404741,23.802232613927,31.6516785459709,38.4664304742068,47.1162510507685,55.7880158626408,8,26,42,50,67,83,2.14165756237338,1.06452973421269,0.324069375004063,1.73530569192152,1.03645681622223,0.362259428133883,0.439243321022176,0.693561641753825
10.5417227322548,23.8479069159433,31.6969512829031,38.516688915562,47.1209264116028,54.8488475333777,8,26,42,50,67,83,2.15932713864493,1.06268981862984,0.32401712764211,1.74334062246812,1.03782024648084,0.356221111621291,0.308441894668395,0.58059501210821
10.5908741858652,23.367693971728,31.7122578179411,38.5200031880528,47.1115269492584,53.8555233249534,8,25,41,49,66,82,2.17522452615987,1.08099620501921,0.391491205782421,1.85784270537598,1.03454154914826,0.354545514329713,0.195997942050201,0.475308903394897
10.6384518373215,23.4019518718538,31.9049998494726,38.6721392534946,47.2699895367447,52.8129860974577,8,25,41,49,66,82,2.19063413660508,1.07820911368808,0.414310631206098,1.8933862445862,1.02346029058498,0.355378845569179,0.0946648108297186,0.361292455439313
10.6862971858768,23.4405130353307,32.0523122241193,38.7554007350227,47.3280356403615,51.5737613387949,8,25,41,49,66,82,2.2061513637277,1.07626796273329,0.430306877373289,1.92072536767781,1.00604574631042,0.352062991599866,0.0301777747912232,0.253438880226657
10.8310890944166,23.8127339313994,32.4808940626163,39.2849267390574,47.6122659566611,51.9306780040014,8,25,41,49,66,81,2.25323646708308,1.12417530562769,0.438703813181928,2.00110713802103,1.03352705164052,0.320582270848266,0.0478235530919407,0.284252765579477
10.9020770478328,23.9143258393216,32.6513481291882,39.6060777087836,45.9203776335801,52.685560332556,8,25,42,50,66,83,2.27638943433706,1.13067810704113,0.37394415124882,1.91606621156351,1.07491456451507,0.155091534966287,0.154888597910481,0.290819407619527
10.8510189460612,24.0200459275921,32.0567983438938,39.2855986711363,47.118882322048,55.2038074078282,8,25,42,50,66,83,2.25973216104996,1.16419635050326,0.285142226695872,1.8077210555089,1.15125244771156,0.321969684889222,0.290876341680433,0.580059043576999
10.7980940054116,24.0935459463207,31.7212732133845,39.0318073338926,47.2201200475411,54.9957077249,8,25,42,50,66,83,2.24249020732313,1.19147292041967,0.238758480320874,1.74766325504313,1.17427479252763,0.369573810333362,0.255046320333281,0.594114659897337
10.7430435165684,24.1322742566352,31.4680917312938,38.8801940249833,47.1537539640857,54.9599883120929,8,25,42,50,66,83,2.22458232633379,1.21184680697794,0.208225030996848,1.70287296370215,1.20304296449978,0.381459404643564,0.258490620237001,0.618489691571732
10.654296183294,24.053187617376,31.2019090502918,38.7089490695096,47.0020939147844,54.83979342479,8,25,42,50,66,83,2.19577046809096,1.21395239420895,0.189803355286129,1.65627945701369,1.23008929320131,0.384214519381896,0.26205119799995,0.635126056851651
10.4901801396289,23.70657414521,30.8407303015765,38.368371892206,46.5723173475055,54.4637948061369,8,25,42,50,66,83,2.14268052671878,1.17439022627366,0.188407247475886,1.59388353873275,1.23597798979318,0.371740382194142,0.268193477765834,0.63342727557848
10.5405763027439,24.7570511177562,31.8932457484314,39.4662953772999,47.6764602302788,55.7636201501144,8,26,43,51,68,85,2.15895660884489,1.25363828747357,0.188602307304649,1.67039420597988,1.24898172393311,0.306047152873979,0.291143729761171,0.600652259167654
10.7963422199766,25.4794513190811,32.5261463392887,40.2294336343988,48.4852114451423,56.6541747755182,8,26,43,51,68,85,2.24191993483937,1.35572891433522,0.180139983783443,1.78136706781297,1.28646241882643,0.31166627917746,0.301014441181126,0.629416872176382
11.0976728509569,26.0984240408065,33.0349503155278,40.8434292381043,49.1419753588909,57.3497033890166,8,26,43,51,68,85,2.34041108426938,1.42675824779204,0.170010372569108,1.87260185244933,1.31693038076452,0.316980194806682,0.305748361912172,0.650680103141744
10.9943774504939,26.1236267455936,33.0633074674059,40.8363554241599,49.1790881221976,57.4086001594977,8,26,43,51,68,85,2.30655961955077,1.4558344443418,0.170295995040927,1.87773865748598,1.30664885715594,0.322516114831255,0.308424467749658,0.654190961289833
10.7328504314962,25.8839529078178,33.8555734770176,41.6538098904536,48.2838136527558,58.5869982716602,8,26,44,52,69,86,2.22126951158908,1.46079861567963,0.224383246086108,1.9089079043508,1.31395616933877,0.143504572635392,0.611909615638929,0.699379031173217
9.96261173656171,24.5972502039879,32.9027858761032,40.8589168208522,48.7208241200128,54.1463463587591,8,26,44,52,69,86,1.97376560241831,1.34499794661279,0.259653155744405,1.73966205583773,1.35998322950035,0.264807248280512,0.0633848612022076,0.346800826074422
9.00508449732092,23.3971224017621,31.786638684483,40.0901536115556,48.0962105914787,53.3044794120051,8,26,44,52,69,86,1.6746818881189,1.29172639213951,0.268940568257817,1.54942597109836,1.46254192587378,0.281517983024685,0.0529385470994063,0.369868418180818
7.91029341397987,21.9080219779264,30.1352749225932,38.9746441666905,47.1118440964127,51.904620323408,8,26,44,52,69,86,1.34658246060578,1.20673805872847,0.251145910280446,1.28480114596616,1.6240018328138,0.29716251984784,0.0361720725654572,0.391736682603709
6.87025053055591,20.3416497824184,28.2739259087874,37.8246499876322,46.1138687025359,50.700957469816,8,26,45,53,70,87,1.05166053174742,1.09650500938399,0.176333274790066,0.935628314449794,1.84386242793823,0.315817551795843,0.0293563915050308,0.452135235665107
6.12386213994545,19.0157415315007,26.3374613569967,36.7485473690262,45.18165852971,49.7149838059722,8,26,45,53,70,87,0.852359038648664,0.979613829995658,0.127858718362214,0.695867882282928,2.11718422094698,0.333983326473117,0.0277288413597455,0.547510975752203
5.93596082829721,18.3336823251932,25.3451960893111,36.5281092409964,45.0525123474167,49.4729771714363,8,26,45,53,70,88,0.804071134527584,0.883872987746505,0.106600424637678,0.586405921911449,2.36841407831384,0.345761614343599,0.0162319703347411,0.570554662560208
5.99264684429696,19.1876027461952,27.0733865968049,38.2846700983528,47.6279665904517,53.2396083752337,8,28,48,56,75,93,0.818553031401753,0.814409629117274,0.13626633359143,0.599487885470078,2.37774783047827,0.321390004925578,0.053232298185827,0.676312771937891
6.02557405543028,19.2024416203015,26.6546172152453,37.7114896739207,46.8706558809686,53.3387949553283,8,28,48,56,75,94,0.826999354642376,0.811227917705442,0.106874205525894,0.556899840895353,2.32702924492414,0.299922138575955,0.0747822650748862,0.673565063468724
6.06217227461466,20.3769352580545,27.7376445555829,38.7969411478187,47.7379583827402,54.3287629588708,8,29,50,58,77,96,0.836416556495858,0.909446744404074,0.0774477014105587,0.559147539951128,2.32782392222467,0.275453264073131,0.0813692354935629,0.663178669252586
6.10222214554616,20.5429908463573,27.5318009959832,38.5145982101463,47.3066118479098,54.0768422532777,8,29,50,58,77,96,0.846756841984459,0.932279315901682,0.0602019671288627,0.539147569521587,2.30277032773563,0.259349646754469,0.091626948687147,0.658065665536829
6.1455082164866,20.4548562204251,27.0655562999946,38.0818863757241,46.9568977300794,53.8048372144478,8,29,50,58,77,96,0.857973315979311,0.908470574288394,0.0454337065811703,0.495256704405207,2.31374615323115,0.268258232849718,0.0963010492784021,0.679752875558814
6.19180600983825,19.7984226632248,26.001316189454,37.0890646492223,45.5127864496065,53.2654742678608,8,29,50,58,76,95,0.870016453502491,0.785404781762744,0.0324474555247415,0.402493625011335,2.33715474411079,0.27277088424219,0.161162526904517,0.806396038999726
6.24093926544217,18.6578373012166,25.0901758443898,36.0963653648881,44.4177087659672,52.5631268026807,8,29,50,58,76,95,0.882848873250265,0.594424382201383,0.0393913958805709,0.331389810106136,2.31042596736452,0.261388630816562,0.195319858290786,0.832376697049737
6.292717635492,18.0486761995132,24.33194860798,35.338722858624,44.3852038458007,53.6576006157825,8,29,51,59,78,97,0.896429086940668,0.498525943754641,0.0247749929799032,0.24645581902047,2.31061739359478,0.287151057221595,0.313036169346954,1.00072812166399
6.34696022365958,17.6818474329637,23.897946608911,35.0213392956117,43.9281922060535,53.818437929851,8,30,52,60,79,98,0.910717524164579,0.376159310002451,0.0232834601481845,0.19392881546482,2.34885404258677,0.271716984354038,0.389452657283112,1.08266069223111
6.40340079956768,17.3031070457617,23.513837428144,34.637050489615,43.4541967650228,53.9600643900746,8,30,52,60,79,98,0.925651353469231,0.326136543017224,0.0231670542444823,0.17435580943485,2.34879505818529,0.26203091766413,0.473463228665821,1.15747470142428
6.44993425119271,17.4890518830346,28.7803420671547,39.5785651507117,48.0280360348254,57.6634575707508,8,30,52,60,79,99,0.938014128170755,0.341771694434306,0.370987451292106,0.557549335294203,2.24253222823031,0.224233583553095,0.297320704683087,0.869665210009043
6.49589363197242,17.52914453477,29.7273625438468,40.4937182595425,48.8383740477463,58.1188955095214,8,29,51,59,78,98,0.950268501174483,0.402648954745373,0.485721361734538,0.710264266506112,2.23216244831255,0.214024770213503,0.259241944345436,0.808976665244539
6.53971489419543,17.8607536094494,30.3979758814668,41.1774415176628,48.5638589741485,57.5161274122164,8,29,51,59,77,97,0.961993175219738,0.439669128383052,0.532350557216905,0.785755513528611,2.23642737273134,0.169089697186873,0.226435232794847,0.723053230279067
6.57968647619464,18.2443891047208,31.1810216473481,41.9992245235876,49.3549899561576,58.2026128131764,8,29,51,59,77,97,0.972721888624952,0.485891039590417,0.589791242796099,0.878598243979966,2.24903836644179,0.166425859775665,0.216470811441915,0.711892849150043
6.6141737166195,18.6782706080235,32.1209774270498,43.0182006309777,50.3492075743749,59.1557736843323,8,29,51,59,77,97,0.982004424107426,0.542286539700646,0.666329166258981,0.99654525206994,2.2748049214163,0.164291226265752,0.212627094561399,0.713414067308269
6.64169327168304,19.1605976596255,33.1650765722479,44.1759685029356,51.5025656780944,60.317403747357,8,29,51,59,77,97,0.989428601609281,0.609894974862874,0.756008711245967,1.13560223230358,2.31196550407857,0.163912620644961,0.213398526528911,0.727023565473291
6.66108987219614,19.6831438447059,34.0818143192795,45.1974878909341,52.5873779288405,61.459596642162,8,29,50,58,76,96,0.99467042081886,0.688729004389057,0.924626065276129,1.34980193752997,2.34631952638638,0.169392953955976,0.218791229949969,0.753480984349345
6.6780848166877,20.3115057118336,35.2704908433257,46.4710028969532,53.9204712110594,62.9178958185961,8,29,50,58,76,96,0.999269319003303,0.789964348080896,1.0284977201381,1.53216022839082,2.37420326531523,0.174642395492215,0.230809160143382,0.785722605826899
6.68925270514843,17.9981909280808,24.9375427779661,36.0778119100638,44.2416139092767,52.9470244659119,8,28,48,56,74,94,1.00229449038076,0.51152728683636,0.0774861478504337,0.399402298935135,2.35439706116564,0.244357261506198,0.203315553279767,0.830038963314638
6.69501871851433,18.3134367283987,25.5202497123759,36.5726282190022,44.6336033231066,53.5053194605884,8,28,48,56,74,94,1.00385735422208,0.557025726571943,0.0920942136116612,0.449726487341185,2.32555617474921,0.233559865447041,0.218743682931176,0.827014622040685
6.69681696333544,18.669283376986,26.4471247354068,37.4095085502664,45.380878636718,54.4595123156295,8,28,48,56,74,94,1.00434489750252,0.611178128226804,0.128556574386004,0.536397469598459,2.2960934747691,0.224357792202139,0.238787311251739,0.830399317206636
6.69653168168227,18.991735917216,27.5915824890912,38.44727678066,46.3120366014024,55.644742786721,8,28,48,56,74,94,1.00426754721083,0.662436149336966,0.193839537450656,0.654402042396868,2.26125649598979,0.213661924106979,0.264672297839371,0.835463290215297
6.69620217779118,19.1406247458816,28.8634434982967,39.5875410032203,47.1937819366524,56.9392375038366,8,28,48,56,74,94,1.00417820863838,0.686730367591073,0.307107617302884,0.799331466541946,2.21842550516233,0.188874730658683,0.309668669203721,0.838280701782261
6.70660695209944,18.7047017131846,28.7986592997878,39.2042937960173,45.267186044809,55.1962782413321,8,28,47,55,73,92,1.00700028761835,0.615183230801271,0.41640318272969,0.859090438631107,2.11542908615863,0.075371457014781,0.394526022895045,0.702802735545111
6.82074971378625,19.7085367070691,30.2409514693604,40.4016125106076,46.0254429309873,56.1276302589869,8,28,47,55,73,91,1.03809707608235,0.761069686929084,0.477256153611766,1.04792091324518,2.03685495325947,0.0537674258458721,0.492911111349177,0.706817324756042
6.92264310926096,15.6398490503937,22.2664087076241,32.512178891144,38.1010653421339,47.1977852707176,8,27,43,51,69,85,1.06606663781801,0.2514531243468,0.184310559739286,0.390344292398817,2.06408708572384,0.0522424060828353,0.504883424597621,0.723355489620767
7.01134177800775,15.6730270492878,22.5466547448283,32.7333633522556,38.0616708380324,47.462457549603,8,27,43,51,69,85,1.09057186905025,0.245674365071316,0.209337411915631,0.415174118370679,2.04518173748414,0.0417437950297668,0.554260168352072,0.721473999472894
7.09658622700673,15.6409421447296,22.6371194342284,32.89138725874,37.9035452303168,46.6336741162581,8,26,42,50,68,84,1.11425820902426,0.286497760018382,0.222367730378325,0.472399706882235,2.06680995747082,0.0309990924501902,0.448019642623709,0.614655343973166
7.17635891371298,15.5507822531021,21.4995622504822,31.7543078881852,37.1978005123014,42.0958669227975,8,26,41,49,66,81,1.13654214302372,0.267259201779966,0.163191295957703,0.413812885573639,2.06696308255896,0.064302169312671,0.0796867432949923,0.378606005308627
7.21413419306103,14.0644324861256,18.9716742482117,29.4277933759659,33.4711866430082,41.9822630727218,8,24,37,45,60,73,1.14713361472396,0.206902958408798,0.149335522428189,0.370434856346867,2.13169357983534,0.0360912645091537,0.702691846127568,0.912430192258749
6.99618024602644,15.7388444551882,21.6461456288022,31.7064532706042,38.0808128865339,48.1660963224693,8,24,39,47,63,77,1.08637285702371,0.449914661446695,0.159263889458908,0.532881948198113,2.00483754613613,0.160500475982333,0.903594394864663,1.27295695943498
7.3765081010202,17.4457823181691,24.0820371152319,34.1032333305209,38.4920027820022,50.5019214037364,8,25,40,48,64,79,1.19294142370455,0.573156750167635,0.235630790069476,0.754407224518488,1.99238660268487,0.0351319455910979,1.18871072508221,1.16354564302558
7.44442002215002,17.5005778927263,24.1629009238729,34.133291252617,38.3899773406989,50.589906743468,8,25,40,48,64,79,1.21223301986328,0.571015483046852,0.238645098730269,0.764633414221302,1.97623599813861,0.0305398913369634,1.23205116251775,1.16464932109877
7.49334320612967,16.4107614507494,22.447528542319,32.4424088067216,36.7724235515729,48.9782476621917,8,25,40,48,64,79,1.22617808353424,0.398666341445906,0.171691576896073,0.562018939915494,1.98401777829821,0.0330368592528606,1.23340386927374,1.18077322943437
7.78159323580509,18.7575558973496,24.5585322954223,34.9275592904512,40.8124799362243,52.8109183131799,8,27,42,50,67,82,1.30912679018398,0.542639873061418,0.149431087367066,0.678963566892942,2.10365051302138,0.0894452997860994,1.18610862214595,1.36160354263784
8.37990707907473,18.8987525314789,24.8870223067125,35.635797001803,42.9006339886033,52.7558084355667,8,27,43,51,68,83,1.48532490608249,0.475315713161114,0.12749808626404,0.654171655349432,2.2264454053928,0.201129830412994,0.736771560170656,1.29934963696148
8.99355315905652,19.0930793675042,24.7785739933233,35.9048746435786,45.0542117294271,52.3711003804054,8,27,43,51,68,84,1.67114435851624,0.417151831005977,0.104561991561294,0.641878971775254,2.34980898262972,0.431520071504325,0.258370452069984,1.16435450535649
9.43128881945792,19.268166312634,24.6281703737178,36.0512538388704,46.6134661459509,51.8329114360923,8,26,42,50,67,83,1.80653831045029,0.454095325273424,0.0827944170313611,0.687151137486052,2.44763996747196,0.656051818264863,0.0743135551166917,1.10611933288298
9.64870788302911,19.3216438257774,25.5642380007227,37.3983504837719,48.4263164378961,51.6214172109432,8,25,39,47,63,76,1.87460046191328,0.509979133427223,0.246111511895385,1.03424744829298,2.58430134926271,0.849566752666801,0.03114723881692,1.29457046172114
9.75965192055246,19.5792987616754,25.8129210873434,37.6959005004582,48.8964661368867,52.0951550443775,8,25,39,47,63,76,1.90952969051137,0.532994255848865,0.245014937449387,1.0711429833685,2.60063591511497,0.883706723556314,0.0312892308348787,1.33204661446477
9.86424002246831,19.8681105114781,24.8054313469093,36.5403293906121,47.9847251058694,51.2378923874023,8,25,38,46,62,74,1.94257767114768,0.562513389472281,0.152333685928276,1.00721773409049,2.55119329299601,0.932780788441584,0.0513710130077576,1.46132362094454
9.94774208148365,17.361284397386,22.1955845489077,33.7920747766878,45.4423181521598,48.7735991582509,8,24,37,45,61,73,1.96904489108756,0.269752635412041,0.142195190524446,0.725189965098559,2.50513346391088,0.974961095096761,0.0559696559748145,1.48699414923047
10.0077069350375,17.741502847749,22.3093830966805,33.6655521239588,45.5433201802121,48.9712730671706,8,24,36,44,60,72,1.98809595040707,0.309188835701213,0.160337827998994,0.81394201943694,2.42551900044534,1.02236104190147,0.0619873697412878,1.50186714463839
10.0597166279906,18.1642417678087,22.8241727150669,33.8992808503023,46.0267300071542,49.454691663424,8,24,36,44,60,72,2.00464928448577,0.358061830950388,0.170442573970955,0.885752007064936,2.33300848177351,1.07529088245344,0.0619879320700225,1.4962975035272
10.1303475180414,18.6660960575329,23.2798090065828,34.0405749265342,46.5012669813748,49.8897824426113,8,24,37,45,61,72,2.02717291993009,0.419091882780776,0.121732011420887,0.870243125087646,2.23034444259012,1.14737715350512,0.0878620332253491,1.60358877170274
10.1494193952154,18.3559714473513,26.8419311588827,37.4195049120071,49.4019937415828,65.6942970273758,8,25,42,50,67,82,2.03326334500894,0.305604220453371,0.340777930725575,0.971624187010894,2.17092046822402,0.919410736073636,2.27119813784116,3.48544146918172
10.0597305697511,17.9824368566801,26.9107565376568,37.4987900338151,50.4322180099101,66.7956963089171,8,26,43,51,69,85,2.00465372545618,0.219441369621138,0.400183845269557,0.904165788338665,2.17430513358127,0.987831888129286,2.09525300790298,3.40777988765395
9.96738030896946,18.6003919886105,26.804994627504,37.3840062007465,50.7117845462878,66.7986986829287,8,28,45,53,71,88,1.97527997523043,0.196790016378824,0.305365351044735,0.750646911314004,2.17138567206036,1.06708769317013,1.84415729762826,3.28016564866256
9.87338847045278,18.269428613356,26.5530368602433,37.1218009570219,51.094591238015,66.9742479666595,8,28,45,53,72,89,1.94547387745082,0.176245102912645,0.31511921735885,0.720874773373123,2.16807053930681,1.07323813048592,1.7926925323106,3.22588309467993
9.77903294577013,18.5672836108764,26.482717415143,37.0211207349672,51.6571874289728,67.4314250903603,8,29,45,53,72,89,1.91564503773776,0.170294982065807,0.332709435414578,0.712670240080813,2.15825432717425,1.20884720843688,1.76668461677817,3.34181185661723
9.68582976186872,18.7387557883803,26.6497421066447,37.1534138012809,52.489235815858,68.4179379476899,8,29,45,53,73,89,1.88627306296564,0.192264712797431,0.332123715123354,0.732232596829363,2.14703546726971,1.2241913509512,1.98147440573527,3.52456493877496
9.59556159147708,19.1218624879274,27.1265633148502,37.6052079539678,53.3022275679077,70.3026016686077,8,29,46,54,74,91,1.85791516406612,0.235251948445659,0.281358391650236,0.724029479070274,2.13895833614097,1.29930693449801,2.07601778543063,3.68801242931103
9.51014563817858,19.6368097027631,27.7114304673479,38.1468028520535,54.0356892175511,71.0797149550126,8,29,47,55,75,92,1.83116365166016,0.296476664486861,0.234978160964805,0.728495663558562,2.12500673551576,1.33985020872031,2.0872953464503,3.73166346358133
9.43157429232061,20.2016636593139,28.3731814817476,38.7542015410444,54.7651709351989,70.9964667599635,8,29,47,55,76,92,1.80662733194524,0.370173923238318,0.245177660017224,0.806751623694166,2.10750790746361,1.2346931215792,2.0604729938845,3.56343353098513
9.36168725593595,20.7566183847211,29.0322365888087,39.3452014082727,55.4097585135096,71.4387846487012,8,29,47,55,76,92,1.78486135706668,0.449424246645714,0.256384787960034,0.888485575095294,2.08563724703174,1.2455671995817,2.00756935776892,3.51496642991725
9.3021176138141,21.2686679130015,29.6298457676356,39.8568531014904,56.0217325830241,71.7168469370142,8,29,47,55,76,92,1.76635263776067,0.528251794394947,0.265788056154349,0.965796174927464,2.05807746817966,1.26601772465639,1.92109571540039,3.44390619700345
9.25401880352109,21.7289123511918,30.1362832506852,40.2572281235953,56.6215284859028,72.1396735849849,8,29,47,55,76,93,1.75143782348098,0.603198643277667,0.270936495002032,1.03363792326571,2.02417160735212,1.30702540117355,1.70398829386078,3.27794277377078
9.21798713408629,22.1400183082368,30.544519798098,40.5397244666346,57.2288904314717,72.2325690878091,8,29,47,55,76,93,1.74028248856964,0.672728032211512,0.270615225735047,1.08984660951455,1.98412090020179,1.37482413876596,1.58017525891171,3.2099241757008
9.19390591119676,22.5110629955967,30.8605010202682,40.7129964268197,57.8598097504979,73.3978195502133,8,29,47,55,76,94,1.73283545664993,0.736866937227791,0.264487591575515,1.13426998864685,1.93886085321408,1.47236505471571,1.54960018919876,3.24885669376014
9.18100787317909,22.8523979228772,31.0974433260573,40.7946822171094,58.5239714147565,73.3800877977908,8,29,47,55,76,94,1.72884958709237,0.796441760887745,0.253066720837721,1.16809941580003,1.88986353380244,1.59980779489223,1.39426504943162,3.19444169239687
9.17783071886965,23.178980969426,31.2812120836176,40.8166009669782,59.2377079354181,73.3661301251466,8,29,47,55,76,94,1.72786805466884,0.853604947604475,0.237861571164471,1.1946395540818,1.8390612304768,1.75572793572854,1.23468445888688,3.15241058401152
9.67318638173107,23.9304252435204,32.3274153630911,41.7657363329216,58.7605845936831,69.5970903487894,8,28,46,54,74,91,1.88229580852499,1.00979881175499,0.269775140861054,1.44284345467404,1.80873147437889,1.58179038279652,0.704161608211462,2.43459958269521
9.96376761122971,23.6170764334273,31.29850214027,40.7391278002589,55.487235381082,64.9204262781918,8,28,46,54,74,91,1.97413265630877,0.896689517614628,0.195914930879564,1.28340761807202,1.80945037463957,1.10547106329714,0.473330675738527,1.75834074325762
9.97414805396274,23.128022670263,30.6587245416714,40.2607024029523,53.5805763382318,62.8763200877611,8,29,48,56,76,93,1.97742963267026,0.710061577706117,0.14346037293118,1.027449273064,1.85992792017771,0.836519501538039,0.452868293288395,1.52138219897055
9.92055671065058,25.0612544618899,32.5260328952879,42.3620676882441,55.096257165988,64.4777381738746,8,30,49,57,78,95,1.96042015895352,0.951620914866215,0.13842741575692,1.20729317275407,1.93365399189201,0.643117088379738,0.465584994515226,1.38370704976388
9.89865061465511,24.9792305530224,32.2939838120658,42.1119282853429,54.8905397243272,64.7014482838291,8,30,49,57,78,95,1.95347586563892,0.940816585690525,0.127356395984067,1.17424011447676,1.92793489565534,0.650067594441473,0.5316111123663,1.45557736226298
9.87626697534387,24.8333994447121,32.0927248070064,41.89509252203,54.7188005205837,64.901321489624,8,30,49,57,78,95,1.94638533200403,0.918785359924533,0.12340060947756,1.14590379912408,1.92301319792832,0.65715674588204,0.59178544624404,1.5200892834775
9.8541238405757,24.6439301011479,31.9178548066027,41.7141294290125,54.580999009027,66.1248412646164,8,30,49,57,78,96,1.93937611757206,0.889258833755441,0.124435502112524,1.12153463210087,1.9210886948992,0.663972822687104,0.727594290284874,1.65114319596623
9.8328718206872,24.4141757018306,31.7431721285704,41.5432660357416,54.4468518063435,65.8430187116215,8,30,49,57,78,96,1.93265379801774,0.853014937175255,0.128384619502322,1.09742696252417,1.92229496999428,0.669794898516181,0.701809070208569,1.63334696376545
10.0197089724373,24.159012780429,31.5734232153036,41.1947791295721,54.2808891566015,64.9759012490114,8,30,50,58,79,97,1.99191345173002,0.778244967469962,0.104512664002073,0.998677585594575,1.86600946032811,0.699060620053907,0.584702164788584,1.51945577047591
11.0520015368224,24.1705268536799,32.193841381008,40.7340854838602,53.4420412731217,62.0620624997601,8,30,50,58,79,97,2.3254326158843,0.616824798840334,0.146467702416947,1.08109114673691,1.53340237649506,0.639027668432527,0.295280271374255,0.997465821883492
11.8478403557114,24.294561440331,33.4499537169366,41.1798217413449,53.3793019527645,61.280431226286,8,30,49,57,78,96,2.58888828609753,0.51970896072669,0.299489893334302,1.34287643388278,1.29414503697958,0.562040316288256,0.21727981567566,0.742287706886833
12.2856886772215,24.2789869991174,34.2417700588632,41.468421603693,53.4183329192413,61.501214012303,8,30,49,57,78,96,2.7359224337181,0.458505133125824,0.39895131348588,1.4640031398754,1.15064874986337,0.525874520672728,0.235838889518196,0.677288878856383
12.225408705419,24.5909675018775,34.9676825263514,42.2322286108791,54.4107203632194,63.112509695738,8,30,49,57,78,96,2.71559683265364,0.508491129275129,0.455208274320063,1.57891288236271,1.16130693712936,0.558957067621476,0.304919660632755,0.779310973207504
12.3237447472689,25.0382115901171,35.6826214814562,42.8835274480783,54.8046015729157,63.0601090424261,8,30,49,57,77,96,2.74876775641569,0.557511278591858,0.493408760640983,1.69558789732011,1.14342182504532,0.603181060046434,0.205541496605069,0.690484645163825
12.3789757200659,25.2164128551981,36.8697325634873,44.1414416631649,56.1895452056407,64.3097938758839,8,30,50,58,78,97,2.7674284497329,0.575277246747626,0.562265423535581,1.79257812936803,1.1633243946298,0.623031087876593,0.193022524473408,0.697530700484988
12.4351774720738,25.4245711678795,37.4047364136981,44.6199098053805,56.7331038883108,64.6137443060679,8,29,48,56,76,94,2.78643911236352,0.683486522609649,0.704040712773896,2.10140075181105,1.14742533945838,0.633310140963108,0.215237716717497,0.733631802505437
12.362645940866,25.2727394772805,37.0783769895947,44.490702529788,55.513442850016,63.4219113496401,8,29,48,56,76,94,2.76190892821076,0.670829115066435,0.674713741745893,2.04242765981654,1.2031063883546,0.47102182407886,0.218013783027572,0.635937130095186
12.2614835501589,25.064186269181,36.646662225102,44.3601339026759,54.108773470772,60.6805533057935,8,29,49,57,77,94,2.7277576699272,0.653850589050771,0.551652655284289,1.85823591080238,1.28940469665819,0.310029756693542,0.138750167005144,0.456364176581544
12.1424572087388,24.918844990989,36.0310111243637,43.9329496222572,52.3714972839797,60.2766158034329,8,29,48,56,76,96,2.68766937244181,0.649718898463492,0.56346484079652,1.85762234998629,1.34414327481143,0.179838387984598,0.137674873896933,0.343874892735579
12.0091576026531,24.9837392623479,35.8280718296467,44.0596772283163,51.9161044046226,59.457552780544,8,30,49,57,77,95,2.64289604937187,0.595386728039463,0.522844333636039,1.71974087918445,1.4411700866614,0.134143701671818,0.182919147434038,0.375782820524539
11.8644503508735,24.8314045970398,35.5227684374488,44.1460266704173,51.6172064537942,59.1787700734793,8,29,47,55,75,93,2.59444014661413,0.67989458206826,0.58411653519766,1.87598721965754,1.55842939569599,0.108074553026569,0.184757026952529,0.377975225409793
11.9792524439758,24.6702749979117,35.3443736063818,43.8969122134556,51.3986455626346,58.7256454457295,8,28,45,53,72,89,2.63286934216427,0.727685072316986,0.675508887440551,2.06724513665701,1.53710316528983,0.141236110657782,0.207336574574944,0.444086903148721
12.1159504791094,24.3723869067451,35.3856340710562,43.8109977542712,52.1066411207227,59.5515557754137,8,27,46,54,72,89,2.67875580197112,0.751514625438816,0.548306175179354,1.96119848413113,1.49891983472971,0.258570117201983,0.21938249465906,0.574618191029169
12.2590599629228,24.4599471342854,35.2236295243927,43.5124162362385,52.9957143526955,60.5446967749171,8,27,45,53,71,88,2.72694038656143,0.741867140072433,0.595772170014089,2.04496430962122,1.45815873389891,0.404632544919881,0.230308590426538,0.704518589690108
12.395469217656,24.5628966921374,35.1785253326439,43.3119509947587,54.0994852019806,61.7889157654192,8,27,45,53,71,88,2.77300520833839,0.736080664354614,0.572016248599626,2.0366649293553,1.41210881114045,0.599637939902216,0.24548889837087,0.864649782986246
12.6120587343939,25.3309977887444,35.2326310298957,43.4920210535531,54.7793113664104,62.7045460615477,8,26,44,52,70,87,2.84641321294732,0.945684314997933,0.463436643337387,2.1640918971773,1.44941919907024,0.683042731105406,0.272085577749946,0.980162834266643
12.8305112314965,28.0911693833572,38.0704727800944,46.7494510439755,58.5227540770705,67.2158082848902,8,27,45,53,71,87,2.92077522036284,1.34172722988223,0.47475441031479,2.59381081283555,1.57527849405275,0.768403521496482,0.442435700523452,1.31419397346892
13.0291049594424,28.6150857671278,38.4291469367823,47.4374260454207,59.584152454747,69.0538032308891,8,28,45,53,71,87,2.98865013665458,1.27604527553072,0.532109945709187,2.66628817972524,1.67566220248573,0.836698636889219,0.565713184264249,1.55701633279095
13.2025431944029,28.814634900654,39.9433930918647,49.3210395643488,61.6393460547278,71.252721668295,8,28,45,53,71,86,3.04813434715562,1.28150185006772,0.756918919708407,2.97992773670785,1.78982689374683,0.868838766192112,0.691132803799304,1.78437894876384
13.3598946537172,28.0401636830095,38.9560389121721,48.7743362889963,62.060162683715,70.1732961181071,8,27,44,52,70,85,3.10226416482244,1.21808988318324,0.718338625024428,2.91118637442025,1.92804643013285,1.05854981118463,0.435126520100716,1.76775350818013
13.6594811281175,28.8515756085222,40.1872571762636,50.2008774675116,64.0898616432983,72.9187945694,8,27,44,52,70,85,3.2057400970331,1.32690500377161,0.795179255309359,3.17490456528322,1.98997663507282,1.18365662237181,0.551170916207822,2.04868961709805
13.9763307395512,29.5799017666801,41.3044887980091,51.5189324719024,66.0188586838005,75.3654993092891,8,27,44,52,70,85,3.31575280097199,1.41670250341819,0.86905311901505,3.420762659377,2.05405533990856,1.31532635082084,0.642120710964083,2.30792865019791
14.3003362966362,30.1962761375716,42.2189014863035,52.6356552645782,67.6676862968457,77.3011938422424,8,27,44,52,70,85,3.42883596467689,1.48171161284655,0.92734328093247,3.62641747609607,2.11900927802959,1.43381823334521,0.694889335349817,2.51457812235311
14.6212880811632,30.6813397397292,42.8627265965026,53.4707807691936,68.8772417507482,78.6014047079253,8,27,45,53,71,86,3.54141383124457,1.51862850824821,0.843153187858196,3.61722829863635,2.18078643586007,1.51921578110412,0.711903274765664,2.65067321481203
14.9090912450999,31.0364029490667,43.1508375107012,53.9325230734514,69.5321476521982,79.2505569147129,8,27,45,53,71,86,3.6428206058109,1.53384563552612,0.830702610685532,3.68230263627223,2.23714971255283,1.56389854041134,0.710818692487241,2.72659064384842
15.1030061833371,31.3490259417836,43.2228107760364,54.072887864997,70.2027988955925,79.7214789195608,8,27,45,53,71,86,3.71138138678105,1.56082453683765,0.786554016805659,3.69861727506214,2.25942510433539,1.68867898160449,0.673570122293918,2.8113338460705
15.2621761775263,31.5590916374768,43.1680614840659,54.0985686596408,70.8726327593279,80.1965695273742,8,27,44,52,70,85,3.76779562961388,1.57243899629913,0.846828306587783,3.84393045115526,2.28567445528197,1.84423517287278,0.638015045088224,2.9252401919193
15.3707079886176,31.6554783033953,43.0178725266516,54.0412641039541,71.4420464159292,80.5890246160174,8,27,43,51,69,84,3.8063322917697,1.56966489191408,0.916167993924552,3.97115591204891,2.31605872961274,1.9995308985147,0.606377602138107,3.04347087610788
15.4191969379562,31.6538324112308,41.9179579452956,52.8757056442326,70.6702067569689,80.1943024876802,8,27,43,51,69,84,3.82356749556193,1.5582305042897,0.704730671781174,3.71497825656755,2.29457758977224,2.09897861204545,0.674569758453016,3.19942958248912
15.3810113320172,31.6258455080358,41.672978773446,52.6376351911156,71.2045640351221,80.618053933286,8,27,43,51,70,85,3.80999364265146,1.56055432286104,0.665536389989919,3.658659256655,2.2968366229307,2.11721405674738,0.654270217634395,3.19768827847675
14.9673217132403,31.4451632953359,41.0473211199986,51.9872666020624,70.55444672387,79.9271624032155,8,27,43,51,70,86,3.66338901279548,1.61395396772614,0.588026041299332,3.51608008078343,2.28875848374683,2.11727705337201,0.549619903004346,3.03671714101758
14.72922088762,31.2870120069719,40.8277508278485,51.6964792182042,69.8569547116099,79.0436723846131,8,27,43,51,70,84,3.57939404858059,1.63241098828065,0.577638929412395,3.46647722490395,2.26550711295426,2.01604988694264,0.720565647530729,3.18596606063248
14.607633268286,31.1944758437664,40.3920453583617,51.1895842015817,69.0775390297588,78.3830187203482,8,27,42,50,69,84,3.53661317134511,1.6391345980649,0.615356432359813,3.52292558531433,2.2423094780449,1.94906173325571,0.634685098097011,2.98898366506468
14.0756457863375,30.5731102967661,39.774062969402,50.4161316456736,68.0641316707426,77.1461856889774,8,27,42,50,69,84,3.35035351767864,1.61847777248476,0.615958766062282,3.38276884493915,2.19180642085837,1.89065339706696,0.594933395682686,2.85616951844246
13.0618509825639,29.2672875894089,38.6022310207048,48.9406968596833,66.2892386662677,75.2608888707758,8,27,42,50,69,84,2.99986644396335,1.55158372206519,0.640004130093448,3.12215284068797,2.09382719678376,1.81853547585113,0.575676828678253,2.70563408598172
11.0232102387619,27.0274847594033,37.0547112576944,46.9825714984366,63.8014334718298,72.9658667856956,8,27,43,51,70,85,2.31599933754546,1.50604754150505,0.661985766243959,2.65184914178584,1.96273650157322,1.69315125755214,0.60946947214525,2.55098253334102
7.88683387000469,23.9256814091775,36.12215088485,45.723860705545,62.4019558934459,72.1467589123179,8,27,44,52,71,87,1.3397362133632,1.51384165860204,0.961993372257599,2.33525312306732,1.85984382799737,1.66031191318693,0.612445162028968,2.44279874053433
6.19648476196181,15.7417184810191,27.6330243859755,37.7773531396219,46.2874924148172,54.7557659397504,8,24,36,44,59,70,0.871236145999917,0.578396486034332,1.66212945779657,1.67825374959993,2.0316373422342,0.49804622234158,0.959529892196681,1.81954753616622
5.83042606692639,14.4935246486948,27.9791855361616,38.137507054672,45.6384793881671,54.7911008417264,8,23,35,43,58,69,0.777311326616534,0.523253562539856,2.10785053855439,1.8633113163375,2.03610739269937,0.345556664075606,1.12631428165985,1.75920742353975
5.7047374326791,13.3620346277917,26.7838157206607,36.4979780949936,43.2925907085984,52.6992621519664,8,23,34,42,57,68,0.745791938891637,0.367539897808606,2.31408980049439,1.75378990253899,1.89519195557504,0.254235881969727,1.19025540884856,1.58950088924332
5.80677961680061,13.1912167216142,26.745496315917,35.8473700037028,42.4805233738986,51.3535675481421,8,23,34,42,57,68,0.771351991877538,0.329577611770931,2.35410324010381,1.74641209717509,1.70443791571608,0.235273443289059,1.05718689859086,1.35410192449207
5.96626078727146,15.3187833873568,28.1093902539993,37.0860422169731,43.7102738160332,52.7602612221368,8,24,37,45,60,72,0.81180271884221,0.54629209079023,1.71355180119811,1.65202382996504,1.6659624221988,0.2342469902636,0.948120440432667,1.25890784358539
6.15325168571961,15.6168893779934,28.1287896739981,36.6753562657665,42.8880369985319,51.5217400611287,8,24,37,45,60,73,0.859984257485699,0.564709208637696,1.63982198148909,1.65556571687179,1.5353052684287,0.189371742232347,0.727308277909053,0.968250914179771
6.67053672865213,15.4563224195171,27.5637169556768,35.7143830011746,41.0780354496117,49.1064543416228,8,24,38,46,61,74,0.997226073784058,0.456460560828565,1.36493726533625,1.44735115327712,1.41720200075758,0.112565650441304,0.608933805695652,0.71219751918702
7.23642220976263,16.1077953708386,26.29482981755,33.7533249636861,38.2500839237155,45.5398847641252,8,26,39,47,62,74,1.15339445443354,0.325398869698636,1.06415307171208,1.14423814460503,1.21624093578726,0.0565766510773165,0.576368523416935,0.502404844692235
7.49343027296947,15.2508343657109,25.8557198790764,32.3564287778721,36.0345518432249,42.7437844906711,8,25,38,46,61,73,1.22620293627461,0.253013772769212,1.16189499153028,1.16685585449561,0.951554937260403,0.0236500460691632,0.46932359042675,0.278101237273268
7.43176476775934,18.0031548760234,27.6947465349574,33.8929941712823,37.2586207697337,43.6933015549566,8,25,37,45,60,71,1.20863222469762,0.657639075021384,1.09858945395663,1.57702729174911,0.871695830580562,0.0156155263702828,0.520065536405324,0.247102402955606
7.42337186974952,16.6083957121988,25.9683189445673,32.153329297902,35.5471890754412,41.9259398757272,8,24,37,45,60,72,1.20624566764782,0.519020036623167,0.879263944709416,1.27989497941384,0.868245770668066,0.0162498169231761,0.412389841137314,0.209143997758134
7.44235903180601,17.6861131998555,25.8799114261387,32.0221862750767,35.3540009183525,41.5247205658221,8,25,38,46,61,73,1.21164642538068,0.601962586211222,0.64048391372136,1.17065150274887,0.857134021818852,0.0148787134214602,0.378136037327282,0.188485952526289
7.47811313016153,17.6119183933785,25.9426256125765,31.9741079203545,44.3920522337007,48.6574683928523,8,24,38,46,62,75,1.2218326641641,0.681084137716535,0.56118808885906,1.18051573538611,0.8285175504888,1.13803986640673,0.0929203991655441,0.793132293153278
7.53947437690537,18.5362707689006,26.5389933713782,32.5114876300226,44.3943366457916,49.8479547223551,8,24,37,45,61,74,1.23936337578205,0.843455285235674,0.604086896730345,1.37533571304713,0.813395960526642,1.02342870916761,0.208598085097231,0.874310537875426
7.68210786073951,19.0120455656749,27.1955327937421,33.0345181841002,45.5116484061558,52.358761084327,8,26,42,50,67,82,1.28034888998791,0.690368681377789,0.368906222239659,1.02124647602135,0.779471756415837,1.0189152188527,0.260558402567543,0.896445040205875
7.85253924255599,19.2379766240409,26.7656058272205,32.5416551815331,46.0841811369017,55.7933936508519,8,26,42,50,68,84,1.32974295465111,0.699950428579132,0.283499937347495,0.961059616166138,0.763627668118937,1.11118047898212,0.606314136662102,1.29563775093552
8.02086860544551,19.4040446272048,26.5491462308373,32.2615994226377,46.6376402246335,56.7606852808066,8,26,42,50,68,84,1.37896290970464,0.699558957898597,0.238745903605232,0.931384014450746,0.747715657892754,1.2882396031951,0.679146094211704,1.48750514348009
8.18542410851637,19.6386297843644,26.4605640514778,32.1272352991463,47.3753989499081,57.4816822039126,8,26,42,50,68,84,1.42748326113971,0.71172351833822,0.203963074541689,0.919362304990006,0.73632286666883,1.48291424196108,0.676131492217694,1.62492693408342
8.28915669852566,25.9718377536131,40.0336324362976,44.4682670205147,60.4408153933482,69.0800103147374,8,27,45,53,71,87,1.45826880675092,1.89906146890791,1.22040945938173,2.998998478475,0.451679261398091,1.6513331163697,0.434379372521664,1.29856497647588
8.4104218420061,26.6066366451513,39.9689790302649,44.3828796532926,60.7162040593016,69.1649593354369,8,28,47,55,73,89,1.49444799257298,1.8593212619307,0.953773415741357,2.7148809682395,0.447295070722535,1.73734079182052,0.40642713947644,1.32222311540718
8.5575519137947,27.0540938980056,39.8159798371052,44.1623884244272,61.0707103184099,69.2842322418018,8,28,47,55,74,90,1.53861280482946,1.93090951696585,0.841594701338717,2.68414380334222,0.433128499216679,1.71412806306226,0.373070498737284,1.27250616627242
8.88945392694444,26.3082406602688,37.4073067950868,41.7580190473765,58.3042953403344,70.1664468736012,8,27,46,54,73,88,1.63928315433785,1.83537409464125,0.561446926139384,2.33723828835755,0.434027023689363,1.6297484985869,1.15536348122882,1.93596807853506
9.1708441997098,26.0102969714326,35.6408352143605,40.6336885666127,56.9863903976772,73.3253336256114,8,27,45,53,72,87,1.72571009704822,1.69797212936876,0.424910502258975,2.12233960739218,0.575068483870058,1.58520191259508,2.28402610432382,2.92295357137156
9.18884589747687,26.1287727764179,34.7732616732587,40.3155504726902,47.8987628319926,73.137222957357,8,27,43,51,69,84,1.73127153152688,1.72155855888238,0.435168322416094,2.19729057368507,0.705637797781342,0.186746156212174,4.99736414559018,3.21898551200783
9.23742776062596,25.7944300557646,34.0995068321778,39.9146423482995,45.8155942489834,72.9062474934021,8,26,41,49,66,81,1.74629938704801,1.79134448846318,0.465088054964865,2.3156024463316,0.773456286104127,0.0904539137689625,5.61089084342657,3.4749050925123
9.30126883287593,20.4614872558636,25.8788918328094,32.771009487812,38.3590529189239,66.6042736137002,8,25,40,48,65,80,1.76608920996471,0.762688105530467,0.116784929381124,0.996610581140495,1.05766696254104,0.0719807261768049,5.99949207748744,3.92647831542732
9.31808460090089,20.5187874283206,25.7838400953534,32.7176853102454,38.2460900755559,66.2548205432536,8,24,39,47,63,78,1.77130970102767,0.883734058892853,0.105054032119004,1.06679919593709,1.06915347554608,0.0936836956571028,5.91953375129451,4.03598426433795
9.36967923821509,20.5351761538922,25.3769577037674,32.3530449039373,37.810017085442,57.9822704239514,8,24,39,47,63,77,1.78734761282968,0.876729589694521,0.0761559926483314,1.00683804823461,1.0808145458024,0.0889673077917038,3.64705784153971,2.40706293554882
9.39211044235602,20.5015979909103,24.7563631718053,31.6998437722519,37.1632383420767,57.1187936941931,8,24,38,46,62,76,1.7943297032717,0.865628975428445,0.0649311773468056,1.00001074292203,1.07181045525723,0.0893854747201027,3.57939525618842,2.35680784984131
9.40597325594195,20.610926012537,24.6518705125087,31.3163514630973,36.7674807494557,56.1812632499944,8,24,38,45,61,75,1.79864759290068,0.884581013806332,0.0530487473219216,0.984739412860451,1.19052414132209,0.0885878797465741,3.41140892963658,2.31915402230959
9.28955728686907,20.7489974749063,24.6551342356687,31.1207783957373,36.6253864443475,55.3039480455948,8,24,38,45,61,75,1.76245526126987,0.93584052282335,0.0463007211566247,0.985214823535309,1.13194163062581,0.0920965394514164,3.18626131284902,2.13953362389643
9.4907620854907,21.0567199189285,25.0281841230753,31.3461523076877,36.9430519157505,55.6816558210517,8,24,38,45,61,75,1.82510413284513,0.957608264212978,0.0494997828037568,1.04022089220767,1.08888798718279,0.0983411935389796,3.20452164694966,2.14047006515119
7.03381986261609,18.2959380151944,22.9491066553732,29.2510146175008,34.9784916439851,54.7075599998966,7,23,37,44,60,74,1.30110547886917,0.896002539809061,0.0910111719269353,0.824708212812094,1.08422988107311,0.107587340757985,3.50896130031887,2.36671323307869
7.08493194090342,18.4329649217567,22.8423880135975,29.0101363513341,34.8911920001645,55.8914149023892,7,23,37,44,60,74,1.31658070041026,0.913269817745509,0.0744418297400035,0.810253369769501,1.0455076369819,0.119079596007261,3.90795225551992,2.64085298821744
7.11966171343513,18.5081071345407,22.5238962758231,28.5804079044458,34.6383380231864,56.6478372062623,7,23,37,44,60,74,1.32711888961258,0.921433872925379,0.0517463161324831,0.767817592579904,1.01366382699839,0.133142036513544,4.23075500703002,2.87684747824148
7.17933836659475,18.640093096359,22.5768790306344,28.5942305060596,34.7537191772205,57.2821058600285,7,23,38,45,61,76,1.34526987489183,0.936108047298531,0.0321006137834036,0.703796392554791,1.00251137548205,0.14161584740963,4.12488713024592,2.8565401906825
7.22906782751404,18.8896780740284,22.7598566018958,28.7790147028456,35.0849445418573,57.9610415557334,7,23,38,45,61,76,1.36043650582389,0.977103211749135,0.0297602479318245,0.72680623250609,1.00302521335326,0.154345747889607,4.23496726111115,2.96643597265775
7.27554436702685,19.0847714102631,22.8849066161359,28.9200252550191,35.3537484526459,58.5140982258542,7,23,38,45,61,76,1.37464446589796,1.00799729211415,0.0274234772336515,0.742733390940818,1.00756751785393,0.165945789645192,4.32538699711446,3.06236661020842
7.31854079296102,19.2213120842998,22.9594991225515,29.0242999342313,35.5631661769434,58.9325718843532,7,23,38,45,61,76,1.38781699921972,1.02761881735617,0.0254610605171334,0.752311537133813,1.01602841419898,0.175831233497372,4.39212793311282,3.14015964431837
7.35785599579189,19.301396669439,22.9949807557271,29.1012130515183,35.7202172187854,59.2221269489561,7,23,38,45,61,76,1.39988544334712,1.0362124709025,0.0241076825147535,0.756887872405404,1.02786752715132,0.183571630541039,4.43453377270995,3.19804032459511
7.3770414307116,20.9658137403835,24.5366251798691,30.5752857317994,37.2344384838279,60.8112643534851,7,24,39,46,62,77,1.40578288511018,1.2555910480717,0.0206337885742214,0.887915303499522,1.00857622030529,0.187516215987021,4.45854484364418,3.20889743152659
7.33747965250937,20.3462957935899,23.9798029485806,29.9059352159624,37.8676531606172,61.2067183275814,7,24,39,46,63,78,1.39362777815963,1.12994807242691,0.022362245384949,0.812871876287223,0.976652447479218,0.276323523516217,4.3824292222286,3.27000729972139
7.33564052840719,20.0756687280664,23.7950674927582,29.8230692877059,37.6888992086192,60.8494284876604,7,24,39,46,63,78,1.39306327251169,1.07330400093529,0.0248849425568306,0.788653431614211,1.00554146512122,0.265255203872607,4.32544421723473,3.23070440986046
7.32969789824459,19.9064457571701,23.6589358460515,29.8422445054301,37.6824763112321,60.5299396622777,7,24,39,46,63,78,1.39123956322318,1.0394043258759,0.025905564768748,0.771026174694419,1.04998124402864,0.262338819164704,4.22588023126336,3.18910940943787
7.31239954474908,20.6689015487491,24.5259169161718,30.8759900828762,39.5567781102539,61.3555361926188,7,25,40,47,65,80,1.38593388180333,1.07294780436452,0.0293114451360828,0.811339568755412,1.09821402847145,0.302429210752563,3.89584668463252,3.02835239223824
7.23121839602641,20.507822762715,24.2161177935255,30.7995740393844,39.6211820943284,62.1056991053196,7,25,40,47,65,80,1.36109322881526,1.0566763394614,0.0245485934605883,0.771398840132804,1.16656898566037,0.31932133813829,4.11104042933841,3.26528103616954
8.58094282217517,20.9363457106936,24.2060431441955,31.0907500796476,41.286776012721,62.5443932249572,8,26,41,48,66,81,1.54566082549579,0.875849189498157,0.0135886589785589,0.701933000522028,1.25619349102654,0.506980934805341,3.72775856479757,3.36732804326355
8.17167306221111,20.9269545769565,23.9473267340726,31.2535891510058,42.4650962942199,62.8479731733979,8,26,41,48,66,81,1.42341370437162,0.952777098151597,0.00919282822039815,0.671107586743775,1.38405258037779,0.670104382706459,3.45946137365748,3.49660207146712
7.8218317192485,20.975511607534,24.6262852595803,32.2168305480284,44.2502845299705,63.8834342553269,8,26,42,49,67,82,1.32081017960832,1.03182025899304,0.0145728032036826,0.686928868557627,1.47176616974074,0.815740335907316,3.23308227371608,3.57935986624622
7.51925808451312,21.0278693784494,29.0803916146063,38.7379282856314,48.5898374904969,67.0227146871881,8,26,43,51,69,84,1.23358083356553,1.10417414430582,0.287013127367926,1.21310933317756,1.87737523560561,0.456256019009604,2.87814182985882,3.12523696772826
7.2872236432438,21.7137338927465,30.2246362326521,40.1576866654474,51.3986299335426,69.8106597614433,8,26,43,51,69,84,1.16769708558874,1.29925110540516,0.344007481364139,1.39179238868926,1.96438292560761,0.67511782196381,2.87206336944389,3.49574442639666
7.28989216411651,23.1084516816282,26.8978076172085,38.2029438889806,52.170007564844,71.4279797612021,8,29,46,54,74,91,1.16844961130018,1.19593724925881,0.0111088174067187,0.697710559050913,2.40867287538476,0.95480260548206,2.68061530252458,3.99893460550327
7.49282211057964,23.6518110772067,28.1349164577034,38.5745875592714,53.8204273698104,73.4267479747572,8,29,46,54,74,91,1.22602934234241,1.26481361951176,0.0262646168650055,0.845661379470897,2.12639191255567,1.20572925724845,2.77748053590069,4.17726742379386
7.53444016787826,23.9186190170945,29.1062365417837,39.0801438809152,54.7653434788887,74.7011883490673,8,30,47,55,75,92,1.23792279856861,1.18570282037924,0.0520067788416994,0.897895307640673,1.97735316570969,1.29682365843946,2.86991433951559,4.24890773868584
7.51317352738999,24.0219568753118,29.6103147482689,39.5159163437775,55.1339069369162,74.7879107737468,8,30,47,55,75,92,1.23184175214006,1.2102278373311,0.0719980137953685,0.963222223223999,1.95567880759416,1.28273572764186,2.79080826696787,4.15036659156864
7.44173849296313,24.2662780999171,29.95008069162,39.9530393757418,55.3943620660207,74.9136720232347,8,30,47,55,75,92,1.21146982282748,1.27320449912405,0.0773635045573855,1.00844946820388,1.98658607367801,1.24596592392143,2.75320272345821,4.10011700175112
7.3314983448505,24.5154810791457,30.2139207702641,40.3522811208725,55.7285790974976,75.6672578028821,8,30,47,55,75,92,1.1801983766527,1.34630680485687,0.0782072107940596,1.0442237929528,2.0297313017787,1.23252896866555,2.87071256728048,4.21539130036318
7.23752525326715,24.5504853755816,30.3004596695303,40.5744597609146,55.8220740005915,75.9266058520487,8,29,46,54,74,91,1.15370453062669,1.50834783721694,0.0812220908312967,1.13650900371395,2.07313542186578,1.20609234445255,2.91752678394884,4.25630159625765
7.15883169533671,24.3988230151159,30.1638319420683,40.5691642429439,55.6495192787213,75.5992483129721,8,29,46,54,74,91,1.1316363649479,1.49250798556835,0.0821146845876123,1.11701230939552,2.11533180156972,1.1720423973141,2.87382573183217,4.21115579665315
7.09388549445718,24.0562304865291,29.8129996735302,40.3349656361673,55.2337389118136,74.6790642580592,8,29,46,54,74,91,1.1135057630275,1.43276770391535,0.0816247678382298,1.06763960551865,2.15294339867896,1.13548168011885,2.73260255995586,4.07728041121476
7.04085403273906,23.5688887725875,29.2769197036609,39.8981590633283,54.6209399819347,73.2950062230809,8,29,46,54,74,91,1.0987573631307,1.34104393965216,0.0787630842624611,0.994145647776073,2.18505689850645,1.10045563039886,2.52028147406285,3.88041618979399
6.99778873229132,22.4102761464961,28.2826382660755,38.9631913164188,53.4802665396379,71.2733028617505,8,28,45,53,73,90,1.08681813056005,1.24000083499467,0.0886598891342234,0.936782233674159,2.20428732043078,1.06003615426953,2.28345878076123,3.64607879928447
6.96277675551424,21.5678274726948,27.3000451122647,38.0281482885005,52.390402022246,69.2905481390664,8,28,45,53,73,90,1.07713658551364,1.07725334159525,0.0801754828410734,0.810833702228511,2.21972694456795,1.02999132099471,2.05018988263277,3.42254102723362
6.96639748089171,21.0060403297559,26.4762411875266,37.1992001666557,51.4136266625551,67.6787966886476,8,28,45,53,73,90,1.07813674590235,0.968447099418319,0.0656806793996998,0.711916930830002,2.21805562549632,1.00161050615409,1.88876712354958,3.24974323120321
7.01135809589928,21.1217122005607,26.4822785467299,37.0768221962337,51.2495041770235,66.9349508017849,8,30,47,55,76,92,1.09057639058189,0.773447559134058,0.0601373818986913,0.593591308344931,2.17641226268109,0.883972136114853,1.91860833121257,3.08810001617567
7.10430391909302,21.0526071682722,26.6782063916381,37.0652067859818,51.2935838375657,67.2459585677003,8,30,48,56,78,95,1.11640914080804,0.746824107503073,0.053845367765706,0.55925591936158,2.10943190902065,0.793083527595519,1.81069951294913,2.83636444337805
7.1278774699969,20.9275271506063,26.48677263752,36.5906718787642,50.6294785676503,67.3765925604421,8,30,48,56,78,96,1.12298571335007,0.722749655532528,0.0509708010992682,0.540284235813812,2.01873291498467,0.761644544002935,1.83764274824838,2.76955133912445
7.09074135556116,20.7534039671374,26.2502008125779,36.0837838211313,49.9368726619398,66.7470615038031,8,30,48,56,78,96,1.11262994518507,0.700863265648089,0.0483573502908725,0.517309340295393,1.93287868042532,0.731365508057424,1.85308314410188,2.69086743610101
7.01307146639509,20.9749219950921,26.4506170620493,36.1106911505963,49.8016655208963,66.7280215323321,8,31,49,57,79,97,1.09105117621101,0.660189667105948,0.0474942446234493,0.48681822400117,1.87817286914317,0.705362966122822,1.88162287719163,2.64728021241831
7.20275282847691,20.8343196676201,27.3108365683418,36.4814508665518,50.6339360938087,67.6488696976572,8,31,50,58,81,100,1.14393986353574,0.610952177313624,0.0752212224222782,0.518101960461208,1.72563909612931,0.689373628743667,1.73923388710655,2.4119020081476
7.30615783204964,21.5591952428838,28.3084305078075,37.2441012740922,52.3288012027498,69.2004869137882,8,32,51,59,82,101,1.17303918964353,0.621103464377026,0.0903882008312536,0.563137621622985,1.65341205599751,0.83983097000605,1.70552753921883,2.51723269080293
7.30727006223185,21.5258511504966,28.4915682697072,36.9893730544946,52.6818016569541,69.2701700231161,8,32,51,59,82,100,1.17335318605878,0.616124039400068,0.103653737772823,0.581146975814253,1.5206431247297,0.944514646349762,1.79895810811034,2.6192133419654
7.27885244326453,21.4669478527289,28.8840064625636,37.0363044822314,53.3034773571142,69.4928087469274,8,32,52,60,84,102,1.16533719291794,0.611733532748623,0.104677229150535,0.567563000276049,1.41768434330108,0.942006257522727,1.70284909275745,2.46317135682454
7.25044485548636,22.1702381597374,32.8687385634659,40.06885420837,56.1698042422054,71.3781000604325,8,33,55,63,87,105,1.1573379282769,0.637608587557075,0.304227421137789,0.817214238548681,1.14320016073277,0.913411007298231,1.47381701962492,2.07646635533908
6.52091310599834,22.8495428462146,38.6341571009548,45.2980355432366,60.9310688289993,77.6919230659456,8,34,56,64,90,110,0.956957826394153,0.763776609314419,1.07036375860838,1.50374120808779,0.995424627873912,0.660530711422036,1.52946954957994,1.75468432970198
6.24248435522105,22.9021340130893,39.2152533996335,46.1922505380566,61.7349950201404,77.6762558541017,8,34,55,63,89,110,0.883253270307168,0.81520971291141,1.29645600783568,1.68405807644307,1.08106610037079,0.647622798272857,1.2205999079126,1.56680121484418
6.30155403450158,25.4134224578476,39.7028573484163,46.9147480743005,62.7222626849564,77.9078319153649,8,35,56,64,90,111,0.898752448229784,1.12846365126564,0.904884382070156,1.66693517882253,1.14650389099345,0.685800273663427,1.07170741224234,1.52781546024211
6.41936725949429,25.8119239865145,40.3121865461027,47.6819945188425,63.7113846054526,78.3192943742008,8,35,56,64,90,111,0.92988814759934,1.17872480206461,0.943137433272446,1.76313546543327,1.19104232853888,0.718545855629589,0.962909401714585,1.49797387614469
6.54713002744136,26.275306428332,40.9933811619236,48.5183705439692,65.0050692950697,78.935829847519,8,35,56,64,91,112,0.963981015893793,1.23994963456805,0.983309698029972,1.87331508991288,1.23521950052776,0.70344598074886,0.841267731776763,1.40198230705312
6.67612906313941,26.5028007220557,41.8486222582775,49.5731321626444,65.642366785647,79.6494051594025,8,34,56,64,90,111,0.998739794537683,1.37494654480237,0.988852654304119,2.01547833958756,1.29259548991342,0.724498152451109,0.854640254238645,1.46712618856082
6.81836877794997,27.1907769445877,42.2542013215222,50.4868110705788,66.425167957441,80.3133113118387,8,34,55,63,89,110,1.03744586140994,1.48256986110933,1.04832988401044,2.19109649173706,1.44146808346963,0.705028387172579,0.833833662076171,1.5057922276159
6.94938277240458,27.7600647864471,42.7185753799644,51.3641721649998,67.0867545256231,81.1168196545938,8,34,55,63,89,110,1.0734388430394,1.57113714500353,1.02840794116101,2.27320268291905,1.5651794620416,0.673446489096601,0.858693908776296,1.55720624176558
7.05861424190655,28.027361208956,42.9796669372941,51.981418989014,67.6052634652786,81.7161639413284,8,34,55,63,89,110,1.10369094200564,1.60353297156546,1.02723430512429,2.31987987691707,1.67365940966411,0.659211786418003,0.872985426225091,1.60921630184059
7.13122176789892,27.9328762407651,43.0225602174034,52.3129957737036,67.4051806786076,81.3651307462174,8,34,55,63,88,109,1.12391951111808,1.56929411008241,1.05333915699572,2.32758321965553,1.76272772253949,0.662621159552613,0.846374950135015,1.64063275301415
7.14188644029334,26.5663258081311,41.851487057679,51.2842223336717,66.623803989778,80.3722633887616,8,33,54,62,87,108,1.12689863795582,1.41856845665285,1.09091321516185,2.2295092220835,1.80698938107602,0.699266950043221,0.809656388584279,1.66875253162937
7.38149830206576,29.3021549039866,43.6044701057829,52.0404714224152,66.0325568232734,77.5878838042548,8,30,48,56,77,94,1.19435634621012,2.43037492862368,1.27221206371381,3.33443834642214,1.50210535062927,0.852012070521136,0.836591583590926,1.71559324307701
8.02819271006773,29.6427509690547,44.6564070962375,54.0433626213881,70.1030391676982,80.8999892137499,8,30,49,57,79,96,1.38111408363289,2.35439028698272,1.28859865787096,3.41668514980733,1.79272464242661,1.12272180888027,0.697138656144359,2.00394102422797
8.52887484190075,31.6236870535443,45.7163710989571,55.3630709087046,70.3153497781858,81.1119312921095,8,31,50,58,80,97,1.52998188563383,2.54777974750173,1.09731431871766,3.50058824788271,1.87396946835596,0.917923429621104,0.697073358367245,1.85375122334254
8.86185053499947,31.9273895637456,46.411394135457,56.1703107992981,70.9057688924318,81.6822558405103,8,31,49,57,80,97,1.63085721269764,2.54048054488018,1.31183439095189,3.80081298133738,1.90929777148387,0.781989774745446,0.693516676476216,1.72788070014199
9.05871986213299,31.7018912713877,45.3508752764157,54.9549909863044,69.7543156886909,80.3774355571176,8,31,49,57,80,97,1.6911571172249,2.43586333154889,1.13327655219203,3.56706178398523,1.86059865398109,0.792437730078921,0.66661484785038,1.6869899805978
9.08495364997941,31.2357824642055,44.1513602044512,53.5085639000586,68.8082615201566,79.990494370094,8,31,49,57,80,97,1.69922802801659,2.31560428352919,0.984298082992777,3.3087030233051,1.78346686838912,0.876289154223311,0.766735380771429,1.82451877058612
9.00476567607782,31.2977081442339,45.1289938668557,54.2886040785883,69.9108993750586,83.1485245907752,8,31,50,58,80,97,1.67458405986026,2.35012631255594,1.04507696717268,3.37490705203762,1.72224141354919,1.03991884253958,1.17896942201437,2.33285263692235
8.87541053654799,30.5259076388843,46.389803200502,55.0781959508559,70.6191441928216,86.8037212144094,8,30,49,57,78,95,1.63499521842343,2.36327414391963,1.47453871076624,3.79600561954378,1.57812930883887,1.14082722644765,1.86855886476311,2.94008922465959
8.70621395639262,29.617868383636,46.2691786966655,54.3564890365827,70.7873871307762,88.7020977646653,8,29,47,55,76,93,1.58352891026333,2.35377430405625,1.81426619401372,4.08022416689725,1.39850641848706,1.32082450474579,2.3157845603627,3.37135840734683
8.50102546756329,27.5128863701418,47.00306699096,54.5556499653571,69.5303192444266,88.1260454002851,8,28,46,54,74,91,1.52161056881775,2.05568149501002,2.54257210843731,4.41629668927093,1.24311643613318,1.15071128163094,2.49897000259819,3.23245833395389
8.5482105096135,27.8638843033642,39.4316977309099,46.8268552477097,56.140013641801,72.8804204988118,8,27,41,49,66,80,1.5358001286242,2.30733744224805,1.23583660400363,3.46039010701413,1.19823142635703,0.455438489353415,2.61001075346588,2.44662040135287
8.55241045125585,27.8379884399813,39.8884574446466,47.2680290282369,56.2857179916329,73.2300680479896,8,27,41,49,65,79,1.53706457854587,2.29960442911033,1.35112884919228,3.56535998216477,1.19380999437338,0.49237431523298,2.66936846001561,2.56165734647418
8.5524874226064,27.8414977987265,40.3442694121445,47.7156026364597,56.7864466790967,72.9074439339364,8,27,41,49,65,78,1.5370877540091,2.30048599232788,1.4620209526029,3.67109857704729,1.19147458170661,0.500772820600988,2.65529474489619,2.53643936034986
8.54825344079312,27.0643460775675,39.6146859924541,46.9700082242914,56.617350994159,72.5816905630396,8,26,40,48,64,77,1.53581305245888,2.28481945360649,1.4738369552127,3.66296673019682,1.18693905922067,0.595716700035201,2.6088087371797,2.62312531390779
8.59019592762114,27.089053872593,40.1283869729362,47.5026739927578,57.6358522962794,73.8922770460696,8,26,41,49,66,79,1.54845091535421,2.28032864996185,1.42941144047914,3.62089690186936,1.19231179294421,0.583637780504826,2.69563297042897,2.65180822204262
8.63736972449838,27.0899872427419,40.3727974780076,47.713124889791,58.0828017625864,74.5452706846281,8,26,40,48,65,78,1.56269272358074,2.26829223751581,1.65928584734023,3.84221780862152,1.182695330712,0.623119179061349,2.75727047193314,2.74004087665815
8.68065211376376,27.029661524787,40.4663048726353,47.7579748634105,58.2726226853331,74.9061663893207,8,26,40,48,65,78,1.57578527121942,2.24138863578939,1.69903768375549,3.86450957417481,1.16895102820282,0.647851022419558,2.80868599762288,2.79830854565924
8.7199682742615,26.9052179957048,41.0001306662029,48.2391899542624,58.7103024460183,75.6961532708537,8,26,41,49,66,79,1.58769909373801,2.19905261566047,1.69014502297148,3.82493402257553,1.1541357977811,0.640382165033627,2.91523550105945,2.85451372687337
8.7552308172035,27.9698116695387,41.8685944202278,49.3696844723638,60.3566201627948,77.348278301977,8,27,42,50,67,80,1.5984014631768,2.28139158062542,1.64071289759687,3.86504579678273,1.22838986487215,0.731127369272862,2.91699919674441,3.02874342282757
8.78625960448055,27.5018028140883,41.2661282399021,48.7274056690756,59.6861198443178,76.6798362279563,8,27,42,50,67,80,1.6078319944509,2.15456893117605,1.60707745487324,3.72424604637484,1.21703358454526,0.726037552585927,2.91762434730176,3.01394454685497
9.08725511251111,26.4766338450094,40.178434654395,47.3303499222301,57.980933043569,75.3176605765103,8,26,40,48,65,78,1.699936475045,1.99667179268113,1.76818134023783,3.79600968105757,1.12970198558734,0.671400269011174,3.0222162347004,2.9526320870578
9.44969378833682,26.4265660488577,40.5467316382139,47.787543205095,58.7079152876101,76.2973023716641,8,26,40,48,65,78,1.812279568693,1.89407480013756,1.87883044717244,3.88371458933472,1.15462847045238,0.719145247010623,3.09976748539431,3.08975270476557
9.73284585129902,25.920424874904,39.8388840967675,47.0736027885768,56.6033284431024,73.8102896578127,7,24,38,45,60,73,2.16449224804778,1.86931044215733,1.82525016710193,4.05558728338084,1.36216226815045,0.675609552803059,2.98255260198977,3.15336272269909
9.9582517999005,26.1535789526698,39.9348091421739,47.2063094021423,56.770301352945,73.9233685731009,8,25,39,46,61,74,1.97238120570738,1.87125066908451,1.78904450533694,3.90599253700566,1.37340690171639,0.681951772254927,2.96611344214356,3.15736884239599
10.1824340056102,27.4978663956137,42.0854174161159,49.4092982510053,60.1870303676619,78.5317576052545,8,27,42,50,66,80,2.0438147891294,1.8106155412396,1.81617836833171,3.91611584755557,1.17804513017593,0.800975755479341,3.08515855825603,3.24824734142811
10.1650793541926,26.2865753475449,41.4010037043982,48.7466830333408,59.2271658867466,76.464193455598,8,27,43,51,68,83,2.03826690914613,1.53252788753606,1.77337178161456,3.59645642254855,1.18420955482225,0.641986713878118,2.53462060726452,2.64698511231941
10.0482300993244,26.2782887617756,40.7840914684509,48.1457580115498,58.4220095890196,75.6232236825726,8,27,43,51,68,83,2.00099106385871,1.55718802852746,1.62236626822082,3.45664143276985,1.18873572883799,0.607393308592566,2.52450109352695,2.59987484676925
9.92815597339586,26.486967479799,40.3240104005953,47.7176402449688,57.8913910033831,74.9576142506521,8,27,43,51,68,83,1.96283030592294,1.63264699289151,1.46127620487871,3.35354724017309,1.19779787427137,0.59033379176654,2.48644990305968,2.55691950037743
9.80966558194838,26.3932250213776,41.1357480695428,48.2052108468951,57.8908996317516,74.1615042654398,8,26,43,51,68,83,1.92531874426424,1.79779017173668,1.51845781667874,3.536120734635,1.10670734421331,0.511962163244295,2.26523656088224,2.22972212919939
9.6966033417837,26.8122968185867,40.7489582495363,47.8981098014807,57.3553941077132,72.9951532344493,8,26,43,51,68,83,1.88966348864146,1.928420606077,1.3331047712948,3.44873304060068,1.12892926909257,0.476959063926396,2.09375813842866,2.07697154781349
9.59023743368783,27.2614157174795,41.1375176961935,48.1110483722301,57.0984095482495,71.5614063863743,8,26,44,52,69,84,1.85624534063419,2.06767685084648,1.18093273908577,3.38363488971977,1.08010787025981,0.408448740283283,1.78406602767451,1.73599640552617
9.48722873798687,27.6422517593598,41.1490218727811,48.1667964791504,57.4902952740111,69.6890500750297,8,26,44,51,69,84,1.82400001905511,2.19126351918403,1.10379423698021,3.38618869327558,1.29625584532798,0.383149849244718,1.23178167523991,1.40907404463973
9.37703634188392,27.8497045991015,41.2368867257368,48.2543799630309,57.0038036297678,67.6480000732248,8,26,44,51,69,84,1.78963700493704,2.27350924542499,1.07921994303347,3.40571461292203,1.29617083828825,0.310605855618701,0.893247064245797,1.07416135183839
9.244640250163,27.8608512806873,41.261593069047,48.2132964057347,56.3545408821212,65.7555347752571,8,26,44,51,69,84,1.74853278384899,2.31095625288457,1.08199626044203,3.41121165823977,1.27632869014094,0.2419669409372,0.651992261935256,0.807173462340078
8.89367942325672,27.7957352245391,41.1481551529301,48.0634870502286,56.1218201051874,65.2419199420652,8,26,44,51,69,84,1.640573825997,2.38603474278939,1.07211428049539,3.38599626872182,1.26538862454417,0.233285774051486,0.601629019379411,0.755886284747947
8.83494082576004,28.1736176468197,40.6387627112948,47.5384860447279,55.5509741963599,64.3666551613946,8,26,44,51,69,84,1.62265219127983,2.50198748633677,0.896714806558929,3.27353008228863,1.26070027051513,0.228556448522087,0.548917816952545,0.710393825409644
8.42781985512837,29.5732305839158,39.7931009490231,47.5457869613382,54.8422585530063,63.6589568583756,8,27,44,52,70,85,1.49965521655797,2.79076961929715,0.597984352640384,3.08963674566653,1.30074893265913,0.161339078211124,0.549090649480837,0.661540063709578
7.82599251296564,29.4686200938155,40.0075049076278,47.9386088581561,55.4834885675673,64.1851779572741,8,27,44,52,70,85,1.32201970274979,2.92636433846917,0.652024528580025,3.13592185592194,1.35266258846779,0.183231954193613,0.529695943485598,0.698520015188466
7.25449715257077,30.359819001442,39.8543924491638,47.7485911049856,55.5042871407129,63.7290331824815,8,27,44,52,69,84,1.15847815760562,3.33468287773252,0.482598911533805,3.10284452649155,1.34188459810991,0.252823271129317,0.452443005297952,0.728478591694628
7.23846896882717,31.9546864163263,39.5262249827015,47.5506519575595,55.6864013035947,63.920847271206,8,28,44,52,70,86,1.15396983497511,3.57365340941063,0.28888031357163,3.03235013071793,1.38000794511941,0.241386487045931,0.375984369656947,0.659881556738137
7.2898862484185,31.0454798877931,38.7610860564346,46.6937728175789,54.0968500541549,62.4144732591139,8,28,44,52,69,85,1.16844794293176,3.30280725510274,0.30687895354752,2.87014951167418,1.35312529805428,0.215067735046853,0.387670826745058,0.636905525864045
7.35030756883721,23.7159518178572,38.3494474116242,46.0370653035154,53.8483555836294,61.8071213798329,8,27,44,52,69,84,1.18551942010907,1.58816772838446,1.49292494707043,2.78416590262696,1.28193870162369,0.259061088358773,0.411668146349724,0.677665382187392
6.98625054336743,21.8033847988112,33.5857439196915,41.0293287341679,49.6076007609558,57.8221943225529,8,26,42,50,66,82,1.08362509063691,1.3855503759446,1.00238654834108,2.09116272235075,1.21199529640672,0.42534631628423,0.373219479865058,0.773991138981908
6.84096522018347,20.6008931790283,30.1294602946027,37.7733491231468,46.7902597440167,52.9409838955526,8,28,43,51,68,82,1.04363060783152,0.916277130685362,0.675395530036094,1.3765355399666,1.26933477324271,0.412614385005776,0.234996375513398,0.665557424470147
6.60932915428808,19.1165344541355,27.7267498697839,35.6133834211597,44.5657674508428,50.171657911982,8,27,42,50,67,81,0.980699029962296,0.795694330189274,0.514479091058361,1.09786142570845,1.33967778980509,0.403543078222392,0.174363230947003,0.622249027290022
6.36438158166298,18.5408257272817,27.480033068221,35.6370354272992,43.8854530186822,51.3190356449299,8,27,41,49,67,81,0.915319923338753,0.73763816871196,0.67289723408632,1.14732741020715,1.41907496097801,0.253431617238581,0.411958091129826,0.724066658180599
6.07895625898981,18.5121269640138,25.1706024039278,33.1323837147182,41.7261185716205,47.292002153496,8,27,41,49,66,80,0.840745509511391,0.782545096575016,0.299527797995036,0.822691927245049,1.36163731309393,0.354836655030657,0.170275036108921,0.585222378854139
5.73279634156649,19.3866097299888,28.2570874449758,35.698158282199,45.93629214458,51.3237445999535,8,28,44,52,70,86,0.752794754220249,0.896781821997283,0.469438214057579,1.01005838821186,1.21127981816838,0.513351558813214,0.0845149874730309,0.515278307974449
6.20702465476691,22.0282874396087,30.9805512742779,38.9405659148628,49.1285772738784,54.9470504117229,8,28,45,53,72,88,0.873985531605468,1.32551064785436,0.40352626755759,1.32449131336246,1.36112008827921,0.429132294091627,0.114315957168671,0.553533446239187
6.49701558624008,22.8553270033729,31.6572684951573,39.900600123293,49.8688438684141,55.9706049201208,8,28,46,54,73,90,0.95056819748598,1.44086218256543,0.316935059270651,1.33809718562563,1.44465021706501,0.399670777712928,0.103661484705767,0.534564912310326
6.64514719512147,23.1793881662639,32.3237182656767,40.652119367177,50.4808585625196,56.6373956777129,8,28,47,55,74,91,0.990361458858317,1.47936651324838,0.298224697013195,1.35010041418941,1.46995504010529,0.381483899793806,0.107449159100954,0.534599613022582
6.72968782873857,23.3556096396517,32.3317648880388,40.802457095104,50.5436258926587,56.7032080279549,8,28,47,55,74,93,1.01326804697276,1.49956864319269,0.279323202034222,1.35133218446081,1.5125044416332,0.370274457583345,0.0597159912127753,0.439760783979074
6.78312990513294,23.4689426937841,32.4267288642216,41.0008007643352,50.7650201430652,56.817197984882,8,28,47,55,74,93,1.02782027489866,1.51281583117471,0.277296683534529,1.36590543385212,1.54358976646849,0.373209480670324,0.0549667207416226,0.441473095054312
6.81922975429923,23.5123322731235,32.6624888560539,41.2969884542226,51.2239519670541,57.4535672840629,8,28,47,55,74,93,1.03768133635392,1.51443092099944,0.298890744387021,1.40237282775581,1.56182539752464,0.394247207518876,0.0629491822060576,0.478353799475812
6.84305998851018,23.3087609736897,32.4234681887719,41.1519883928006,50.8340798011294,57.3534762311564,8,28,47,55,74,93,1.04420444657344,1.46432449487652,0.294849953665186,1.36540394169427,1.59029318656494,0.362803141629495,0.0774929200437676,0.49151080956664
6.8699721320325,23.2144192298212,32.2178627575651,40.9267459300947,50.3491369686646,57.0008942562649,8,28,47,55,74,92,1.05158411963649,1.43784259467971,0.282347574884906,1.33394094639554,1.58433800182113,0.330837990146382,0.111688051201521,0.528586395078659
6.89506444801539,23.1669983769212,31.9463941637748,40.4651404541004,49.6540928669723,56.3739175021091,8,28,46,54,73,91,1.05847707009211,1.4220850378634,0.314210256510106,1.38287858317862,1.52693611851237,0.303344666692029,0.116440013036432,0.493619400023512
6.91857126163594,23.416490629175,31.8621359871868,40.2315466008683,49.0330645199622,55.6023664210969,8,28,45,53,72,89,1.06494518364309,1.47138872832035,0.335588882046079,1.46364038074014,1.48218969719044,0.260361936915797,0.13854981730996,0.477891132613306
6.88516415963352,23.4432723108666,31.8787024074763,40.2548424986037,49.042358662115,55.6714881581818,8,28,45,53,72,89,1.05575601178315,1.48461675487299,0.334280089622843,1.46631086764636,1.48419956331737,0.25887133535226,0.143432518845615,0.482950355035713
6.82427503888306,23.2990326640365,32.0236069982384,40.3361998856895,49.4164622764219,55.8716177663485,8,28,45,53,72,89,1.03906149340845,1.46630909110243,0.372265502837989,1.48975544826149,1.46524507894565,0.290950213006752,0.129497095800088,0.488296708215655
6.82629848853577,22.7967751641985,32.1048765046337,40.3771595676391,49.8060175310252,55.9079345887808,8,28,45,53,72,89,1.03961515207887,1.35722330558544,0.454691455153479,1.50297172246756,1.45325076471573,0.331616448977914,0.103672159489276,0.483942486814254
6.81939700932257,22.0176214006115,32.129524450892,40.3491213677504,50.1142003811027,55.2152385500086,8,28,45,53,71,87,1.03772708183665,1.19600090450339,0.580139454423057,1.50698957947741,1.43760820259171,0.443839365619272,0.0675950455191707,0.51722539205754
6.80411905449863,21.2418489933936,31.7769451292912,39.7892898504359,49.8491271195571,54.6398910299305,8,27,43,51,69,84,1.03355065154173,1.16768602231158,0.754911451260778,1.65031128106932,1.37646034235373,0.486619192227499,0.0730378090597228,0.549334835219183
6.78393369040363,21.0751099067824,31.3033472490236,39.3813413818349,49.4957014355558,54.1622945460736,8,27,43,51,69,83,1.02803956558692,1.13760248117007,0.698186796723537,1.56954077048643,1.39576221222026,0.494726285785736,0.0919801908798793,0.60782911206589
6.79000691569024,20.6447523641471,29.0485262979413,37.2766648602661,46.0581091282011,50.8062712066362,8,26,41,49,66,80,1.02969687909804,1.17642188132923,0.480830082363919,1.39429515816711,1.44014156497026,0.379963433513535,0.0979950228497703,0.544951010144233
6.79729724092911,20.5589564886299,26.0313417610008,35.8132939463348,45.3219061793712,50.3417124809246,8,26,40,48,65,79,1.03168725995868,1.15683201631129,0.160918604594697,1.01856124700804,1.91656649836566,0.484729832527585,0.11959710632041,0.857055346165473
6.79638175283886,20.4031340307084,25.8555933704018,35.8318873919585,45.5394950368605,50.7520447550832,8,26,40,48,65,79,1.03143726043961,1.12449241171101,0.158960571218103,0.993274698215567,1.97811136021473,0.515378326087914,0.136385439797765,0.938014741965711
6.77688683764015,20.1996996950538,25.5993121159834,35.7542230396943,45.4352223738264,50.8347467814001,8,26,40,48,65,79,1.02611744873225,1.08652080174668,0.15382897442898,0.956911011806737,2.03501768390222,0.511232576640925,0.15382050261023,0.986341927047628
6.65262557997006,19.7364218450944,25.0978388010244,35.373374709761,44.7045777279514,50.3572501347157,8,24,38,46,61,75,0.992382078414748,1.28638146404716,0.150175764134033,1.05063656499133,2.07362790949029,0.639327898871119,0.179207831262211,1.16532763675401
6.44649665779141,19.5624062690916,24.9655202869157,35.1514284989889,44.25249304117,49.9031759805825,8,24,38,46,61,75,0.937099302213102,1.29368853957888,0.15416622567683,1.03088939341778,2.0449257702928,0.59827522488864,0.179000404582272,1.11483049529217
6.29086220094392,19.7724520009144,25.2809215322933,35.3757546920595,44.5875150221691,50.4258347178056,8,24,39,47,62,77,0.89594144959983,1.37784587603787,0.124133048125,0.992909159768198,2.01584141575299,0.617884539467721,0.152846040614658,1.0577013810486
6.2015386531019,19.7681729382222,25.3672297958944,35.4157236780943,44.8208275112708,50.2939252036011,8,24,39,47,62,77,0.872554174546202,1.39766372840583,0.131691763653757,1.00542321678381,2.00107505826634,0.652741134474427,0.121249007554325,1.02512633865169
6.17164844622891,19.7533978006897,25.5076767924239,35.5260665374689,44.8572253476427,50.2512908239398,8,24,39,47,62,77,0.86476715679496,1.4011955147797,0.145219545972201,1.02593519473817,1.9914937719662,0.639319908186045,0.114942155483117,0.998141925370212
6.1963327158835,19.8032507232745,25.6858356491076,35.6923699237771,44.9433701806122,50.2857609927828,8,24,39,47,62,77,0.871196501891229,1.4070827746521,0.15694802157149,1.05221728773603,1.98772303962108,0.62489685799629,0.110920917236518,0.977186511785996
6.2678895324776,19.8864194157273,25.8874580040289,35.9002614162245,45.0858557927846,50.3833874157644,8,24,39,47,62,77,0.889910026681306,1.40980160740877,0.168212216365089,1.08231161131863,1.98971681356157,0.613226301058054,0.107495773535765,0.962143031726571
6.37708048247404,19.9849765078943,26.1022188130338,36.137932473949,45.2722205133534,50.5304591458526,8,24,39,47,62,77,0.918678788294057,1.407311705186,0.179666733922614,1.11477268298516,1.99700635723013,0.604133755794687,0.104545823192867,0.952407374905053
6.51433364430223,21.2737798223396,27.553986235976,37.5998100583213,46.7676826534813,51.5157266745649,8,25,40,48,63,78,0.955197468943498,1.52243341455792,0.196399309494492,1.24917518412236,2.00022488356562,0.610079430402492,0.0704866999148138,0.886522218114694
6.67068653043567,21.526382719595,27.9510929047595,38.0385434781076,47.189237267471,51.8902923464655,8,25,40,48,63,78,0.997266613764605,1.54510748569989,0.211882925820013,1.31260468719127,2.01348745256298,0.60703522144948,0.0677435318166476,0.883392760946974
6.77625532259608,23.6871196884808,30.5448565257834,40.5100254519601,49.7676506745635,54.6230834635969,8,27,43,51,67,82,1.0259452417827,1.71472543259067,0.207677574062517,1.44363757557819,1.97457766938946,0.530767926354877,0.0770035906269847,0.825914094390829
6.82467136089612,24.2270993253397,31.0495148145313,40.937264333171,51.50476172682,56.5964469472913,8,28,44,52,69,85,1.03916992936435,1.67430844172461,0.204012769722039,1.42875076546585,1.95002204173462,0.656965656558874,0.0670808361773315,0.872245560610839
6.8217231012867,24.437149996153,31.4477602284026,41.2409754212909,51.9483944664963,56.8434395784221,8,28,45,53,71,87,1.03836334042097,1.72333900530748,0.176787173572703,1.39750665381402,1.92012252204024,0.586695652020114,0.0568232128344016,0.780526895419799
6.78946207902704,24.5663289859229,31.7410630587388,41.4881104458681,52.06517861703,56.8184977765696,8,28,45,53,71,87,1.02954817050658,1.76080521101244,0.192310410474297,1.44418518160434,1.9055546894999,0.565897350805138,0.0500769434062751,0.741115748706922
6.74234232960024,24.6498899587209,31.9448809539098,41.6693112598618,52.1044057297875,56.751947052363,8,28,45,53,71,87,1.01670885997962,1.79132203251629,0.204128174708062,1.47699895216001,1.89842634815008,0.543614676784806,0.0453882093206614,0.708403287579178
6.69364375539903,24.7130638738017,32.1126026835635,41.8099797234297,52.1250151853216,56.6706788719795,8,28,45,53,71,87,1.00348461459664,1.81757947685703,0.21470486337479,1.50423068834599,1.88990701802635,0.525076852943438,0.0411472189307058,0.678910098791874
6.64898824940074,24.7641865396658,32.2624909093275,41.9186890617965,52.1408916116105,56.5964119067402,8,28,45,53,71,87,0.991399152720491,1.84015575645728,0.22495349766097,1.52874071663455,1.87695450229276,0.510937123410334,0.0376156500985297,0.65288257580581
6.61224807193849,24.7877062806518,32.3995308537125,42.0035135899813,52.171833833821,56.5917654241814,8,28,46,54,72,88,0.981485492311463,1.85440504444147,0.189392801946483,1.45431322099535,1.86055693305921,0.502808518956491,0.0362776523275044,0.636688937749863
6.59103887223688,24.725590325696,32.3170469168291,41.9212830928417,52.0180935677749,56.4628412200423,8,28,45,53,71,87,0.975774847970454,1.8447282889188,0.234846915681336,1.5377023135548,1.86063645080067,0.492110273599847,0.0372073021136202,0.631424915486156
6.57038660736927,24.6637589373245,32.2656583147197,41.8635786731409,51.9093242123471,56.3946311049685,8,28,45,53,71,87,0.970222841602871,1.83500329420746,0.235969701989191,1.5292604183589,1.85865504674475,0.484533618794908,0.0387598971882115,0.629523530991246
6.55071664387987,24.6033583448304,32.2129167540239,41.8054007742269,51.8017679437337,56.3295543028516,8,28,45,53,71,87,0.964942912461943,1.82540025728592,0.236794934712575,1.52061616942784,1.85694990303005,0.477257365895383,0.0404304693299543,0.62813104944163
6.54037577582127,24.6775444152701,32.2941547824644,41.852677005365,51.8178345158022,56.3721018376014,8,28,45,53,71,87,0.962170298297502,1.84534692168716,0.23755606599085,1.53393933231141,1.84630489356802,0.472683952608553,0.04149506623579,0.623773342416286
6.53342335993704,24.7627952901409,32.3894613558602,41.9129272530944,51.8520302155546,56.4281037891675,8,28,45,53,71,87,0.960307423987807,1.86718306826953,0.238643565324723,1.54963064648751,1.83533013592912,0.468881173080133,0.0423851790395861,0.619361895364406
6.54381608043813,24.8834464603078,32.5172964143355,42.0097846250643,51.9278667765981,56.5132566200276,8,28,45,53,71,87,0.963092478673376,1.89340110624387,0.239422045685478,1.57078021351641,1.82564356958136,0.465823206401569,0.0427691783107082,0.614588993428308
6.55436045585665,25.0041828905677,32.6500289827582,42.1099995880884,52.0094382763663,56.6019733917753,8,28,45,53,71,87,0.965920415386267,1.91971758321433,0.240724901115774,1.59286395338006,1.81548698124338,0.463118656618513,0.043065204500598,0.609686230938115
6.54711857027471,25.1394946620763,32.7085805118286,42.1638167984053,53.449446099907,57.8153411057985,8,28,45,53,72,88,0.963977943608272,1.95393037179722,0.232450934350454,1.60264555363133,1.81400924492549,0.590482474523647,0.034306214491039,0.679431559129909
6.53389298190875,25.2779988573426,32.7472553253706,42.2055908216518,53.4872868536999,57.850672319677,8,28,45,53,72,88,0.960433226504867,1.9905506364842,0.221913461272427,1.60911991548363,1.81497658162109,0.58986375836955,0.0342164076984506,0.679043675589972
6.52041000567595,25.414563213049,32.7957940924428,42.2555335474427,53.5943104700938,57.9688704206807,8,28,45,53,72,88,0.956823188965174,2.02697021852694,0.212832472407734,1.61726056052045,1.8154148258022,0.598870278891258,0.0346174893404977,0.687147103726506
6.50659473667134,25.5490535609095,33.0272009870582,42.4459939641908,53.8229464267753,58.1774819391357,8,28,46,54,73,89,0.953128030597215,2.0631650952699,0.177200635907205,1.55573340919159,1.80264252301841,0.604926689373898,0.0339009352260331,0.684490153215456
6.49238870044939,25.6814790044841,33.3557221479644,42.8189733065224,54.0236642385573,58.3724343974817,8,28,47,55,74,90,0.949332430736179,2.09914244293824,0.154774157064251,1.51194184214892,1.81651109694869,0.577807375758061,0.0336964512529675,0.669023192467234
6.47771910216921,25.8196722179619,33.6918091817231,43.3158603098477,54.6401863427828,58.7900220169026,8,29,48,56,75,91,0.945417327812258,1.97045673377353,0.17116857568421,1.47074474603808,1.86685564101152,0.596584563144995,0.0271309047656799,0.678440168642928
6.46251566536904,25.9399409019004,33.7196110203524,43.319533619541,54.6651095576188,58.8500243849844,8,29,48,56,75,91,0.941364433814843,2.00270547489247,0.163393427510715,1.47512271401959,1.85928314434919,0.599946993510067,0.0282204617287709,0.682178562825414
6.43660043284871,26.0635147570849,33.7457849965305,43.282771193334,54.6363844125326,58.8535442123664,8,29,48,56,75,91,0.934467050767421,2.03848023852453,0.155421202929931,1.47924934068449,1.839561201855,0.601220880520929,0.0292474345985978,0.67954742807312
6.35445195090122,26.1787213642994,35.4896109364937,44.8487735484673,55.7971424235618,62.1139607657735,8,30,50,58,77,95,0.912695910021818,1.92518615736109,0.262394933042803,1.56683871827441,1.78407610747171,0.538463078337773,0.08998340942858,0.729241966027111
6.28695774050358,26.3930059506045,36.5659548411846,45.8279291229568,56.3638725481082,62.7125451507943,8,30,50,58,77,95,0.894915538400618,1.99093149994893,0.360028083287419,1.74182589119709,1.75390286266883,0.477761350041106,0.0919280715417523,0.674088463163389
6.22853657573151,26.7175191331143,37.3881589325572,46.5829558896418,56.7432284541517,62.9484675933058,8,30,50,58,77,95,0.879604599199367,2.08139470106671,0.423318295202329,1.88054403943388,1.73311088808751,0.425359525221265,0.0833684750924412,0.609340168538777
6.16440608482116,27.1803617055602,38.2871419066654,47.4119626908168,57.4059852723642,63.454924023585,8,30,50,58,77,95,0.862883347263243,2.20792033094888,0.482757057763513,2.03702997627985,1.7115090776229,0.403075514633243,0.0746140541680648,0.56782676165734
6.09430436386651,27.6792645014423,39.1736032967037,48.241487438703,59.6334379001646,65.5701486425081,8,30,50,58,78,97,0.844709708873826,2.34708136671213,0.538575257231242,2.19608662377703,1.69397559705646,0.523560186939857,0.0501397191022327,0.584699825393721
6.01387373672393,28.1511925563765,40.0032870460139,49.0263574719477,60.3078232440456,66.1266870785763,8,30,50,58,78,97,0.823995185224655,2.48458977061623,0.592519594968673,2.34907833851999,1.68020275748212,0.507572992053965,0.0455060418610064,0.556829547544805
5.91584752110617,28.558188820964,41.1541736381595,50.1413499211169,61.2520381310272,66.9937039264322,8,30,51,59,79,98,0.798950750621998,2.61231225392302,0.621701160180761,2.44635816497292,1.66918878706712,0.483306001099405,0.042628252453195,0.528608185894947
5.78949542011523,28.8941964676092,41.6626776581158,50.5896660247249,61.6599325420585,67.3341691178417,8,30,51,59,79,98,0.767004628530955,2.73085478858711,0.648479707150459,2.54278303448443,1.65075575178727,0.477641983273543,0.0402150753576076,0.51226163212832
5.63154915292918,29.63871078513,42.5332880647967,51.2815409884687,62.4599262201369,68.1027317130766,8,31,52,60,80,100,0.727618395403834,2.77831660840519,0.668364398803805,2.58738730636952,1.59628237254864,0.492860541257765,0.0275764901316322,0.454123049459453
5.5350201962987,29.8562217147689,42.9641716192438,51.3734568502149,62.9078592039243,68.4903265249634,8,31,52,60,80,100,0.703856908531312,2.85899338381554,0.702598150747488,2.67011882975301,1.49410794849983,0.544502324449465,0.0260263001491916,0.450253033617537
5.77193683960263,28.0230177174722,39.9042391227097,48.7831857230341,61.6291708579906,67.8161049091173,8,30,52,60,80,99,0.762595696890705,2.51319700892307,0.443934206131883,2.1041889513411,1.63607467027157,0.75392547760657,0.0609658458351234,0.751789448027937
7.4520767612066,29.2144246150612,38.9616182315206,48.8589580274436,59.8742744958048,64.978606489826,8,29,50,58,77,94,1.21441288186758,2.56980435747119,0.256915566728661,2.15763050650812,1.95306049012355,0.548621417963831,0.0483552964249638,0.722151870001144
7.45533848041946,29.1653606075247,38.8170594074623,48.73406624307,59.6161408876942,64.6874395767256,8,29,50,58,77,94,1.21534178389561,2.55635881661794,0.247425856865788,2.13155642076877,1.95929450149279,0.528486838445748,0.0469538700043997,0.704910618394393
7.62790700456462,29.249583308757,38.8858848966986,48.8068429490751,59.4270965222275,64.4099755712009,8,29,50,58,77,94,1.26473595530451,2.53370361572825,0.245913458407307,2.14395522279865,1.9605474317156,0.489904177425085,0.0433321884388383,0.664996121972197
8.00516032272062,29.4883466098664,39.2295896224705,49.1350601043107,60.6648451545444,65.6425897969134,8,29,50,58,78,95,1.37435187409592,2.49830672258929,0.256318720989482,2.20628657119309,1.95563724971618,0.543817753464741,0.0431276323296073,0.704581265629159
8.15638011379204,29.9151139470787,39.650472360048,49.472604559175,60.550000721369,65.576215054645,8,29,49,57,77,94,1.4188910050734,2.56887505473476,0.308524986030722,2.40172740204117,1.92925850268847,0.478638780279728,0.0450837540660744,0.649315721295457
6.71170944434453,25.6592606308721,34.0051941274916,42.7695857544135,56.5073810442428,59.4926713427512,8,29,46,54,72,86,1.00838500678529,1.87751753208808,0.322918929700273,1.71930800606158,1.60118441881336,1.15182870441849,0.0144713519444411,0.94123402640004
6.20086671727382,25.1520084367399,33.5905639428711,42.2221297383609,56.4289957897052,59.3958777493415,8,29,46,54,72,86,0.872378904754852,1.87835717107905,0.334680260501704,1.64914809307468,1.5609389402462,1.25156507508435,0.014064803929521,0.986092672019438
5.75008799563089,24.6322838131255,33.1039742915,41.6289750676029,56.3841527590399,59.4748633907963,8,29,46,54,72,86,0.757120014651968,1.86225531413916,0.338936911801909,1.56833224732447,1.52881674971129,1.3717374674287,0.0169561434429219,1.06821080237211
5.31727091219381,24.0769909722895,32.5152517916846,40.9577140794425,56.4471409615651,60.9779579648056,8,29,46,54,72,87,0.651153144283824,1.83376180094568,0.334642519617209,1.47279764480858,1.50404088481307,1.53835603197628,0.0583530373165436,1.29967908411109
4.80274007424146,23.357864560088,31.9236862184929,40.2818752637015,56.9900060902771,61.6941926611493,8,29,46,54,72,87,0.531926795516551,1.78648070159354,0.35116957342227,1.37933880301047,1.47883958150665,1.8281196184207,0.0679243009010199,1.51465460480193
4.47382619725133,22.8359236572013,32.6537033786515,41.1409857163324,58.3417209903091,62.6500499632542,8,29,47,55,73,88,0.460007091030362,1.74224250121279,0.451356900588381,1.40100657080366,1.51748331180651,1.94955220715488,0.0473559579450958,1.55313312968038
4.36822287457921,22.5328371028169,35.0872663946422,43.70016301335,61.0599993065604,64.8585172772202,8,29,48,56,74,89,0.437689704109424,1.69736077571091,0.804127682747442,1.69711373240907,1.55530063025291,1.98927055939139,0.0273710099674303,1.51478080063348
4.3794387474633,21.9912772571128,33.1308328412749,41.8553299832428,59.3856064163215,64.8603566103333,8,28,46,54,72,87,0.440041428348788,1.72250919017429,0.657915190040997,1.57274971255157,1.58907273727887,2.03208239755129,0.12138290007617,1.86101618275334
4.47932913600134,22.0008875603489,33.5723330308081,42.5362318920216,60.6536325110087,65.8145707294784,8,28,46,54,72,87,0.461180655226121,1.70167458076927,0.7324559020422,1.64609039475257,1.66205461299291,2.18157970992454,0.097442660618907,1.95619249533014
4.66870426434351,22.2421744128959,33.7658208171522,42.9351832263068,62.1487674049442,67.6911571752588,8,28,46,54,73,89,0.502190389509727,1.71364459132073,0.72404561721924,1.67865943386328,1.72525248379794,2.2811362016013,0.0946238921482861,2.03645638461487
4.94101987488316,22.6878711728392,33.9778549060955,43.2878223218625,62.9513321018025,68.3093337114654,8,28,46,54,73,89,0.563196675815766,1.75381970126655,0.683504453363785,1.71464567978511,1.76878929709986,2.39724811786973,0.08266972164975,2.11292164518753
5.27883926813427,23.2435320253866,34.2055541485301,43.5813004473271,63.482622821019,68.7655887584103,8,28,46,54,73,89,0.641984225317146,1.80471927635011,0.628240043790664,1.75363133610441,1.78923552328715,2.4592764550704,0.078077958842498,2.15641606150626
5.65740119229371,23.8215994274405,34.4279759537409,43.8068219911652,63.7247039644056,68.4554254214598,8,28,46,54,73,88,0.734022407338576,1.8517398298248,0.570545505164132,1.79205076673594,1.79020024248629,2.46361223060162,0.0694677711964289,2.17592116362498
6.0499804652629,24.3693990293693,34.6356661143608,43.974733952702,63.7252503893765,68.6200344263423,8,28,46,54,73,88,0.833276044021718,1.88858640541157,0.517627515333568,1.82822363708423,1.77782854990722,2.41989011995309,0.079478224208014,2.16759940809552
6.22058851673731,24.6039406072112,34.806367009131,44.149783403299,63.6310117028877,68.6048398664453,8,28,46,54,73,88,0.877527327758919,1.903829285278,0.50794700697072,1.85816778519727,1.77918014438788,2.35000873083662,0.0845898788761982,2.13182673080389
6.3144685558584,24.7328647223031,34.9824920102928,44.3601936538479,63.5680457037285,68.1926384872557,8,28,46,54,72,86,0.902151091084573,1.91220067095189,0.515096545896826,1.88926376952685,1.78984406465478,2.46708608780851,0.0889681340802485,2.26642812572659
6.42273820925786,24.851547876146,35.0733249048613,44.5122427309147,63.4260470014873,68.0334332232689,8,28,46,54,72,86,0.930783330930065,1.91469047665682,0.510872703579146,1.90537990632604,1.80891764555711,2.38913481579011,0.0877508432873719,2.21670635503757
6.54724103664343,24.9561742756482,34.6749048764155,44.2178337152329,62.7622431635883,67.3128023597681,8,28,46,54,72,86,0.964010783597687,1.90993901974671,0.437275713184087,1.83508985792636,1.84142154202501,2.2922033107595,0.0837994066422146,2.15322659910558
6.69113384512315,25.0575714702783,34.0149328319276,43.639838260084,58.4612016664994,64.076232259578,8,28,46,54,71,85,1.00280429706847,1.89979284449276,0.336031943170221,1.72097003537384,1.86712387080852,1.53700730385214,0.175304332987847,1.78282590472595
6.85567238510772,25.156977129617,33.8519890120041,43.5967232337156,57.9950995986861,63.6738408220685,8,28,46,54,71,86,1.04766123113795,1.88427474294477,0.304114847442392,1.69324672422805,1.90482538682229,1.43834034115544,0.138545673036213,1.62857680910907
7.04246161785783,25.2515578231478,33.8094642991566,43.7708343340989,58.0528689360927,63.7901080067999,8,28,45,53,70,85,1.09920369631501,1.86237429772546,0.350133013535205,1.79102143026304,1.97337130901449,1.41157607435936,0.143699054727933,1.65664766345412
7.25185176872099,25.3532227244959,34.0762321203178,44.2013716151907,58.3892536842812,64.0328105590627,8,28,45,53,69,84,1.15773377120072,1.83689100139631,0.3720547164185,1.83791719185403,2.02551041644989,1.54513257156733,0.135495736435549,1.76356996067066
7.48203286890371,25.443385150766,34.6615152686254,44.9482518447369,59.0746950677242,64.6716569222307,8,28,45,53,69,84,1.22295067212563,1.80393525123466,0.441493092726058,1.94246170680974,2.07722029972342,1.53034202772468,0.131514151337041,1.77340904057692
7.72923360381713,25.5328228139569,35.0480296387786,45.5014807246421,59.727344439463,65.244328086359,8,28,45,53,69,84,1.2939615416042,1.76703177548021,0.485732246419195,2.01272594180415,2.13083342022443,1.55429822999647,0.124832904524746,1.80776760087556
7.98752520246724,25.6870724451022,35.1881067864095,45.7677913354965,60.0828782034355,65.5327328455622,8,28,45,53,69,84,1.3691795795583,1.74282882260461,0.483579082567884,2.03842688185682,2.17160341862593,1.57589536899157,0.119374528513416,1.83532437751441
8.24923230165585,25.9191204162166,35.3161016181513,45.9635744707197,60.3176481299821,65.7364665293036,8,28,45,53,69,84,1.44640216242653,1.73594903070286,0.46790080769497,2.06201987075371,2.19355823730084,1.58536129320132,0.116897090677941,1.84945660926881
8.16650194382672,25.9303131582664,35.369672950964,46.012662203364,60.4314392719233,65.8526170127026,8,28,45,53,69,84,1.42188403567921,1.75776567256377,0.474258518458911,2.0719252643533,2.19210481569704,1.60110964660869,0.117084396865119,1.8611644260203
8.0543397537902,27.2453002545166,35.8102812687238,46.4408163010946,60.9958770829547,66.4531705736042,8,29,46,54,70,85,1.38880020414585,1.93470802491794,0.351059414852739,2.03809373091139,2.18806857238974,1.63443584197309,0.119972666485491,1.8912154031935
7.94229822042018,27.2236084271078,35.8121179499118,46.4408104981389,61.0456198851794,66.5054311908697,8,29,46,54,70,85,1.35593586266957,1.95607424645123,0.354148804304216,2.03842879007407,2.18747156909363,1.64665325682662,0.120175497254311,1.90072690745757
7.82825074891492,27.1981698461634,35.825636878603,46.4429820540949,61.0741836461833,66.5284345492247,8,29,46,54,70,85,1.32267627249874,1.97710049360323,0.359292293124906,2.0408956507044,2.18379547069416,1.65314596302852,0.119727817380628,1.90251797464299
7.66156277036023,27.0916717056545,35.7780500192563,46.3750640330895,61.0231699612418,66.4677934694975,8,29,46,54,70,85,1.27442524080465,1.99142332578405,0.367136787676798,2.03221734526939,2.17721194324326,1.65730864822255,0.118954911670694,1.90005294273255
7.50141228452368,26.9067661608545,35.6551506061319,46.2380675054231,60.8686728424164,66.3071848943706,8,28,45,53,69,84,1.2284818859377,2.15254622012031,0.375479466652843,2.12501386911774,2.17264932903609,1.65299919352348,0.118465730417713,1.89293909011538
7.35642704922155,26.8247722810429,35.2333934518635,45.8251966055447,60.2858474804638,65.720985394857,8,28,44,52,68,83,1.18725188765623,2.16817682035762,0.400643720053469,2.16423652188086,2.17552520385932,1.61132689291886,0.118196138494153,1.86203510845091
7.25037494639077,26.7281843787712,35.1233586401498,45.664585106508,60.2083261038904,65.5948278014043,8,28,44,52,69,84,1.15731825985538,2.17052817901984,0.398714424991863,2.14340137313198,2.15916674236816,1.47201024753682,0.114348491782529,1.74460010480772
7.259613880297,26.7596286232414,35.1468212954594,45.6881731382254,60.1861049127175,65.6131954498672,8,28,44,52,69,85,1.15991830089675,2.17604802644691,0.397571273924605,2.14783769885441,2.15920726459977,1.46137250849142,0.0870369374858822,1.63445390896076
7.24856094553464,26.757138811848,35.129388210837,45.6602785078335,60.1293620403621,65.5569235071213,8,28,44,52,69,85,1.15680793336399,2.17817778621943,0.395435072129472,2.14454111749208,2.1558265484673,1.45468624734391,0.0870671652101431,1.62767160311268
7.23109901233314,26.7410849468311,35.1013319922308,45.6164902756947,60.0635207695809,65.4949957510662,8,28,44,52,69,85,1.1518983495219,2.17852805058984,0.393723092531903,2.13923970202618,2.15074456840411,1.44958164448046,0.0873186043285941,1.62176588278999
7.257471102013,26.7220403447823,35.0747285863438,45.5933388111093,60.0152533500345,65.4553761793047,8,28,44,52,69,85,1.15931514395759,2.16723889739601,0.392646669680181,2.13421735826982,2.15185946592457,1.44377517097127,0.0878757451134664,1.61949870325378
7.28429053716747,26.699137268637,35.0432282167103,45.5651694823302,59.9626766120014,65.4109837734593,8,28,44,52,69,85,1.16687008778017,2.15489959710091,0.391423997470495,2.12827627562493,2.15293542094168,1.4381397674111,0.0884049593301068,1.61725438988775
7.3115248862598,26.6744316720636,35.0104510481504,45.5357675791948,59.9086248276531,65.3647487351915,8,28,44,52,69,85,1.17455457117442,2.14203259146458,0.390277679634802,2.12210099838094,2.1540257665671,1.43245566613745,0.0889121627048716,1.61491289595969
7.33916304365491,26.6481281934843,34.9743712662757,45.5031507850531,59.8517559149858,65.3154474073587,8,28,44,52,69,85,1.18236595913691,2.12869424425816,0.388891319271289,2.115311314316,2.15514456051211,1.42687045158369,0.0894048356447255,1.61261383587449
7.36717590739374,26.621291772282,34.9363333442693,45.4686181420209,59.7927784161195,65.2640380995741,8,28,44,52,69,85,1.19029649900884,2.11515721169736,0.387305634043865,2.10816201623525,2.15627713148748,1.42124806118255,0.0898991590415475,1.61029004861072
7.3955307139239,26.5940351405494,34.8972886291589,45.4328287859157,59.7331563727681,65.2117969949441,8,28,44,52,69,85,1.19833734532855,2.10145871448377,0.385640122061395,2.10083298476535,2.15732905481482,1.41577345989735,0.0903828040680015,1.6079979839271
7.42418543771314,26.5663507225253,34.8573195905496,45.3960349531777,59.67358989911,65.1596409531144,8,28,44,52,69,85,1.2064769578045,2.08760844928879,0.38390796275178,2.09334043124029,2.15835517291246,1.41054882472742,0.0908699240330792,1.60588239520005
7.45313121474712,26.5393725751612,34.8164639349527,45.3582367341962,59.613254148359,65.1067142737405,8,28,44,52,69,85,1.21471315942486,2.0738877516906,0.381955514706591,2.08569212941929,2.15934332073967,1.40538436406454,0.0913584999937003,1.60378803554847
7.48232378691917,26.5141307887045,34.7779188777516,45.322352615886,59.5551752862433,65.0558767029913,8,28,44,52,69,85,1.22303365935146,2.06055894658331,0.380088157832349,2.07848608722774,2.1602033933543,1.40030452925809,0.0918375056169937,1.60165636813872
7.51173994641219,26.4898231943487,34.7382049399181,45.2852857655972,59.4971807690656,65.0051122604588,8,28,44,52,69,85,1.23143209582369,2.04742983206027,0.377930865444183,2.07107139878079,2.16105905427991,1.39552023384298,0.0923172426638788,1.59974104620432
7.54134219035714,26.4743466879878,34.8022263855335,45.3237700350435,59.5133111745973,65.0138543476885,8,29,45,53,70,86,1.23989796980814,1.87411704590379,0.389123248625613,1.9679300120465,2.15280698205074,1.39041584386717,0.0918270221432277,1.59017354072069
7.57109637068019,26.4544406197887,34.7600093054507,45.2839942673892,59.4537567117422,64.9622141437567,8,29,45,53,70,86,1.24842167076337,1.86252315907425,0.385966971114546,1.96027538047785,2.15359560382682,1.38590461693156,0.0923521978483871,1.58854491848472
7.60096961102496,26.4357456124076,34.7189653170429,45.244800450675,59.3962032501571,64.9123996098124,8,29,45,53,70,86,1.25699388657617,1.85120653848197,0.382817156559721,1.95284450345381,2.15419330535406,1.38172137987,0.0928674452192065,1.58702968309704
7.62997130108472,26.4184902822289,34.6796130817286,45.2074683022685,59.3422578064644,64.8653685962415,8,29,45,53,70,86,1.26532973350972,1.84044905466027,0.379714542573508,1.94573016565687,2.15484593479952,1.37793964426117,0.0933292261611671,1.58570354112331
7.65170906817194,26.3967938182282,34.6273646412705,45.1632042542492,59.285306588006,64.8129636790059,8,29,45,53,70,86,1.27158655427255,1.83036641406139,0.375443928903275,1.93629991440304,2.15742582482748,1.37505392963717,0.0936335856119762,1.58567652185209
7.6732106465851,26.3968019100491,34.5828283847837,45.1303421072254,59.2333177611842,64.7753341207694,8,30,46,54,71,87,1.27778278616901,1.67538056086566,0.369257447884203,1.81899387510551,2.16119899270346,1.37070731948695,0.0945987164977328,1.58686929570248
7.69305790994085,26.4356266279892,34.5916459128722,45.1496716249531,59.2391189212039,64.8057705433504,8,30,46,54,71,87,1.28350878252959,1.67958940029692,0.36511680243032,1.82053284740871,2.16459763837341,1.36763569793238,0.0962680752753746,1.59060515807744
7.71268567415541,26.4802178958897,34.6120856801958,45.1833207394869,59.2595733908356,64.8508433274451,8,30,46,54,71,87,1.28917756148098,1.68513123760439,0.361799937077869,1.82410229395128,2.16886982458041,1.36464204372183,0.0979533941075954,1.59486615914126
7.7320460374259,26.5280339774562,34.6404574485657,45.2268073068512,59.2892552202323,64.9027404045759,8,30,46,54,71,87,1.29477503815442,1.69145581380022,0.359139779622641,1.82906150672676,2.17376025737595,1.36151229565547,0.0994888925262157,1.59893980276499
7.79118502001966,26.5754204830625,34.6767824218245,45.3046209685496,59.3389819220034,64.9577187089913,8,30,46,54,71,87,1.31190953194359,1.68884274058438,0.357630547542526,1.83541865630246,2.18719486535793,1.35515190582502,0.0998539159258221,1.60217276479473
7.87467279416264,26.640745070669,34.7316068777994,45.4103189622288,59.4515046320338,65.0617931957584,8,30,46,54,71,87,1.33619050000885,1.68480696440445,0.356200657829492,1.8450298393191,2.20368996765149,1.35669647781372,0.0992670863277861,1.61072121361137
7.95555380210113,26.7225494283667,35.4418845241125,45.9695294471823,60.1298418223031,65.7055028714805,8,30,47,55,72,88,1.35981430405873,1.68501205019628,0.371560033758478,1.86183658669926,2.15477799222362,1.38375090210413,0.0968828572244147,1.59917116372483
7.96866168035122,26.7993843101255,35.4978135012094,46.0528735992333,60.1916700719539,65.7655039674946,8,30,47,55,72,88,1.36365210997464,1.69918672342032,0.368751290018077,1.87161684505494,2.1636387177051,1.37885144982619,0.0967579914012964,1.59987675432234
7.975573512596,26.873057001138,35.5510851227334,46.1352011717721,60.2591108244387,65.8319598614874,8,30,47,55,72,88,1.36567683024096,1.71407882433479,0.36602003618781,1.88095120719478,2.17303736948232,1.37546488479394,0.0966907262559706,1.60216209304582
7.98173917367945,26.9435755908879,35.5979918812609,46.2124492364589,60.3322054295672,65.9055754894934,8,30,47,55,72,88,1.36748357035814,1.72847484271841,0.362870875981401,1.88918545141199,2.18286012041062,1.37452051563034,0.0967263083431797,1.60679575232773
7.9870938069051,27.009645773902,35.6376165770895,46.2830423128518,60.4103931578913,65.9850632167721,8,30,47,55,72,88,1.36905311111401,1.74209390414383,0.359359034943386,1.89615239576301,2.19289461297927,1.37624746854894,0.0968151222602656,1.6137214222776
7.99122616534035,27.0626860700148,35.6601664863747,46.3338938464959,60.4769026671644,66.0538574928011,8,30,47,55,72,88,1.37026467176418,1.75309022134604,0.355330101074557,1.90012169774245,2.20207268957446,1.37981020512018,0.096971329577991,1.62177063014933
7.99480663184667,27.1127171789542,35.6797276625581,46.3824672187467,63.227573523204,68.6954922582751,8,30,47,55,73,89,1.37131462872409,1.76355527936223,0.35132538589329,1.90356755642232,2.21148877419871,1.8616476647012,0.0896807432601021,1.98366410410805
7.99783721068593,27.1582002590862,35.6944141147948,46.4259409921217,63.376084616975,68.8325785579168,8,30,47,55,73,89,1.37220348185761,1.77313760012758,0.347299653859164,1.90615630532457,2.22083941715034,1.88748327162224,0.0889362155632594,2.00656822362456
8.00032855163089,27.2007878819606,35.7071031305945,46.4672471842558,63.5171331872548,68.9652732971825,8,30,47,55,73,89,1.37293428116979,1.7822038247543,0.343412456872507,1.90839408305251,2.23014220630364,1.91211597993628,0.0883941386439168,2.02912074567777
8.00228965761497,27.2394306242029,35.7162286904274,46.5049760691256,63.6504817340875,69.0943041360124,8,30,47,55,73,89,1.37350960824868,1.79051131275211,0.339595345329737,1.91000406298682,2.23944784351013,1.93582062407897,0.0881147332361294,2.05174917044671
8.0036011107341,27.2716148221227,35.719272123758,46.5347051006081,63.7643872133571,69.2081399275456,8,30,47,55,73,89,1.37389437927474,1.79751308858964,0.335846944090637,1.91054112024181,2.24813617534176,1.95676076789311,0.0881102279342461,2.07274155263325
8.00438567903785,27.2984695629964,35.7188507405344,46.5596874898503,63.8692265981009,69.3166667535711,8,30,47,55,73,89,1.374124578203,1.80343266536839,0.332356476824647,1.91046675762184,2.2564130594235,1.97668846874293,0.0883488079446937,2.09346252432139
8.06970863571471,27.3873116372514,35.7785530661225,46.8110030790854,64.118846443879,69.5782273120499,8,30,47,55,73,89,1.39332267703231,1.808778477759,0.328646896664131,1.92101389947658,2.31902591210564,1.97626468405203,0.0891240033964933,2.13205720906153
8.16397133528729,27.505801781016,35.9066845021111,47.230812519869,64.4750439585473,69.9772613912828,8,30,48,56,74,90,1.42113559575805,1.81429072056885,0.270210330985663,1.83614586306805,2.41493963192632,1.96038695144646,0.09193797580579,2.18426366189915
8.25011242429878,27.6197829848621,35.9599309711524,47.5766460767657,64.5945486891463,70.1115674351553,8,30,48,56,74,90,1.44666351814785,1.82063171071799,0.26346080021415,1.84533162822639,2.5118546271714,1.90420676027929,0.0929222977851431,2.19997557410152
8.32687674240252,27.7207555610688,36.043302273159,47.9296068988591,64.6448158664426,70.218241268007,8,30,48,56,74,90,1.46950071550902,1.82615138251204,0.261520979740832,1.85975094235369,2.60174807782057,1.82984760080177,0.0967300882261982,2.20450002595953
11.32842944035,14.912687256742,23.3745486085108,29.1285699764428,34.3914578376005,47.5310060856461,8,21,33,41,54,66,2.41635939556274,0.049022338264684,0.816760893871613,1.24504775091363,0.758104918736455,0.186767579082467,2.00882933875243,1.38122942632585
11.3284764912641,14.9127718330754,23.3746288244888,29.1286611705424,34.3915362744963,47.5311876695592,8,21,33,41,54,66,2.41637492642234,0.0490243083748904,0.816759944851116,1.24506142849537,0.758107668155485,0.186766159447864,2.00885867190496,1.3812474460175
11.3285156623258,14.9128582740871,23.3747199753435,29.1287637849001,34.3916304624455,47.5313902195454,8,21,33,41,54,66,2.41638785626489,0.0490267901485932,0.816760969936756,1.24507697065107,0.758110539139132,0.18676522175155,2.00888948823028,1.38126724901417
11.3285575506478,14.9129506334951,23.3748240553179,29.1288795043447,34.3917369698293,47.5316236083737,8,21,33,41,54,66,2.4164016830526,0.0490294400736621,0.816763520890822,1.24509471745081,0.758113454196327,0.18676419663006,2.00892557131099,1.38129023589461
11.3286061337076,14.9130462875948,23.3749219065538,29.1289972240487,34.3918618641072,47.5318555819142,8,21,33,41,54,66,2.41641771970379,0.0490319115623002,0.816763999092724,1.24511140227486,0.758118430179677,0.186764995019023,2.00895602308949,1.381314078609
11.3286458098936,14.9131394280763,23.3750164164247,29.1291052235165,34.391964611072,47.5320735832684,8,21,33,41,54,66,2.41643081632342,0.0490347188245112,0.816764297137386,1.24512751744197,0.758121808604185,0.186764410518579,2.00898879988346,1.38133603164289
11.3286898300763,14.9132315457179,23.3751137517845,29.1292170188795,34.3920743869701,47.5323005833938,8,21,33,41,54,66,2.41644534685791,0.0490372443730174,0.816765432762902,1.24514411448053,0.758125430068662,0.186764185792045,2.00902213700969,1.38135908224752
11.3287368531281,14.9133253803807,23.3752117970003,29.1293295671709,34.3921948143667,47.5325239576892,8,21,33,41,54,66,2.41646086862106,0.0490397024793996,0.816766349181403,1.24516083265046,0.758129062325662,0.186765062581543,2.00905141395347,1.38138136223868
11.3287935794378,14.9134333473266,23.3753253245709,29.1294619594692,34.3923306144743,47.53277678491,8,21,33,41,54,66,2.41647959334107,0.0490423932430489,0.816767559440893,1.24518019090667,0.758133786954628,0.186765441804362,2.00908469528173,1.38140612597201
11.3288496225118,14.913551780878,23.3754527468007,29.1296029742733,34.3924642062461,47.5330685408806,8,21,33,41,54,66,2.41649809255855,0.049045669632477,0.816769515811071,1.24520191856906,0.758137191189978,0.186764615765894,2.00912967580009,1.38143534031976
11.3289094821277,14.9136785850894,23.3755914363767,29.1297572455557,34.3926078190379,47.5333686261986,8,21,33,41,54,66,2.41651785160403,0.0490491853269839,0.816772102642469,1.24522556768141,0.758141093605384,0.186763429687376,2.00917417546885,1.38146403260437
11.3289715467433,14.9138041454386,23.375711297458,29.1298988056088,34.3927607323878,47.5336637303134,8,21,33,41,54,66,2.41653833852839,0.0490525200418956,0.816770862205204,1.24524600633785,0.758146528090798,0.18676469308418,2.00921461372016,1.38149518687192
11.3290323035766,14.9139267921914,23.3758405241,29.1300428362465,34.3928993058914,47.5339587514668,8,21,33,41,54,66,2.41655839379721,0.0490557705550116,0.816772294308475,1.24526804215831,0.758150235743103,0.18676408581283,2.00925910678379,1.38152466166097
11.3290866135957,14.9140460896756,23.3759772099676,29.1301944532732,34.3930450249143,47.5342523291865,8,21,33,41,54,66,2.41657632105792,0.0490591838958152,0.816776078868874,1.24529135010397,0.758153975248891,0.186763429482497,2.00930115741088,1.38155255397316
11.3291451946068,14.9141721296745,23.3761091648021,29.1303414245202,34.3931832925551,47.5345618607444,8,21,33,41,54,66,2.41659565816274,0.0490627272022888,0.816777366227002,1.24531385147287,0.758157736111876,0.18676246094665,2.00934986469604,1.38158412392118
11.3292099793529,14.9142985089551,23.3762301908454,29.1304838779675,34.3933370192977,47.5348483109632,8,21,33,41,54,66,2.41661704310172,0.0490659626131048,0.816776201100165,1.24533448937408,0.758163102618308,0.186763715437561,2.00938761132146,1.38161353362174
11.3292671186986,14.914420104229,23.3763647183858,29.1306327185308,34.3934763821486,47.5351438981679,8,21,33,41,54,66,2.41663590438233,0.0490693484657409,0.816779015796238,1.24535742977416,0.758166687329961,0.186762660758606,2.00943204183539,1.38164216762209
11.3293240986683,14.914539047484,23.3764873566406,29.1307693513589,34.3936093703021,47.5354352040284,8,21,33,41,54,66,2.41665471308075,0.0490726035152972,0.816779820010209,1.24537834289558,0.758170192290418,0.186762255180357,2.00947706795331,1.3816721544526
11.3293823509512,14.9146655049198,23.3766251764782,29.1309255074523,34.3937612094695,47.535746429595,8,21,33,41,54,66,2.41667394178861,0.0490761866148141,0.816782293030273,1.24540184505576,0.758174784638583,0.186761774794764,2.00952239826549,1.38170298392635
11.3294437434645,14.914789249616,23.3767522727571,29.1310692237351,34.3939124817135,47.536030759495,8,21,33,41,54,66,2.41669420709671,0.0490794623736093,0.81678302250076,1.2454235187074,0.758178947155541,0.186762615619166,2.00956024074309,1.38173093842736
11.3295048708808,14.9149111885304,23.376879611687,29.1312144931767,34.3940480316979,47.5363180753977,8,21,33,41,54,66,2.41671438492854,0.0490826573192554,0.816784197812221,1.24544523389208,0.758183437899679,0.186761534042124,2.00960340419142,1.38175938089759
11.3295660291483,14.9150461483906,23.3770284003785,29.1313809017422,34.3942186687217,47.5366514782838,8,21,33,41,54,66,2.41673457297492,0.0490865349160781,0.816787207655101,1.24547060711271,0.758187850851494,0.186762004582766,2.00964969636952,1.38179220393295
11.3296372650052,14.9151913722574,23.3771758439313,29.1315459782985,34.3943740792945,47.5370052030224,8,21,33,41,54,66,2.4167580876232,0.0490904224955565,0.81678769076977,1.24549575115176,0.75819226709926,0.186760928958026,2.00970609918707,1.38182887956394
11.3297068872979,14.9153360188875,23.377331144904,29.1317180325265,34.3945461584393,47.5373558169712,8,21,33,41,54,66,2.41678106968115,0.0490943647195378,0.816790009688803,1.24552223536606,0.758196463018041,0.186760931730754,2.00975687686579,1.38186360546437
11.3296991992477,14.915633438116,23.3776824065178,29.131936970512,34.3945701624272,47.5387912140396,8,21,33,41,54,66,2.41677853188263,0.0491103988625095,0.816801728525642,1.24558213852671,0.75816332223172,0.18673924026315,2.01015830714847,1.38205636688585
11.3285149092331,14.9198906871225,23.3831491096537,29.1334778624138,34.3901509851901,47.5699817187708,8,21,33,41,54,66,2.41638760767898,0.0493969034012312,0.817064982455106,1.24651456565311,0.75718028855986,0.186076642956917,2.02029307126046,1.38663323114163
11.3235875912201,16.0510956181097,25.2366899813222,30.9447036357754,36.1880433538297,49.4127966021192,8,22,34,42,55,67,2.41476126495446,0.096451395242678,0.979323957335839,1.46544063660454,0.746608596893706,0.184598647871855,2.03309641174642,1.38472409970517
11.3171481275058,16.0417755732789,25.5061513339086,31.1739814147847,36.7349928900038,50.8250879854306,8,22,34,42,55,67,2.41263611426724,0.0962372192887641,1.04449289048842,1.51422265002925,0.736610594779358,0.221417543455878,2.28350978864038,1.59385742712347
11.2956002372654,15.8156161420181,25.9343362637846,31.6036692587728,38.6416545613337,52.5590006023018,8,23,36,44,59,71,2.40552736511211,0.0577860075746012,1.04843988289784,1.37482880248481,0.736983805342366,0.284184349077908,2.23296250363025,1.60629634550997
11.2231004552189,16.4487484243892,27.7855382102376,33.4414440247517,40.4185630914449,54.2701302635129,8,24,37,45,60,72,2.38163755648854,0.0746761994962708,1.33947260513668,1.59333239796565,0.733651516363187,0.276542172865103,2.21378640656828,1.58055246648091
11.1799314764161,16.0021403403279,26.2295865409255,31.8363365218071,38.920815710606,52.7549909219732,8,23,36,44,59,71,2.36743350892999,0.0749504924467419,1.07348422441429,1.42584118122644,0.721491099213024,0.290089692965886,2.20872286715081,1.5880367671251
11.1605031108161,16.1551745410956,26.5156525805337,32.1180429196637,38.8097181478621,52.9572390425591,8,23,36,44,58,70,2.36104602525521,0.0859691886758902,1.10438795505823,1.47597396470829,0.720415550324375,0.3040063585014,2.30037209317266,1.68831340974539
11.1385848655042,16.2642475511598,26.7055125274383,32.3057016746487,38.9914701647676,53.0974004280318,8,23,36,44,58,70,2.35384376051445,0.094938418220019,1.12329287125333,1.50962550867871,0.71987268767701,0.303207278918308,2.28815664263756,1.67888306037487
11.1198891885536,16.3476593494255,26.8774437252507,32.4781934363882,39.1516319788255,53.2296593079179,8,23,36,44,58,70,2.34770363139921,0.102290647026823,1.14412511469147,1.54035689982998,0.720010923415156,0.301542423774908,2.2799699853809,1.67136954655934
11.1211959556434,16.325222213138,26.9230980389235,32.5200264769696,39.1625438131993,53.2551631246012,8,23,36,44,58,70,2.34813271021612,0.100552739809727,1.16023272940153,1.54855808804011,0.719068751920081,0.297386192070521,2.2842503739518,1.66755814549071
11.1197037702469,16.2327916925712,26.6618257491041,32.2361838736489,37.1408418954613,50.5527670825557,8,22,35,43,56,68,2.34764275020996,0.127571278136602,1.12042409287727,1.61315315005837,0.71351144462964,0.149079445005747,2.08665680317908,1.33435112003475
11.107549541056,16.1375960708035,26.6147428941282,32.1783792825231,37.0618949463639,50.4560696735071,8,22,35,43,56,68,2.34365260526663,0.120458634114723,1.13172257142762,1.60446760291926,0.710876097939525,0.146992689940913,2.08156267868306,1.32566307345946
11.0839889285109,15.1225054082826,24.7709226266062,30.3463362003763,35.2321731286278,48.6289249536485,8,21,34,42,55,67,2.33592140526787,0.0764732505099453,0.942395109297333,1.38260977705566,0.713771028327574,0.147221042132731,2.08230207835834,1.32858060960968
11.0482703647684,15.0505839405143,24.7646313575278,30.318974623871,35.1908675076672,48.5499034970081,8,21,34,42,55,67,2.32420972055839,0.0740185723405246,0.956964818842191,1.3815040614662,0.708594292516188,0.145852120730242,2.071487416702,1.31587465486518
10.9965054140282,15.2363105257679,25.0964063869894,30.6318580236162,35.6054432551227,49.9008624975534,8,21,35,43,56,69,2.30725605929157,0.0909720980729481,0.856320719524043,1.33435193372346,0.703962578002338,0.155989914819196,2.12618540473526,1.38850936477286
10.930285871492,15.3484127309076,25.3432340909783,30.834374319463,35.8541311071124,50.1644159214338,8,21,35,43,56,69,2.28560215206056,0.105022465286606,0.884494993934991,1.37691201401677,0.693135033937405,0.160710510927818,2.13037528278941,1.39145567915739
10.8615277337241,16.1808245009946,26.0926881515284,31.5500992467158,38.7064662388316,53.9297484863933,8,22,37,45,59,73,2.26315868421781,0.146201496302647,0.747633658466322,1.30045415584921,0.684927784920511,0.369896141910923,2.17908943790981,1.71626880643859
10.8186324634892,16.1816837870025,26.2622595629333,31.8707329254447,38.9392543842358,54.088960594781,8,22,37,45,59,73,2.24917829453312,0.150331124748363,0.780317256442869,1.32870272139901,0.721916401038572,0.356989795951403,2.15869974238419,1.71433088002627
10.7835361584636,15.3839720303161,31.1167844005888,36.9446749141702,42.500793482838,60.7011136015928,8,21,37,45,58,73,2.23775190987315,0.120554888817979,1.93080378172305,2.23434835516084,0.776671674917048,0.220825308862,2.81051014266681,2.05469143415296
10.8172942746377,15.9549637523573,31.0669306019343,36.7187537790267,41.7132331471245,59.8133034956636,8,21,37,45,58,73,2.248742415936,0.173097071352069,1.77275300557853,2.22417770335437,0.73263920710298,0.158117062361531,2.78147546760713,1.88957109708643
10.9094915529183,16.3478725929991,31.0023691997416,36.5228614295083,41.8230906201932,59.6298898053418,8,21,37,45,58,73,2.27881026148176,0.206809838151328,1.65888317735452,2.21103116072789,0.700301504727937,0.190946313587596,2.69695990653694,1.86656573802428
11.0406179392849,16.5609865431862,30.9902783065653,36.4310714107594,41.9470421920221,59.7162414303596,8,21,37,45,58,73,2.32170200424682,0.216521769757023,1.6036733659594,2.20857220357464,0.680895215175387,0.215995239761926,2.68617046954081,1.88561308679068
11.2470286408932,16.8107094679698,30.9502282905382,36.4263191897931,42.1457554766918,59.8430202051526,8,21,37,45,58,73,2.38951744134346,0.2217409678161,1.53348608126286,2.20043410977305,0.689469404269389,0.241010445059371,2.66555825983509,1.91805576802498
11.4683135438443,17.0227257591487,30.9121164291439,36.4855636785679,42.3256776577449,59.9943680797096,8,21,37,45,58,73,2.46261293415283,0.220618955616394,1.47369450765275,2.19269982519911,0.713287441385515,0.256471997656391,2.65738139716514,1.95514669143216
11.6835502929054,17.2108729414102,30.8750295916301,36.5750053445345,42.487137432975,60.1475318369496,8,21,37,45,58,73,2.53408820037486,0.217355630560316,1.42050105080613,2.18518291738483,0.744605479197955,0.265917173894798,2.65500855776929,1.99265442228731
11.8851617908151,17.3837478033564,30.8401933379022,36.6791208431129,42.6436095830595,60.3045585374874,8,21,37,45,58,73,2.60136583169645,0.213920024980254,1.37200405798675,2.17813059415148,0.779457139902241,0.272884981557235,2.6551671548072,2.03074312404997
11.9165224406253,17.4119632970965,30.8292737149146,36.5443969745142,42.7301392501446,60.5654197705243,8,21,37,45,58,73,2.61185865580209,0.213545643261407,1.36292772676238,2.17592168608276,0.748381712339474,0.303257047706241,2.70513977629586,2.08514397666126
11.9163954961494,17.4036597300181,30.6101447930316,36.2155102532678,42.6165920434886,59.716401103326,8,21,37,45,58,72,2.61181616708957,0.21257385771847,1.31437147668953,2.13176515047427,0.721149477441811,0.334225126583365,2.71482771264416,2.08777512753811
11.8915795254831,17.4054518729619,30.5554176393255,36.1732335479513,42.5477952382952,59.7039943665824,8,22,38,46,59,73,2.60351251107625,0.165035952109432,1.30145259658983,1.99502397330622,0.724223301208867,0.330337691928362,2.73136213889645,2.09638241639425
11.867374275713,17.3808372657333,30.486811496875,36.10792909961,42.4808521338846,59.7975814046825,8,22,38,46,59,74,2.59541767940306,0.164995058250117,1.29142638085101,1.98172458532156,0.725039099840021,0.330098162311317,2.55717769293435,2.00023032750734
11.8449511935445,17.3546258849121,30.4328804422342,36.0534858417988,42.583577165791,59.8878934653609,8,22,38,46,60,74,2.58792280246866,0.164616868801388,1.2851218880078,1.97129315058723,0.724912524047944,0.282503970435864,2.77490472000411,2.02888044306175
11.8248822197596,17.3271145589823,30.40343255575,36.0196886981681,42.5334270117316,59.9169343542227,8,22,38,46,60,74,2.58121801791596,0.163875220774596,1.28468182298221,1.96560592222536,0.723838002912667,0.280369430636315,2.7982509547372,2.0405399005999
11.8045916385888,17.4999032040647,30.6549034864285,36.2451993810869,42.5984463208698,59.9603608971832,8,23,39,47,61,75,2.57444231415702,0.139994985769092,1.3026016547991,1.89348001154766,0.717434320542361,0.259831875490913,2.79188067468697,1.99917797721071
11.7505050989399,19.6454161507534,32.9782879225917,38.3655340179458,47.1430526124467,63.8116757737881,8,24,40,48,64,79,2.55639639329894,0.330010734968843,1.34341125848056,2.22030798835661,0.667951433886827,0.455202364058947,2.37523634186328,1.92724357184406
11.7856305845033,19.6325353758447,32.8785579287757,38.5577018609525,48.2928622304231,66.453160814583,8,24,40,48,64,79,2.56811342511772,0.32373881660424,1.32343363415276,2.20057628267027,0.739421493550143,0.610781558106211,2.79891024572548,2.47272617473216
12.1688818543361,19.5775378619335,34.2393064208714,39.8708241474799,49.5427808840297,66.240038338253,8,24,40,48,64,79,2.69656041949014,0.269171368696331,1.6606753853751,2.47521456193448,0.727610620818926,0.599923490320828,2.38320195405138,2.1534955673882
12.3921160692203,19.4875929105294,33.7371391631447,39.2673271068369,48.5837788240174,65.0491860689252,8,24,40,48,64,79,2.77187129202805,0.233222478578116,1.56002176522008,2.37251969062936,0.702673710958768,0.540368920184846,2.31890401989904,2.01889012248785
12.4537618039329,19.3175341083468,33.1323436438969,38.5740766645047,47.5683244185235,63.9828680967298,8,24,40,48,64,79,2.79273024813571,0.208307184965135,1.45601192698825,2.25091368902651,0.681123102461103,0.48869018539597,2.30485958965824,1.93049708216362
12.4214524215396,19.111608333193,32.6393126850728,38.0165699809629,46.7749975076764,63.1939205666537,8,24,40,48,64,79,2.78179447530893,0.190592641970496,1.38858058717313,2.15350393585385,0.665545386508962,0.452302701119499,2.30606794614931,1.87460628897316
12.1338854186979,19.3383520204164,32.046439773153,37.4938163175934,45.7534774854006,62.768482725853,8,24,40,48,64,79,2.68478632803955,0.245439456446137,1.201924612957,2.03847672370818,0.682491895597857,0.379509725671824,2.47205094180919,1.90615426491109
12.0677693161311,19.693035044115,32.8517817360814,38.21737643216,46.6992877469998,64.072242922162,8,24,40,48,64,79,2.66256677814094,0.295530821080218,1.30345693740563,2.19528950993232,0.662739574925943,0.411233363339034,2.57312076280819,2.00123192655606
11.7504306847549,19.5312761477564,33.6852778316204,39.0429546414918,48.2713772117884,66.6171243835667,8,24,40,48,64,79,2.55637158054935,0.315202202191433,1.53697086096402,2.36200219309255,0.66083677404541,0.526029039910502,2.85275777761504,2.3404561519186
11.608421645331,19.5360236642433,33.0859967817803,37.9872969416088,46.1050408611083,63.4518031216867,8,24,40,48,64,79,2.50909814220008,0.334314451588079,1.39377400581012,2.24169014392857,0.554154404876181,0.35986675572701,2.56569057736516,1.83927228261095
11.49961114539,17.8787525816813,30.8164006899045,35.9718970660535,43.3329703020126,60.3512465929886,8,23,38,46,61,75,2.47298332206539,0.206935065996015,1.40501067622471,2.04591541867356,0.61283598272802,0.326416511934138,2.69096319139755,1.91990422931613
10.7981108214881,17.3021980516592,29.915806578981,35.2292263202826,42.1667456581891,58.8331054598216,8,23,38,46,61,75,2.24249568172545,0.220644155376821,1.3281432601385,1.87232668535353,0.650232508335503,0.271624403108376,2.58853896021056,1.80197989308587
9.98728518002304,16.6023446742611,29.203613716089,34.6566095914577,41.3706866952632,57.3811720462075,8,23,38,46,61,75,1.98160375242853,0.233194080969069,1.32524341262366,1.73919015501544,0.683855660636146,0.244686155699265,2.4002654371771,1.66448271010868
9.2280204492065,15.9770397169366,28.9649858907574,34.5804378870062,41.4345281782618,56.6505909494274,8,23,38,46,61,75,1.74338726073731,0.248807285034498,1.41706398336437,1.6954258085359,0.723639384385121,0.261404455975019,2.17708654604456,1.57538923467928
8.81240781630511,15.9380377593869,29.3666622680064,35.2527077354944,42.4187299094245,56.9672601516517,8,23,38,46,61,75,1.61578866722355,0.295365057844699,1.52402119305062,1.76933938706176,0.791381395894608,0.300587425997079,1.99401072163144,1.56018886415865
8.78498823527657,15.6483283008795,29.1870930114025,35.047327124035,42.0459028337992,57.290979380549,8,23,38,46,61,76,1.60744534868825,0.262528088798465,1.55112399939619,1.73614642401282,0.784842680319427,0.27922469655313,1.98835552961055,1.54113978373769
8.76277870285602,15.3405659049533,29.0867348046147,34.9135732957974,41.5803078197346,57.5096827208258,8,23,38,46,61,76,1.60069435219651,0.228939916914101,1.60255145173387,1.71770081884864,0.776406323538769,0.2391571004649,2.17203432202888,1.59763313621674
8.74291318211283,15.091549147499,29.1305985397489,34.9462473310538,41.5002911459198,57.9579056828592,8,23,38,46,61,76,1.59466118644273,0.203656256666713,1.67602127254897,1.7257535372259,0.773585601003502,0.226250453515344,2.31675085676818,1.67037209661441
8.72587303479073,14.9360960321657,29.3414867089922,35.1787939661238,41.8632167451272,58.6600779795297,8,23,38,46,61,76,1.58949010926309,0.189118469905491,1.76927002241651,1.76467122859135,0.779048045568223,0.241215513668043,2.41096354507143,1.76042995996818
8.71204951475561,14.8781542822811,29.6725633531705,35.5638335508616,42.5373024124678,59.47953379098,8,23,38,46,61,76,1.58529790095677,0.184602112126488,1.8698700974958,1.82643580862754,0.792706891641011,0.276087071638936,2.45162857791842,1.85174019052119
8.70173387934719,14.9070286997817,30.0461886344225,36.0169488484748,43.3639769173471,56.0149351713353,8,23,38,46,61,75,1.58217111771121,0.188611148093432,1.96032650434133,1.89710129352231,0.812952657256405,0.324523092295127,1.49892447775453,1.2799654315971
8.6950947975334,15.0066740752223,30.4108619780782,36.4802114421024,44.2335978998941,54.2517591254833,8,23,38,46,61,74,1.58015946401759,0.199709532429754,2.03066756022302,1.96704018017143,0.838266925839505,0.381359757611818,1.02545028203006,1.03549474386522
8.67062009393192,15.1255093307732,30.7470298205914,36.9413625589189,45.1135341419316,55.0407145574928,8,23,38,46,61,74,1.57274850577538,0.215192652313072,2.08885472864295,2.03234208635155,0.870675080251147,0.444249356201344,1.00479619209304,1.10544557764506
8.62102546207947,15.2673265732898,26.8290893815261,33.8062350458259,43.3435051110223,52.4023119773743,8,24,37,45,61,74,1.55775507527453,0.18624871155309,1.39558413752946,1.4249198645644,1.08110716214492,0.57705459887735,0.815011803419999,1.21548782439933
8.57472941803589,15.5668609813977,26.831276678003,34.0866787300047,43.8618350275829,52.6568592795389,8,24,37,45,61,74,1.54378793100296,0.22193109044505,1.3215694907363,1.42529641578408,1.15873281569805,0.617694004162994,0.760164312245319,1.25646697266906
8.49724948273352,15.4705755111575,27.3718015027641,34.8438134374823,44.405820636147,52.8949912084963,8,24,37,45,61,74,1.52047633450038,0.219907265376904,1.48153130746805,1.51956615608964,1.22009295439233,0.581227090400809,0.698327537440503,1.20743089888516
8.39309962494656,15.4887019816919,27.9456760748738,35.6083369537919,44.9434900305158,53.3447717993562,8,24,37,45,61,74,1.48926755607942,0.233236366096277,1.62539892735156,1.62225076275049,1.27474168298569,0.543436441291753,0.680919649175839,1.18754501681008
8.27070400141968,15.6086674050338,28.2949412081541,36.1283062346949,45.2967513081404,53.7765905867066,8,24,37,45,61,74,1.45278137237532,0.260831471365864,1.68584579286974,1.68602109376416,1.32416350973662,0.516353154301683,0.696471536840956,1.2007586549285
8.1350251566803,15.7248644489944,29.7132752291682,37.6608120838218,46.6383023309297,55.3577696778819,8,24,39,47,63,76,1.41258115710372,0.291137352731337,1.66324870666364,1.71914377317396,1.35746831688026,0.486063871598187,0.744709706402056,1.22700367037878
7.99057700020365,15.8097394372112,29.8718091526895,37.9208673351215,46.8140800736466,55.6579435931385,8,24,39,47,63,76,1.3700743271336,0.320140488798154,1.68183720577844,1.74804174142486,1.38724683800661,0.472949185733736,0.770215281834219,1.25002388591088
7.84280407322052,15.8699643616525,30.0138463307356,38.120642522878,46.9693657806562,55.9174861235485,8,24,39,47,63,76,1.32690944597045,0.347583381088615,1.70255440736024,1.77409033488317,1.40425030041229,0.466089425330514,0.791830074605023,1.269256634133
7.69944613735465,15.9206118718478,30.1521223292602,38.2730811719905,47.1138449313081,56.1431037274871,8,24,39,47,63,76,1.28535312833723,0.374133757048872,1.72482671130623,1.79959124407837,1.40842850513712,0.464866807287091,0.808800028396846,1.28363116567489
7.57059089218702,15.9836441811773,30.287722573386,38.384588408878,47.2499166395968,57.3109013306905,8,24,39,47,63,78,1.2482767461443,0.401280547213297,1.74333492527027,1.82473385446168,1.40132242150514,0.468644573188598,0.776494813306651,1.25861482728794
7.46912005557221,15.1257882091131,29.0850556673419,37.2549396391531,45.3668814772838,55.9251437943539,8,21,36,44,57,72,1.21926857167989,0.540302525978426,1.65591100232077,1.95569760140856,1.42288443020191,0.624791288557982,0.875667141155094,1.53365917770334
7.47511578111613,15.0751899643516,28.8849016486284,37.0482082797826,45.203782475801,55.6174925521574,8,21,36,44,57,72,1.22097791593954,0.530140943103228,1.61840789122434,1.91651676173969,1.42093902144899,0.633137466109607,0.84638474092932,1.51444938353873
7.47464105223134,16.3626028234266,29.7743290125259,37.7501555695966,46.0623743801069,56.2322931101064,8,22,37,45,58,73,1.22084255202621,0.663184639507218,1.51987582399662,1.96638183836895,1.36575096941452,0.663447866777998,0.797838594500173,1.46580863304015
7.47568387713558,16.4767581508547,29.7409492828663,37.6557087298009,52.8545264354118,62.4868986289468,8,22,38,46,60,75,1.22113990739264,0.6846952402695,1.32760478832979,1.83929413471352,1.34788673357738,2.17230419989232,0.694677272220248,2.57555059139199
7.47824070364345,16.5013973019262,29.6153454230326,37.4910662115425,53.1953917534254,62.6453881445625,8,22,38,46,60,75,1.22186904733631,0.688925373042867,1.293241829828,1.81570365979215,1.33649596747843,2.31360176949658,0.660943175392584,2.63674629726641
7.48226543587328,16.4961770655594,29.4594959721761,37.3032577310144,53.3168070599238,62.5939586965236,8,22,38,46,60,75,1.22301701402974,0.687153174396158,1.25909059414712,1.78659371622924,1.3271881247896,2.40113677001457,0.629587833176108,2.65936138024101
7.4876887842257,16.4775728304724,29.2887237103841,37.1052552763347,53.3419674773403,62.4220146235195,8,22,38,46,60,75,1.22456432761695,0.682555433486603,1.22490100930812,1.75490301876956,1.31926983495454,2.46480999389211,0.594581054947676,2.65910722936565
7.49446585674308,18.663835093366,29.2620023011553,37.0466407741597,53.3271779413677,62.1610802189212,8,23,39,47,61,76,1.22649854740488,1.0033802212258,0.766784112877024,1.63791440477044,1.31001011175499,2.47736247045636,0.552016792391865,2.60847486702238
8.10958439120741,19.4068847488251,29.8154400527612,36.7227907805524,54.3943531529208,64.3670013032652,8,24,41,49,64,78,1.40507263353899,0.903058799670659,0.629712658154448,1.52227927586087,1.06185646334733,2.65820295847703,0.87983568176835,2.97257665115432
7.92590026194534,19.0848697281559,28.198443408908,35.1937062662831,52.2600312532852,61.5512326552095,8,24,41,49,64,78,1.3511416377598,0.875433186950323,0.426376287522544,1.25791396809413,1.08611891967037,2.48647852633263,0.741057991962362,2.70685631156409
7.80180833594814,18.7558770227306,26.9923910729468,34.1048252976009,50.5378723528792,58.8923057864251,8,24,41,49,64,77,1.31499319765633,0.835104626265211,0.309287064142923,1.07478386234488,1.1186762210284,2.30996615857476,0.671707938729943,2.53607754813472
7.70862508605594,18.4441913988338,26.2840313847112,33.460205153101,49.1611290785018,57.1914773488874,8,24,40,48,63,76,1.28800430842585,0.792895388420729,0.3228206530683,1.05541110223051,1.13649029349671,2.11022485732089,0.609298335858075,2.32541505346888
7.52009766774151,18.6980905835335,24.5233484668137,31.5292349312334,41.265077224033,49.8375064496546,8,23,37,45,58,71,1.23382084987794,1.00522631997735,0.197673609925251,1.05122569069376,1.08906052649017,0.961819938256543,0.714968809665198,1.47940107835822
6.72538367290118,15.9857079086241,22.3665660785511,29.3619615376452,40.0765623935879,48.3051403634074,8,23,37,45,59,72,1.01209843816617,0.626567758302023,0.263311729567555,0.747247478277729,1.08615562347613,1.04034510227053,0.647196455734393,1.48175193414146
5.92195727074931,14.5069534420502,20.9382588635073,27.5679117600456,37.9514103802115,46.2912896607393,8,23,37,45,59,72,0.800505144881642,0.510316721211457,0.269727180480126,0.572743386030493,0.986178514702897,0.967565624263283,0.668855797051382,1.37861233026885
5.59158208514284,13.5097580057387,19.8949658110758,26.2570634441538,36.0846013983771,44.5895808070226,8,23,37,45,59,72,0.717751183452449,0.405595876479219,0.263861951580918,0.459764338253326,0.914716179930417,0.849561252823005,0.701476119768707,1.26623563158292
5.62949583792927,12.1352565589987,19.4351935974474,25.7316404156247,35.6284992796291,44.2272883743494,8,22,36,44,58,71,0.72711047658376,0.279330919989227,0.391429870590186,0.466364048825939,0.897409398959326,0.863976329600978,0.720267673812699,1.28262763883072
5.65885652890336,12.1885190342094,19.4748520956922,25.7344020350496,35.556916678623,44.1119439485931,8,22,36,44,58,71,0.734383421120702,0.28244789897003,0.389366238360194,0.470511851959909,0.887723310526997,0.848520062629676,0.71147859899421,1.256603251592
5.68624316433822,12.2401765833581,19.5134098122663,25.7432141646608,35.5080956740975,44.0250328793437,8,22,36,44,58,71,0.74118691631733,0.28562982748077,0.387383648521045,0.474562592538715,0.879936067827059,0.836607350739217,0.703861203216513,1.2356983248923
5.71670536159072,12.2941321370108,19.5532316016628,25.753214269478,35.4655394787568,43.9383684025153,8,22,36,44,58,71,0.748776454666536,0.288725907588827,0.385249613125215,0.47876480250295,0.872148321738431,0.825797237259857,0.695078383540145,1.21477062508547
5.74723993240632,12.3478232951998,19.5933526688426,25.7636367292223,35.4207694793818,43.8387832225757,8,22,36,44,58,71,0.756407105894934,0.291793051776284,0.383205612053692,0.483017751607056,0.864412177640023,0.814499984260042,0.684221031848771,1.19182815983391
5.78918424608802,17.5072837621018,26.3387121466032,33.1738334855133,44.0164734038068,52.4443430528191,8,23,37,45,60,73,0.766926427817401,1.12316202728466,0.652533342471688,1.34152018928031,1.0420301810103,0.934324382714883,0.686168496778879,1.40433353755138
5.8515510620296,17.7209084755043,26.5547184371618,33.3157076489028,44.1135573333437,52.5234327473367,8,23,37,45,60,73,0.782646604921379,1.15698230457966,0.652980697931096,1.37800523716168,1.02178468607588,0.92499488344175,0.682614512202376,1.38072999694133
5.90194441709472,17.9018345452201,26.650333105083,33.3140063451431,43.9553446761461,52.4018435980701,8,23,37,45,60,73,0.795416916712807,1.18643757029114,0.637030403438254,1.39428219770896,0.99536912288026,0.892660326477501,0.689855176702516,1.34361782661833
5.85124630094742,17.5484565779989,26.3471913940363,32.9589575075252,43.7099356637188,52.3844531661451,8,24,39,47,63,77,0.782569559016647,0.984679450673116,0.546042216873678,1.15230552284769,0.981355623473534,0.795845172905528,0.623323690505299,1.19546736266253
5.68009920005438,18.0069679583267,28.623136594203,35.3179147063435,46.864753630775,56.101672267695,8,27,42,50,68,83,0.739658974271248,0.763819864009101,0.887499325033488,1.23261751892827,1.00379212541069,0.72812144326943,0.622376762564221,1.14710149597516
5.55607086872697,15.097218417728,27.5255681835079,34.2060104389733,45.252570540533,55.2877043926337,8,27,42,50,68,83,0.709018314259912,0.34527656412516,1.28482139677219,1.06855699398317,0.999907700689166,0.642299259321777,0.771461889913573,1.19023130009685
5.48414735459304,12.7529980075865,26.7430540701036,33.4704698505927,44.020595778176,54.8079669052694,8,27,42,50,69,84,0.691431009118496,0.12407525121602,1.66366324193013,0.957948135783866,1.01265059696533,0.479794304170763,0.922817124270276,1.14790176413292
5.47083587574266,11.3036780552718,27.5719935187438,34.33245971709,44.4976432810109,55.9467758298547,8,27,43,51,70,85,0.688190819762253,0.0460403850026568,2.07019723331712,0.994009409900756,1.02164222608049,0.426026339557856,1.06386897388356,1.19460597682072
5.52278923459306,10.7663376367966,27.48081613048,34.365362321982,44.2040422248397,56.0786096934635,8,27,43,51,70,85,0.700863281370087,0.0269230172801978,2.18838675029356,0.981390801137846,1.05558622648782,0.382766482626569,1.15815323232595,1.22871526796067
5.64445341928048,10.9843121384218,27.6021388931161,34.6168111827256,44.1828013318338,56.3262255656628,8,27,43,51,70,85,0.730812904210998,0.0295868889311121,2.16263005340643,0.998197446175678,1.09149482271058,0.348335131780835,1.21910922161505,1.24821404414784
5.8364610454949,11.7054029478804,28.5964320441716,35.6352769769509,44.8041760558543,57.2580429068928,8,27,44,52,71,86,0.778834411789198,0.0474393002491463,2.04784511477013,1.05753035426497,1.09819961846704,0.30103833285343,1.29076092300326,1.23855180418887
6.02210671747917,12.6551243701006,29.4429606781004,36.5684467845724,45.4631189690948,59.2483480501265,8,27,46,54,73,90,0.826108754055513,0.0837157307109464,1.68589558889288,1.01665467955609,1.12231811678944,0.270391186277243,1.29917177474193,1.23446284892867
6.0120908178169,12.8236944445287,29.2228087097034,36.4266017985936,45.3213558879891,59.0224715599306,8,27,46,54,73,90,0.823537680248272,0.0940980047707167,1.59584593581307,0.986859919253435,1.14423167934771,0.270400090036302,1.28045103043711,1.23359698109628
5.92514813549575,12.7498494021017,28.7812073308738,36.0622601628184,44.9964243104882,58.3499520732207,8,27,46,54,73,90,0.80131728910166,0.0948885709529378,1.51215207171122,0.928323022033305,1.16595737917741,0.274701706044075,1.20407612475929,1.19888872135386
5.83202680746789,17.5403930204404,32.1268918097005,39.225739502234,47.8966338813067,60.8655899087205,8,28,47,55,74,91,0.777715230035079,0.570573590337904,1.19851248307179,1.32012042930324,1.11488837221438,0.246628039712422,1.1214830315725,1.07772273765741
5.73907613774651,17.4794687251435,31.6698791918815,38.8433579715479,47.5228638506871,60.1075385134932,8,28,47,55,74,91,0.754364703734791,0.575432120792536,1.11708369336357,1.25163220685967,1.13573563638256,0.247521569263675,1.04104101568162,1.03519711755228
5.65583490431663,17.4165030113618,31.2256459392827,38.4784062248952,47.232592709581,59.3622040759571,8,28,47,55,74,91,0.733633930263524,0.578517394984212,1.04069547704458,1.1865868793292,1.15798940573924,0.255340904597654,0.948611643312088,0.993434135934359
5.84202555468223,10.5632208729271,24.5953483269393,32.1724083809154,46.2076272972399,54.1616597210273,8,28,45,53,72,88,0.780239538090389,0.0100192870845717,1.35464654636346,0.509970948168304,1.25013181712443,1.08575005805337,0.337813277643653,1.28771498990922
5.82301156901301,10.6278775879102,19.0524765118496,27.4105118693016,42.1420087039968,53.5029049269234,8,27,43,51,70,86,0.775441284978565,0.0168587038782544,0.402941637759086,0.165455566754621,1.47879371120869,1.22883285724117,0.915865531671118,2.13551654679201
5.87414867786671,10.7107493340438,19.1503935253229,27.4505257133765,42.3600572495923,53.7515016032513,8,27,43,51,70,86,0.788365643664333,0.0174791745214309,0.405110906545892,0.170682606177206,1.46153493786334,1.26642722733189,0.922040775419734,2.1642674177362
5.9945870616253,10.9994573248898,19.5023920512624,27.7187556910602,42.8221152529375,54.2724955474903,8,27,43,51,70,86,0.819050032264183,0.0210415049305894,0.414294115426625,0.19030553284358,1.4366495160784,1.30780698714251,0.933997489374791,2.19668308905674
6.20462735604092,11.6811590373818,20.2910104340579,28.388618564015,43.6417887629867,55.1939812033777,8,27,43,51,70,86,0.873359969052933,0.0336671437758066,0.430017983500131,0.239042720930062,1.40154123107789,1.3401057030893,0.954784960157454,2.22229420741534
6.50718241687423,12.9203768577576,21.5778927865788,29.5278729527537,44.797447902826,53.4607862180284,8,27,43,51,70,85,0.953285137407601,0.0719429158368659,0.437112435469645,0.332873546345971,1.35818319762352,1.34365905780407,0.52329348165309,1.77649374410697
6.86908495739008,14.5166699115372,20.4641687460141,28.6457117649383,43.8999388322369,53.0039478241397,8,27,41,49,67,81,1.0513406263401,0.152636208220552,0.211312034099083,0.32443295855909,1.42633439767632,1.48429943103792,0.70449842186587,2.13403034333871
6.82903427688665,14.470652959542,18.8100167398518,26.7178200074459,40.5620882623333,45.3611271177155,8,24,35,43,59,70,1.04036384560555,0.29756964828779,0.186072342994045,0.455770880360518,1.34585536172526,1.46298826946788,0.246523549156188,1.59275783310676
6.68618131935279,14.2793297543561,18.5836075506609,26.3714499103743,40.2710291603874,45.1302710878213,8,24,35,43,59,70,1.00146226519892,0.291546385330619,0.181791360578885,0.432421122846479,1.31093960712258,1.47611537634306,0.2550240779777,1.59194075583473
6.59843784268024,14.1342762201488,18.4520596698951,26.256241205639,40.0920915810959,44.9410419574467,8,24,35,43,59,70,0.977766020373296,0.284502077177409,0.183433510123947,0.419146640458264,1.31568231223596,1.46099368878011,0.253561627450033,1.58135690552151
6.51457642539267,13.9883911940867,18.324437961142,26.1529871218782,39.9449732037063,44.8025728896035,8,24,35,43,59,70,0.955262410135527,0.276973469578275,0.185665551041277,0.406474708627919,1.32276303995291,1.4506142127623,0.254790455535975,1.57936959129993
6.43404381935032,13.842535702585,18.2019801229265,26.0592367626038,39.832892828281,44.7227175721758,8,24,35,43,59,70,0.933787360097361,0.269151855518791,0.188544196735295,0.39450738006873,1.33111651579,1.44628380521367,0.259392495550978,1.58718023720755
6.35748232347618,13.6991009442829,18.0877578017127,25.9775772561916,39.7386379818236,44.6861148213834,8,24,35,43,58,69,0.913496497399222,0.261259494775722,0.192168276651417,0.383514901983281,1.34060704049666,1.60626335854885,0.267718657920035,1.71819111413468
6.35440860449156,13.6064892109634,18.0274267126091,25.9703608028189,39.685987673726,44.653322286309,8,23,34,42,57,68,0.912684459844073,0.311859327961046,0.196211626025766,0.428722642057671,1.35612185132953,1.59494666743367,0.270613957328244,1.72345982224582
6.41115555123048,13.8105423739186,18.2561803614228,26.1766468429976,40.1118646452381,45.1213989109905,8,23,34,42,57,68,0.927708455653224,0.33160776537335,0.199332785964281,0.452550454541692,1.34955386941879,1.64986302286642,0.276813082424768,1.76950126369557
6.43562646916434,13.6491588259409,18.2495253157785,26.1853539082024,40.4373552918574,44.718145821269,8,23,35,43,58,69,0.934208100768314,0.306785919801005,0.163868212149029,0.399131423638449,1.35404387398367,1.73004702178202,0.178952677690491,1.69345151970364
6.4549404597882,13.4380692762395,17.9043772964773,25.9033156841328,38.4490740190297,42.9760910746914,8,23,35,43,58,69,0.939346838810251,0.277292250164558,0.149552948139036,0.366211488534287,1.37252648507419,1.31222324105301,0.209781972287472,1.43588400733665
6.40073631453801,14.7947808459183,19.5915432816719,27.6302121221656,38.7672847869826,43.5948847618883,8,24,37,45,60,71,0.924944836928197,0.398552530220667,0.138592687599505,0.429287631917206,1.38419241591074,0.996476966183087,0.250539914041071,1.25034696048756
6.4806323314432,14.9455431491316,19.6502670669337,27.7063640893402,37.9639996246339,43.0170777476308,8,24,37,45,60,71,0.946194473812588,0.408765811367926,0.129968044022716,0.435101035163878,1.38931712604819,0.815182631563905,0.283275332751935,1.14482061548432
6.54484216875141,15.1637379548067,19.9986909173457,27.9681447039497,37.874486966474,43.1627407424218,8,24,38,46,61,72,0.963367570188108,0.431360169931283,0.104634328586914,0.418468535924067,1.363884109839,0.746573044066783,0.319308556421341,1.11202262435815
6.58780082825395,15.1838288758046,20.2133024511443,28.0995592689809,38.5458548091817,44.3607932734155,8,24,38,46,62,74,0.974903788207758,0.427970221615508,0.120410340141939,0.43935553601809,1.33956791593021,0.738317748233757,0.322535865470209,1.0826455253594
6.61282343422021,15.4588337999224,20.5317723789031,28.3317226645478,38.8471062948572,43.6474411834698,8,24,37,45,61,72,0.98164053588611,0.465672553156585,0.166238436627718,0.527233518514631,1.31445372948955,0.751215480547303,0.24670515866213,1.01313322278522
6.63111206270559,15.3340296873286,19.1253321269597,26.9441912029246,36.9556585062121,41.4234835854022,8,24,35,43,58,68,0.986572237356947,0.443918223488936,0.124861510362861,0.489340779885601,1.31994620896653,0.76686510411655,0.269039085683243,1.06713851424576
6.62777878329048,15.4338347451914,19.0642284744517,26.8653405902926,37.0570484709073,41.517414694999,8,23,35,43,58,68,0.985672890238385,0.547283775745638,0.0757675871676917,0.482740396271067,1.31479105018425,0.802133878537302,0.267893801600998,1.09205636247475
6.64558977547211,15.4772417843743,19.0921231058195,26.8786679482477,37.2240266808912,41.718588894057,8,23,35,43,58,68,0.990481010835506,0.551633688119564,0.0746550222648057,0.485747913765221,1.31056315885919,0.832666622479585,0.273161973960991,1.12019226413519
6.68083226555274,15.5240144780467,19.197648852375,26.9479674675219,37.3505362857493,41.9289810171918,8,23,35,43,58,68,1.00001332385712,0.553597849433489,0.0789185400934488,0.497211113364019,1.30006339187543,0.844143043660069,0.286272768374047,1.13736491671595
6.71731855228092,15.5648595665478,19.2224546272268,26.9423974670029,37.4078192473308,42.0680142291864,8,23,34,42,57,67,1.00990779864772,0.554341121234258,0.111812305470671,0.560421223341308,1.29127506797099,0.856818128379357,0.299303857122013,1.15619411384766
6.75488288235817,15.6043258355365,19.2931565620022,26.9831170702548,37.5050260054159,42.2397715188017,8,23,34,42,57,67,1.02012175478367,0.554665573161668,0.114793062037778,0.56876438961505,1.28261476295137,0.86826858590498,0.311401963889335,1.17295878624174
6.79460049679995,15.6506573343546,19.3655372126028,27.0190859834992,37.5518520719004,42.3242232871894,8,23,34,42,57,67,1.0309508848993,0.555794448051623,0.117310512854312,0.577368210078168,1.27211642465702,0.870475804494451,0.317584612510469,1.17496800580506
6.7734298908596,15.5413288550071,19.4680197402361,27.2749502852382,37.663076014998,42.4883971946945,8,23,34,42,57,67,1.02517487280404,0.540825790473869,0.138839466549156,0.589658045489494,1.31648066044528,0.841240262646479,0.326371537196381,1.18525859311088
6.79967371491651,14.9845024900327,19.2321219148067,27.3257630089093,38.3911529138123,43.8405950438156,8,24,36,44,60,71,1.03233629729941,0.369091764160116,0.127650618136007,0.445421461046228,1.40037194243471,0.856926405265738,0.345079746676687,1.25182224626645
6.79982747995672,14.2884595005848,18.7943168477198,27.1507458219966,37.7156747943762,43.3946920993312,8,24,36,44,60,71,1.03237829570007,0.278763017037096,0.15370649372535,0.401970712394786,1.47831428277472,0.760518309766028,0.383236886220939,1.25047078683455
6.72983646130995,13.5388230663212,18.2635034222758,26.7130659368137,36.7838058397764,42.5299933168598,8,24,36,44,60,71,1.01330844274152,0.202628355766915,0.177737076979533,0.35244217500016,1.50616857544901,0.669756821702874,0.39471474547314,1.19527486381502
6.55327413422823,12.7393025938456,17.7600690696552,26.0060452374167,35.5758291915238,41.0360435915096,8,24,36,44,60,71,0.965628966447368,0.143878176042337,0.213023776377838,0.308703265013348,1.44543533608252,0.582541407267899,0.346832429655868,1.03773266336539
6.38162331717851,12.048793997074,17.3744539640876,25.437960951404,34.5481692540117,39.6860036790531,8,24,36,44,60,71,0.919881197458046,0.103257154994338,0.252578064976562,0.277351506673316,1.39149735411202,0.507031913226862,0.296043181221072,0.893650968940448
6.21743361428754,11.4848433803419,17.1201018395895,25.0256028928942,33.7401539415754,38.5424874789833,8,24,36,44,60,71,0.876703159264125,0.0771456750686578,0.295945040666957,0.257698704875855,1.34518322042458,0.445669621534477,0.246985343755084,0.769391235125299
6.06330830152388,11.0562388208687,17.0000106136348,24.7731250251065,33.1694231455652,37.6444904313515,8,24,36,44,60,71,0.836709360408221,0.0617977799923837,0.342224450720981,0.248704040680045,1.30666812311859,0.398875508167766,0.203082212951099,0.667753421094109
5.9215863569044,10.7612145495369,20.4686239531468,27.9635399340686,35.6615437799821,39.863535769033,8,24,37,45,61,72,0.800410754826816,0.0541214682337875,0.955487758143451,0.520333059600454,1.22662704247613,0.304651617946942,0.169588814493513,0.519001727366331
5.7943405412509,10.5883790727637,21.9311646671161,29.4649237870446,36.958528568986,40.9636477001593,8,24,38,46,62,73,0.768222553125559,0.0519604211927503,1.1832132496684,0.625440964933137,1.23772794323473,0.279364870118883,0.14728437652065,0.479329248279384
5.69955094707288,11.4897764642184,15.9630075595545,23.408279195809,29.6625255540211,34.3351504006579,8,23,37,45,60,72,0.744499658456212,0.148455691187548,0.0785919586107707,0.151421176600824,1.2124754249846,0.193681849653499,0.171860531022288,0.41118762346634
5.62845988328191,11.5697670477401,16.6722595410039,24.3332899330135,31.2967168490821,36.6297936676566,8,23,37,45,60,72,0.726854257918015,0.162479950890915,0.126651264312842,0.193036227069117,1.27427183210862,0.274836936733891,0.253579827442417,0.583712106290713
5.5781292309963,11.8656562134298,17.6736092572471,25.6108163346008,33.5278305868403,39.6013733774105,8,23,37,45,60,72,0.714439065322188,0.197169161023161,0.195780207261644,0.262296842604942,1.3544469477921,0.405422683035583,0.362569791391226,0.838983035359806
5.54726832072929,12.3515096283385,18.5744641438294,26.8172669196334,35.7876822232153,42.0294343101197,8,23,37,45,60,72,0.706858626290712,0.255389727716273,0.243714192397022,0.335157925094189,1.44449322159373,0.575462904767063,0.38969075591403,1.06550005826327
5.5321965728152,12.961705348407,19.2387975897096,27.7803740736193,37.7470971691854,43.7179360677023,8,23,37,45,60,72,0.703165458698943,0.335715966437847,0.250350262267387,0.395231733615775,1.53380334165381,0.758202903247167,0.346425823994129,1.23030950501932
5.49170138312831,13.3274488337054,19.3374080872857,27.9830897580435,38.4425149147856,44.0097962479337,8,23,37,45,60,72,0.69327183185122,0.393388889775965,0.218457804824462,0.404602388833293,1.56520512448004,0.855605836165797,0.286154069965032,1.26251011756677
5.40854214326076,13.188769801217,19.1885891261412,27.6659336361916,37.8421322979696,43.1010101326691,8,23,38,46,61,74,0.673090077845082,0.385261480674104,0.168094147889137,0.344487536479601,1.51450042179929,0.799075667356684,0.186321608010207,1.04641325508176
5.33483498759471,13.0293569153261,18.7171636432195,27.0553862271453,36.9873625698045,41.8567184855021,8,23,38,46,61,74,0.655357052871468,0.372866129486715,0.139337556162345,0.305015480245088,1.47288303633154,0.751502006761913,0.14560378568962,0.931093404728682
5.32535615167811,13.2534816367805,18.8688818037408,27.243984364602,37.2646922922101,41.9112915087021,8,24,39,47,62,75,0.653087272853719,0.334383580097067,0.133081884378492,0.277867879770421,1.48388964773226,0.768658683707375,0.124674414913201,0.917019471520121
5.34273326036611,13.5670080432397,19.0698384394609,27.4096114395978,37.7138327962592,42.2928959956194,8,24,39,47,62,75,0.657250229700019,0.374566627548744,0.123670722206364,0.293329337765104,1.47334537094791,0.824450420442663,0.118673095011747,0.9432669853995
5.36290881979183,13.9092184012932,19.3666418922742,27.6719949740403,38.2540976544245,42.7982946700639,8,24,39,47,62,75,0.662093923216458,0.420641328614044,0.11998313437962,0.317030349835496,1.46308918235909,0.880531510864686,0.115637886204353,0.973982633080393
5.38576663317028,14.280188676151,19.7114879774215,27.9848780943433,38.8959003715299,42.7996982893243,8,24,39,47,63,75,0.667594899330748,0.47313625988679,0.117889855003964,0.345859197970055,1.4535798687493,0.82672344462229,0.0969211024123938,0.923642957486162
5.41117237222425,14.6800393730895,20.0960135106329,28.3396091902661,39.52263048519,43.4372401583071,8,24,39,47,63,75,0.673725585352117,0.532597022953593,0.116671511528141,0.379633048912473,1.44472860505208,0.880213599795117,0.0978176306187995,0.960614045110208
5.43901854615131,15.1087911180886,20.517063160029,28.7328292741859,40.1801681959931,44.1236689832392,8,24,39,47,63,75,0.680465029007635,0.599549698576718,0.11606188830248,0.418568010386853,1.43647236227267,0.933379087567867,0.100235669819598,1.00007783972477
5.46916358647364,15.5647285813349,20.972085479317,29.1617473432417,40.8620326132441,44.8521749710283,8,24,39,47,63,75,0.687784092648224,0.674206633134628,0.115989573991461,0.462915767914679,1.42873794860022,0.985316935882189,0.10420787123716,1.0414715304235
5.50149827303586,16.0468270346821,21.457979424622,29.6192017363876,41.4113018251879,45.4964630611209,8,24,38,46,61,73,0.695661441419211,0.756832782171736,0.154941915343735,0.570889856846098,1.42032266246498,1.13966589204258,0.112561293725875,1.1581793277498
5.53590397359382,16.5540320399968,21.9869551277101,30.1304691317957,42.1444228178681,46.3139692649773,8,24,38,46,61,73,0.704073370717649,0.847636029849147,0.157053136624326,0.632033995891452,1.4150886110364,1.18962575897978,0.120272459420979,1.20520368320458
5.57229540623073,17.0834019703762,22.5657008978377,30.6970327513855,42.9133885406591,47.1820984678917,8,24,38,46,61,73,0.713004209578674,0.946376208450385,0.16189749255605,0.70240214526088,1.41149054526678,1.23582187081173,0.129683769237855,1.25314534223405
5.61057137489215,17.6324022730326,23.6955175484584,31.7780050197354,44.1188598249716,48.4706555563474,8,24,38,46,61,73,0.722434257575246,1.05278591654518,0.224632705238458,0.849883542594623,1.39708562398163,1.2645230064213,0.137858223477672,1.27977002142298
5.65068159663043,18.1990779379633,24.3682767938423,32.4251130930783,44.9047247011893,49.376213269413,8,24,38,46,61,73,0.732356221930196,1.16661590440715,0.237211317797227,0.943819821593326,1.38953460681183,1.29676240330429,0.150093685559543,1.31922890203668
5.69253385913807,18.4040477453805,24.707081914713,32.7415844568036,45.3579504169221,49.9565406069107,8,23,37,45,60,72,0.742752325561797,1.35122315253823,0.253560943383706,1.07923372799375,1.38296798715646,1.32879154932752,0.163674165859043,1.36067906232166
5.73608821488918,19.0018980790901,25.2178182978755,33.2515327240685,45.9687711342023,50.7187333260724,8,23,37,45,60,72,0.753617601491807,1.48422497554929,0.24285834207289,1.15874642226659,1.38273639735345,1.35257654927079,0.180626838430134,1.40438115360067
5.7812792931286,19.6088656844967,25.7368308189256,33.7703522315744,46.5582285735435,51.4646969497975,8,23,37,45,60,72,0.764940635992602,1.62287673884917,0.232281869374372,1.24199050294601,1.38267968123881,1.3693121816034,0.199030408167093,1.44429688908993
5.82872507422311,20.2097602237306,25.93978426262,33.9246645209297,46.8040161384482,51.7904975761279,8,23,36,44,59,70,0.776882194943372,1.76302508389923,0.24234852322719,1.3757633027753,1.36840422798534,1.39108115330743,0.273418831511119,1.57750135820932
5.88092243827063,20.6431376880821,26.6307415062603,34.3884038100824,47.4870961628342,52.836422861075,8,24,39,47,63,76,0.790082331220896,1.68549077572948,0.166913682122037,1.19641282228391,1.30219023046312,1.28976922119029,0.196511483040039,1.31924974188894
5.94676785762326,20.9167315406814,26.8607381578267,34.631436056167,47.7042570676957,52.7467091055299,8,24,39,47,63,75,0.806826279878551,1.73716496981982,0.162736722318738,1.23270620147313,1.30596759309573,1.28388729260215,0.215730743781101,1.366543915508
5.81949027578848,20.6872327512229,28.2574834688372,36.1794784330941,51.3210232956493,56.192371946991,8,26,41,49,67,80,0.774553629429544,1.3968676727628,0.355222002728495,1.26719483531887,1.35000045216108,1.4586268202489,0.145798828873628,1.40816849416642
5.6479708763499,20.1720099933738,27.6954818477002,35.7007710051452,50.799198003343,55.7705790069346,8,25,39,47,64,77,0.731684395937644,1.46743205318647,0.426022917861579,1.36822645666445,1.37438967763201,1.60275804377223,0.155766387429307,1.53608198373917
5.78978367723138,20.8578778171243,29.1543099599962,37.5255521568533,50.8452900068181,56.23404064377,8,26,42,50,67,81,0.767077072130134,1.44197217137867,0.38467785457943,1.31561526616245,1.4827366671746,1.19673770482607,0.152785336902383,1.26768775654364
5.80827119954981,20.5975892677244,29.7692691925092,38.0365999869666,50.5695230661486,56.1434719695955,8,27,44,52,71,86,0.771727498211936,1.24099867155828,0.434747819329798,1.22900415587631,1.45177876894056,0.80028264023175,0.129571865771079,0.907710893136227
5.8246941342371,20.4274839062688,29.6017197666608,37.7438207524999,49.3574652228965,55.7418193479736,8,27,44,52,71,86,0.775865535508099,1.2019055980055,0.435117756879671,1.20381875227026,1.41467115874164,0.643058649549397,0.207498028568036,0.876471098163585
5.84131643545167,20.3126197129385,29.3082153717235,37.2595250190334,48.1916509547451,54.7186779900127,8,27,43,51,70,85,0.780060432925146,1.17461755402263,0.488901702636839,1.24785057041047,1.35857222378554,0.536011114894015,0.223209706523355,0.782381258788601
5.85299143404403,20.0102771115725,30.7653563315338,38.8135334967264,48.8246819799122,54.5005472901834,8,25,41,49,66,80,0.783010771971901,1.38306133709898,0.796630811584993,1.68703749506522,1.38698776127066,0.563693558461303,0.181635159601522,0.780877195564505
5.83734761566988,19.7703630955515,30.808776638188,38.8133957226688,48.4113822606479,54.2246840636027,8,25,41,49,66,80,0.779058234876462,1.33228435042464,0.851618938148308,1.69472865545411,1.37419306307694,0.49839284112347,0.19636444796424,0.740023897912409
5.81838039707885,19.4988192481712,30.7956731957956,38.7595306648481,48.0598880935987,54.0743408543416,8,25,41,49,66,80,0.774273910773197,1.27586314978174,0.902969138161266,1.69240615506531,1.36224520567335,0.453548581942237,0.21897647291687,0.722783103005209
5.79588796650449,19.2130220402944,30.7187391253536,38.6558070622184,47.7351566245913,54.037901055841,8,25,41,49,66,80,0.768611651754919,1.21793187677042,0.945275190972162,1.67879540915024,1.35440626133428,0.421480215614713,0.25352497438157,0.727850110436641
5.76962757867625,18.927952257757,30.5782287913262,38.5107891801761,47.4110624450614,54.0956155592731,8,25,41,49,66,80,0.762016405220764,1.16189739174929,0.974967943882742,1.65404921545752,1.35308835373656,0.396285117321444,0.303042981679929,0.752896198819759
5.73935792289027,18.6569984922873,30.3807666124632,38.3374487237918,47.0694052122449,54.2230636024462,8,25,41,49,66,80,0.75443517283868,1.11061831847318,0.990190119176813,1.61951942856739,1.36014455658044,0.373260583522231,0.369495115922264,0.794812606178936
5.71136263612521,18.3844911791467,31.9254549937146,39.9521728700913,48.5328093636286,56.8759802027994,8,25,42,50,67,82,0.747443667186388,1.05936733884872,1.24506204484425,1.78411671357528,1.38068084445832,0.353113612887908,0.471137229789451,0.86760600324899
5.68400526419652,18.1402744479683,31.6699401698234,39.9456946163678,48.3220458538696,61.1691581827574,8,25,43,51,68,84,0.740630263853387,1.0146433108806,1.10852184145864,1.63191950218512,1.45428279212211,0.326759071874316,1.23295247738416,1.46895121857165
5.65772360393916,17.9919021954129,31.4439077837821,39.8083569116958,48.2596149757822,60.9592196098171,8,26,43,51,68,84,0.734102380838337,0.871835591318935,1.2255512476067,1.59334229372111,1.48070826880888,0.336309033559048,1.20003997572222,1.47164659020589
5.62771605708515,17.8675750152475,31.3348960562281,39.8472743926039,48.6796309855131,57.977204763787,8,26,43,51,68,84,0.726670307028103,0.854085724006957,1.22890279711786,1.57487039994607,1.52502190585324,0.386917363427602,0.537279908103238,1.02399283824761
5.59363849812022,17.7718465085469,31.4581921052258,40.1441619227269,49.08228206349,59.1281362815057,8,26,43,51,68,84,0.718257884496142,0.842560410224598,1.27717320076468,1.59576920084092,1.57739550733794,0.401550363938977,0.665308026091805,1.17613546487434
5.55531133453153,17.7159898963316,31.8871136933815,40.7454645665421,49.6378573501542,60.3600851361278,8,26,43,51,68,84,0.708831885129613,0.839294513431759,1.38621496651044,1.66933289370274,1.62978961982027,0.395192831854559,0.790345820564794,1.30131304806283
5.51281026163824,17.7004625289276,38.2532030852981,47.7051644052669,56.7950593315463,67.9740356405376,8,26,44,52,69,85,0.698423730596569,0.844322010185049,2.83203596572858,2.76419376629929,1.81298716740809,0.422986076496893,0.879408962498775,1.50624362660473
5.46655339089236,17.7185327942209,38.5140600654464,48.109104637367,57.147463083155,68.8399561085715,8,26,44,52,69,85,0.687149399426168,0.856358728281159,2.8993128873105,2.8184414310794,1.85775299686449,0.415650073571508,0.98370179286246,1.60997581861607
5.41729739858258,17.7610212848567,38.7248894613625,48.4348029234599,57.4615141496538,69.6898370213223,8,26,44,52,69,85,0.67520621254404,0.873639764259246,2.94619855779169,2.86255241442716,1.89385388091707,0.41400028017208,1.09694006636676,1.72250517943638
5.36620440865354,21.2022639076704,41.5955671459006,51.3901666139842,60.2179327189454,72.9158592356188,8,27,45,53,70,86,0.6628861695802,1.46831725984818,2.78807945297672,3.33555938036896,1.92055966616975,0.386287954833949,1.1996672782452,1.78636267019803
5.31477060169742,21.2269903913034,41.7064971749459,51.5983964854271,60.5060284615967,73.5609096774809,8,27,45,53,70,86,0.650555389898537,1.48536023092921,2.81182332366505,3.35991595733637,1.95133668610621,0.397306342168929,1.27981385219615,1.88403248321778
5.30429933113416,20.6907194898421,41.6067133174285,51.5472468850144,60.5176837796429,71.3177846526583,8,28,46,54,71,86,0.648053867745562,1.23461721329457,2.93284515396611,3.19245835497973,1.96675720202504,0.406071644740837,0.925462988657962,1.60910576962069
5.32355691573136,19.841299221969,41.172411031275,51.1596046984922,60.1561309548731,72.7083147299583,8,27,44,52,69,84,0.652656709637121,1.18422961059385,3.26943962971551,3.39138278735345,1.98157466953884,0.409738682559246,1.3137282321383,1.94131908955769
5.35030888631546,19.3505020331075,40.3831847201654,50.4869350110986,59.5689980467813,73.1048341691838,8,27,43,51,69,84,0.659067667497728,1.07872361943605,3.41359527579615,3.36674973545824,2.01868540272255,0.351746706135108,1.55040146907198,2.04680454295838
5.38670983928806,19.4394983282549,39.4746071518366,49.7283336412772,58.8741601869004,73.393852233263,8,28,43,51,69,84,0.667822195096385,0.970926401660637,3.35402804383863,3.16593139546823,2.06663647818006,0.359915727792574,1.79866267584619,2.27974895641211
5.43378486748573,19.5469388754651,38.7634566914394,48.9598327418774,59.0211396875804,74.0706826384328,8,28,43,51,70,85,0.679196774921763,0.982342819433825,3.10879628168367,3.0116450223323,2.04827389433507,0.412026329126019,1.93669759336693,2.42840047487264
5.49335577855822,14.0769342157842,33.7426543703259,43.7153657061009,51.3409910294467,66.7737380816618,8,25,40,48,64,79,0.693675187370567,0.35350026839667,3.24284502032659,2.37363915731808,1.97697324469214,0.29557558093859,2.0382881060029,2.36070956275525
5.55937554667116,13.842189988638,33.7390480474705,43.7942935409039,51.4672124927445,67.1097794836267,8,25,40,48,64,79,0.709829627107232,0.315020473191065,3.31231714372141,2.37290713117266,2.00322516266435,0.301491005227728,2.09451330242618,2.43049496117924
5.62719411349288,16.3349180599223,34.3577917465081,44.3934465321852,52.1530541518725,67.9640113043179,8,25,40,48,64,79,0.726541236875441,0.681401609489535,2.75916732042529,2.49966877028796,1.99698761758305,0.312480920948215,2.1399354147673,2.47929827442954
5.69641146728949,17.1872241764802,34.9780076968529,45.0892361252118,52.9425525208242,67.6090449301592,8,25,40,48,64,78,0.743717741451862,0.824343728655364,2.69236285832967,2.62904025457811,2.02107105795773,0.324573164251268,2.02605152238862,2.41240741654377
5.68290789156733,17.3903673662142,33.3919794317589,43.502778903036,51.371302228993,65.0574577163608,8,25,39,47,63,77,0.740357350493265,0.865746893734969,2.39774250067144,2.43488446679806,2.02093419809669,0.326556145689214,1.76408000495138,2.21470041349802
5.5960963356182,17.3620672952622,33.0773730484281,43.1616805468227,51.0649487984433,58.5340752245566,8,25,39,47,63,76,0.718863638534417,0.877061424014879,2.31669599199131,2.37017797802329,2.01248543834035,0.331108431154789,0.506927796109567,1.19675908619404
5.52673034521007,17.5131320872015,33.3163923115244,43.154841219494,51.2940930834621,59.1475439703179,8,26,40,48,64,77,0.701827475572316,0.807095931197903,2.34151918206762,2.2876764158781,1.93441745301265,0.362812540907873,0.576230123314524,1.25737767905768
5.47894838767847,17.2273687371107,32.2776511691894,42.0179952838526,50.0963774020989,58.8878373790592,8,26,40,48,63,76,0.690164956848911,0.763934991772427,2.13122652333892,2.08305778890148,1.90344141570865,0.429795496840533,0.759432671877629,1.49269197955496
5.45578628654844,16.8815446361357,29.4215084437864,38.9129589114892,46.4525248354696,63.3724047295822,8,27,41,49,64,76,0.684533181272837,0.612707758634483,1.47125708171198,1.45596493467422,1.82531925731894,0.350925846691161,3.14574377167634,3.14857508572435
5.42294912693543,17.2174591085901,31.5640517528324,41.1277154225681,49.0122472684858,57.3696922401533,8,26,39,47,61,72,0.676573317469041,0.772220164334745,2.14061744810581,2.0677739541675,1.84791561834661,0.484550253219535,0.933314440629733,1.68631568745449
5.41448363319232,17.4614574580727,30.344704896287,39.9292109772116,48.1719222638155,56.6482384932769,8,26,39,47,61,72,0.67452590507975,0.818230888991206,1.73825690719006,1.83533906639475,1.85444815493864,0.545708526938852,0.961441280603219,1.78290865523645
5.4375248159028,17.9175664124363,24.2811460960937,34.0455400662738,40.5228368608042,49.8153050499445,8,24,37,45,58,69,0.680102985675739,1.15161223264785,0.328733900167962,1.01479472706628,1.91102559388141,0.345510512289037,1.16138239996501,1.75594447412895
5.48836990120927,19.1000665364559,24.6939666870707,34.458431961764,40.6272517829815,50.1498165278279,8,23,35,43,56,67,0.692459806466826,1.56915031838201,0.289970275751104,1.26612690259476,1.91104808907093,0.300881724122578,1.21976756791652,1.74053398804124
5.50735246327008,16.4401331641585,22.0378883746487,32.0076668678739,38.1508758757141,47.0605404992036,8,22,33,41,54,65,0.697090566254246,1.08927291627563,0.369539106530973,1.02585710873128,1.97604166340089,0.297303209953981,1.06616560478326,1.65619801157135
5.47710703938248,16.5055643524339,22.0673972416538,31.9370534708674,37.9654519162791,46.3181755841087,8,21,33,41,54,65,0.689716722329552,1.26371367562671,0.285375788095205,1.03050276699896,1.94429222294948,0.28150487603442,0.93220281176857,1.50986468379755
5.4424059021587,16.526165706983,22.0672278755948,31.8488479561972,37.7863148051352,45.7905883534003,8,21,33,41,53,64,0.681286260270765,1.27720228716592,0.282417656496374,1.03047607769604,1.9164616646559,0.341249009131617,0.851354569150122,1.52706394949349
5.3019311469444,16.2681391197436,21.5301116206361,31.2161247785575,35.5978151159877,43.0860752952981,8,20,30,37,48,57,0.64748854139463,1.41697943264962,0.402537552861958,1.2374497046762,2.14883728854278,0.191300992016312,1.03818539771835,1.59369286434286
5.4792877092788,16.0397849335604,21.2378049687635,30.7163417655873,34.9023672655497,42.201030252911,8,20,30,37,48,57,0.69024756674334,1.31303766542886,0.390981294556387,1.18625212889101,2.07972631550004,0.167721627378788,0.98882163900689,1.47535827930429
5.27503781771634,15.9561511671531,20.9316958029638,30.2299122618239,34.3939411380921,41.5039649152711,7,19,29,36,47,56,0.797282656379408,1.34369809943337,0.351840253864754,1.23832514714357,2.01999175641115,0.165165984545876,0.940397989260792,1.39916916236255
5.32621670827991,15.8481815938675,20.7076207585227,30.1033336213476,34.4191961990234,41.3197165788737,7,18,27,34,45,54,0.811030398357243,1.48255634977154,0.427454425518378,1.4253754081956,2.05225044189899,0.183199513733598,0.887459710608162,1.40686129220863
5.36966975985433,15.6522185827941,20.477556720817,29.9548151251586,34.4324771973143,41.1448003520876,7,18,27,34,45,54,0.822752297708991,1.41831114846139,0.420790802453446,1.38094026893903,2.07930172748311,0.203414399094647,0.840691942170224,1.41753866579539
5.39681782569629,15.3497111619596,20.3209189523685,29.7727638340894,34.3034856613028,40.8426503233692,7,17,27,34,44,53,0.830098569205119,1.52061925525075,0.351093960761834,1.35099156836066,2.07086444114389,0.278781103282067,0.798346584064498,1.51253537803912
6.129056132467,14.9956991951607,20.3218693065968,29.8148297095081,34.4865730294796,42.2434728009469,8,18,28,35,45,55,0.853705232670519,1.22451422098682,0.41427166777157,1.23748600374595,2.0845178489585,0.301164610711461,0.941489991327965,1.66833107352259
5.36296056808511,15.0664995896088,22.4478720636946,32.2104315675824,37.2958827517969,43.8890664965571,8,20,31,39,49,59,0.662106361023496,1.10145767627811,0.713053657010512,1.2930706725309,1.91044687394652,0.370968130240356,0.670728867682166,1.44700454627669
5.31084611552053,14.939796083269,30.0157318160311,39.1985597972163,44.2378258737898,50.4937458032045,8,21,34,42,53,63,0.649617501104524,0.938088053292319,2.34891410388134,2.4153806765654,1.72941193477134,0.281218324703943,0.59815244345152,1.15815787741629
5.2714916219347,14.665547887882,32.272451253992,41.5780583794052,46.6842584487191,52.9717918303055,8,22,35,43,55,65,0.64023589233704,0.761440604920376,3.10515961900985,2.76477022143991,1.76743573043074,0.22378353690397,0.60483134978219,1.09424711160694
5.26983839355767,12.2511478957829,32.2263969776776,41.7247425810317,46.8660849726228,53.2175499559934,8,22,34,42,54,64,0.639842722020436,0.344381710771547,4.13500294780076,2.9083132463071,1.82747432884968,0.2282832394663,0.618417771359322,1.14373214058912
5.2741818722784,12.5034473613684,34.3044963771839,43.8776446563476,48.7841392947455,55.2136175324216,8,22,35,43,55,65,0.640875849155696,0.380762227633783,4.44715914208705,3.23143790217085,1.850887742345,0.199033570140536,0.635139570926152,1.12973085962672
5.27822199618533,13.678746159639,34.1023881859537,43.8368567424436,48.7418470673274,55.2931721881224,8,22,35,43,55,65,0.641837291158142,0.573594187775536,3.9962127758776,3.18399296843124,1.9015894811751,0.198852489806933,0.661565341517264,1.17809779019059
5.28084618552117,15.1707101963781,30.3138565930264,40.464616592095,45.7239172889636,53.4115528658857,8,22,35,43,55,66,0.642462020822833,0.862517823181424,2.36834620474869,2.33825129276721,2.03369159038632,0.243697873125202,0.780014231060318,1.41039585874276
5.28147334859637,16.5007612210549,30.6934551906612,41.0138483828849,46.7226695293769,54.457024825432,8,22,35,43,56,67,0.642611355133518,1.15464961539422,2.09728949327622,2.41901273766968,2.08802230778365,0.239672488272105,0.790408328450131,1.42018796226356
5.27969372742095,17.769622836778,31.6775223595809,42.0249792530023,47.840409180051,55.4256503006774,8,22,35,43,56,67,0.64218763649378,1.45883578151684,2.01771102572847,2.63268360390308,2.09671627286136,0.253272031315217,0.757397799533602,1.41738066821228
5.22824639877786,17.814955665936,32.8612955474349,43.3075791972313,48.682096162356,55.9040644934943,8,21,34,42,55,65,0.629976395988992,1.65952336566455,2.34036963015203,3.05529541834827,2.12852301773974,0.199397898843885,0.813359916640816,1.40032485372938
5.17596571076906,18.6024671362681,33.2920008783025,43.9776556716088,48.906677681045,55.877306143932,8,22,35,43,56,66,0.617643509154038,1.6964086360204,2.23796248302726,2.9959988204583,2.20594288446136,0.151503367416256,0.755257988226229,1.31754911658415
6.01472573873905,19.2040010127508,32.4670462704496,43.2514262527196,48.7446164911555,56.1253584120192,8,22,34,42,56,66,0.824213838611706,1.63524841831548,2.04402583862523,2.96375293084041,2.23802650645744,0.162976525264205,0.850772520740285,1.40109527294054
9.03657254288377,19.772915897819,27.1755619883393,38.5249367764792,44.4409990188255,51.5692873887073,8,22,32,40,53,62,1.68434987932152,1.04518695328048,0.855975793804884,2.0900905999567,2.42327496163526,0.266437263655925,0.945055624997699,1.78200269864947
10.1309671767487,19.3024845684366,26.6727615032439,38.006901338228,43.6426797773706,50.7112684535596,8,21,30,38,51,60,2.0273707451898,0.838860882749707,1.00738680738285,2.26494223854891,2.41824445100073,0.230563662664595,0.929856610892651,1.71046978878901
5.41845228104503,18.6613203922042,27.0504159990361,38.6159411981602,44.2641229460172,52.7225409869375,8,23,34,42,57,68,0.675485499373368,1.47864345354365,0.940777488475175,1.80543972657028,2.49484936464604,0.135894510407829,0.95718933168051,1.54457853679417
5.16310784311924,19.191469716717,28.0293514841653,39.4975863284129,45.6773061330197,54.2768657975555,8,24,36,44,60,72,0.614622251252104,1.50682259942963,0.899988169808716,1.75239184467271,2.46258686712758,0.143338611353408,0.846919073692184,1.42896268087221
5.16927181369723,22.7180939854799,31.764026770827,42.63846616247,49.9724286135993,58.7338082133682,8,27,40,48,66,79,0.61607003250076,1.8666723591986,0.812303255639446,1.9845121895351,2.26737002959743,0.164545245015781,0.753268268930819,1.25007314579312
5.21025247556572,22.8109846816008,31.8763740923956,42.8176082842425,51.0360269715443,59.6841397176251,8,27,40,48,67,79,0.625722957002269,1.87921232410315,0.816397928352632,2.00591509542795,2.28917963845529,0.202066403195078,0.85764196830486,1.38690094957983
5.275130041434,22.8816680833081,31.9809667392602,43.1467256900298,52.0714842864867,60.754780099176,8,27,40,48,67,79,0.641101447530267,1.88061645908557,0.823551641531376,2.02591777265804,2.36277367966945,0.273671934118045,0.865440746463604,1.55178946205777
5.35918243437234,22.90386396985,32.0940412952938,43.6537056215982,52.6021915672429,61.8801934057887,8,27,41,49,67,80,0.661198469893868,1.86567322022596,0.721240716613607,1.92849681472271,2.49290370590021,0.33492673188949,0.861614468639736,1.73240480833437
5.42332198491224,22.8577246769444,32.3596094929977,44.2343527843201,53.5400459575222,62.8903099612216,8,27,42,50,68,81,0.676663538640327,1.83912400848508,0.670473757912011,1.86259847705255,2.59788159122137,0.380790324107882,0.877176444717058,1.87011793914176
5.42971596154675,22.8509582156218,32.408655513439,44.281251865798,53.5818083875674,62.880573244067,8,27,42,50,68,81,0.678211278932719,1.83596358938235,0.68078497556714,1.87154654227735,2.5971636960729,0.380110918020435,0.866075923563471,1.85909949404513
5.43560129489684,22.7807654582509,32.3980738232923,44.2659938125638,53.5315077348201,62.8641416993278,8,27,42,50,67,82,0.679636859109556,1.81772703225509,0.69186601346344,1.86961459664053,2.59560013068584,0.448422256144235,0.639586566719167,1.74362259030712
5.44052722879354,22.6130848863551,32.3025226696872,44.1631040938324,53.4026605648742,62.7163962869241,8,27,42,50,67,82,0.680830756657501,1.77656376760085,0.705367263777584,1.85220428000474,2.59314677822285,0.444620343114523,0.636173755603433,1.73418754558092
5.4395757012672,22.2951325370439,32.0881704863558,43.9175612757248,53.1042229880926,62.2176622724508,8,27,42,50,67,81,0.680600084845616,1.70174558664849,0.724935925008716,1.81337694655928,2.58272400601142,0.43691826484941,0.706323427960702,1.79540815999999
5.43840496465208,21.7214684814104,31.6486898229059,43.45714793335,52.6031777855045,61.4996535631838,8,27,42,50,67,81,0.680316304819872,1.56927516655475,0.750586771922706,1.73477577158778,2.57573321629494,0.431043221551239,0.664794523017734,1.74423135488845
5.43711670339224,20.1893538025193,31.0073581580331,42.652204601655,51.8239879730139,60.4092844489502,8,26,42,50,67,81,0.680004079602457,1.37108303552801,0.808722448307519,1.62255049687138,2.52120861811472,0.434762789069646,0.606949960982985,1.66293643741401
5.43530615502033,18.2486893147975,29.4977464171445,41.1757089531513,50.0929289736254,58.6205034464269,8,26,42,50,66,80,0.679565346619004,0.964157884565581,0.893388185355389,1.37048950680386,2.53222802670602,0.476669067401972,0.596449046050949,1.72431288930064
5.43326943417859,14.8847109920218,27.9106824971377,39.4361932187722,48.4259502006683,56.8197350409813,8,25,42,50,66,80,0.679071911696703,0.476078034849215,1.13359822306676,1.12495816939432,2.48157101113306,0.487985767166665,0.572391879082108,1.68523005271959
5.430797350297,14.6649001872016,25.7546861294029,37.5540326917724,46.8917291097688,55.1312369278098,8,24,40,48,64,78,0.678473150101766,0.526949389734746,0.861736841296622,0.978884473008734,2.57269131871025,0.543854185240303,0.545148322694935,1.77117425054122
5.427610839633,14.6927930493718,26.2095040170779,38.0949374581051,47.4415578543093,55.6616187352468,8,24,40,48,64,78,0.677701587992718,0.531997192818176,0.947521627679153,1.04448261362616,2.60145669015898,0.545321024052379,0.541752593304201,1.78521947654485
5.42395558857244,14.7033355770274,25.2562273993437,37.1938897117453,46.502774499383,54.6644866677114,8,24,39,47,63,76,0.676816861465683,0.534309964570383,0.874572706962315,0.989341503600837,2.61893592308954,0.539129834991037,0.634314965887013,1.89550410144917
5.41975737425204,14.691496474565,25.6343296719053,37.4212955167106,46.7345427623368,54.9111002266841,8,24,38,46,62,74,0.675801154788026,0.533064758284415,1.09154532774174,1.13236441394766,2.56855902310438,0.539844040447827,0.75549350508143,1.99349890537932
5.41488118826416,14.6500512457016,26.5042247784853,38.3224829636831,47.6298136453743,55.8137938697944,8,24,38,46,62,74,0.674622012427397,0.527122383637919,1.30384998150926,1.27040028831901,2.57900568618289,0.538875499457556,0.757066185348895,1.99999244059087
5.4090863191045,16.3623364774359,24.8918203939525,37.045526807162,46.1390306604047,54.0597972037904,8,25,38,46,62,74,0.673221544663515,0.725053745101453,0.706366982268125,1.01996168577602,2.69145375070279,0.504371734567859,0.70201543974793,1.97201499720255
5.35559518696585,16.4363888585864,24.9594757963376,37.0270791399591,45.9926467186229,53.8729193093712,8,25,38,46,62,74,0.660336807616443,0.748156518562215,0.705088990113426,1.02999123509275,2.66251104024272,0.484199046977474,0.693679361074854,1.92208604778895
5.30135565195825,14.2935752362785,22.6623976115094,34.6024528007654,43.4700594525424,51.06055582592,8,24,37,45,59,71,0.647351184162277,0.488371993928822,0.674532193687464,0.786141401301851,2.61973722826232,0.659341887603238,0.635097560154177,2.07484255219187
5.22414551446158,11.3152402113389,19.6919624778281,31.7370325819881,40.1823161154418,48.0478976543364,8,21,33,41,53,65,0.629006219330273,0.290082520964203,0.798303525114935,0.686576328227679,2.65494567068261,0.813155527399444,0.690663999959487,2.34277451659209
5.06164253693897,10.3285781347574,21.3074738389081,32.0289440950859,37.4027900449102,54.2534898283326,7,19,32,39,51,64,0.740659390663021,0.244711979562589,1.2516628809183,1.00238078670569,2.49935051629385,0.259119328808497,2.87425678337035,3.41073519700011
5.03232578997153,10.2829530197538,21.4004128741994,33.1848269398647,38.3152641471099,54.5695947976737,7,19,32,39,51,64,0.73297094946304,0.242548223936181,1.2854434803011,1.01708615171138,2.86770295929014,0.226882336183769,2.69500816370428,3.46574710804686
5.126433837943,10.6119439795246,21.6855760185238,34.5879865757914,40.147265892762,55.2877240311664,8,21,34,41,53,66,0.606030833175673,0.212365670119163,1.27472877037287,0.885346121438506,3.263007459911,0.28501135562969,2.36756822460035,3.57321678089087
5.44254994223434,12.6966213321296,21.6900527107094,36.2279078297618,43.9886886124303,53.9837513938032,8,24,37,45,60,73,0.681321188134515,0.251104055734851,0.801290928980107,0.661810019924225,3.51209627353884,0.382432826467651,1.02019337076863,2.62138053167322
5.08957090124398,12.7191292180996,21.6709882666986,36.2699569860373,43.6666594774927,54.0739251196709,8,23,37,45,60,73,0.59743425075755,0.363593698325539,0.675303494099333,0.659474141681908,3.53356745570551,0.33124280723118,1.11532411790377,2.64521252442696
5.00519395414927,12.8423323070635,21.7358191831522,36.4198634096615,43.5471339936523,54.1795369296565,8,23,38,46,61,74,0.5779068183878,0.393593481815981,0.562200974263682,0.602623023800798,3.56348962236759,0.29557632591809,1.16842770594369,2.6541280770052
4.94602166004081,12.9629024379424,21.741089027219,36.4586890002425,43.4484447558237,54.2832480271659,8,23,38,46,61,74,0.564338741258358,0.420432008671594,0.542563805961728,0.603233114272779,3.57530190739988,0.27812050093282,1.21683128429114,2.67569080722402
4.89569566947519,13.1600456552153,23.5283921023065,38.3169173352176,45.218471291959,57.518243546027,8,24,39,47,62,76,0.5528824092394,0.380166945052308,0.837271006701027,0.754298495974605,3.60028800602366,0.267195206046155,1.41192074607803,2.84704254508734
4.77462234818703,12.6541033334479,21.1294012985452,35.0104409036372,42.95929669213,55.3478386273419,8,24,38,46,62,76,0.525641241507508,0.327988586010295,0.587001861133224,0.534465965002266,3.28260630875717,0.337126644144723,1.43376385126825,2.75002772545752
4.71763971889545,11.9743071215085,20.1361080072348,32.9827406387036,40.8310410837863,53.5306333335023,8,24,38,46,62,76,0.512980135749838,0.251402294127095,0.531631513022518,0.431781018055784,2.92627556868224,0.323920347079491,1.51109587107554,2.57289524854971
4.75148505313018,11.2168183111859,20.218117255443,31.9232920606258,39.5244439802115,50.9233489471416,8,24,39,47,63,77,0.520487814055763,0.168885415635303,0.580822705134054,0.390714761286522,2.5412893228411,0.292536826868876,1.19626774173646,2.02417979295872
4.87812130668776,10.5057475003866,18.4487128510513,29.0067834954519,36.5280602481191,47.4398138682097,8,24,39,47,63,77,0.548899983522134,0.1004735681875,0.409299607666037,0.247072074515349,2.16461216770581,0.282725647021338,1.08452475885343,1.70019432752003
4.95502998926678,10.0651795095708,17.2165551771543,26.4831851209391,34.4208038064529,41.9672496385207,8,24,39,47,63,78,0.566397535921975,0.0680982860658192,0.298688705682704,0.168693437068601,1.7553457806114,0.335638418212102,0.351887001756855,0.917570679029536
5.0270395661264,10.1089809551673,16.986200386233,25.1394743128348,34.2261232557974,41.871328633767,8,24,40,48,64,79,0.582942414702548,0.0665476938127449,0.209713527423008,0.132271195863976,1.41797279838489,0.503281838944104,0.365817291797304,0.936419267564498
5.08691824487802,10.4862998902783,18.6641276357038,26.4872763783264,35.9749774062606,44.7478965289099,8,24,40,48,64,80,0.5968171627236,0.085269338023062,0.368123966861832,0.228278355389395,1.32119300336244,0.568731436265668,0.45450301992562,1.02615908252986
5.13831206554055,10.9247189197989,18.8803972349326,26.3838171321709,35.8824683932184,44.6831663550369,8,24,40,48,64,80,0.608809250800683,0.111918103143408,0.338031728451397,0.242980272485248,1.22905524553489,0.570565743788367,0.458733987014684,0.98572980353154
5.20567184590037,11.5233222801617,23.9550138531864,30.8808037871554,39.8760119284711,48.6123520285384,8,25,42,50,67,84,0.624641635884087,0.119050791247897,1.00961869870259,0.610027490244269,1.06693353694749,0.409553048910272,0.373852063937604,0.69059469976561
5.28411991410942,12.1112060064075,24.2772656255174,30.9129747508003,39.5416599658732,48.2553438656663,8,25,43,51,68,85,0.643241650965981,0.160262726946579,0.84029652761314,0.586564330964632,0.987812926615895,0.359453693499619,0.370799798516503,0.612594824194035
5.36766090206779,12.706692859778,24.4189906049354,30.8228831545087,39.0205410328673,47.6284386300427,8,25,43,51,68,86,0.66323639854644,0.208549417619042,0.757466532585983,0.601949370361754,0.925781762498195,0.304515124235336,0.293864165501586,0.477171024875306
5.45360356325212,14.1419824136761,25.9799451970994,32.1448638941959,39.9901842290467,48.6518470752549,8,27,46,54,71,89,0.68400319160328,0.248443989024517,0.680106229475715,0.596971012214736,0.863016644482829,0.262917260990013,0.300170054426423,0.426538086846064
5.49256034225103,14.4732943807728,25.6479591490839,31.6908290190611,39.5987390264666,49.3441407626524,8,27,46,54,71,90,0.69348124434832,0.279829514718505,0.573135680112195,0.562482846702959,0.831445977697282,0.270084587760981,0.370812600696084,0.473672356745704
5.53424027847582,14.757720239099,25.7826940233321,31.7089748977321,39.8252370480853,49.1751550159334,8,28,48,56,73,92,0.703665901316692,0.253373291051934,0.471331979227733,0.473446745483692,0.801605653343288,0.294636750273659,0.32217576118623,0.445120775680448
5.65532103947283,14.6241908264706,25.7812254102823,31.6862652056235,41.4727373782864,49.7944937723477,8,28,48,56,74,93,0.733506492877272,0.2280380911203,0.489837926917141,0.473312196573923,0.796203291849974,0.446884058616258,0.211828135944501,0.454454964083263
5.7220507012063,15.2079822200115,27.1066805620516,33.1807584998559,43.0677241959254,51.2955522797903,8,29,48,56,74,93,0.750110602271913,0.231402502024848,0.690286599788419,0.602942796183021,0.839486625348322,0.461313221448761,0.202945009391458,0.470848025080831
5.77280049909437,16.4743448753514,27.8372386833573,33.9758037627466,44.2593753371561,52.3379538451574,8,29,48,56,76,95,0.76281238444665,0.361934578814287,0.602693278199897,0.681280398054674,0.856171354218356,0.373668224252006,0.189251555553452,0.405885632486298
5.82426709401737,16.8798938918082,27.8960116044744,34.0034755637874,44.3213112300167,52.4898887504977,8,29,48,56,76,95,0.775757852951972,0.405471317529803,0.548743502920599,0.687790951855637,0.848112884427041,0.377943127049048,0.197446775790641,0.413864550224516
5.86731632920929,16.9063835810887,27.7973946381328,33.8473867945751,44.0779077560159,52.3838196054136,8,29,48,56,76,95,0.786635215804402,0.403381679647915,0.52982679439055,0.67688420228324,0.833279053952031,0.367096061224397,0.210315336802574,0.413223191530837
5.89515653246429,16.7303625090924,27.686628543396,33.6724688750263,43.7364950156895,52.1827794382527,8,29,48,56,76,95,0.793693261391427,0.378085532223236,0.539656990129432,0.664737357671021,0.816810182804847,0.346840107409589,0.223919500440523,0.405496897336983
5.90559448826865,16.4287924071217,27.6100766991591,33.5364503583772,43.4007160913664,51.9470893157174,8,29,48,56,76,95,0.796344234515717,0.340926703990635,0.574164173954802,0.656406748897965,0.801629275149799,0.32328587896575,0.233896299680368,0.392070386772776
5.90055958085315,16.069952815321,27.5960013877328,33.4738490721203,43.1495964207686,51.7081177126431,8,29,48,56,76,95,0.795065175041245,0.30111493572988,0.628830601543837,0.654880755800811,0.789302954813463,0.30181651965291,0.235122821846381,0.373518336385108
5.88401122829134,15.8047650145564,27.6727360777398,33.5210869361405,43.0458626754423,51.3478651201624,8,29,48,56,76,94,0.790865491949168,0.274644396486675,0.685128262227909,0.663221632283129,0.781837680332761,0.285161420308472,0.259266062169919,0.379560806120527
5.8601351401935,16.3066141647237,28.0354720170701,33.7929561341629,43.1615541256191,51.2107702472847,8,30,48,56,76,94,0.784817638519389,0.277891359560361,0.760429208070025,0.703362565748116,0.758972294714633,0.268441158418205,0.232341252857664,0.339329562895983
5.86354869910123,16.3590173080531,27.8670745269849,33.6211687651958,42.2346234065295,50.0541102154565,8,29,47,55,74,92,0.785681465336702,0.337716556737515,0.721311213127253,0.746552973323108,0.758123168811078,0.240711193178565,0.209203231919003,0.30246720428566
5.87445549529853,16.6049353825081,27.9217184834774,33.6419868193548,41.9247701951845,49.89182886982,8,29,47,55,74,92,0.788443377383943,0.365401589365896,0.688105559347316,0.752943700374503,0.749665661637981,0.208117514227668,0.223919906934838,0.286680420727162
5.88969075105957,16.770747212388,27.6845821529944,33.3701164960824,41.2547697007119,49.3542929544012,8,28,46,54,72,90,0.792306123202652,0.451540156495642,0.620284853600457,0.790219297516102,0.741010591474018,0.215636864436094,0.237577975263841,0.301188883505915
5.90748516812428,17.1850901547358,26.9062196287594,32.5310971104798,40.4025083596223,48.4456456414631,8,27,44,52,70,86,0.796824694548122,0.58922052182889,0.517490707507675,0.831018390313572,0.725968446037129,0.214321183865037,0.349735389822643,0.371718422819646
5.84742620513522,14.9740295786923,22.6064043604284,28.0966128118652,36.1385658968198,44.2942724879356,8,27,43,51,69,85,0.781603998826878,0.296202883075277,0.296416316052155,0.420574813637195,0.692907904186354,0.231590226038711,0.365073768456966,0.384577431730519
5.76238788722578,14.7415495830675,22.155109614489,27.6542352989571,35.5964701270969,44.012847682946,8,27,43,51,69,84,0.760201131904346,0.279655595856596,0.269754743947998,0.380713146377272,0.69508250046399,0.22140742750906,0.482856549593443,0.447476326074147
5.67341197975079,14.5764855240816,21.7809895041883,27.2593501410126,35.1062977167401,43.7458230622684,8,27,43,51,69,84,0.737997003119682,0.271305268041892,0.245443700378266,0.349301871819145,0.69002187252246,0.211901746760588,0.519334530581571,0.457812528774847
5.58167565791232,14.4398356475067,21.7267807922401,27.2228907725135,34.9198468845482,43.5833035654156,8,27,43,51,69,84,0.715311752137763,0.266436966690387,0.254893799623015,0.344873942920024,0.694346844110092,0.197386458595889,0.523313191734506,0.447359746150619
5.50615480535974,14.3269247145723,21.4825447860468,26.9489395729112,34.5640075265149,42.9541897385839,8,26,42,50,68,83,0.696798121112402,0.319219460930187,0.239925069185444,0.366854190673614,0.687110839184958,0.189694087077335,0.478648843513857,0.411247871696426
5.50151109716722,14.3072040034166,21.5351815446736,27.0035771650003,34.6345726133055,42.2278097197921,8,26,42,50,68,82,0.695664571066241,0.317389565674484,0.248116178987018,0.371354244776397,0.687597335897859,0.191177381497679,0.437079911392595,0.387212162124324
5.52028103363762,14.3380076144711,21.6907243448317,27.1833072716453,34.8508995270229,42.3958420721772,8,26,42,50,68,82,0.70024985955558,0.318849676318173,0.262561215956435,0.384827190520006,0.693486750680125,0.194609170012832,0.429412723212735,0.388335709115387
5.53820371352072,14.3683402686913,21.840284251357,27.3576489198404,35.0730997247016,42.5706678743896,8,26,42,50,68,82,0.704636737362719,0.320358890008759,0.276747929302329,0.398028217156902,0.699536820496718,0.199146562997659,0.421948741912968,0.390613967332708
5.55522533800134,14.3977970916436,23.2638137248393,28.8545914588484,36.6394370610019,44.0938954071496,8,26,43,51,69,83,0.708810778054205,0.321874675935374,0.391547094762056,0.482458886103402,0.717553020411803,0.205825299295564,0.415206137033256,0.399673862494581
5.57130790018485,14.4262060157651,23.8716541874728,29.4169767607858,37.2742134586149,44.6496034962321,8,26,44,52,70,84,0.712761414508737,0.323380653939897,0.399494497165688,0.490595064990731,0.706381511289531,0.212917560833835,0.402962912574691,0.39492249650254
5.58643009105972,14.4534776484247,24.0889556869822,29.6565800236146,37.6432000284715,44.9883439425059,8,26,44,52,70,84,0.71648220497046,0.324868382861978,0.425598774851374,0.511982799393575,0.711855969318095,0.225910238575198,0.398322049484824,0.406037687386589
5.60055214169382,14.4794501783695,24.2659285005925,29.8547324286998,38.0176277299804,45.3352651716265,8,26,44,52,70,84,0.719962201637764,0.326322719333491,0.446884935194228,0.529751720186946,0.717066816144636,0.244260948485261,0.394122122978409,0.421870050200693
5.61368572031259,14.5050545776111,24.4154692615014,30.0218892422306,38.4420226889749,45.7364424258398,8,26,44,52,70,84,0.723203184195548,0.327856612864213,0.464710047421499,0.545010319052647,0.721409669314511,0.272367774162374,0.390592350932306,0.44590343589664
5.62580669300462,14.5331788352498,24.5653044066396,30.2222928641898,36.4155694878557,43.9878858124557,8,27,45,53,70,84,0.726198178639073,0.271773573355939,0.482521683457842,0.507023248499516,0.733920033209519,0.110034161951968,0.433751359442902,0.321612678014722
5.63693496575705,14.5673130975467,24.6939303988299,30.3631486459616,36.5471402609731,45.0437691016167,8,27,45,53,70,85,0.72895116556303,0.274286954424528,0.496557071392726,0.519705643768074,0.73695530862761,0.109377488433235,0.495845122202412,0.357061970198258
5.64708267536757,14.613639803705,24.8439005027792,30.5001813252768,36.6651222299008,45.144148032067,8,27,45,53,70,85,0.731464304149896,0.278263377771013,0.512157729076303,0.534698045960807,0.733744522407695,0.108037297487831,0.49298349291019,0.352810192687293
5.65626874004457,14.6602370051541,25.0694267374554,30.6972988812079,36.8236584035818,46.4270768746088,8,27,45,53,70,86,0.73374152577321,0.282405894050294,0.539591017861485,0.55765826141317,0.726708906659044,0.105352601910093,0.588240046151683,0.400862773719741
5.66454155621995,14.7040104263772,25.2426834350416,30.8441540135982,36.9336147213239,46.5448132506923,8,27,46,54,71,87,0.735794170876707,0.286365621188325,0.478152309749217,0.521808483108997,0.720188701973372,0.102821855021015,0.58956148878551,0.395856432777499
5.67193660140368,14.7472664347224,25.34504990519,30.9332662711106,36.9942166013378,46.5399935136881,8,27,46,54,71,87,0.7376304789637,0.290393908865644,0.486654386893752,0.53193316435372,0.71692210220398,0.100891104240096,0.578488062236438,0.38628720458768
5.67165578169891,14.7929239246596,25.3925510439969,30.9911469495639,37.0388807203419,46.4298919104277,8,27,46,54,71,87,0.737560721882404,0.295595730792572,0.486920659659938,0.536665622385916,0.719479836167261,0.100003355337599,0.552642364015554,0.37244693904987
5.61711804730234,14.8549609529489,25.1545666602018,30.8892506371375,37.0295661539437,45.2764720965637,8,27,45,53,70,85,0.724050905692772,0.309004502569622,0.52271489664758,0.566455012840187,0.753266560941711,0.10631918266228,0.455916127271737,0.337750438696093
5.56275157437075,14.9089592562022,24.9325461851417,30.7658072051842,37.0171896150262,44.1853367542149,8,27,44,52,69,83,0.710658747440918,0.321735352470878,0.565712965144703,0.599478641181958,0.778026692206435,0.114195545293168,0.371642535190123,0.307817021497453
5.50970001460149,14.9513186784793,24.7530969178918,30.6730433376513,37.0408787592597,44.0507074162471,8,27,44,52,69,83,0.697663902093071,0.333155165603871,0.530167575922934,0.580277030190701,0.799993462912386,0.12280521939843,0.348482037531304,0.311425960420793
5.45934933421111,14.9772931444059,23.943486860738,30.0329188968318,36.578921088782,43.3725566559739,8,27,43,51,68,82,0.685398600165859,0.342431668201925,0.484296903496546,0.551126195578266,0.843450677863957,0.136673909806842,0.31795429482954,0.322146542993846
5.41342719536972,14.8833736756715,23.6144152508093,29.6584845997244,36.3051432922298,42.8930009013286,8,25,41,49,66,80,0.674270536017576,0.478870875942376,0.448157498015793,0.632436860919727,0.831754608664969,0.144881072551034,0.290105600598616,0.309891194898055
5.37395945439256,14.843894152419,23.385657550788,29.4976419607744,36.2361319974709,42.642817797205,8,25,41,49,66,80,0.664751612073501,0.47886909540598,0.41997402715684,0.606520558491048,0.849282809080583,0.152602450534878,0.266586990821752,0.308167838373881
5.34331482107616,14.7683954149804,23.1329390036737,29.2843467115704,36.0968132666804,42.3107280205573,8,25,41,49,66,80,0.657389694178426,0.472112062087506,0.394335548603975,0.578517394473979,0.859505264152498,0.158984430880307,0.242614610846455,0.301830384062138
5.32431969012694,14.6499958209178,22.0047427976118,28.3810307178501,35.4490702650777,41.4946421878448,8,25,39,47,64,78,0.65283923328985,0.457289990596247,0.399792947912609,0.572147137770261,0.918469055509353,0.182139198777434,0.222585287495143,0.327175485289394
5.30620801475453,14.4868015909136,21.7151415633008,28.1186352994811,34.9071978021972,40.8707458933471,8,25,39,47,64,78,0.648509615779273,0.436038569993263,0.380623392946658,0.540327484669404,0.925675999289393,0.156906445032431,0.213136764434946,0.300072213032262
5.30437406871183,14.3065765848517,21.3648913276383,27.7722234384329,34.0265818593843,39.9903052029281,8,25,39,47,64,78,0.648071711406421,0.410538526916273,0.355503620315623,0.503074043330112,0.926694054452098,0.114411089655357,0.213156733378131,0.25977052707314
5.34068879087404,14.1709154593468,20.9923156166337,27.4825294889791,33.2677732156445,39.3000909704036,8,25,39,47,64,78,0.656760017235429,0.386625267025485,0.321802727170033,0.464941773175501,0.948751721101932,0.0833253208277925,0.221044635845407,0.237206677406881
5.42027958770754,14.5186341777132,20.6227725516531,27.2707293499126,32.5582668956512,38.6407992228285,8,25,39,47,63,77,0.675927472315208,0.42419587404722,0.22945670919512,0.428661365398003,0.991120468593074,0.0783532183936703,0.226909662596438,0.251379644076253
5.52660881725188,14.1636602610506,19.8384495834898,26.616551468403,32.7772827769722,38.2575832932062,8,25,39,47,64,78,0.701797737674286,0.360563083974949,0.181522174811193,0.356821316926986,1.02644879985681,0.107742455451247,0.161699914621613,0.244982237155369
5.63763934329091,13.7733327233301,19.1838045075147,26.0403932301724,32.3296306436561,37.339294746487,8,25,39,47,64,78,0.729125524683168,0.296980427315459,0.154876157836146,0.302308113854653,1.04791249670386,0.116954792240589,0.118747198456035,0.226809139244402
5.81578481976856,13.412762778925,18.8832016236827,25.8153213276305,31.654071577073,36.9536925940825,8,25,39,47,63,77,0.773619873175275,0.235440218448249,0.160726779588157,0.278953962617381,1.06867784393558,0.115847263175311,0.144364546372899,0.255200617079396
6.1091728405903,13.0674277870922,18.8673333071226,25.8791680957689,31.9869425853339,36.6263036305646,8,25,39,47,63,76,0.848555100946078,0.171983104076298,0.194902855915968,0.277750578638525,1.09070847972758,0.137264585280878,0.124023529827924,0.268772966461626
6.60302659689173,12.681616285569,18.589660143553,25.7503596477693,31.6976164427915,36.1321234466347,8,23,36,44,59,72,0.979001473602156,0.175812376441208,0.265376674539065,0.382462945834088,1.13215889688591,0.163046166281672,0.10636983335065,0.290780950637632
6.73255745250344,13.0388967586195,17.1340887029438,24.3431361970751,29.3376632620094,32.8356728626162,8,23,34,42,56,66,1.01404803714617,0.199154662201586,0.157294165544438,0.342102673606088,1.14570594438136,0.117484972158612,0.139170643145263,0.303989373883503
6.72295017443708,13.3648637858659,17.8635809878144,25.1062435500209,30.6662251944938,34.3085416619638,8,23,33,41,55,65,1.01143732033896,0.236283498886595,0.273805124932045,0.466666139477226,1.15514895626761,0.169676219625332,0.155940366241723,0.373364521040004
6.71537038332763,13.7165795617008,18.5892243406326,25.8516214848744,32.004634624526,35.7453006037938,8,23,33,41,55,65,1.00937882927403,0.279554798882346,0.334309254434826,0.548989954582105,1.16070186257912,0.235270247971173,0.167902702934571,0.446794559486629
6.71051187663381,14.0909308765179,19.2475247911938,26.5204313233493,33.2719772606381,37.0739379427817,8,23,33,41,55,65,1.00805996402826,0.329032952150205,0.38356728509638,0.62935433826964,1.16366173689789,0.312161236528404,0.175573125837802,0.522172098528749
6.70922384827562,14.4781747230192,20.4513669027834,27.7777659810925,35.0779795093843,38.9588045028706,8,23,34,42,56,66,1.0077103998037,0.383620062288082,0.434521938165585,0.713888077577358,1.17875685426337,0.391471862292731,0.185681939102604,0.604685092766332
6.71232438584146,14.8559178960218,20.8822375465464,28.1746584510848,35.9805993411725,39.9000789397675,8,23,34,42,56,67,1.00855192454396,0.439822983953986,0.444060129551599,0.771829352861423,1.16916283166477,0.471538342918608,0.138075721927284,0.600712377280363
6.71999183210941,15.1620762789436,21.2270549055292,28.4370445650546,36.7874536552322,40.8448445466459,8,23,34,42,56,67,1.01063377158571,0.487001133940473,0.451052576133227,0.819691400773342,1.14597034533223,0.564677911622207,0.15305305838614,0.676863208853681
6.72795040607024,15.8196888414328,21.5519337061046,28.5957143398331,37.2994645428573,41.143665579276,8,23,34,42,55,66,1.01279587734524,0.596634853326128,0.392320794164591,0.865976127533901,1.0995699455534,0.741509450217452,0.130231923455653,0.747901062375714
6.61455739930119,16.2253551027166,22.2551874219546,28.9614403317064,37.9115259253662,41.9549062466169,8,22,33,41,54,65,0.982107829574741,0.805059631912777,0.444693686543286,1.06027618637568,1.0069042261565,0.792239579301794,0.151495909189551,0.762934087549204
5.51470588141988,16.2457544651905,22.141936685328,28.3404873599187,37.7395873503389,42.4380112402916,8,23,33,40,53,63,0.698886951378299,0.911143286619492,0.524048345826883,1.0422775418474,1.05436783855146,0.887748257347857,0.305482298056585,1.02735572999023
5.58016865422945,16.9764418974517,23.7705623853025,30.1407516425133,40.6390487826915,46.4813785994387,8,24,37,45,61,74,0.714940876864622,0.923018319547906,0.394191689454375,0.939851081680464,0.916855632997921,0.748017582745713,0.256760187575637,0.79259453932036
5.44713233232894,17.2307648775952,25.7274072419674,32.2916371732191,42.8581868201492,49.1655533532387,8,26,40,48,65,78,0.682432646332448,0.770261594341405,0.590851856399595,0.975010414335051,0.968569388653624,0.656801744361062,0.320579908924129,0.815137681018783
5.19707809946651,16.7990510333423,28.0623292744296,34.684055379848,45.6890769042145,53.0832989626928,8,26,41,49,67,82,0.622614562671879,0.737847793812691,1.02354736786162,1.23662781329886,0.984040392109135,0.635374797749701,0.330905737769646,0.803364695985736
5.02060809188962,16.3955654038041,27.8015701083248,34.3750743104981,45.5993230436365,53.1941541512048,8,26,41,49,67,82,0.581458434597225,0.6981369483924,1.05446433867754,1.19628264380892,0.971060402784083,0.672272579462945,0.35868083740093,0.851758894358971
4.87909414684522,16.0016656680955,27.5968106966539,34.1299196572541,45.5443337388449,53.2254789744475,8,26,41,49,67,82,0.549120184839554,0.6550515274521,1.09592105224068,1.16500512647772,0.960223205079341,0.704974601285638,0.370948128379282,0.883185433344584
4.76230036243102,15.6343451392822,27.4579538966042,33.951330804719,45.540505238874,53.2304440442804,8,26,41,49,67,82,0.522894616737235,0.613420442878502,1.14671763956503,1.14399824715965,0.949596328174379,0.735585321461405,0.37220847648368,0.902587217157215
4.66664785581432,15.3123671612568,27.3968602407098,33.8480657764251,45.5985444419316,53.2626383362661,8,26,41,49,67,82,0.501738675939351,0.576810823358732,1.20565965130741,1.13480825731922,0.938352509569034,0.764304236689382,0.368509781688503,0.915275124546003
4.59056211307251,15.0525509041074,28.135333683768,34.4787808141646,47.087545532205,54.8346657053053,8,26,42,50,68,83,0.485123235193211,0.547805835909272,1.28615107820445,1.15844477768552,0.909790211205515,0.92430472764257,0.380451459988569,1.03219161018268
4.53305278596526,14.8694232947436,28.270389954413,34.559209588343,47.2362236578097,54.9798956066009,8,26,42,50,68,83,0.472692245789473,0.528350493819835,1.35914302302804,1.17878163903973,0.895404716687201,0.937526878392573,0.379952058821202,1.03365742268771
4.49334046313188,14.8163014445389,28.5226382029303,34.7316287401378,47.3583544566882,54.6939519706234,8,26,42,50,67,82,0.464173422646844,0.526291897061392,1.4304152572067,1.21717425652429,0.874498612615414,1.04973902542729,0.322985962784722,1.03890194837918
4.4768492591194,15.5023065766316,27.27781482103,33.3681973311923,44.7291593977809,52.0469260106593,8,26,42,50,68,83,0.46065166444794,0.638777502167744,1.00095769429116,1.03295225980363,0.843696242433756,0.695718206940974,0.320594992092761,0.77132196034734
4.52714708193204,15.3045946692476,26.1158427720961,32.0255366099285,42.1107246832028,49.8200431724216,8,26,41,49,67,82,0.471422000387774,0.598001855952627,0.92778216176278,0.949683626364637,0.797386069253363,0.490381201395238,0.374992961687143,0.642755237306845
4.61274590362566,15.2438360261048,26.1411553790194,31.8650941384397,40.9040651687387,50.051366294704,8,26,41,49,67,82,0.489947942046442,0.574477692164827,0.94575908989013,0.953198705261686,0.750582013305783,0.346277075514928,0.606434745100991,0.666740571684134
4.74448728795581,15.3533797356716,26.3501714722266,32.0400539124523,40.3138606106229,51.7608624218019,8,26,41,49,67,82,0.518932541475452,0.57094528187053,0.966687779927871,0.982447980423768,0.74209241228059,0.256187567920283,1.06340366163415,0.854150556108374
4.83813313313746,15.5818637443443,27.0493610009741,32.7471668662753,40.6937468942192,55.4159128988905,8,26,41,49,67,82,0.539874028181719,0.592546693684581,1.06788237395603,1.08315182936514,0.744064999110133,0.22184614002409,1.85106824564101,1.28441583114448
4.93644026935991,15.8568860656682,28.4167292409197,34.738192643323,43.2582182426664,49.9557181246317,8,26,41,49,66,81,0.562151672026255,0.621373703381722,1.31552296953312,1.29237135882359,0.903993378673862,0.345192385675609,0.242742972131519,0.467292838425602
4.93363711647381,16.7350012239202,27.7031619664245,34.4168974287879,43.7500361737056,50.3457655240918,8,27,42,50,67,82,0.561512344455848,0.674002200467575,0.960647229105965,1.09440748969866,1.00893497057382,0.458395389494965,0.230982875246548,0.583516387490928
4.82364267419594,16.4256810146152,27.937304909603,34.0879013869483,43.2164153945541,50.0153502566699,8,27,42,50,67,82,0.536615571428146,0.641165710688477,1.07754694127644,1.12890412056828,0.859294562167335,0.428521714420587,0.254753515989909,0.522417058146836
4.79425853420717,15.5092723113104,27.3272088694,33.2845886613379,42.2797111114241,48.9847103598417,8,27,42,50,67,82,0.530028169330613,0.503716549994369,1.14544710329492,1.04000785113173,0.809534348487552,0.409540982124952,0.243621094069847,0.479139678640678
4.77442644987081,14.81575387898,26.5734452471945,32.4578063309536,41.594085271504,48.3679488375782,8,25,40,48,65,80,0.525597537234122,0.568598491404325,1.13198184110665,1.09832270620725,0.790954211883528,0.4296386914768,0.251758203819317,0.493026630132553
4.76180394757958,15.2883623849943,26.2978203017234,32.1784900480304,41.6628036084089,48.4996675254157,8,25,40,48,65,80,0.522784064729102,0.64990060200104,0.969364363069071,1.05743856160766,0.790018271378816,0.481044211114137,0.259318155792458,0.535522854543707
4.74999586214416,15.6421498582689,26.179328116892,32.088815251331,41.8779793568463,48.7561843110076,8,25,40,48,65,80,0.520156706372984,0.714089641414742,0.871373367758266,1.04007197483506,0.797333526831465,0.528176031803917,0.264338775652163,0.576225770600893
4.71506384276693,15.7362774420626,26.1682936724801,32.1302243451633,41.2923840505828,47.4970138612947,8,25,40,48,64,77,0.51241025207477,0.737328518891513,0.850072821184947,1.03846119121791,0.810696497715668,0.515343622296425,0.30591832501103,0.618217798347872
4.69860551859652,15.0593306938226,23.9706131558245,29.4709590431343,38.9567835205441,45.2613115595614,8,23,36,44,59,72,0.508774083090066,0.835743442779224,0.784168147586731,1.05533312784847,0.695380226643876,0.667518131729869,0.320170632411669,0.680142332540491
4.78473858500162,15.194030212543,23.8026767128151,29.1889581546328,38.8956108575452,45.2820663524595,8,23,36,44,59,72,0.527899792129805,0.845495456448055,0.722252919206162,1.02968053956405,0.667718956013449,0.708604552360855,0.332078607380615,0.704074953779792
4.87436488405902,15.3657381737829,24.3812974132199,29.6173948170428,39.1563442218538,45.5485459978751,8,23,37,44,59,73,0.548049995098411,0.862071811939179,0.687468882149035,1.02979106493915,0.786865185599492,0.67731445324812,0.264747837915118,0.664697937144935
5.3496478794621,16.3703679443811,26.2366704786743,31.5030072484277,40.2480776220625,46.6397912826217,8,23,38,45,60,74,0.658909025796016,0.971746449748572,0.738898984036918,1.22723201142794,0.794951699195516,0.536977381121568,0.264685964701126,0.572919250939751
7.53384068005514,18.0633179333151,26.7734397496893,32.5470800677375,41.0060817629697,48.0687366438229,8,24,40,48,63,79,1.2377512780884,0.753857227719541,0.445002444587754,1.12841130055725,0.763023108021344,0.489736875820373,0.229605377255428,0.495833540774991
7.67449913166352,18.3581988092926,25.5692517141187,31.491641142203,39.5599411568103,47.4735919920574,8,25,39,47,63,78,1.27815432903146,0.677189317216898,0.378034344350475,1.0349856903544,0.800615124250669,0.353137290601218,0.404921416684042,0.561011943942556
7.59634269244165,18.4241168418053,26.5022534266937,31.8769632621943,39.484580003059,46.5896999998137,8,23,35,43,57,68,1.2556652372425,0.931224223898673,0.734750775490082,1.58378958906482,0.664932199326373,0.439374106732078,0.654474147879526,0.73945372267825
8.92774592646443,18.4978544967484,25.180730075002,30.539071161241,38.1268729565754,45.204455340828,8,22,33,40,53,64,1.65098748353022,0.796802844870145,0.568485688135675,1.56796460879256,0.819691927916046,0.527947627687587,0.648732975144556,0.892879121801834
9.13690367699452,18.4979242019805,24.7789954945645,30.1930003564264,37.1486345704468,44.2495951095127,7,19,30,37,49,60,1.96682331774744,1.02017466097879,0.490927300592235,1.86077415420802,0.834758378291803,0.513696499360382,0.653605803045045,0.896020349588671
6.57730438418578,16.9411783750981,23.5226350722074,28.5058017910843,35.5852194221869,43.2393175612475,6,18,28,34,46,56,1.39098858693121,1.26350677924969,0.66815727234267,1.86809317360962,0.899364237382011,0.536583960098547,0.91641482112206,1.12959516534261
6.52618852369844,16.9411811211941,23.820405941417,28.7892366143698,35.8646544964424,43.5318094168087,6,18,29,35,47,57,1.37456721374238,1.27632951593917,0.607920992717197,1.79562967959821,0.895165106133312,0.535838305738802,0.91958803603834,1.12867137373134
6.56525018704779,17.0501478682568,23.4338734712359,28.4558722073843,35.200496658222,42.9137689149443,6,18,28,34,44,54,1.38711268239444,1.29392684855179,0.625313783988972,1.8493593724541,0.91076140035185,0.704238560903607,0.930823040627055,1.30814514417479
6.87827016237596,15.5948692183236,21.8800801605214,26.8812787340861,33.5796720238407,41.1558896985749,7,18,28,34,44,54,1.25426277759747,1.01909351467679,0.604339800999019,1.53251191814379,0.904652409146596,0.693950159890577,0.89755811998072,1.26942302663864
6.86616501711353,15.6225052731257,21.7519404737988,26.7586105247897,33.5239566646149,40.9743427766382,7,17,27,33,43,53,1.25063365141282,1.19543887381599,0.571695347348183,1.63354486412206,0.906258449308835,0.708866569264685,0.867350965991243,1.25936337714024
7.76559731635275,16.0793461681843,22.6666541264128,27.6171732501299,36.5062688675296,45.2730317239721,7,17,29,35,45,55,1.5263364093855,1.08079793099249,0.447967639258294,1.56380458063022,0.889808225561971,1.23045643645335,1.19817784754616,1.95256775814094
8.79943074041261,18.9726190253181,25.3669077483276,30.1824384767712,42.0807225757832,52.8283394697729,7,19,30,37,47,57,1.8564516996927,1.2160186798797,0.512340986668017,1.9832901983727,0.676825320205249,2.08835981609053,1.74731571038853,2.93129956506494
9.39716133997606,19.9557983156549,27.0677604006912,31.6461309820016,45.6505532364453,56.5887534484579,7,20,31,38,48,58,2.0527303934633,1.15094169182795,0.655903426303199,2.20663468187006,0.616907079216153,2.74487901433315,1.80280785832488,3.45377638778366
9.86823237004115,19.4476821211321,27.8701862247664,32.1929009174908,47.2583320862182,56.99601825957,8,21,33,40,50,61,1.94384145712977,0.927166639841488,0.808210433482824,2.09944446266508,0.554201655453942,3.08861951957986,1.27510025900568,3.16891893589498
9.75144592556428,18.905879761427,27.4571156195599,31.760524518795,46.9686589109175,56.662698503886,8,21,33,40,50,62,1.90694163288817,0.835230443321596,0.836292649676344,2.01418914935923,0.549550132950473,3.13542822555781,1.09917694246908,3.01341966927497
9.46130195797218,17.7527262706219,25.9686669573227,30.3883592044057,45.5096723435912,54.856229140004,8,20,32,39,49,61,1.81590258537091,0.779959400809936,0.76385092062036,1.84235209709289,0.577747966406245,3.10693405056398,1.01678620203241,2.93607091102492
8.92290210522279,17.065124587797,26.0056153024496,30.4607393421575,45.4043539608143,54.6819618617266,8,20,32,39,49,61,1.64950591810615,0.748233940708009,0.923168794385983,1.84976937580958,0.586424843094958,3.04876600056943,1.00068338563255,2.88503896218232
8.37522551925525,16.3960282009456,24.8466389633118,29.3536691345295,43.8983273015469,53.3912976943029,8,20,31,38,48,59,1.48392637525982,0.722762479760483,0.955336482692814,1.74518730051951,0.599206262506941,2.91893238596493,1.21221131535852,3.02431288347468
7.85259266611407,15.9247389954063,25.9884776711036,30.6022109529232,45.434314890072,53.5880475431177,8,19,30,37,47,55,1.32975850805024,0.866914646231345,1.36028673070899,2.11575702040805,0.625737731896293,3.01236944057285,1.41810839183064,3.33405797083733
7.94045981035488,18.8767888470093,32.7964084658126,37.7424471660449,53.1473510848742,59.1514459250836,8,19,30,37,47,55,1.35539817119972,1.59553325375834,2.46521464480785,3.73493096811361,0.710472822960777,3.20018327442308,0.821486777865467,3.01153918092155
7.86883209970929,21.3969944972193,31.9475679149495,37.7718637903204,53.1089796156625,57.8235810030868,8,20,29,37,47,55,1.33448837071852,2.12009046262269,1.91332673059795,3.7042478822653,0.775765110326146,3.17784740305779,0.512307961641672,2.71427360934812
6.09406754313853,13.1077520818931,35.4812581998267,41.1608592188199,56.7272747215785,61.9920903382581,8,21,33,41,52,61,0.844648500949556,0.429551246115592,4.94364026250521,3.86445284802472,0.739535123023535,2.97910601122673,0.509575535329962,2.53477330000082
5.85390065037101,13.578552491225,36.560339749803,42.3817605856591,57.9189222019123,63.2452752052526,8,23,36,44,57,66,0.783240673336103,0.377202753577058,4.84048893779854,3.602440609742,0.775040252292866,2.48303347727563,0.522492244323886,2.26762730248988
5.57711816553637,14.9746367725159,39.8119135514601,46.067782299538,60.7202964512426,69.815308095561,8,26,42,50,67,82,0.714190326562141,0.393032304327241,4.58790609683239,3.39130027382975,0.886758549262062,1.4973688492259,0.597210370620696,1.66068498047234
5.4812112691841,14.6704408624839,41.2747351601968,48.0016998854383,61.195522999623,71.6944542396413,8,26,43,51,68,85,0.690715926301507,0.365527643245382,4.87813739237352,3.56769415812235,1.01252803050643,1.16952887957422,0.645150591733007,1.52237224333893
5.49045513757606,15.9148353848257,45.2617467190077,52.6979591266664,65.343024363837,77.0183252634723,8,27,44,52,69,87,0.692968034123262,0.46190714819848,5.76358827812187,4.33751751424381,1.20989740638264,1.05354059430913,0.75086441321789,1.64680435532782
5.58901980517144,16.678281810685,44.8873537820973,52.481138491986,65.1313426525316,77.2604497183568,8,28,46,54,72,89,0.71711998792057,0.480299866759923,5.11609684055535,3.92140366110869,1.25493084400009,0.93232443079822,0.948510970744945,1.75427299911222
5.69199743753419,18.2229826123067,44.2447279276777,52.0227387782638,64.6111997719964,77.4583053643713,8,29,46,54,72,89,0.742618801110497,0.611738781421726,4.69387909437026,3.77479781725676,1.30808784370235,0.92038498729589,1.09574552284072,1.90505024690002
5.79454501792256,18.270387295904,43.8514745720668,51.7610134966082,64.3231342565039,77.3576211847296,8,29,46,54,73,90,0.768273965255685,0.60334265061582,4.55546834623406,3.68597214837284,1.34636214704684,0.805504612990594,1.13541158712988,1.84612488934354
5.7241821051253,20.6927811165815,36.783433733099,43.4043727441166,57.2590118486186,71.491933080228,8,30,47,55,76,93,0.750642778363245,0.920822943462171,1.84508961314061,2.10190550759756,0.983828154587543,0.828008100818029,1.40032707417116,1.84097648225499
5.79994974830425,20.6842745663616,35.0969407577157,41.644576065503,54.8601697333116,67.6269480976224,8,30,47,55,76,92,0.769633259746466,0.905889915537174,1.44163898524472,1.80196623172527,0.964116511508419,0.720144411399038,1.21499084076313,1.57288957416612
6.07071465137797,20.8949974330822,35.0488813543902,41.8816874278314,54.3539516288586,66.4535867935529,8,30,47,55,76,92,0.838619020801843,0.895310756500357,1.38228645870187,1.79368660401394,1.04139629326582,0.602799615227945,1.06934811672111,1.39070883974047
6.41919185166214,21.1691622323439,34.8568503576597,41.8840222264312,53.9879164897321,65.3406968599686,8,30,46,54,75,91,0.929841573112165,0.882286845189905,1.42602927868501,1.86706020535722,1.09496051873629,0.548060309559903,0.914227492861812,1.24870642615159
6.78582631355912,21.853345731079,35.1521878441347,42.2645192051184,54.8768149104799,65.3593893475499,8,30,47,55,76,92,1.0285559647547,0.938475860046204,1.19220737182099,1.81150290904434,1.11864753081878,0.624212170368833,0.745079626600586,1.20733484016995
6.99689948599088,23.3502606632451,35.5448618270819,42.5165479730495,55.9975694384215,65.7553426724321,8,30,46,54,75,91,1.08657195670293,1.17966614215586,1.08968607207748,1.98989757504037,1.07959807917623,0.764186090880523,0.614685787475751,1.20782170766857
6.9456149814194,23.2197859097372,35.0642466289033,42.0605876671446,56.3961776064492,65.6612955879298,8,30,46,54,74,91,1.07239924870688,1.16420708055682,1.0153719651602,1.90376677300707,1.08641736662879,1.02484995627927,0.448364154311705,1.26580934540578
6.66346077115207,22.8255074168409,35.66130966264,42.3572588307783,58.977718845433,67.6268453740408,8,29,46,54,74,91,0.995311653202528,1.26543860088751,1.09336874782748,2.01098799453973,1.0041096114358,1.49836251974413,0.362167129150323,1.48034137340463
6.29501683622628,23.8550473466046,36.2816735375013,42.6830153834163,58.7011764157477,66.652614571132,8,29,46,54,73,89,0.897033455868562,1.56240423388664,1.00858426702913,2.12477754465977,0.925105386927829,1.50917649982165,0.337469089046645,1.41538200124685
5.93045100418124,25.4031229141488,35.9610873956558,42.6090846097849,59.4132997145255,67.0480272577142,8,28,46,54,71,88,0.802667514057936,2.16925167892929,0.562876450619819,2.06567505627481,0.991131388016619,2.0255565655477,0.239517234520588,1.63631397345452
6.20840635709368,20.6321312021739,34.6634062538408,42.1906564354815,56.594637528348,64.4878113861373,8,25,40,48,63,77,0.87434613698801,1.44419343629631,1.67405847874121,2.56313272984357,1.23586604585309,1.76890842050051,0.485990160404276,1.97615225306367
6.14204455436779,18.3533931389619,33.3908494131469,40.0384202953598,54.330255630033,64.3768970094305,8,23,38,46,59,74,0.857074252522387,1.23467205721211,1.93351688177894,2.5721140202266,0.991016204725614,2.12517558885556,0.773700771430152,2.34186775346098
6.05686177968384,18.2498142536126,35.3039592365242,42.3971061945516,56.2957754686177,66.8654944813785,8,23,39,47,61,76,0.835048199021789,1.23045073904189,2.27955981670283,2.8409228008161,1.11330002355566,1.82001644912037,0.878003529900619,2.32580720949744
5.98925527093335,20.8082393013371,39.0850044987602,46.5257747031856,59.9941790664221,71.3851832645418,8,24,41,49,63,79,0.81768446441939,1.69956456301715,2.41270361151495,3.38138818020073,1.21119426507137,1.70727846711416,0.921951690713559,2.34398748724611
5.94587114159353,19.3164921691903,38.768177310993,45.8237828375989,58.6695434735329,70.0071713327973,8,23,38,46,60,74,0.80659756685784,1.50980663008996,3.17881247020689,3.7948856531375,1.1028547543743,1.54785225314673,1.18201578712738,2.39508718773513
5.70686256076641,24.0069738401501,46.7598262209052,54.677297445487,74.4006222495034,87.6670570846552,8,27,43,51,70,85,0.746321635415828,2.05063734518189,3.93533809487975,4.88055843717078,1.34867883544587,2.41280750266518,1.48437711597665,3.64115449606988
6.21767872043939,25.3281338229855,46.6837408706133,54.6409707687764,74.1514802450127,86.9029784208443,8,28,44,52,72,87,0.876767181562348,2.07982511971794,3.51027141867672,4.68294121021767,1.36030489890038,2.17865828864106,1.36068526328198,3.33021291631397
6.70449201113021,26.0526377312455,46.7959695679669,54.6726640536127,74.0172216790131,86.7935357523456,8,28,44,52,72,87,1.00642648217936,2.13838007915437,3.32749749951685,4.71053751699663,1.33677979387747,2.13749251575376,1.36656836871515,3.28102057634942
7.091889182665,26.5817230847506,47.0583026433101,54.8593691024985,74.0247255988241,86.9534410130807,8,28,44,52,72,87,1.11294965842813,2.17351672939136,3.24857676396176,4.77522982743081,1.31477779403865,2.09330635674154,1.40287344562855,3.25837188491325
7.44717279445094,27.0687463681843,47.5427128711046,55.249428641298,74.0934872174264,87.1295955036604,8,28,45,53,73,88,1.21301661788278,2.20633936675713,3.02248022995978,4.7179768094804,1.28745272650222,2.01478867627509,1.42863558577137,3.19052504407087
7.78394366613874,27.5330319582375,47.9231140079109,55.5629593030527,74.1746289458133,87.1779266157632,8,28,45,53,73,88,1.30980855886052,2.23824823894064,2.99856855260368,4.81129101617793,1.26817084927846,1.95857521942677,1.42074919510704,3.11797025745112
8.10026079922519,27.9554149340054,48.2382026901427,55.8177002775618,74.2203068775906,87.0485718673599,8,28,45,53,73,88,1.40232323601216,2.26489280172074,2.96805259470104,4.88899130644161,1.2508309699054,1.90842741207998,1.37891036336961,3.02174267357037
8.39131885400774,28.3072703549762,48.4531892862399,55.9822190293803,74.198779508413,86.7240068909957,8,28,45,53,73,89,1.4887352256994,2.28020738981335,2.92923841538265,4.94221610035354,1.23637502501288,1.86414413641203,1.16152294474308,2.76784528922283
8.65274085613645,28.556756354036,48.5628175496944,56.0567825290605,74.1517323257017,86.2596115959749,8,28,45,53,73,89,1.56733956814408,2.27719836991766,2.88970917220092,4.96942194945941,1.22635556794577,1.83537553387148,1.07110835668219,2.64972306037278
8.71730230704356,28.631865036538,48.493114032961,56.0495764969596,75.3075041565467,92.145491080355,8,28,46,54,73,90,1.58689060673959,2.27985722592174,2.64271361125306,4.77548768106484,1.24422768990164,2.29250635363314,2.03421875609255,3.9564538898465
8.57217632837849,28.1900172274713,45.1620366972918,52.7320226159426,70.7119882826671,86.2295879129154,8,28,46,54,73,89,1.54301850589338,2.20540736468286,1.89287754099917,3.98460921806033,1.24810330095624,1.97160202462294,1.87557214524915,3.52066168883998
8.21995629973767,27.9170959536296,46.0403268320891,53.764376319831,70.7842592769325,86.2051583939907,8,28,46,54,73,89,1.43771477096879,2.22523238684405,2.18307958202382,4.18882868543709,1.29246236022752,1.74040221656076,1.85090695065242,3.31811708480767
7.99348294135976,26.6582973497938,43.5908983344796,51.2585026327802,67.4689194738712,82.7529373218044,8,27,45,53,71,87,1.3709264398354,2.14179635604182,1.88316087509738,3.7824151399975,1.27616646612219,1.70788631317677,1.81615642105346,3.24579734912832
7.87192662345458,25.867887904279,42.9853823130261,50.7486694627432,66.4438667411175,81.5063316646469,8,27,45,53,71,87,1.33539013033587,1.9755285726231,1.92886739414998,3.64488615779779,1.30381983479367,1.58616081482677,1.7603227677354,3.10433300391313
7.75583071074184,24.7999360033109,42.155120391649,49.9634672992049,65.1973159013044,80.0178088021103,8,27,45,53,71,87,1.30165969599851,1.74612365390009,1.98810586683436,3.45901445259243,1.31689203606938,1.47964565164608,1.6999391137805,2.96128392358306
7.64596185965085,22.9474997164015,40.9192837867343,48.5010433358222,63.4971401600027,78.0630170186823,8,26,44,52,70,86,1.26993159261,1.49512215568871,2.14421537093624,3.33530967398018,1.25147984961983,1.42570872958959,1.63708972878762,2.80767604025773
7.54290032363673,22.2956461519135,40.4502466478162,48.07062267937,62.6940038190681,76.9345420177464,8,26,44,52,70,86,1.2403439725388,1.37119624620578,2.19115469504911,3.23222883990814,1.26257030956373,1.34250981137492,1.55784395295469,2.66927567099299
7.44725851098064,21.6529421699181,39.9939196648815,47.6420069774496,61.9232745305642,75.8024568466498,8,26,44,52,70,86,1.2130410197796,1.25131004119098,2.23930682302208,3.1329822214951,1.27054357510886,1.26764912722412,1.47127020054684,2.53000258374748
7.36090700878603,21.2518509120749,39.6791274694143,47.4654905419207,61.3418709887218,74.8246021260384,8,27,45,53,71,87,1.18852059753596,1.0569158231897,2.26170362157555,2.92432047662251,1.31051042409052,1.1809915964926,1.37811123569944,2.39593668793342
7.28731842890257,20.8841098854253,39.2948330649478,47.0807149774762,60.6771427625157,73.7556105836493,8,27,45,53,71,87,1.16772381314865,0.999027409101383,2.25740269900596,2.8441054926825,1.3103708332742,1.12234865843368,1.28517035323533,2.26027629184354
7.21075105614508,19.9219184722796,37.1848095552819,44.8996914757874,58.3913616643617,70.8843079264535,8,26,43,51,69,85,1.14618402827192,0.944170156005411,2.14410128796138,2.6786814682439,1.28981224563533,1.10068031275117,1.15443967868123,2.11287102682705
7.13507394000828,19.4438784329549,36.925152416099,44.6707153171873,57.9193470446183,69.9962639002688,8,26,43,51,69,85,1.12499536445464,0.86704659391365,2.20120944158421,2.62522260307341,1.29868651642173,1.05100106724583,1.06450267765466,1.99400857660489
7.05859004825759,19.0449925747631,36.6913500411587,44.4659334042724,57.4948142694708,69.1315459959712,8,26,43,51,69,85,1.10368421741015,0.807096075025743,2.24465740014325,2.57741276388456,1.30709400604333,1.00680845891429,0.972171717348769,1.87730957813368
6.98006387070207,18.7331981617556,36.4818064368846,44.2847579350126,57.1218194880912,68.2951783187259,8,26,43,51,69,85,1.08191401790082,0.764780739471731,2.27168667004531,2.53482887578234,1.31532513094346,0.968810476816369,0.878291975781579,1.76406956898422
6.89914597020398,18.5126692975898,36.292618855333,43.8585051581881,56.8226342278484,67.4968924229337,8,26,43,50,69,85,1.05959939662837,0.739892039177241,2.27998943065702,2.496599312485,1.4641126417502,0.878766941375496,0.781202839159855,1.65669108938918
6.81680677060189,18.3848891988108,36.115675631777,43.7115797341736,56.3617924049225,66.4574414121077,8,26,43,50,68,84,1.03701869227257,0.731862885476109,2.26696914456666,2.46103246860712,1.47343052149028,0.93232608045925,0.67422171210148,1.61273372317014
6.67119222698181,18.3025746723243,35.8791790560051,43.5025883511601,56.088406404325,65.610267583743,7,25,42,49,67,83,1.19251339248485,0.743057325007051,2.22627034979841,2.5444384844657,1.48197935882415,0.919875219488595,0.574461873348125,1.50797865261722
6.59542517413772,18.3295897623846,35.2209704263269,42.6458104670074,56.213589626025,64.4887546734126,7,24,40,47,64,80,1.17010050356307,0.870904014558985,2.2357445561629,2.68033507542742,1.42049886909647,1.2509639465663,0.381684860782369,1.5321288421499
6.58263705752339,12.7269844252814,30.9342773759041,37.4268108500552,39.5392280363038,43.0242581166062,7,23,39,46,62,78,1.16632736919015,0.140334045647747,2.59631009100628,1.94642782059373,1.13982334738846,0.000669833759773554,0.0115151355209674,0.013342233755169
5.56885195585743,12.6512593928206,33.4245395121062,40.4283917807454,42.7352143761403,47.0364697901041,7,23,39,46,62,78,0.87704984110982,0.231778731520859,3.33638525268205,2.44161627668702,1.29205112835195,0.00114603943357092,0.0320420757109694,0.0351745231271811
5.60179365549664,12.7907801079391,33.9544948929458,40.9858555334933,43.3041547811901,47.6905647941548,7,23,39,46,62,78,0.886117182550004,0.243685023951368,3.45274934492481,2.55209529733227,1.30036192457689,0.00118076576490227,0.0350461771394056,0.0376910322804606
5.79828473533263,12.6193752457754,33.1637514392697,40.1189683431351,42.2244649797118,46.6601646976683,7,23,39,46,61,77,0.940697749586851,0.203875956115014,3.26859317638015,2.38788243783331,1.27738664482246,0.00132211901998451,0.0368665728729351,0.0416518950621024
6.02616621430647,12.4831267067754,32.260572020822,39.1276214530234,41.2145981933576,45.6992593954984,7,23,39,46,61,77,1.00501906819213,0.168104068458816,3.04387032946919,2.20510371070918,1.25089871881231,0.00125701978784109,0.0387348563979673,0.0403573078802269
6.28422319808761,12.4300145327463,31.3490062583284,38.1101979358815,40.2009441362324,44.7456069197494,7,23,39,46,61,77,1.07910614731167,0.140456007452327,2.79698548233581,2.0260323763973,1.21926315102729,0.00127006426241359,0.0411068748377152,0.0394316569169985
6.57018468795958,12.1595258509887,29.8024088363037,36.511747515452,38.6824326880561,43.3133581869968,7,22,38,45,60,76,1.16265602738878,0.130869195052963,2.43992435469627,1.85087923453284,1.20383468103665,0.00157220510386017,0.0446782416251684,0.0419824724491753
6.85897555529308,12.7830195290576,30.7449107769252,36.9236963910916,39.5513245290436,44.7984329416312,7,23,40,47,63,80,1.24847937469649,0.122415997268763,2.32835280809354,1.79436386246585,1.0486803849087,0.00246880138117211,0.0547195220307015,0.0356047583898953
7.04568247570091,15.5537001208477,33.1207402332779,38.1901697305105,42.2907712958587,49.1477004136836,7,25,44,51,69,88,1.30469350701798,0.282327153821519,1.87107032965819,1.7778325046841,0.742705304608727,0.010777846794615,0.0968508383548883,0.0411400548137646
7.29225712955008,16.8245367357066,34.5446120970689,39.9318306053328,43.8550675339289,50.6524514033817,8,27,46,54,72,91,1.1691166363077,0.344187951353446,1.90814020059987,1.81232973102516,0.667944785153501,0.00840394017239973,0.0932442277298625,0.0345283973253986
7.41505665855879,17.4785388244278,34.9750395852479,40.3666337655188,44.3527689813499,51.0247357526364,8,27,46,54,72,90,1.20388236073923,0.41231724356937,1.85405935528625,1.88794389469734,0.668999617162293,0.00919669505610375,0.113086866574489,0.0416083418177556
7.53545465638876,19.2607433392006,36.8217065288381,42.2048875105293,46.1875323728282,52.8114990409422,8,28,49,57,76,93,1.23821306894735,0.573138530257001,1.56260952001917,1.88840702410178,0.666971926685431,0.00567547974998624,0.143007430051454,0.0403826799289433
7.58303389193952,19.5220098186763,36.4011414065562,41.4977363837211,45.503295198878,51.740609817793,8,29,48,56,75,92,1.25184545152504,0.524314800678503,1.70727437758002,1.92214391755836,0.599069252538506,0.00587708455688999,0.113179833275955,0.0286986989190401
7.6185072375324,20.124564159303,37.6075450460967,42.2307423343346,46.1711906539548,52.1217456905741,8,30,49,57,77,94,1.26203305000382,0.527981476359688,1.85080446482252,2.02620984927612,0.492226645663153,0.00321398823161412,0.0936175210894677,0.0137069432069761
8.12350894364289,20.484985759646,37.5471858254891,42.0649741535053,46.6242002955222,53.2449964833492,8,30,50,58,79,99,1.40918113309663,0.507929931788422,1.59695871040983,1.90786469048203,0.46941146817285,0.00513270971991135,0.0620914461121553,0.0104424622882631
8.21572871336388,20.3783021966825,37.4943671699803,42.1435936246781,46.8555053405332,52.9957311980974,8,30,50,58,79,99,1.43646127389116,0.480934242559987,1.6091241775921,1.89877309564479,0.497917410639842,0.00635745408385409,0.0428311388331747,0.00917202638656702
8.31291975690793,20.3580064234984,37.620048967646,42.4060718026018,47.2981095428602,53.2107374345689,8,30,50,58,79,99,1.4653424325662,0.465313455248752,1.64224642227301,1.92043483560951,0.528186745234856,0.00807368997030573,0.0352882983184538,0.00973358524438793
8.64587256676213,20.4106013961041,38.5524459702012,43.3877229439153,48.7414269488835,54.6450174855719,8,30,50,58,79,99,1.56526283602379,0.42902748164901,1.84645235087369,2.08414644374223,0.539231247812294,0.0140411186406758,0.035008793958016,0.0134116704435233
8.99655332860249,20.6381365243592,40.6684598735459,45.6862232036911,51.7713530790726,58.4198249255818,8,31,52,60,82,103,1.6720645803654,0.352283874494732,2.13599367990004,2.2407050073315,0.580802433605356,0.0205597658811237,0.0467878139708195,0.0217042957253504
8.89763186985952,21.0605910667204,41.479351768988,46.5615255180594,52.3859688005978,58.8470737901763,8,32,53,61,83,104,1.64178129595792,0.353505896349881,2.2311938779202,2.2744407774879,0.595713961165724,0.0158273494523493,0.0403270969690884,0.0175680417029605
8.79431470833963,21.0052512222496,41.4462226919325,46.6248271675244,52.3653197608907,58.6334863655999,8,32,53,61,84,104,1.61028216974693,0.358826311565177,2.23667525445259,2.26846173729523,0.618264131534674,0.00978410215625498,0.0475075191958626,0.0158454755913504
8.69098314870561,20.983091948867,41.4883324053929,46.7829116639833,52.4061121781613,58.275056420369,8,32,53,61,84,103,1.57891391232214,0.367919494024122,2.25255890554002,2.27606261980836,0.645734503819578,0.00853863726445247,0.0474393918085703,0.015934044724603
8.59351132255228,20.9879488191608,41.5796282310527,47.000925653099,52.491489896145,58.3358643980744,8,32,53,61,84,103,1.54945088127338,0.379546094362313,2.27397481369809,2.2925752346873,0.676173695868545,0.00727861827929499,0.0464843046273399,0.0156515879237309
8.50879206152452,20.9996738232361,42.1215197570483,47.7324788843248,53.1393131349691,59.0022678636273,8,32,54,62,85,104,1.52394410705201,0.390670031113868,2.23362119744426,2.27776071396792,0.722529979531163,0.00655940558457204,0.0472053941907595,0.0168299225344822
8.44390538892447,20.9911386368931,42.238810066551,47.9970559423921,53.3226408527076,59.2643265966005,8,32,54,62,85,104,1.50447327666501,0.39724379243048,2.26427854066862,2.29884320710866,0.759163145375218,0.00591467848215988,0.0503418025407419,0.0182843440600336
8.40520474625782,20.9404003216738,42.2776776432688,48.1915875907112,53.5137666183214,59.5867171016736,8,32,54,62,85,104,1.49288732023602,0.395834940157764,2.28618842785422,2.30584600748714,0.798457992282826,0.00588875724268821,0.0558656373193623,0.0214090197977356
8.39832857352607,20.6826941180693,41.3997551351965,47.3044799402181,52.7478554661031,58.7075076478123,8,32,54,62,85,104,1.49083090972943,0.367047111031034,2.13587150247725,2.1496911418675,0.796123258779316,0.00686627938099402,0.0510759923182831,0.0213939792632597
8.42618575179154,20.2697738260216,40.6248625511604,46.3737494937246,52.0904233190655,57.9445863580484,8,32,54,62,85,105,1.49916595425316,0.319123299886468,2.04961996597208,2.0154497685608,0.756819350501297,0.00952081008562881,0.0335065730820619,0.0170964731602495
8.49169645929451,19.8461086739838,39.9680937989467,45.6092081125632,51.7488661436953,57.1394826467299,8,32,53,61,84,103,1.51880865885654,0.269995925158261,2.1583447244471,2.00797799951986,0.729985890076655,0.0150532467950468,0.0310606012778572,0.0198451430236418
8.59792132151142,19.4443229728445,39.3597286356429,44.9655207568333,51.6193378595007,56.7831548848825,8,32,53,61,84,103,1.55078121811711,0.223592000308923,2.10807264588327,1.90444027215876,0.721254748144155,0.0245679056543755,0.0248461632132496,0.0227781331254193
8.74643702694819,19.0936310995597,38.8168021797074,44.4390931692533,51.6145073293742,56.651803397467,8,32,53,61,84,103,1.59573101160176,0.182644950165145,2.06161978322014,1.81391065352212,0.725329092625274,0.0379230572199363,0.0217821768753179,0.028254910654676
8.84416753674685,18.9716575875219,39.4336135777921,45.1656974044162,52.5766494646052,57.8284463567141,8,32,55,63,86,107,1.62546447835079,0.166096309453556,1.91787014393269,1.71866492409688,0.752616686896223,0.0453220563843311,0.0125107776762187,0.02442170377818
8.87483205071104,19.0178903645656,39.2264663212444,44.8740372486015,52.1596859427196,57.7049075467907,8,32,55,63,86,107,1.63481863927942,0.167239274250139,1.86030341045432,1.68582800631102,0.73158528810321,0.0412748885585464,0.0172782312698998,0.0254919042003305
8.90868328054399,19.0886609067739,39.4027358956829,45.031748981825,52.1967596259469,58.0916111190737,8,32,55,63,86,107,1.64515852454195,0.169967849197453,1.88420226716458,1.71375348458082,0.726991076063609,0.0376166415674197,0.0245122234666771,0.0283410045511673
8.945751383523,19.1842234299096,39.6611967152317,45.2928460104138,52.3641888714712,58.5527172229178,8,32,55,63,86,107,1.65649729910373,0.17434307971024,1.92130001250202,1.75504425683626,0.727643169850006,0.0349336875289782,0.0320427802332781,0.0313026238521912
8.98605071908815,20.0273361704422,40.1951135489655,45.8581186803546,52.8868970663731,59.664056641702,8,33,56,64,87,108,1.66884366640079,0.199990236085976,1.85108824657145,1.74447775572566,0.735412824211521,0.0337591270027339,0.0516008765724221,0.0409942020230401
9.02957669545545,20.246954770948,40.5650360910376,46.2422612483398,53.2120497455212,60.2784257638491,8,33,56,64,87,108,1.68220085658953,0.214290972111707,1.88511180405497,1.80371158118582,0.738944552845851,0.0321767194544059,0.063571848271049,0.0456914899569058
9.0762936550349,20.4440401773154,40.9338260823272,46.6399772631294,53.5404548580694,60.8970885804977,8,33,57,65,88,109,1.69656283727968,0.226941173542916,1.77616344201351,1.76661072498771,0.746144308668078,0.0303839298644372,0.0772436468651542,0.0508806362852196
9.12616966614626,20.6387531197561,41.2805019055034,47.0135354798841,53.8703345407934,61.5149837085915,8,33,57,65,88,109,1.71192493185542,0.239506859065888,1.80959946952271,1.82199866686468,0.752854044757823,0.029290510418403,0.0925022575426026,0.0569737962635994
9.17917974200934,20.8407915945947,41.6127063975161,47.3796224950548,54.1981390131182,62.1361241035337,8,33,57,65,88,109,1.72828479985304,0.252824894299146,1.83840636427761,1.87573465367709,0.761336380746735,0.0283549889704853,0.109814413005676,0.064012534744159
9.23525824652284,21.0533534321449,41.9243473891888,47.7314750120014,54.5186493979564,62.7548913325296,8,33,57,65,88,109,1.74562770083586,0.267231691488599,1.86043559117445,1.92672459033907,0.77143959765743,0.0276047819929944,0.129277555832767,0.0721366875544893
9.29436751323522,21.2775574317354,42.211259916733,48.063961802516,54.8275201532017,63.365770641921,8,33,57,65,88,109,1.76394762373191,0.282898192879226,1.87442345848594,1.97415948417826,0.782937561936125,0.027048771627118,0.150913366863713,0.081449151164337
9.35647700204908,21.5127514461396,42.4703759302225,48.3731519741034,55.1207032182947,63.9635856981191,8,33,57,65,88,109,1.78324087186104,0.299834580651899,1.87976874225613,2.01739907820138,0.795628167690054,0.0266764015958377,0.174707757414735,0.0920280110619171
9.42156703247783,21.7569381985577,42.6991837904086,48.6558812245912,55.3940301214855,64.5436007030405,8,33,57,65,88,109,1.80350722898692,0.317906889496105,1.87633180227863,2.05589389448703,0.809360137845319,0.0264593630336676,0.200657332288185,0.103935944948065
9.48966999457362,22.0071846766979,42.8960557874184,48.910113087011,55.6441315357279,65.1785179184811,8,33,57,65,89,110,1.824762857285,0.336853503646883,1.86441973285931,2.08924867756561,0.824042292436235,0.0187398100931747,0.236027032549666,0.103141524294562
9.56082107310754,22.4956248131172,44.4892133692083,50.6433213429491,57.300019106941,66.9440418780319,8,34,58,66,90,111,1.8470250469059,0.32763420741408,2.11598905592449,2.25747418324138,0.860206713375562,0.0174252523819633,0.246671260404873,0.109245292112508
9.63510182601166,22.7536533119931,44.5821383380433,50.8008748810378,57.4636175402728,67.9220679728473,8,34,58,66,90,112,1.87032590884877,0.346659523239002,2.07773584756977,2.27367632288336,0.877043502388607,0.0175255357628117,0.279114308496669,0.125023280491543
9.71261453487848,23.008886522918,44.6389368941991,50.9257805219757,57.5982255615525,68.3649072989831,8,34,58,66,90,112,1.89470448494395,0.365589364348977,2.03205906962559,2.28360190984956,0.894885559809578,0.0176873716866891,0.311564299184912,0.140686763172121
9.79345045068318,23.2618607865599,44.6687394398934,51.0278920124908,57.7166560251494,68.7937604608023,8,34,58,66,90,112,1.92019681332838,0.384415954599704,1.98108402734336,2.28881669327756,0.913937840063124,0.0179620160240621,0.346096006761107,0.158150912691872
9.87768793753705,23.5192458381279,44.6926128708256,51.1280557851441,57.8472589462155,69.2197666704087,8,34,58,66,90,112,1.94683529963908,0.403836381775347,1.92820346381907,2.29299736916065,0.934159300824869,0.0184825456051074,0.380650613836643,0.177082885874292
9.96532993560818,23.8093958493813,45.0618508440503,51.6183129469132,58.4881219266443,70.0696285786588,8,34,59,67,91,113,1.97462880215651,0.427159132278351,1.79993160092968,2.24969847382758,0.966484333549734,0.0212197075330077,0.406078278725973,0.201493693739623
10.0562845426585,24.3584667780915,45.2660847718524,51.8855544881458,59.0179692215881,71.0002124432724,8,34,59,67,91,113,2.00355609705568,0.48230619153144,1.7255681463201,2.28509201822732,0.983431996967299,0.0266684209337939,0.457057938949948,0.242126290045048
10.1721636668574,22.260823726568,43.634529630923,50.2245378553048,56.6172912918033,68.7282677341925,8,33,55,63,85,105,2.0405312396968,0.29315636114546,2.29511401853211,2.43855240653817,0.975497572589627,0.0273477956620291,0.632958738064653,0.331652749555896
10.201750069308,21.801192745665,42.8223978586486,49.4185444368763,57.229049347137,69.9715979210195,8,34,58,66,90,113,2.04999318685523,0.206438313856802,1.89400021383044,1.97473235682974,0.977149289801112,0.0451463055516613,0.487091072326778,0.299820576902346
10.2345428528359,21.5244894963541,42.3577971371522,48.8879850698952,56.5130491472406,70.7084117479855,8,33,58,66,90,113,2.0604906311236,0.220345656018048,1.70968552752806,1.89865470118526,0.959440838511585,0.0394217682914327,0.696013589799019,0.385766538460752
10.2781370988169,21.6355177014934,42.3353667686992,48.9214632062596,56.3469991781746,70.8338032513527,8,33,58,66,90,113,2.07446208050108,0.226056168156794,1.68128939428191,1.89501269666965,0.97444537810933,0.0338391296107288,0.741874315470809,0.39719387394338
10.3333295780209,21.9868300810232,42.5246415211854,49.1989835536298,56.4099419388755,70.8666583116704,8,33,58,66,90,113,2.09217712235321,0.252089898168617,1.64703637179984,1.9258348599539,0.99825601801079,0.0284736351205449,0.737081483951593,0.385107620711737
10.400587872107,22.5477291399578,42.2479977844725,49.1031673180869,56.0696026851482,70.4619381556154,8,33,57,65,89,112,2.11380455985028,0.298927861177638,1.60592038467955,1.98026703981064,1.04752335281685,0.0231220252614934,0.726870735304393,0.375366833361757
10.4800034533782,23.262742309149,43.0723166840151,50.1458696919002,57.014386375453,71.1010214123315,8,33,58,66,90,113,2.13939672336309,0.3654543581861,1.49620770940479,2.01615736652319,1.10784517137761,0.021195052791766,0.67923022473067,0.361526706634758
10.5710641717291,24.94539978457,43.7623852114238,50.901141378282,57.6354216397332,71.6024174956615,8,34,58,66,90,113,2.1688145455505,0.491289188652213,1.42270554530665,2.13232886666199,1.12602400113776,0.0187443795832286,0.660970073470838,0.347731422370395
10.6725932272706,25.6972253919756,44.2507227073179,51.6192188215028,58.2912942263917,72.1342403639253,8,34,58,66,90,113,2.20170475534939,0.5758127097254,1.36961225705515,2.21610029858663,1.19067058193767,0.0176811863616107,0.642268622703823,0.350883960195783
10.7828379381943,26.6312025670405,45.6126981585396,53.3868685651286,59.9667965746541,73.7031241001793,8,35,59,67,91,114,2.23752470031287,0.613496816017974,1.45622534813942,2.34565464520352,1.30697427705177,0.0161876859885144,0.626385490615569,0.366105709898095
10.8998461632562,27.1533603235027,46.0832924923108,54.1078775164393,60.7157296489569,74.3811317904403,8,35,59,67,91,114,2.27566114759451,0.669938564292973,1.44568867886643,2.42886484026738,1.38005436595512,0.0166301606716457,0.61591794177056,0.381731903964806
11.0217525618529,27.5312362877278,46.4953233474714,54.7589754376126,61.425446664331,75.0741797277172,8,35,59,67,91,114,2.31552192894241,0.706759520595473,1.45266493483233,2.50263770787718,1.45068554585963,0.017587600532336,0.613469288830462,0.403488928221349
11.1469661361106,27.7860710193705,46.839781159464,55.3188379831509,62.0689421729821,75.7458481960935,8,35,59,67,91,114,2.35659734003951,0.72574234651669,1.47102823762701,2.56496002980163,1.51501428679355,0.0190220581630999,0.617610385676743,0.42966936238083
11.274232349992,27.9519240921009,47.1504306105151,55.841736790421,63.9649459648189,76.7384786188174,8,35,59,67,92,115,2.39848178323762,0.731436666937042,1.50087085341948,2.62166536802061,1.57901176103923,0.0422526735922139,0.491188580290051,0.443208804619014
11.4026041040312,28.0647073826131,47.3478031037049,56.1986743260218,64.4077059689082,77.23228201871,8,35,59,67,92,115,2.44086591598319,0.729133869071002,1.51840368696498,2.65793721269899,1.62750842140882,0.0448854235211894,0.497974090023489,0.467904754617922
11.5313316802119,28.1534873238414,47.52905445258,56.5058612558681,64.8528437258207,77.6743290102644,8,35,60,68,93,116,2.48350183986562,0.723247389728206,1.40882478742325,2.57614053243174,1.66600988065628,0.0493465770300459,0.497561970547171,0.490234884743576
11.6598600554651,28.2369139251643,47.6257728511891,56.7160521289953,65.1394837148699,77.9536063347114,8,35,60,68,93,116,2.52620335025807,0.716627010894562,1.41147233087066,2.59366592847625,1.70086748440811,0.051942750958866,0.496580886392689,0.506200674179506
11.7876781009718,28.3243339040384,47.7001330353848,56.8765310640979,65.3494474601707,78.1243115651798,8,35,60,68,93,116,2.56879672010425,0.71072018553647,1.40887098347077,2.60717081212252,1.72742548626445,0.0536710351081562,0.491365021455687,0.514737302357456
11.914377637882,28.4209284821527,47.777550242247,57.0121271627538,65.5049368255029,78.2183109505298,8,35,60,68,93,115,2.61114079987712,0.706332610174653,1.4050542935112,2.62125926315745,1.74541677217581,0.0543764875939377,0.557354541562416,0.564504311219728
12.0395894278814,28.5338129154424,47.9169219074064,57.1669623196508,65.6312047423509,78.2824831773356,8,35,60,68,92,114,2.65310613901919,0.704539504492725,1.41032679853461,2.64669494040615,1.75020537785684,0.0697153476227174,0.548480602613497,0.608524347296104
12.1640834775032,28.099459562271,47.3669228857268,57.3691127932497,65.8382863991127,78.9157212939946,8,34,58,66,90,113,2.6949455433758,0.704587699852588,1.51515808881946,2.77961201948592,1.98634163518037,0.0699277782337416,0.532229664673206,0.673969179950891
12.5748136936685,28.6933681968157,44.6164321472178,54.6037286741025,62.9011139263964,75.4940074741531,8,33,56,64,88,110,2.83376692069267,0.82026039632262,0.985538357553885,2.50329263851763,1.981607358482,0.0627716693893076,0.540196196526147,0.660222587132649
13.0940247531791,29.6483899156085,44.7774621333629,55.0424542197748,63.2093779742876,74.9939544711595,8,34,56,64,87,109,3.0108933997069,0.798693562953464,0.949527754632242,2.53291783778812,2.07024730439809,0.0754059697284555,0.431549991666341,0.647467351492988
13.5973142982857,30.6071339590457,44.9418704975384,55.6100082509455,63.9227372508027,75.2931985625938,8,34,56,64,87,109,3.18422381639246,0.8711793167262,0.810954511200766,2.56330040433782,2.2002594285246,0.0823805505189488,0.380405627865981,0.661422670934992
13.7485051022336,30.910910486916,45.3691834524742,56.3335595078251,64.5868464779828,75.2974642048988,8,34,56,64,87,109,3.23659132409636,0.896059645444756,0.831918363678871,2.64290360570883,2.29674494115571,0.0794899275647704,0.305524781378731,0.618146419073756
13.8029207545812,30.9952822191882,45.4459998466106,56.6117121553704,64.6957223524595,75.6157073288698,8,34,56,64,87,109,3.2554717736525,0.900978809788485,0.830629903554079,2.65731017982881,2.36275834688669,0.0716132998822561,0.328387791556559,0.642660547307002
13.854176631976,30.7525196552184,45.1989165804078,56.5320168922761,64.2638887673964,75.4543313578078,8,33,55,63,86,108,3.27327151973577,0.949521240202285,0.829893436383797,2.73101429876908,2.41790127463864,0.0568782430939734,0.359160127730942,0.651480246424744
13.9024296982505,30.3009401438677,44.1374839143108,55.5125404297008,62.9301605822423,74.5160862938411,8,32,54,62,85,107,3.29004224062506,0.964853513374815,0.728693342175233,2.6502855272639,2.43175924565642,0.0455446116434588,0.406624586755552,0.664263894219366
13.947352878288,30.2447551402391,43.8881760158504,55.3806559891633,62.4855843988417,74.3607631632217,8,32,54,62,85,107,3.30566756115884,0.947245205326758,0.697812169005499,2.60307143117393,2.47061973431943,0.0358800687592299,0.443154982382069,0.674101719477974
13.9882014720797,30.1475025512339,43.5664492274267,55.1526725068361,61.9354632080851,74.0870214208875,8,32,54,62,85,107,3.31988557193677,0.923408049069176,0.662644066369952,2.54261151495608,2.5017227681136,0.0275009737471368,0.479459371544335,0.679152728000146
14.0239311806256,30.0211393970856,43.2860270389755,54.9426744779694,61.4192417717661,73.1669263627177,8,32,54,62,85,106,3.33232958286343,0.895747875521281,0.6389671845436,2.49034934724923,2.52513442814599,0.0209075964583746,0.497374189725031,0.668561256891342
14.0738267708468,29.940230244179,42.0892913432304,53.6021730429454,59.8451838292101,70.0253679088182,8,32,52,60,83,103,3.34971928829721,0.873680261702319,0.639005223025976,2.50315069686156,2.47738285639098,0.0167028187971659,0.360912641007144,0.527430886131303
14.0664575627383,31.1220028864629,43.419813734465,54.8014755448905,61.0202388977791,71.407285248802,8,33,53,61,84,104,3.34715008256664,0.97652297259515,0.662857336500212,2.63495229920355,2.43394225856544,0.0163045614096436,0.386649849813989,0.532286538675588
14.0068736777619,31.0490050575218,43.4946319129386,54.7363709019252,61.0070061088849,71.4622183880234,8,33,53,61,85,105,3.3263878680311,0.974206882855928,0.686927944805289,2.6492475338412,2.38777507480365,0.0118448030752946,0.395318556903536,0.482280986619442
13.934811588963,30.9534486288666,43.3098644717436,54.4281427364407,60.6882183826527,71.1537256789244,8,33,54,62,86,106,3.30130425767368,0.970155685330179,0.585334597948218,2.49477602331352,2.3471747022117,0.0117137498050268,0.396635807231345,0.471330938467311
13.8506694535623,30.8200803164161,42.890932202431,53.9086970227532,60.2047387217396,70.6365750745071,8,33,54,62,86,106,3.27205309258758,0.961689823791048,0.543264601508925,2.41741305623525,2.31421598401604,0.0121645873348235,0.392335411851804,0.462734557814065
13.7549634736705,30.6332426243129,42.458759700361,53.3756496720593,59.783180825594,70.1223873529883,8,33,55,63,87,107,3.23883126955445,0.946097308115016,0.436775691540451,2.22711952917732,2.28122631699391,0.013644154292833,0.380621356888822,0.45562169783719
13.6075832631481,31.0431780199957,43.1286817501793,54.0894249892302,59.1042944604391,71.36818503661,8,34,57,65,91,114,3.18777638602774,0.941336564068741,0.404073917562676,2.12893644412661,2.29555702930717,0.000900117711086634,0.425872379701736,0.305765939784159
13.6593604457719,29.7031191198139,42.4397650219841,52.7325095166735,56.9411389599083,70.5267069304374,8,34,57,65,91,114,3.20569830612742,0.720689843709632,0.486312306847572,2.01227126544011,2.07914772166853,0.000190625219121106,0.60423020376938,0.295800475724329
13.859460208529,28.8343298659471,42.3385948140205,51.8100011878111,56.015819116817,70.4349514638513,8,34,58,66,92,115,3.27510721764861,0.569121397783114,0.517046837125419,1.89553665576587,1.81905749573729,0.000189457465369768,0.731113256133634,0.296409872932921
13.944981742338,28.6657754373744,41.2928493948485,50.6845158672083,54.6452964239293,66.1439598039021,8,32,54,62,86,107,3.30484253889489,0.69046875840658,0.545039174159653,2.13096835859453,1.79419145468275,0.000365958015732637,0.463288872914065,0.219423680551601
13.7653350065012,27.4663672226255,39.8413518622042,49.2859619272735,53.5151311324576,64.5151420026787,8,32,53,61,85,106,3.24242891669823,0.543537531762421,0.588118665117938,1.98622749219747,1.81069336798617,0.000632074869299817,0.398473831853382,0.20959451737973
13.7222719689762,25.9099672855859,41.5345381159672,51.3003688002236,61.0711328832891,72.3208925107164,8,32,54,62,86,108,3.22749542837269,0.356243958432328,1.04034329552568,2.17338749729469,1.91147885969273,0.141145864190246,0.366093722294727,0.650854123807491
13.5761873521386,28.5206206304452,44.071481181073,53.4158682886338,64.1837149314525,77.8971987266326,8,33,55,63,87,109,3.17691687366704,0.64115707046422,1.02662842882786,2.5189852765642,1.77948188579836,0.216841414069244,0.708949298332453,0.998652760921928
13.6099246584807,28.1341508571143,43.3549170062225,52.3951858732585,63.1437558375809,76.5159674408329,8,33,55,63,87,109,3.18858648405799,0.581871755718736,0.966086754755757,2.38760441366629,1.68548557568585,0.215202369613879,0.655421671199014,0.916459680376545
14.0890978362269,28.0058999357321,43.8655567227679,52.1785332497494,62.39271550919,76.1107695991516,8,33,55,63,87,109,3.35504436599269,0.500904161217886,1.08455310709059,2.48095601784284,1.46535934091165,0.172518508728034,0.70967841687292,0.808745032246265
13.722757114659,27.3252020250334,43.6718491673601,51.8874161386347,62.4585111752432,76.5505854427783,8,33,56,64,88,110,3.22766360804646,0.46126676982338,1.06267341078393,2.33220795416787,1.43641332171402,0.200436558478019,0.770424722652222,0.882564312440319
13.0629043240694,26.4661774912091,41.8109875776295,50.156552467349,60.17243096865,74.576136539399,8,33,55,63,87,109,3.00022735264357,0.436972677696758,0.988667685662211,2.11383832889251,1.47507280829298,0.158034719365555,0.822631148639233,0.869099605859133
12.3629758016902,25.2740953868037,40.252204266423,48.7568699955932,58.222393414467,72.9722196460744,8,33,55,63,87,109,2.76202040375478,0.379725380048489,0.922514202357326,1.85097948259111,1.52270421534639,0.121675380628063,0.882261656927737,0.863777117510592
11.6415273738889,24.051106486112,38.9423382424832,47.6718316689159,56.7033376389404,71.8200525123507,8,33,55,63,87,109,2.52010466697931,0.325557279188273,0.907110100707956,1.64121938640453,1.59058845769405,0.0969420354050855,0.947304843087567,0.882442719662482
10.9149994937295,23.0089832120766,37.932344027168,46.9451866626919,55.7486192799629,71.1503461807248,8,33,55,63,87,109,2.28060890976086,0.293679290056038,0.912794729292031,1.48676402489598,1.67706280451967,0.0853118036964238,0.999097465213629,0.923371361637571
10.2014821294777,22.1556137840852,37.041390696265,46.3788976685569,55.1761308273242,70.6919531825289,8,33,55,63,87,109,2.04990745898937,0.2801060926334,0.906146388725758,1.35599409321348,1.77734346281829,0.0850086264571798,1.02013391799768,0.976670060255924
9.95636770359146,22.9362277774249,37.8559147706293,46.7950351155195,55.7205086709456,71.3340198890256,8,34,57,65,89,112,1.97178301503406,0.332247690522366,0.812286225460955,1.30716460154221,1.65446768259041,0.0914192879662021,0.930638653401872,0.887924143158145
9.72937468561478,22.1073105705436,37.1543853308945,45.3978059610609,56.1894467500631,72.3975051614685,8,34,57,65,90,113,1.89998422718239,0.27341476685104,0.833516733761802,1.21098673224148,1.44467663865739,0.180668177648602,1.03718468030949,1.03556768884054
9.794828858145,23.0536288425771,37.5297132171425,46.484568801131,56.895767381017,72.6735930486165,8,34,56,64,89,111,1.92063210785291,0.361555023067589,0.834959110514029,1.3427503818204,1.65928477835177,0.153372294517274,1.06908368982839,1.09543198663087
9.84755225055797,21.4326670587872,37.1651955914337,46.2655931312845,58.5070044510525,73.5106907168291,8,33,56,64,89,111,1.93729692404805,0.245939525935702,0.951597065460618,1.29137876354217,1.70398325513026,0.308356379233831,0.927069116196659,1.25754415708252
9.89694899280206,21.5207610847893,36.7350384772691,45.9363561811411,59.1707103158166,73.4232895192662,8,33,55,63,88,110,1.95293665490391,0.249409657791537,0.964911220579562,1.312249052185,1.7351268019338,0.416874051204835,0.797135516660917,1.30562391634
9.96142490435346,22.184290484124,38.8263866928821,48.2363373947314,62.1549480511052,75.9613537928782,8,33,56,64,89,111,1.97338873206662,0.306489337477685,1.1178113356068,1.53256600999287,1.79988686089309,0.501136733684171,0.723836513195496,1.36948186475132
10.0393106353094,23.3165662496621,40.575086777804,49.9930655235188,63.9274612038863,77.5853132074377,8,33,57,65,90,112,1.99815131993833,0.421934397974931,1.11981326010141,1.71004557274629,1.80238873391382,0.503168803014317,0.700099927043397,1.35151519815608
10.098919381774,23.5742265731516,40.7563999461689,50.3309300216739,63.910138509994,76.7433393749813,8,33,57,65,90,112,2.01714455683831,0.445685001747879,1.10569038234489,1.73853862440934,1.85132082843999,0.458399501678057,0.574661031447874,1.20811233579401
10.0929526880127,23.2718242506091,40.7419948270697,50.3640723319548,63.5452867853875,77.2638300569023,8,33,57,65,90,113,2.0152417689187,0.410374591894995,1.15932715639093,1.73626769503485,1.86623600084762,0.410648022724099,0.623753391872119,1.20289927707912
10.0861348431794,23.0473973599427,40.6141395777578,50.3023065865907,63.1301286308331,77.3192174889079,8,34,57,65,90,113,2.01306798490202,0.330339340435607,1.29714365570724,1.71616601365231,1.88700848420434,0.370434330214647,0.695040311561332,1.22781260802145
10.0785564252037,22.8254298554936,40.561826252804,50.2959914880445,62.8465455072187,77.3250654115606,8,34,57,65,90,113,2.01065224971201,0.30875532514179,1.33111845971929,1.70796943661057,1.90149388645429,0.340351141972656,0.740553357475866,1.23576820702897
10.0792328210223,22.7813509026085,41.3826144797763,51.2295618303443,63.3083910427421,78.7706057152021,8,34,59,67,92,116,2.01086783762753,0.304346251733786,1.25781622498981,1.65104757955749,1.93710556169814,0.292192000333712,0.806948834359771,1.24264640561346
10.2639327338206,26.2587107592298,42.5952736110188,52.6396293244978,65.153635425374,80.7474400168192,8,35,61,69,95,121,2.06990771013777,0.633630746139175,0.764992183520324,1.65537418484207,1.99975745322586,0.286181992290392,0.65490830466332,1.11813292289339
10.5013327025543,26.0581280901516,43.5517340679722,53.7866826515063,65.982834805588,82.2229401462062,8,35,61,69,95,121,2.14628034148098,0.574302389847672,0.951070344469478,1.80182812235969,2.06062057748261,0.256848149636179,0.750269602311422,1.18500374009438
10.761020032191,26.1717836285618,44.5912290751505,55.0266099157387,67.17901069885,83.895529257841,8,35,61,69,95,121,2.23042708308397,0.555128312150305,1.11189850294834,1.96684596692256,2.12500946008595,0.252944884070885,0.82419127658925,1.26897190811875
11.0354074312659,26.5150823287779,45.3777971393556,56.0157873338951,68.2429707864234,84.9474886576739,8,35,61,69,95,120,2.31999479731588,0.564138161953356,1.19242071301891,2.09563414735736,2.19048451828312,0.259636370997115,0.916658018268151,1.38511595314696
11.3166329526452,26.9705581103653,45.7574322769815,56.5936279598149,68.9177024376973,85.7590655566688,8,35,61,69,95,120,2.41246611107845,0.587224969165607,1.17848742820705,2.15897198374396,2.25490051088381,0.268447653756117,0.939810805175328,1.4466303526178
11.6092009761641,27.4217819641558,46.0212781799456,57.0328939711392,69.4666623682709,86.3171420146955,8,35,60,68,94,119,2.50935714420465,0.608621771884664,1.2574789438786,2.30890420301741,2.31220250797364,0.278615550927665,0.941361674691755,1.48920226317632
11.8046339829976,27.949954801004,43.7344787190857,55.171822374984,67.1466470155252,84.1436483273623,8,35,60,68,95,120,2.57445645110153,0.654643701480458,0.767353124482559,1.92601943046788,2.45235888033846,0.198522458730191,0.966431065926346,1.4216834706857
11.899590491356,28.4055033205019,44.0135660932102,55.6452959835991,67.5338004807607,84.6007888694726,8,35,60,68,95,120,2.60619254872306,0.706239755972442,0.740019855229129,1.97123936720264,2.5168464426876,0.192022264352147,0.978500534502926,1.44701194566001
11.9810376097309,28.6451581259362,44.193384838039,55.972379413408,67.3807416876037,84.8049173515184,8,35,60,68,95,120,2.63346769240635,0.729431682457958,0.730849624785502,2.00060192373858,2.56589908397787,0.158128681203623,1.04103978297434,1.45048530839924
12.0489454723998,28.8523515478353,44.3466877192678,56.245450389158,66.902434605734,84.7609902041009,8,35,60,68,95,120,2.65624653107327,0.750125477676158,0.722633454999684,2.0257741333043,2.6059155818619,0.112738898842389,1.11916815865044,1.4224108772525
12.1034967734554,29.0635504176054,44.4948131400087,56.4799845443127,66.206869509953,84.4557862772364,8,35,60,68,95,120,2.67456969039264,0.773703953811771,0.713069096397756,2.05021742015213,2.63485334490963,0.0691122940231489,1.19126110270235,1.35880284094696
12.145066121379,29.2848212072915,44.6326921926383,56.6685162089705,65.4141246878313,83.9365306279943,8,35,60,68,95,120,2.68854696267953,0.801145986537738,0.70050996773654,2.07307638246401,2.65184244636567,0.0370146578219148,1.24280066157412,1.26890971558155
12.174202097552,29.5124840022391,44.7469695766017,56.8019630547969,64.6435410240027,83.3189686884409,8,35,60,68,95,120,2.69835112256136,0.831945543924514,0.683592285402003,2.09209988880313,2.65827691036089,0.0183081476253277,1.27200054771255,1.17208403302669
12.1916181717986,29.739312639836,44.8276905419561,56.878997768336,63.9801780282104,82.7377271098332,8,35,60,68,95,120,2.7042145064471,0.86497548642731,0.662064127963684,2.10557948114304,2.65703936473594,0.00912872168545145,1.28777697419429,1.08755436583989
12.1981291490006,29.9568547526054,44.8729519675022,56.9064952715399,63.4633778021683,82.2907756795153,8,35,60,68,95,120,2.70640708705958,0.898814927011799,0.637077069373579,2.1131529119652,2.65107707774332,0.00502205532569535,1.30125342493834,1.02661792422026
12.1946103620472,30.1567704231912,44.9286460281386,56.9490171204543,63.1476207317377,82.0339394117991,8,35,61,69,96,121,2.70522209272241,0.931955026016073,0.542205923273973,2.02168541232293,2.64665745691658,0.00323169319513385,1.31266249112953,0.988788164783482
12.182029220861,30.3319926956553,44.8864934906599,56.8694189306916,62.87827500988,81.9177951641095,8,35,61,69,96,121,2.70098597062356,0.962994342632746,0.514067674580592,2.01480083893842,2.63410047944383,0.00251501927312588,1.34250195643214,0.979930838761229
12.1613639613141,30.4775614900189,44.8419861454442,56.7868900211202,62.740888643093,81.9545323594818,8,35,61,69,96,121,2.69403037418758,0.990820860604701,0.490050544579892,2.00754206013667,2.62136104430355,0.00233358652367676,1.37671936614829,0.989658423192209
12.1335800852128,30.5909961309901,44.7954856174523,56.7039129734815,62.7110243112724,82.1095188373585,8,35,61,69,96,121,2.6846836417226,1.01471657163557,0.470271584919622,1.99996963173391,2.60914944798327,0.00250907951350741,1.41339275302927,1.01398006608008
12.2233754954987,30.7560802544087,45.0451850440214,56.9523469092884,63.0789182716137,82.5274053666125,8,35,61,69,96,121,2.7149117147267,1.02755169455951,0.480686651197597,2.04076889710708,2.60872596666103,0.00294262917032766,1.42337190958979,1.03449625549756
12.3169500648195,30.9234892905171,45.3253131802412,57.237902340512,63.5163148122382,83.0202811145483,8,35,61,69,96,121,2.74647354834381,1.04020291830676,0.494732486122025,2.08693765283014,2.61054223080613,0.00357790761682424,1.43447639517722,1.06072566255911
12.4098992808174,31.0914116867684,45.6269584782197,57.5515500841819,64.0207225275066,83.6189617697639,8,35,61,69,96,121,2.77788584365131,1.05311376987247,0.511648010510164,2.13711839463838,2.61455967884825,0.0045251601640363,1.45341797673067,1.09786171048409
12.5018925617992,31.2604320469755,45.9505868365548,57.8938040450247,64.598151229832,84.3558953999647,8,35,61,69,96,121,2.80903452069861,1.06644564603046,0.531544011415279,2.19148756959896,2.62079616265509,0.00595274582973626,1.48567180529135,1.15052273439152
12.4505948453691,32.9303382515566,47.1791059525821,59.1006383610885,66.1741353807638,86.0835936129777,8,36,62,70,98,123,2.79165800513535,1.2662676210377,0.4757078512729,2.29586170294526,2.6135356042987,0.00607352920840268,1.51658759400971,1.14184516923397
12.0608927384926,34.1743953128696,48.0524593141696,59.7482082974315,66.518093613945,85.8666630815497,8,36,61,69,96,121,2.66025761347502,1.57872723183478,0.495934983149232,2.55757616358365,2.53815000817897,0.00640709849387554,1.40345285908909,1.07556096434453
11.6681294990027,33.6616069441752,46.5437434321518,58.3381771338771,65.0608821412245,80.9393461033771,8,35,59,67,94,117,2.52895518230014,1.68314643216183,0.437429594274196,2.51136282958553,2.57105141946133,0.00607740545362691,0.977550888904837,0.804072557503594
11.5304467598715,33.6231591916709,46.5442313537459,58.301197489388,64.9948850060692,80.6698427468899,8,35,59,67,94,117,2.48320829185376,1.70367831388675,0.442224557516405,2.51145081051254,2.55855093111495,0.00588127896500848,0.941435619594966,0.774605914926891
11.5314928425558,33.6331747927778,46.6335189206085,58.3538034659024,65.0201586035077,80.6308977140885,8,35,59,67,94,117,2.48355530171645,1.70553848144611,0.452065372438408,2.52757081264267,2.5463231296108,0.00570107997612157,0.93015274366204,0.760802249970714
11.5316275832939,33.6362747285837,46.8995557751413,58.5953792863338,65.2715017059362,80.7960119076294,8,35,60,68,95,118,2.4835999989741,1.70615358488949,0.420282742794782,2.46319241687576,2.53817482735615,0.00576497352559241,0.915089439097723,0.750025524543524
11.5308709284061,35.1011821545293,49.5344216609938,60.9334096816555,67.83824265315,83.4431268868838,8,36,62,70,97,120,2.48334899733445,1.8781827656612,0.498681918059701,2.71210264014155,2.43967016091059,0.00742697660866581,0.929126806954423,0.751329406485512
11.5292135993632,35.0811949175274,49.5966434189781,60.9557645388864,67.8478903271616,83.4413767193354,8,36,62,70,97,120,2.48279923512712,1.8743014086812,0.50908823121273,2.7234579906527,2.42649415151983,0.00732592969391777,0.927130902846436,0.744532282861853
11.5266518150739,35.0548803228128,49.6477989711313,60.9660700758159,67.8515237242052,83.4528992698737,8,36,62,70,97,120,2.48194949385626,1.86927591766865,0.518988810401462,2.73280725069868,2.41300669445837,0.007273299027411,0.928512206979112,0.740336747870421
11.5231913859294,35.0217460769698,49.6876206569305,60.9641808506084,67.8490180295638,83.4792833055441,8,36,62,70,97,121,2.48080175596943,1.86300430929857,0.528395571484542,2.74009351750492,2.39924915426451,0.00726845098646476,0.834423711990998,0.683210597894537
11.5188457876843,34.9809481441109,49.7156297991885,60.9496949953631,68.5675397464422,84.4711970046401,8,36,62,70,98,122,2.47936056474913,1.85531013193034,0.537340895603019,2.74522281484872,2.38524780638334,0.0106216165203223,0.879942003518458,0.726491466416988
11.5136044944787,34.9327609926463,49.7323715057366,60.9232730051107,68.5500743268802,84.5038457709421,8,36,62,70,98,122,2.4776225220587,1.84625963090105,0.545847171804124,2.74829044663327,2.37104153615057,0.010713474399879,0.888394564291259,0.728132550398921
11.5074910097819,34.8777362404178,49.7394026281791,60.8864272319457,68.5273093972474,87.2718084519782,8,36,62,70,98,123,2.47559553265619,1.83597086033001,0.554035925891643,2.7495791661793,2.35661655106612,0.0108591026270406,1.2852650077494,0.973273224362712
11.5004996042373,34.815123914848,49.7367118098472,60.8392475177979,68.4994121017436,87.3163016701339,8,36,62,70,98,123,2.47327782535758,1.8242952078992,0.561997408431061,2.74908594478914,2.34200696597567,0.0110609542009107,1.29922259958562,0.978858313435573
11.434297600987,34.4755599975986,49.6707475167285,60.8605328818825,68.6433958323168,87.6272520446053,8,36,62,70,98,123,2.45135075667956,1.76729527898195,0.599022173451044,2.73700530260577,2.37067439480848,0.0124126168575485,1.3316311122727,1.02401998744933
11.2785684386331,33.6608362523838,49.9549679929226,61.6304183885284,70.4443063871887,90.3052772086245,8,36,62,70,98,123,2.39991120596766,1.6325609577687,0.75850037988504,2.7892003271916,2.5313918101063,0.029123715835985,1.50668199928456,1.33289403813688
11.0970277174013,33.3389759844858,51.0391562398393,63.0837280676622,73.3557982847893,94.1715496747926,8,36,62,70,98,123,2.34019938087749,1.60437271631607,0.986066561794061,2.99167772984419,2.65477842029402,0.0737452119997122,1.70594061601136,1.73697268372202
10.8996994148748,33.4671112033392,52.5978462013391,64.8366222070926,76.420756584263,97.7468089921286,8,36,62,70,98,123,2.27561324216544,1.67002576532636,1.24216890812141,3.29184062837166,2.72010186577247,0.139917442527725,1.81594166302182,2.05782398578533
10.6971501107716,33.8879761062654,54.2821350842596,66.5564572348804,79.0856145089246,100.551030386048,8,36,62,70,98,123,2.20967409110627,1.79840232792559,1.48692106903706,3.62765872219378,2.73208780854993,0.204356674965097,1.84639019000827,2.24549380522675
10.4987156955145,34.170898523127,55.850594977822,68.0587827178838,81.2970788996145,102.648940458424,8,36,62,70,98,123,2.1454355214451,1.89980492950793,1.75212284997996,3.95054922064748,2.70979493182091,0.262119703586039,1.82156751741919,2.3364740443942
10.3463264398748,33.2446036408878,56.5818862914561,68.7343643467518,82.7713710572536,102.948524816757,8,36,62,70,98,122,2.09635298393614,1.73773694054382,2.11576492530167,4.10430744362462,2.69104047051644,0.336741607925533,1.70804574756914,2.36910964915873
10.2662677464841,32.7726567610164,55.9355468922272,68.1031588111767,82.0972456023571,102.4598263846,8,36,62,70,98,122,2.07065625437248,1.65764352737533,2.07643232487334,3.96830784510709,2.69613301118146,0.332477534739722,1.74833781579448,2.39679162331076
10.1918346611677,32.3200689386143,53.7980093824701,65.9432887368254,79.0657510453576,100.182002697303,8,36,61,69,96,120,2.04682120428632,1.58166087911376,1.84913500591783,3.66300814975768,2.6886186925165,0.296673038528943,1.91534118999594,2.48262068209068
10.1234390392908,31.892205181765,53.186988377104,65.3304454063262,78.3415448720306,99.5461639266759,8,36,61,69,96,120,2.02496765616843,1.51065192714062,1.80913358195829,3.53873611309612,2.68800568782568,0.286199882763981,1.93525339332011,2.4781668961537
10.061313786473,31.4880320047285,52.5831149441695,64.7235480050879,77.5887206901962,98.8446519498581,8,36,61,69,96,120,2.00515805175505,1.44421553504521,1.76586075095089,3.41740931414272,2.68698852039211,0.272782540819628,1.94684695703624,2.46067461031814
9.99776736117646,31.1436276435997,52.0732011029036,64.2071026677276,76.8917255139466,98.1848735934128,8,36,61,69,96,120,1.98493556918492,1.39050830789117,1.73027050033017,3.31613705220291,2.6847917581416,0.256664886055594,1.95527004800864,2.43391887484264
9.91208164600045,30.9804204365091,51.8369427441459,63.9293131303439,76.4147239627697,97.7807126782164,8,36,61,69,96,120,1.95773295068885,1.37582049638776,1.7146418089308,3.26958531147586,2.67083069357486,0.239504191358425,1.97179025068642,2.40407720963152
9.82448654077478,30.9831156282324,51.7586914639798,63.7851496813076,76.109724093439,97.5783373350748,8,36,61,69,96,120,1.93000271621521,1.39293327406625,1.6973815453513,3.25421910988848,2.64869968692884,0.22612800162716,1.99514261707817,2.38210820772127
9.73538791343169,30.9741145127847,51.661530059774,63.6193603797783,75.7738288065644,97.3436561274077,8,36,61,69,96,120,1.90187923169537,1.40818143038859,1.67865235011725,3.23517586329754,2.62569094510821,0.21244770739079,2.01826185917557,2.35785987396291
9.64488174429473,30.9545070963586,51.5463716408226,63.4335907834169,75.4097359453517,97.0776256516984,8,36,61,69,96,120,1.87339821834888,1.42173085165477,1.65843515625858,3.21265756934122,2.60205396509467,0.198622861451296,2.04074373971684,2.33136851107001
9.55302686392027,30.9258829431662,51.4141685732539,63.2295155383335,75.0203386742313,96.7813021248412,8,36,61,69,96,120,1.84458361616402,1.43385616919436,1.63661657696591,3.18687654547449,2.5780334865121,0.184816118002782,2.06215650704154,2.30268386100179
9.45990153164066,30.889692291574,51.2660311935822,63.0090508479181,74.6091910074321,96.4555114345727,8,36,61,69,96,120,1.81546541927098,1.44480732672811,1.61314996040413,3.15807771707408,2.55390065181986,0.171206613495916,2.08185734506209,2.27179105898154
9.36563300556071,30.8501753254812,51.105550408769,62.7767385243811,74.1818145812769,96.1024118557751,8,36,61,69,96,120,1.78608876414029,1.45536811212007,1.58792815533052,3.12698658694874,2.5299731366513,0.15790990490166,2.09904988015519,2.23848155327246
9.27029887934814,29.7060778125132,49.9785407637833,61.5512599826967,72.6540667479463,94.6685517078941,8,35,60,68,94,118,1.75648306206249,1.37292817381603,1.59148254292787,3.03358249007638,2.49723796553651,0.169157531260522,2.12084654368471,2.29254157918805
9.17401494811653,29.6044159487225,49.758529470067,61.256733092996,72.176748354019,94.221432287162,8,35,60,68,94,118,1.7266893889855,1.37189808099241,1.56692316924374,2.99136628980004,2.47251677426717,0.156507655111252,2.12787276525974,2.25289501017587
9.07689294479665,29.504688795736,49.532671471051,60.9584977135318,71.6976673584483,93.7469784313072,8,35,60,68,94,118,1.69674724504445,1.37139919403202,1.540899346531,2.94825471720859,2.4485474663071,0.144558581694942,2.12894999215075,2.20980936336341
8.97903911325845,29.4155097711678,49.3085057348052,60.6649753976963,71.2263967014438,91.3145560753442,8,35,60,68,94,117,1.66669411484815,1.37306068846476,1.51322185957136,2.90569480485318,2.42561830475624,0.133360988504002,1.83314858306672,1.94018473601154
8.88058023250276,29.3492043806382,49.09677364218,60.3877377669425,70.775388217429,90.8075201066934,8,35,60,68,94,117,1.63657342073693,1.37922571026815,1.48360664488642,2.86570630221817,2.40399839045504,0.122935456261611,1.82055912887765,1.89171549208639
8.78163673051641,29.3225568832113,48.9125988573468,60.1427612105171,70.3611959401362,90.3392806689193,8,35,60,68,94,117,1.60642619539647,1.39312558906291,1.45176735837075,2.83109007660055,2.38396264165093,0.113275581310165,1.80844200111574,1.84556499334012
8.68232934984523,29.3562747266407,48.775756499014,59.9504869322419,70.0042733795867,89.9340233054974,8,35,60,68,94,117,1.57629310997564,1.41883827823852,1.41757893502102,2.80547178017385,2.365723245369,0.104339178229335,1.79762840123047,1.80238857842632
8.59442303413132,29.377901402227,48.6701392022905,59.8121963749664,69.7632351272366,89.6553418070888,8,35,60,68,94,117,1.54972589062669,1.4401421641422,1.39226850135369,2.7857586842404,2.35498447899112,0.098991915407889,1.78922174359645,1.7747743365588
8.55062879187921,29.1046654310508,48.4226097813273,59.6040450752633,69.6881369266866,89.5227742177534,8,35,60,68,94,117,1.536528157008,1.39565303762227,1.39736830743312,2.73976260894818,2.36792805292094,0.105949936101435,1.77641284966002,1.7930980340711
8.5111304948511,27.9977530512258,47.5773618338074,58.7091454240764,68.8961189684049,88.6220686357261,8,34,59,67,93,116,1.52464686708961,1.30942904196486,1.44966749987437,2.70036033792508,2.3516097086645,0.111532850731281,1.75227280332673,1.7842489334601
8.47027367217967,27.7200210317085,47.2553845305662,58.4365966800651,68.7838889698865,88.4816202839862,8,34,59,67,93,116,1.51237888290666,1.26451018830384,1.4407747194933,2.64092964783215,2.36785466865446,0.120587577486491,1.74602353679533,1.81328197021039
8.42810754047774,27.4419384042266,46.9033113843279,58.1338576337379,68.6329003614545,88.3368854886599,8,34,59,67,93,116,1.49974135538103,1.2203730780276,1.42594827326713,2.57651833046209,2.38408904897414,0.129559366159921,1.74740786468964,1.84667920729377
8.38470180143356,27.1649089787413,46.52337173228,57.802469528764,68.4415143973069,88.1875740687385,8,34,59,67,93,116,1.48675755388563,1.17726564254024,1.40542052350466,2.50769050503362,2.40008572323779,0.138184506985358,1.75673096729616,1.88412173682394
8.34011078254964,26.8902722382925,46.0952954974935,57.4418439759902,68.21074493794,88.0321204183443,8,34,58,66,92,115,1.47344610218369,1.13541301319649,1.50221899653828,2.54378267867777,2.4223415837144,0.146484423014389,1.77346140662287,1.92877773441483
8.29441958109127,26.6193455119697,45.6678456676203,57.0609885975118,67.9433464671874,87.8718159049745,8,34,58,66,92,115,1.45983474712413,1.09501727124494,1.46995846763922,2.46629895780485,2.43773754925327,0.15397313859728,1.79734222086952,1.97294850509767
8.24770892994576,26.3533317215781,45.2253814898111,56.6632524868523,67.6450399589558,87.706816636536,8,34,58,66,92,115,1.44594981725928,1.0562481454286,1.43389373295085,2.38706612648059,2.45253341699986,0.160718097863111,1.82721676754887,2.0192529636403
8.20004396133356,26.093257542492,44.7742475346526,56.2547451253782,67.3236468880018,87.5383770418231,8,34,58,66,92,115,1.43181289436392,1.01923590643079,1.39521020330102,2.30731561644548,2.46664915643902,0.166767652169541,1.86169476793046,2.06687351453306
8.15974447459846,25.8572352458091,44.3188987516338,55.8145092902268,66.9470222199577,87.3411699102447,8,34,58,66,92,115,1.41988568547988,0.985607593041851,1.35128184334237,2.22789687444024,2.47165729285444,0.171267747475977,1.90240806850207,2.11074510816139
8.16095838970785,25.7550359526087,43.9194429131281,55.3601280426849,66.5163668596292,87.071423487615,8,34,58,66,92,115,1.42024462189302,0.968026416975217,1.29257688794865,2.15913150311189,2.45346486206653,0.172964086276941,1.93916600796993,2.13292774728883
8.16009039705043,25.6427194178846,43.4957810174549,54.8912441889285,66.0680203101861,86.733544240381,8,34,58,66,92,115,1.41998796738673,0.949225325782513,1.23213944783907,2.08713762503176,2.43850467707209,0.174440295207488,1.96453338661236,2.14764864905695
8.15856946446504,25.6811022321327,49.408957041878,60.1241656068464,71.1700689498042,91.4739228253631,8,35,60,68,95,118,1.41953827279976,0.860977693525255,2.36343680987761,2.92473812420349,2.21553801361097,0.135075325595501,1.88188247354254,1.85133413427088
8.15389545089236,25.5393652057497,47.8928849305864,58.6835487991155,70.038802099552,90.5004966123625,8,35,60,68,95,119,1.4181565134385,0.839340081224948,2.04437409180704,2.64230147636585,2.24007160487864,0.154614946798511,1.77000571808296,1.84190898787741
8.20466226897275,25.9508210879741,48.1258665167783,59.0365404276985,70.7836069504159,91.607922434065,8,36,62,70,98,123,1.43318122682026,0.806913547957354,1.85834408746664,2.45993893408377,2.27919634455471,0.150007890161961,1.70776706037322,1.79098252618394
8.36042836364611,25.542492757168,47.3132484423493,58.342695542151,70.2119310770423,90.9018118158085,8,36,62,70,98,123,1.47950797487764,0.723215365962766,1.77148672362732,2.31883772624476,2.3180421992,0.157851505376084,1.67917508148583,1.80757177830447
8.51625201789338,25.1226817491526,46.3596777499247,57.5121423509792,69.5294174603504,89.7570626139531,8,36,62,70,98,123,1.52618627343051,0.642075077834346,1.65905003868617,2.15749410254248,2.35840412598383,0.167675965539362,1.58216616102232,1.77784021649178
8.66678829179795,24.802151283542,45.4224676356908,56.6956298581905,68.9306721097129,88.4868582198241,8,36,62,70,98,123,1.57158893573777,0.57899838719587,1.53243850579079,2.00351047308592,2.39812903197698,0.182766433308741,1.44495732877283,1.72654982283484
8.80678035296076,24.6315510229827,44.5995944139509,55.979810254755,68.5418228030897,87.291481494056,8,36,62,70,98,123,1.61407554880358,0.539093459064257,1.40253687379913,1.87218266643832,2.43346434334224,0.206854811863829,1.28625795152862,1.66992836125347
8.93154585365373,24.639060133809,44.2707352301225,55.6317670385664,68.5368499421788,85.7403447376822,8,36,63,71,98,123,1.65214995903083,0.524382715772301,1.22222137442779,1.72942749016578,2.42712533836808,0.276417508032473,1.00221635437973,1.57540534709879
9.037489925509,24.8265928969264,43.7984740707576,55.2137309061802,68.6213780672669,84.9714391733168,8,36,63,71,98,123,1.68463172989761,0.534597966590122,1.10372398013736,1.65863619765365,2.44505071634911,0.324410605953404,0.857807904611225,1.53171288377491
9.12235681030195,25.1750454663505,43.5231934304398,54.9725265332837,68.9244677094752,84.3391333537033,8,36,63,71,98,122,1.71074950155135,0.568244197765802,0.996206686412016,1.61795826376642,2.45632764022671,0.380967215287915,0.799245628452657,1.56575943557047
9.18529096048173,25.6581828436744,43.3514616390965,54.8880202648964,69.3941957694962,83.7838481682679,8,36,62,70,97,121,1.73017296862529,0.623885659845123,0.984888982415845,1.68013205294512,2.48523586254549,0.443335146344119,0.641023644247291,1.5091380158259
9.22676919160726,25.9832004168038,43.1267869472851,54.5926415186114,69.6003938763746,82.7148041524013,8,35,61,69,96,120,1.74299999945926,0.743117693530117,0.892975139212929,1.73611236976207,2.46179849226662,0.503821169101642,0.466409102656367,1.38770183649595
9.24830693406859,26.4996108227194,39.2032998692318,50.9960141953298,66.6897366812906,78.9462333395106,8,35,60,68,95,119,1.74966843007443,0.818389785032555,0.356805122505852,1.25540106373098,2.57047754024238,0.592558625985274,0.363915949761049,1.40964664489955
9.25217065220845,27.314452215528,36.9039100025686,48.7393824844928,64.3225527974976,77.3001620156806,8,35,60,68,94,118,1.75086527117013,0.948449820217332,0.103219184147344,0.964770333749811,2.58475570603716,0.653387907965998,0.449232330994836,1.59125121717193
9.64624723331139,26.7841166532343,36.3311292125234,48.4048475119379,63.933948884958,77.0817264872544,8,34,59,67,93,117,1.87382726204399,0.892038961043251,0.100951378199929,0.962873130234542,2.66456473543451,0.645682394820746,0.470645759680975,1.64508989029886
10.1053723531083,27.130687036411,36.4686651183874,48.8229036767913,64.327663254908,77.6251986771285,8,35,60,68,94,118,2.01920282108092,0.783621534623571,0.0902368880503397,0.913829761400648,2.75906793527006,0.642226934018368,0.489886137150616,1.70769765767392
10.6086267910556,27.0411020096257,36.2907071760703,48.9493724974929,64.9554568682466,78.2799151906604,8,35,60,68,95,119,2.18097186419571,0.695588574583058,0.0859323354634372,0.893386302802549,2.86225141176349,0.635197980807795,0.493384040744161,1.74446405705063
11.1448787517155,27.1431521685627,36.4622678747652,49.4964848756485,65.5676577515036,79.1010673931918,8,35,60,68,95,119,2.35591149603931,0.634115071559343,0.0893069525194583,0.913090974354514,2.99040068327167,0.644254803414715,0.520931485581814,1.8468816312439
11.7004074205612,27.3958846205671,37.1334003710353,50.5710973199297,66.855659729719,80.3618060646366,8,35,60,68,95,119,2.5397014366756,0.592794311748584,0.111375407248516,0.992162719379644,3.12908481591942,0.674357359093115,0.517297191758184,1.94192601675947
12.2600845084936,27.7552720378976,38.479788032786,52.1143782094581,68.5403375226937,82.5508144692228,8,35,60,68,95,119,2.72728587924217,0.566175809319629,0.175663521026342,1.16013380692948,3.19712246279639,0.694647041552985,0.586436900155571,2.08111519790323
12.1753375420523,28.0291762939025,37.7008838772402,51.7115795026624,67.2056460631278,82.1001744698562,8,35,60,68,94,118,2.6987333203044,0.614244180924612,0.1077029148709,1.06145944451567,3.32771904178283,0.640711663496321,0.717056682526901,2.24183883157164
11.6430094498379,28.0407046622701,38.3071271726583,52.578792082492,67.9052914827946,82.9733976709114,8,35,61,69,95,119,2.5205976075352,0.690569594815562,0.115965874601036,1.06689745775451,3.41880591975262,0.617179892255601,0.744056944046498,2.28838450655185
11.0655156300317,28.1549048347731,38.3821527581076,52.8111623915421,67.8613973352574,83.1494895318843,8,36,61,69,95,119,2.32986287173923,0.709856495274752,0.141103938867576,1.0761798420183,3.47390403415383,0.579269591723836,0.778893357832502,2.30610216045276
10.5056413546843,26.3603505627405,40.7809667867137,55.2654938122,70.8982895061046,88.1545046098392,8,36,62,70,97,121,2.14767139676848,0.542880787529449,0.497093159068429,1.31321012504204,3.49337641907983,0.584402349448759,1.11938577647359,2.66268045015524
10.2472106057742,25.8769924790566,41.6900189821408,55.9760831090483,71.503784152003,89.9588247245309,8,36,62,70,97,121,2.06454858592122,0.514738704224474,0.686605483859856,1.43842678122377,3.42384260725039,0.570457818002576,1.34996339455313,2.82965671801456
10.0154369538913,25.5570789060005,42.2547539533159,56.2542011919822,71.7372267684741,90.3253616918356,8,36,62,70,97,121,1.99055447815124,0.503908342399211,0.821210555069617,1.51875051432458,3.32380149475126,0.564577994028292,1.37654960760033,2.79236403667226
9.80196142218415,25.1687315780846,41.8300969558918,55.5111305953143,70.8107666359878,88.9451997445972,8,36,61,69,96,120,1.92288485816236,0.482752717428636,0.909406626736889,1.54204299934897,3.21320485594137,0.540743665957992,1.28671130442135,2.6151929773179
9.62658322959368,24.6931382216224,41.742175068771,54.9838190006084,70.230082243047,87.3857999748499,8,36,61,69,96,120,1.86765068348435,0.447473955660374,0.975398920740304,1.52924356883934,3.06157089724229,0.533898800045582,1.10081286377057,2.35108842950163
9.50779443588904,24.1657866105629,40.249459191325,52.9831598564376,67.9549040873654,83.8530445551758,8,35,60,68,95,119,1.83042841643873,0.461242794024512,0.814664886455572,1.39913217039008,2.887781220064,0.499353304231887,0.879013553359323,2.00341792362137
9.45737356070464,23.7861674571573,40.3407296791129,52.5092279441188,67.2348697127613,82.4512499092041,8,35,60,68,95,119,1.81467632723642,0.422857697265471,0.891562269303593,1.41200017775775,2.69643131778095,0.469334949333234,0.767462069856191,1.76340543766494
9.60088726880272,24.6299612828523,40.1746072201238,51.7766309151126,66.1157693350389,81.1410043113815,8,35,60,68,95,118,1.85958577428478,0.506475809569095,0.730302436391637,1.38861787848281,2.50697203461148,0.424038633001809,0.829860686803208,1.67824995232463
9.9604888245711,25.0773310276768,40.8875337377055,52.2072716291141,66.5282537640184,81.6010779140987,8,35,60,68,95,118,1.9730914966082,0.517474122225929,0.771366492697065,1.4901757108359,2.4134907467193,0.421966995370445,0.837835844541881,1.63942446822046
10.327020744995,25.5437061501639,41.6167900467732,52.6717130889197,66.9560572885728,82.0664913391127,8,35,60,68,95,118,2.09015069546884,0.530123465670586,0.812969555843693,1.59727982327541,2.32639022545389,0.417802072043791,0.844161047108284,1.59932332205979
10.6955689985461,26.0195697631409,42.3444100758433,53.1564183457622,67.376718282851,82.4957080630371,8,35,60,68,95,118,2.20916081475382,0.543882151856505,0.85368295860727,1.70730931233338,2.24702079961949,0.410571467520793,0.845602697285977,1.55448119290066
11.0611649051363,26.4910578597926,43.0479968626424,53.6413264774394,67.543609676936,82.4431593405464,8,35,60,68,94,117,2.32843642522954,0.557622518744569,0.891957773103739,1.81663745688036,2.17601928867077,0.433984578244902,0.80895110340394,1.52950517275693
11.4190092984384,26.9379921431549,43.6964216560425,54.0966185689763,67.8595300486312,82.5960312234669,8,35,60,68,94,117,2.4462920660837,0.569308146721963,0.925750849845067,1.91988650619662,2.11367871882249,0.417734169290168,0.782159942230612,1.45626215251584
11.7646964998111,27.3259626636194,44.230200439954,54.4664021445964,68.0815682766457,82.5102177721754,8,35,60,68,94,117,2.56112916862447,0.574894240728713,0.950528153553761,2.00663533743354,2.06102193399016,0.400845104943228,0.73262257938663,1.36689451212945
12.0943590053184,29.496939642049,43.9989226602084,54.2038579696633,67.499245114307,81.4091959170772,8,36,60,68,93,115,2.67149889801709,0.755450292005537,0.657613569094928,1.9688560506492,2.05101236475245,0.424082135333425,0.740580870384944,1.40950177495547
12.2593876251779,29.7666593691554,44.1570769219624,54.2339300716789,67.2928132091546,81.3130448016041,8,35,59,67,92,114,2.72705087854821,0.858556819665883,0.641136007641926,2.09554797470256,2.01010938440585,0.396492427557719,0.758592748569753,1.37251688236885
12.2943943304127,30.040077931088,44.2495009541052,54.1955498375735,66.9537123706492,81.3978471546142,8,35,58,66,91,113,2.73886000498704,0.896707633499514,0.69819700737462,2.21588912250397,1.96850749086451,0.36275403580563,0.829507959959405,1.371415062509
12.3402971680861,30.3869158944376,44.7036479395515,54.3178911129088,67.0061042470243,81.8852610959039,8,35,57,65,90,112,2.7543580075015,0.945861419781925,0.807917690058704,2.40529606398419,1.86377674695831,0.355124192190136,0.904977370659722,1.37622710937025
12.3934338933663,30.7538704629677,45.7458039792135,55.1040903181355,67.5905379020226,82.639027685483,8,34,57,65,90,112,2.77231692419391,1.10134743337488,0.824298812677389,2.59525039589911,1.78380357394015,0.33358166504924,0.93506950679188,1.33475789110756
12.4218041620726,31.1066422933562,46.6646232870486,55.8165819785629,68.1103552234496,83.3959522320624,8,34,57,65,90,112,2.78191348995924,1.1598427811349,0.920924606842814,2.76720878148576,1.71987973228354,0.313659880865372,0.977862872250667,1.31172323795734
12.4227185061621,31.3452088391483,47.5237889657425,56.4965325875732,68.5980920746145,84.1931923716764,8,34,57,65,89,111,2.78222287074401,1.2034474751975,1.03179446346631,2.93167803642367,1.66476461535298,0.346755920819627,1.03485139147338,1.38658180533731
12.3939353324569,31.4624141011381,48.4013830801277,57.2112885629934,69.169869907482,85.1912503519598,8,34,57,65,89,111,2.77248649279581,1.23054318727534,1.17428926752858,3.10322732308709,1.61502685480857,0.331295116288103,1.11537505397681,1.40425777819372
12.3339394107777,31.4906994057311,49.4336759840629,58.1064386901012,69.92038370549,86.5459733099879,8,34,57,65,89,111,2.75221057239113,1.24704129484741,1.37291999819799,3.30946328017802,1.57339698052369,0.316023818001431,1.23338701255795,1.45204567808422
12.2420740470526,31.4486696187759,50.7290595067917,59.381026275924,71.0154778689056,88.2967490985861,8,34,58,66,90,112,2.72121356500289,1.25639195315305,1.51784172498916,3.43930194047983,1.56710548041143,0.297592003085625,1.36634575613404,1.52070973999304
12.1187612360935,31.2875645161099,51.3123569786282,59.9332782215995,71.5659396534982,89.4940698684329,8,34,58,66,90,112,2.67970074892584,1.24929851696822,1.67518073887081,3.55877793327389,1.55772360159603,0.297411089830514,1.50223311282687,1.61542247990578
11.9655634633325,28.9180137147089,48.8570076536183,57.5774424845764,69.8554537949175,88.5240189595648,8,33,57,65,89,111,2.62828187042336,0.95877998306074,1.65677081777389,3.19367067248733,1.58784059212347,0.366332000376282,1.66319694049647,1.85432078870353
11.6764168028045,29.3368013141577,49.9952827190574,58.8181235466346,71.0070305172385,85.0868602955709,8,33,56,64,88,109,2.53171349242005,1.08324685311408,1.96291297055462,3.55992892128681,1.61896575306357,0.356378352893349,0.867480951819506,1.24350742659063
11.2927309345258,29.9115378426667,51.3257579600062,60.3325520659953,71.9210336724441,85.558158790831,8,32,55,63,86,107,2.40458105758037,1.3827034259524,2.13922495393631,3.98644920442724,1.67520649171197,0.346326782080355,0.790595316022431,1.20388324896552
10.8726938365342,31.0646231251885,52.5429161723566,61.8052389433688,73.5634112921822,86.4847791899985,8,32,55,63,87,108,2.26680060264837,1.71124456386062,2.15439327523707,4.25460374948565,1.75401086037292,0.310234782385056,0.67262246447444,1.08665170740067
10.7498380272993,31.0421657956916,50.7917904360328,59.9301729765703,68.784208606758,81.5466739075046,8,31,51,59,81,99,2.22679110363264,1.87926762449413,2.23838273935827,4.48357877790815,1.71569109130751,0.140771831031744,0.954181484734995,1.04041517436521
10.7315011642118,31.0175423773324,50.7738352602112,59.9462168782732,68.7859990723135,81.5262684634858,8,31,51,59,81,99,2.22083106172306,1.87784194067538,2.24005513866433,4.47941648968089,1.72618491693407,0.139776502730479,0.949844833747961,1.04008386404505
10.7207554772432,31.0255359479936,50.7851398173354,59.9691323702763,68.8479089794387,81.5582112532715,8,31,51,59,81,99,2.21733979397078,1.88209273575373,2.2408856732865,4.48203691999299,1.72977176588945,0.142509320434833,0.944001655771242,1.04287594244527
10.7170993282497,30.8803475460627,50.8649903709436,60.0587132420354,69.0327689362007,81.7343539529212,8,30,50,58,80,98,2.21615215109345,2.00436331964477,2.29754685040996,4.66443471728137,1.73277887822903,0.14931681430131,0.942304464718976,1.05594798792233
10.7199575841798,30.8464613119094,50.213504994056,59.4421656389561,68.5421092943537,81.0885429980652,8,30,49,57,79,96,2.21708060056468,1.99573160810629,2.32055395097202,4.67692672416828,1.74358540687146,0.158594606648319,1.03315377683161,1.13633278099609
10.712307444516,30.9999063268807,49.5846726494173,59.06512100316,68.1172481663431,80.6843487659518,8,30,48,56,78,95,2.21459576562686,2.03366219000022,2.30273831607149,4.6955071928696,1.8218816489477,0.155032585475121,1.03741365787508,1.16842029758046
10.7079669905152,31.1463422591264,49.768554618881,59.4206708341591,68.4616169792619,81.1506151685978,8,30,48,56,78,95,2.21318618221249,2.06936689066921,2.31252560917938,4.7396230371868,1.87567155655591,0.154206387131009,1.06266743103504,1.20931573508311
10.7071673520277,31.3625287109468,50.0090371441554,59.8329873257018,66.9640432612102,80.0778364690993,8,30,48,56,77,94,2.21292651436199,2.1210911982829,2.31888212503375,4.79750611436199,1.92983316654218,0.0664725821182539,1.15234863476104,1.10353982300682
10.7071054864527,27.2207339606919,45.2381088127551,55.1673146574982,62.2724093261433,75.3244763443476,8,29,47,55,76,93,2.21290642489895,1.33803829930422,2.15589368067479,3.84441041526776,1.96316332513357,0.0652983291832542,1.13915849440084,1.10602492012939
10.7065095429287,27.2289026639571,45.2421979248037,55.1718224664312,62.2702498261506,75.3177333876652,8,29,47,55,76,93,2.21271290733245,1.3398666188684,2.15484792708125,3.84533673104322,1.96329613896568,0.064998917511927,1.13818118849955,1.10449238324743
10.7058711627509,27.2385095623797,45.2475265277593,55.17734641737,62.2673931121976,75.3091688912722,8,29,47,55,76,93,2.2125056131072,1.3420049265876,2.15375139532437,3.84654393922386,1.96335810544867,0.0646238119166098,1.13696456015134,1.10252815600635
10.7052284810783,27.2551544058729,45.2719317755579,55.1940992452889,62.2666798050981,75.3022377788115,8,30,48,56,77,94,2.21229692583486,1.2183666070491,2.15574051418613,3.69873391955974,1.96093097002433,0.0638465181776442,1.1356397389125,1.09810350879646
10.7045796018274,27.2674187456928,45.2751206271627,55.1995462493317,62.2641179707641,75.293948012728,8,30,48,56,77,94,2.21208622992414,1.22092525426547,2.15341437025458,3.69944250004313,1.96164713048118,0.0634921160855799,1.13441977449885,1.09648473515841
10.605928127122,27.1027566336936,46.564510200104,56.5173881079072,63.3201779649979,76.2912564517024,8,30,49,57,78,95,2.18009799485022,1.20786674737635,2.34497757504208,3.83496216167404,1.97067511953618,0.0525967363259122,1.12193321027615,1.05565468164166
10.4877529985653,26.9886952923427,46.3959118320774,56.3093681124507,62.9358273239461,75.9752074924566,8,30,49,57,78,95,2.1418972508229,1.20867902994991,2.33090472862694,3.79736554442576,1.95816875869442,0.0459954621709116,1.13645406572582,1.03530790673695
10.3834023843965,27.042250490042,46.4047058399579,56.3225910238966,62.8189915127793,75.9527283997724,8,30,49,57,78,95,2.10827431139948,1.24001084919206,2.3193725792743,3.79932357651238,1.95957301166052,0.0414954114113401,1.15662170021294,1.03101555394668
10.2866644004911,27.3018592209978,46.6998268248475,56.6792524684174,63.0985039699715,76.3727217588899,8,29,48,56,77,94,2.0771971469333,1.44407392162213,2.32852051679701,4.02038479250064,1.97910629345611,0.0389705839142877,1.18687628919698,1.04820297508777
10.2091949579242,27.8054922521337,47.2717644248498,57.3593609723381,63.7880184804849,77.2930551027926,8,29,48,56,77,94,2.05237547603261,1.57039341933215,2.3461446500676,4.15161250956234,2.01353399161969,0.0392727251292145,1.23716961767347,1.09683203133068
10.1676324927867,28.5049946594956,46.1558956263252,56.1567738735797,62.5150764295269,76.4057240091488,8,30,48,56,77,94,2.03908290133263,1.59050308583608,2.06254325231515,3.89683773428788,1.98592459650296,0.0370506675645773,1.32276300211328,1.12926646970352
10.1614077496601,28.8713421273377,46.3640022418785,56.5055158706993,62.9184109778751,77.2435929662879,8,30,48,56,77,94,2.03709356453345,1.67235392264405,2.02261062373958,3.94396034545797,2.03073827335642,0.0387672916960761,1.42148291332277,1.22079984897804
9.30259562916605,27.9739400019965,45.862963617966,56.0386364362427,62.0211723929079,77.4463798970346,8,31,49,57,77,94,1.76650099834275,1.52397443305844,2.1230628139248,3.67932143835676,2.04165303978681,0.0375014217093915,1.68140777016731,1.4190161098555
8.58013050317657,22.3740845624003,35.2721589008313,45.0510583255127,50.9610189682536,68.2192355351045,8,26,44,52,70,88,1.54541594077825,1.1636151994749,0.98083752790474,2.17159475047525,1.91560289384271,0.0673264499907634,1.9638744063334,1.74739215937209
8.66653993815977,22.4380702790978,35.4433443341135,45.2180196549104,51.3405128795999,68.7927727861966,8,26,44,52,70,88,1.57151378617767,1.15890384039091,1.0021028196096,2.20419958082319,1.91426971738729,0.0786597883236872,2.01245243222144,1.81823326100195
8.79309987156117,22.6231604986942,35.7468797640084,45.5387358511758,51.7561841510753,69.3678430575054,8,26,44,52,70,88,1.60991259198124,1.17121564226957,1.02579501213081,2.26245567843353,1.91969334594604,0.0840774067250467,2.05261899527164,1.86666434010834
8.94324419206383,23.5125337501002,37.0466832661064,46.7678047631606,53.1513281940377,70.8842082623386,8,27,46,54,72,90,1.65572983871496,1.19493183883967,0.986858290717264,2.26834726297235,1.89738395203287,0.0940843512393206,2.08332080827523,1.90564510730197
9.11927369682798,23.7755947635136,38.3553889271222,48.2355726351699,54.7270439006254,71.6831238736196,8,28,47,55,73,91,1.70979916347716,1.08733502517522,1.19711702754339,2.3971513758422,1.94762567130708,0.100953943971949,1.88894662952879,1.81438551351379
9.32429963825853,24.4311853643434,38.8885399228887,48.9269002011072,55.5559770075553,72.4038702793995,8,29,48,56,74,92,1.77323999595068,1.05662549832849,1.17173591715925,2.37750630060024,1.99784879644863,0.110130328764393,1.86233176681049,1.84776449702108
9.43061360935129,25.7665465569488,40.9534899563462,50.8992802157168,57.5861469370507,74.1995232459064,8,30,49,57,75,94,1.80632775744154,1.17625734431188,1.32579373547294,2.653544452489,1.96842540935384,0.114124701331177,1.64528331922312,1.69356174097837
9.5528685981373,26.1755189877523,41.6791191963588,51.7755016522763,58.715596162663,75.1614730370232,8,30,49,57,75,94,1.84453404847825,1.23280226245114,1.3947009309926,2.79770388446277,2.01633548360879,0.132610594527874,1.60659375541459,1.73417469622678
9.69369399272167,26.5164327151125,42.4916066683827,52.6003519173562,59.5013131183916,76.3834140905128,8,30,50,58,77,96,1.88874779884517,1.27284199229736,1.3582258828453,2.83049888483276,2.02027881869908,0.0995709966207644,1.70797116852824,1.7000047095
9.85015371283906,28.9050372816352,42.4049990650821,52.7230852235697,60.0692307192074,76.5130089243889,8,31,51,59,78,97,1.93811994991037,1.60573014486248,0.86881088579043,2.68600409755802,2.08728152110511,0.129628979070185,1.6061108978872,1.7368872504429
10.0096969040922,30.9271026472293,42.5151671657838,52.6862826725353,60.9391919455086,76.5303475515689,8,31,51,59,79,98,1.9887288007284,2.02277197812631,0.552486581303852,2.70750380356033,2.04019618913889,0.164442509675438,1.41396375629351,1.61933943013738
10.0417041542429,33.1145711460433,42.9063881096603,52.796031911237,61.1465649607463,75.9933947523073,8,32,51,59,78,97,1.99891328006321,2.37141842681364,0.376738116225107,2.78435377452604,1.95062212395325,0.214590502592963,1.2531413449538,1.56554418468053
10.0617011827618,32.4656827855501,42.635877340776,52.3915050276862,60.9298730931712,76.1730298869859,8,31,51,59,78,97,2.00528145888594,2.37720800383224,0.359691623591472,2.73113238016089,1.90826041324676,0.233089907641056,1.33793834443354,1.64019641954897
10.0888531419126,32.3600214302679,42.6166887956841,52.3269603829999,61.0625300011734,76.7274589865552,8,32,52,60,79,98,2.01393462429979,2.18080323538749,0.370328112987458,2.6033255769088,1.89396665485223,0.253379840169342,1.43026395094003,1.73736019451237
10.1259589049002,32.20598295753,42.4671238830048,52.1921775687321,61.2988899657328,77.2545177459734,8,32,52,60,80,99,2.02577197031885,2.13610458190114,0.370882487279919,2.57476880928443,1.89862274874282,0.241579250616764,1.49510335050569,1.74890530531181
10.1736783145869,32.0520140651899,42.3698843899931,52.1540838192732,61.4323228466558,77.0934540893441,8,32,52,60,80,98,2.04101542498764,2.08926221079612,0.377947463102859,2.55626532701796,1.91727590442155,0.259005771191069,1.57821400996344,1.84361961639764
10.2308046637101,31.9199925637993,42.3098226037138,52.1775997507059,61.5982210854169,77.3880825386577,8,32,52,60,80,98,2.05929344964748,2.04563726300696,0.387002041304502,2.54486107842714,1.94369734692257,0.273952918171369,1.60831086228982,1.90625704384642
10.2950542486702,31.832247413837,42.2927563687203,52.2540762199073,61.7941477568596,77.7092825401989,8,32,52,60,80,98,2.07988881534535,2.01079810505353,0.395996005512129,2.54162408145077,1.9733553738572,0.286826894558665,1.6377734683589,1.96675381657333
10.3639105721911,31.1908046672536,41.9679843428324,51.9838048532197,61.8122534913495,77.6365232012377,8,31,51,59,79,97,2.10200530919735,2.00178131303469,0.437500917362887,2.60133841755218,1.99067648388611,0.319149812213923,1.61638622368383,2.0123001359952
10.4351081844982,31.098634013946,41.9672049402657,52.0662451232756,62.0115146764288,77.9398604502954,8,31,51,59,79,97,2.12492160789902,1.96407359917028,0.44984174145868,2.60118830904347,2.01718308422704,0.332738080653826,1.64089042818064,2.06779664310751
10.506771102704,31.0101972255129,41.9885419740905,52.167599437514,62.2294811481552,78.2407978900609,8,31,51,59,79,97,2.14803616650803,1.92734656021259,0.464876328205481,2.60529885125218,2.04273515333182,0.346582896939588,1.66050925358913,2.11932773681591
10.5774178483205,30.9332283284323,42.035330050952,52.2916298214485,62.4725887970526,78.5321308152075,8,31,51,59,79,97,2.17087002668465,1.89368432879198,0.482100266463753,2.61432084627918,2.06746115186787,0.361007440962668,1.67194617637912,2.16479242550707
10.6458368839865,30.8714150774462,42.1078841192649,52.440107605146,62.7389731414821,78.7882243025166,8,31,51,59,79,97,2.19302789392392,1.86414815723774,0.501126454966546,2.62833386630996,2.09182181261284,0.375573436015239,1.66950355530254,2.19915451895718
10.7110566639449,30.8291066273905,42.205215569587,52.615001244022,63.0270320011996,79.6981117751879,8,31,51,59,79,98,2.21418955109471,1.83987679994911,0.521254143164244,2.64717549734015,2.11676554698067,0.389816398369477,1.65868071075841,2.23334901269707
10.7722512479032,30.8098206245141,42.3271701436432,52.8200372885626,63.3369012028929,80.146546831465,8,31,51,59,79,98,2.23408019449874,1.8217796775436,0.541975951710673,2.6708532158431,2.14354772931159,0.403238251144653,1.69099487940939,2.29484388858835
10.8287464938839,30.8182274242253,42.4777867580547,53.0623479295889,63.6724705173241,80.6226783121349,8,31,51,59,79,98,2.25247317974469,1.81099473764569,0.5632044558122,2.70020188136173,2.17318141286689,0.415360628844948,1.72397786031623,2.35677659539474
10.8800713381755,30.8692710617093,42.6752706790417,53.3404211119717,64.0258235520571,80.2755754224917,8,31,51,59,79,97,2.26920744042848,1.81093173321064,0.585441646319021,2.73885961627142,2.19929046248796,0.425270342766531,1.71729572069637,2.37442033844459
10.9260175209549,30.9561839806642,42.9174444882396,53.5908420482354,64.3374058605375,80.8082342992246,8,31,51,59,79,97,2.28420770441914,1.8201180172681,0.609430486025149,2.78653694909296,2.20196569494516,0.433402785208511,1.77047850142431,2.43079022599652
10.9668135816801,31.024976573771,43.153857552762,53.7817845683628,64.5937365709741,81.2298460924955,8,31,51,59,79,97,2.29754206377905,1.82640477284062,0.635798255525983,2.83336609965133,2.18722352971383,0.442177377487174,1.8105655671983,2.46698131337068
11.003215442247,31.0692234102622,43.3748629583896,53.8988558688092,64.7907002226171,81.3913453235143,8,30,50,58,78,96,2.30945237319064,1.98154627898081,0.664123016138283,3.00908036948944,2.15359817153058,0.453010043773421,1.80194079721982,2.45533145537411
11.0366931960807,31.1263399508549,43.64651693005,54.1412121325182,65.0819000121498,81.905397959757,8,30,50,58,78,96,2.32041605252383,1.98708537849964,0.699205403518943,3.0647768839251,2.14413775431348,0.459692966921626,1.85634617089249,2.5029128116063
11.0695293600052,31.1608493274882,43.9125359156689,54.3598988505419,65.3223172688645,82.4060903023236,8,30,50,58,78,96,2.33117897331423,1.98747763642884,0.737911618840214,3.11966350206759,2.12887089114045,0.462680823697185,1.92050671691708,2.5492930268791
11.1047739096808,31.307135909439,44.2097127482241,54.5362149362482,65.4894296073682,82.8174285815364,8,31,51,59,79,97,2.34274156168874,1.85889889059442,0.763604011331942,3.04589186061858,2.08998414959571,0.461414250640795,1.98130353826783,2.57196678243695
11.1460511866127,31.5275570462196,44.8387335648632,55.0629130427106,65.8961204924308,83.364603852633,8,31,52,60,80,98,2.35629671401103,1.89952993232858,0.735877755670325,3.04091639405794,2.05717202363163,0.445047452453559,2.01652982659743,2.55570397424318
11.1672609094402,31.6526448409147,44.9779495351202,54.8082274540085,65.5624335712967,83.1629939436999,8,31,52,60,80,98,2.36326743332259,1.92322183235808,0.738215444489686,3.06913745119446,1.93183363372861,0.434424059007581,2.04981474301184,2.48838393276625
11.0331695108333,31.1103232664007,45.1610287224958,55.25599289996,65.9134423556384,82.4936860224557,8,31,52,60,80,98,2.31926162119471,1.8306733338467,0.862334033826065,3.10639004081826,2.01588319613783,0.421577744024718,1.79698501131259,2.32291497210697
10.9053399955055,30.2050147945603,45.2150745119542,55.5707833785015,66.3579107720777,82.4574371541109,8,30,51,59,79,97,2.27745472346177,1.8047029895389,1.03817822642662,3.25323674203674,2.09936854543451,0.438836383733096,1.68144748207856,2.30563343447201
10.7865282882767,29.6856252788717,45.2657307070943,55.8066120752063,66.6053270154867,82.605371274433,8,30,51,59,79,97,2.23872563553031,1.71443927997627,1.14854196239452,3.26380917785238,2.1590552057836,0.44039440274746,1.65783949497719,2.32425349738195
10.6789431412433,29.328301776658,45.1780576146153,55.8075073127772,66.5772685439925,82.7105043145973,8,30,51,59,79,97,2.2037649387918,1.6589513858274,1.20219009935175,3.24551845747341,2.18771689769653,0.436506246457903,1.68947085708845,2.36132243279381
10.5843823424054,29.1635044869623,44.8505876170171,55.484697843215,66.1844729723667,82.6497104194362,8,30,51,59,79,97,2.17312354283969,1.64345704503895,1.16971711449809,3.1775158991373,2.18922709860137,0.427174903658878,1.7691273205801,2.41294940394394
10.5043365653229,29.0834911924842,44.1268622372569,54.7215461020867,65.4178248934722,82.3840100127416,8,30,51,59,79,97,2.14725012506398,1.64346419940505,1.0445106669306,3.0290188919806,2.17645765021604,0.426711225319956,1.89143841872152,2.50257140578059
10.4399785864625,28.9917478173618,43.9676648033802,54.5366604250295,65.2618526752484,83.4274040050762,8,30,52,60,80,98,2.12649100022596,1.63743625182767,0.922124280163296,2.86645601096102,2.16814542853861,0.430552819257607,2.19397565249325,2.74344733630317
10.3921175108432,28.8971303318463,43.2305306087688,53.8236260058755,68.2364337734897,87.0676867320974,8,30,52,60,81,99,2.11107846587773,1.62716182345309,0.810728961422355,2.72173793971114,2.17594347571066,0.927193373319706,2.36737568926646,3.53135500486163
10.361187972502,28.813176082768,43.0462021939602,53.712132280226,68.0811604742594,87.2732686587962,8,30,52,60,81,99,2.10112994993836,1.61553659445482,0.793861217870665,2.68597738742499,2.19954334267325,0.919252233150783,2.46289500483753,3.61761001345044
10.4401922949867,29.6001037785728,44.1693074676415,54.098701728543,68.882474701484,83.2133984707004,8,32,54,62,84,102,2.12655986878591,1.49289542290409,0.850930470629522,2.6563349547481,1.96322309194634,0.888201472976588,1.27842320131546,2.40718819378208
10.5654340310546,29.2896395558316,41.6685717083501,51.6153388610808,67.179251885068,81.4129954064814,8,32,55,63,85,104,2.16699344837531,1.40392626594857,0.440225452454525,2.0892458252563,1.96873545709135,1.0290518740403,1.12589087779287,2.41957299931089
10.6914689423199,29.4421342798339,42.5644814925143,52.4486576011861,68.9586313051544,82.2169223149563,8,32,55,63,86,106,2.20782991951407,1.40927265638322,0.538424744148165,2.24582697986335,1.94889013720914,1.09302062672741,0.825589802094179,2.16988633910636
10.8178144503393,29.8363355577653,43.4836569850946,53.3281807686222,69.9235194760828,82.9409129486646,8,32,55,63,86,106,2.24891184711992,1.46380828749605,0.613262123213986,2.41101101105786,1.93633889571459,1.10901351575987,0.783395956429176,2.13488968525281
10.9785801771322,30.2006312719979,43.9718769613091,53.7960607455329,70.4937761717404,83.8438217547349,8,32,55,63,86,106,2.30139071496286,1.50574364963022,0.631567810514916,2.50056347352743,1.92990701081699,1.12831134088638,0.841895409712903,2.2095054448642
11.199061539326,30.4372599588857,44.0118391202011,53.8421658247557,71.1914970508403,84.9002815940077,8,32,55,63,85,105,2.37372601812818,1.50908876484167,0.602629319945576,2.50794833906865,1.93184905858822,1.38042740985243,0.906860526048362,2.51654020700017
11.4260750678038,30.7609442003651,44.0782419672423,53.9055160003894,71.9971001417781,85.9582642517904,8,32,55,63,85,105,2.44862979779834,1.529170511738,0.565697791247617,2.52023753415622,1.93088392511698,1.53728064862642,0.953696812558947,2.70914866670392
11.6587348351752,31.1714751463698,44.2043258880125,54.0174016672607,72.9167241811603,87.0644691689113,8,32,55,63,85,105,2.52582895066572,1.56636569113928,0.526112695676785,2.54363422577282,1.9263962881631,1.71448966379951,0.9889078198217,2.90453990964918
11.8958982815313,31.6627652600015,44.3963291071564,54.1833460549371,73.9228394754726,88.1830803135053,8,32,55,63,85,105,2.6049572741533,1.6200507685308,0.48590591159459,2.57941922652626,1.91816540925619,1.90554508259628,1.0103739247143,3.09366848331723
12.1362558555808,32.2224727416258,44.6459035519784,54.3953368807928,74.9662177630987,89.3581146818817,8,32,55,63,85,106,2.68558354972049,1.68840379246117,0.445838908758818,2.62621375610897,1.90630699703491,2.10090563154688,0.923396997721836,3.14893128381236
12.378328082254,32.833999599305,44.9418981441013,54.643130696316,75.9966046591113,90.4021269290473,8,32,55,63,85,106,2.76720951025692,1.76868640328026,0.406779769056389,2.68211785019594,1.8911206758354,2.29015556420833,0.925869987748754,3.30451257218216
12.6205967009912,33.4146915682263,45.1596686464328,54.7873058684408,76.8589262550011,91.2460186144314,8,32,55,63,85,106,2.84931354820679,1.84333023362927,0.364029839669527,2.72352644359518,1.8679816421009,2.46811288209847,0.922525598738893,3.43671329015413
12.860727957501,34.0133484686075,45.4188706383478,54.9569953221263,77.6353276573334,92.0493691423522,8,32,55,63,85,106,2.93108605387583,1.92352809471759,0.326196662611885,2.77311804033331,1.83991757423804,2.62148538491856,0.927417547864067,3.55303107286378
13.0968078622415,34.4310807829368,45.6109451436044,55.0648600932017,78.2188759241927,92.6836702070362,8,31,54,62,84,105,3.01184756727466,2.12034606350416,0.302218839633071,2.93564549169432,1.81359685713547,2.74358689265772,0.936658212568131,3.64851830295138
13.3270531571094,35.0519691810233,45.7337727144933,55.1129049092602,78.6534694772003,93.2411915208586,8,31,53,61,83,104,3.09095387350009,2.21309008033436,0.302444400719402,3.08992720264681,1.7902893075959,2.84396379473747,0.959189190373767,3.74320003494038
13.5498033802949,35.6573593243194,45.910699555671,55.2499629109901,79.0235143216957,93.7849311639991,8,31,52,60,82,103,3.16779547043759,2.30512362812718,0.310334598960479,3.26056633580011,1.7778893147828,2.90495128672869,0.991381388894513,3.82371992867971
13.7675503864041,36.2443608385725,46.1871454262695,55.3865711993092,79.2315195700981,94.1592006456824,8,31,52,60,82,103,3.24319746214461,2.39502160185096,0.276939005445936,3.31807292470411,1.73454185282222,2.9237124510664,1.02258169256328,3.84528872469437
13.8762360275378,36.3886368579564,46.3286445278083,55.3935306780434,79.0845476941435,94.1872880515077,8,31,52,60,82,102,3.28093677924115,2.40374149638201,0.276649230086274,3.34764189737751,1.69305345154023,2.88330546461917,1.17657891443695,3.97174665919884
13.9573221412749,36.4209811321335,45.5240231594586,54.5333968394561,77.8757934032095,93.3041567956048,8,31,51,59,81,101,3.309136653634,2.39180183140163,0.241213322111477,3.31790086209954,1.67599811668395,2.79237735958487,1.24328379204594,3.95413737777873
14.0364817280405,36.4579898397107,45.5287274923171,54.4046603804783,77.6282021177201,93.3662881793521,8,31,51,59,81,101,3.3367024124535,2.38149121717802,0.238005279503809,3.31888887952539,1.63515466653744,2.76156566276087,1.30794767403202,3.96701541935254
14.1088277780901,36.4525724299926,45.4661304609837,54.1911339900379,77.4038153221022,93.3694318282394,8,31,51,59,81,100,3.36192619071375,2.36250489497608,0.23238268821761,3.30575035368333,1.58922634509735,2.75875506448244,1.49734837161668,4.13771778642494
14.1770661456265,36.423042423155,45.3741620120175,53.9483862342435,77.1500964543278,93.3805974568326,8,31,51,59,81,100,3.38574442292831,2.33870008225966,0.226324534754852,3.28647959180268,1.54363567321145,2.75591664051966,1.55728877180372,4.16134474601627
14.2408353113832,36.3675012881894,45.2553546054667,53.6813121476077,76.8649520750049,93.359275024264,8,31,51,59,81,100,3.40802585675786,2.30975026411271,0.220273138953572,3.26164262079081,1.49909762952994,2.75124333910094,1.61775325072612,4.18371678036489
14.2992434546868,36.2828386235429,45.1095831668267,53.3900402799076,76.54696324827,93.3056572561235,8,31,51,59,81,100,3.42845357661931,2.27518148965727,0.214511554315496,3.23125777459326,1.45568114385464,2.74433798367791,1.67908946736348,4.20490024643999
14.3510801233491,36.1630715420286,44.9349490579948,53.0730202318788,76.1923190509389,93.2126572166671,8,31,51,59,81,100,3.44659845842404,2.23393148372525,0.20940850537605,3.1949866214143,1.41348077687276,2.73462188926483,1.74050968423469,4.22369381592382
14.3947779384108,36.0024590897554,44.7314475443953,52.7302673367435,75.5994747308982,92.8429320609181,8,31,51,59,80,99,3.46190565176416,2.18512638208079,0.205465742169184,3.1528995867621,1.37249169719103,2.85881919040877,1.79343613985432,4.3466717720317
14.4281572514211,35.7904826212312,44.4652843965035,52.3145914440989,75.0744608164548,92.512197690422,8,31,50,58,79,98,3.47360519405817,2.1269644098798,0.247033262707259,3.234787342959,1.32880203473638,2.82988938402258,1.8399249656131,4.33157324248824
14.4482046688126,35.5170991976188,44.2053145076798,51.9229017229998,74.4644083864514,92.0791404604555,8,31,50,58,79,98,3.48063472414161,2.05806064429685,0.248426971479894,3.18046215333709,1.29059414166718,2.77235715263237,1.88259872767574,4.29118159068229
14.4506383395841,35.1630289960903,43.91591559709,51.5046689543951,73.4184736234166,90.9028147847515,8,31,50,58,78,97,3.48148822450738,1.97532798626689,0.2552037230617,3.1203630013151,1.25348665708817,2.79942461135809,1.85113186864707,4.24697189477296
14.429382705192,34.7087308617547,43.60065368695,51.0628760174866,72.7017429942821,90.5476487258671,8,31,50,58,78,97,3.47403483212449,1.87632446049593,0.270092394579619,3.05534854941938,1.21730280806283,2.72622140599104,1.93878711953983,4.23764618953467
14.375751309312,34.1223483303239,43.2620877760626,50.5996199634058,71.8972249004834,90.1935774256103,8,31,50,58,78,97,3.45523943059356,1.75685014394129,0.297700448172182,2.98606396707203,1.18190466808288,2.63610688264796,2.04970399989944,4.23402426455776
14.2776092603432,33.2200137528616,42.901696613479,50.1213922631763,70.9734953404675,89.8671297928627,8,30,49,57,77,96,3.42088505164801,1.72412360725027,0.362751729984204,3.04666924341023,1.14869505114043,2.51974935519649,2.19958509728796,4.24195443719201
14.1187284707472,32.086417864641,42.5604399865165,49.6496531578389,69.9872312193536,89.6134067203747,8,30,49,57,77,96,3.36538037696767,1.5106895669025,0.468931528659845,2.97642488045633,1.1122043247892,2.38723782110407,2.38755098989429,4.26242609542063
13.8799493246424,30.8045438217761,42.2114878036677,49.1591689012729,68.8816968995367,89.4388529545888,8,30,49,57,77,95,3.28222735974568,1.29340413342257,0.60970313957218,2.90519351433668,1.07296929094227,2.23159068788284,2.83325585363351,4.46982018189298
13.5450695423825,29.4988583167284,41.7135803036092,48.5054142767777,67.5567071080845,89.2390735023909,8,30,49,57,77,95,3.1661593385814,1.1024530569573,0.744265131109275,2.80461812930518,1.03019560067048,2.06532724509803,3.14843413344648,4.54126459541005
13.1168803233282,28.4211973201334,41.2439674137109,47.9159554285824,66.4136264446579,89.3002091041435,8,30,50,58,78,97,3.01873071075805,0.981273714959382,0.74996988824379,2.5849999200085,0.997618845507562,1.93118023378654,3.27276635460377,4.49922866311027
12.6429872773847,27.5563499228305,39.511317276563,46.0199894839134,59.7407262234744,87.107201752636,8,29,49,57,75,95,2.85692194175385,1.01988009008084,0.608449978224415,2.3753862038526,0.953683440517756,1.14825694425149,4.34670064355532,4.55818350828206
12.2492849369615,31.4302893219976,40.2614184410881,46.8239760599011,57.1917963201241,76.4292966680346,8,27,45,53,69,85,2.72364447304436,2.27279278003802,0.320479749593944,3.04732272718051,0.968120400325866,0.723773716794981,2.88798948329162,2.88345748182373
12.1155280586194,27.653105385488,36.2383351731073,42.5996886261052,53.6293602180348,73.1382788920488,7,24,40,47,63,79,2.98399612782107,1.70872133162839,0.426373640114999,2.89877138576791,1.10149529939065,0.849901658456081,2.96609896496827,3.19566289841244
11.9654063805026,31.8170405794947,37.1884465639047,43.3788999860003,57.1399498882209,76.1677752658874,7,24,39,46,61,76,2.93118523601586,2.84621971651454,0.113168853750863,3.26123196985993,1.05203692624257,1.60626065979298,3.05287837971863,4.01987663522149
12.0281736025196,31.6543921261134,36.4541549196282,42.5903210424688,55.1499033023294,74.3942254563965,7,24,39,46,62,77,2.95324890640316,2.78304013375535,0.0735821543041836,3.09520004076149,1.03644206910028,1.169077495365,3.11705573154633,3.59689867813855
12.0762077443217,31.0043606311154,35.6786113341856,41.6235238881131,52.9107329653086,70.611670839151,7,24,40,47,63,78,2.97015023685083,2.58973126822729,0.0465445009590478,2.77787359032862,0.981962508574023,0.901032767422822,2.66660982093251,2.90685341514491
12.1138270876172,30.8209228143015,35.4411110950038,41.1429841243927,51.3674909281239,67.7735485688825,7,24,40,47,63,77,2.98339696675079,2.52928115402891,0.0442232635078875,2.72710541328068,0.913812045625076,0.697507957681784,2.51340086703428,2.48735884140409
12.1610884655758,30.7001926566941,35.4632192797028,40.839581873657,50.4284987244262,66.2541513664698,7,24,41,48,64,79,3.00005121968809,2.48359677191,0.0351273916648575,2.59325396510819,0.824561758312319,0.585780233789041,2.14391186940915,2.04092828789861
12.909111169862,31.6088267126791,36.7612658296182,41.3080055203402,51.1231499449862,65.7855597098159,8,25,41,48,64,79,2.94760828039615,2.52726950585413,0.0704639839132832,2.86759586487215,0.609039947541692,0.624636952523314,1.83555708754912,1.70626268441736
13.3573702575119,29.6132486245759,33.9224774404702,38.2169913567317,48.7091437816929,62.7247208526526,8,25,41,48,63,77,3.10139455272052,1.886434003512,0.0323158650778435,2.28039007587723,0.547411052672409,0.862229724044843,1.85099459360866,1.90042164716813
13.242151750667,28.3966949703239,32.1583542852965,36.9052630297374,48.1789638983463,61.2690131423383,7,24,40,47,62,76,3.38454479783062,1.61618041937862,0.01691142077154,2.06001082959933,0.659322209694989,1.02579426690566,1.60985983162624,1.96073054003163
13.8000476868249,28.3853527775372,31.7980737898566,36.7461678689135,49.0472512224595,61.1202936515211,7,24,40,47,62,76,3.58542110638244,1.48168372935958,0.0103363580767481,1.99098928638979,0.711006434613802,1.25533101172863,1.35659928121706,2.00249913128153
14.2768492693563,28.3676161553781,31.429101287639,36.5372412059007,50.2200947659051,61.1825904510063,7,24,40,47,62,76,3.75830041700902,1.36793521120527,0.00580963966491465,1.92122035214026,0.752899118847791,1.58679839822457,1.09599467629006,2.08863307405035
14.4008983850881,28.5464752965192,31.4096940562971,36.5445153279188,51.6673955814462,61.8983125090321,7,24,39,46,61,75,3.80345086904736,1.38039482565637,0.00701125235270309,2.03778032937201,0.759947587273732,1.95602817977684,0.934643539110814,2.23843529033138
14.6673041753489,28.9656254958971,32.1965471144972,40.4246552589197,56.3713797367895,66.0804831648159,8,26,41,49,64,78,3.5575989643965,1.27134579196747,0.0128242100776419,1.94763764128022,1.44013254150841,2.176747922404,0.825136221232025,2.82357274598505
14.6560741807246,28.6688709689291,31.9944120418524,40.1920292440405,58.584169229372,68.6208513652923,8,26,41,49,65,79,3.55364805244047,1.20994869130762,0.0147447092647161,1.90996207833797,1.43109400504422,2.64806661213892,0.893315134004778,3.28968632246138
14.5795515150837,28.2530334769388,34.2428999964283,41.1971051288879,59.5507711491338,70.020273894433,8,25,41,49,64,78,3.52674344670074,1.27432077225293,0.127625920348902,2.34426703649291,1.07476979344695,2.85506259568005,0.986295922516224,3.25255674438191
14.4476417096128,27.8387876263763,34.0200697798732,40.9111717355426,59.3163484165626,70.1206043241563,8,25,41,49,64,79,3.48043729604992,1.21226412753779,0.143472131083749,2.29977770335835,1.05738777275619,2.87006586962951,0.926327197031162,3.16915422973884
14.2373753286699,27.4056997302145,33.7288967005978,40.6192495991193,58.9299995303931,69.9450496570701,8,25,41,49,64,79,3.40681634158806,1.16404538092044,0.155886427022563,2.24211020189933,1.05718188849033,2.84257700776783,0.970546927527646,3.19552890710124
13.9178765031654,26.9909993416918,33.5201347651977,40.4961135834932,58.4424279978392,69.625658910679,8,26,43,51,66,81,3.29541370266975,1.01564935014702,0.135324907946808,1.96123657017303,1.08078458439412,2.73708652269217,1.00634821474438,3.17029099526851
13.4644519454349,26.6343999446006,33.2101203915474,40.4047057176461,57.7418903829916,69.0963968189187,8,26,43,51,66,81,3.13831651361118,1.03509730084144,0.139069114376457,1.90442021862024,1.14164935902992,2.56297502821233,1.04327220980485,3.12046484982596
12.8755327174027,26.5390753178451,33.2241606385542,40.8985784715269,57.2032583702072,68.7880229046592,8,26,43,51,66,80,2.93614005868738,1.13631038470742,0.148084952970411,1.90697947903321,1.27813088526036,2.27460038304994,1.23983035083489,3.20321063479099
12.1759112706626,26.7382284516604,33.0561964486037,41.4940058855345,56.537066178161,68.6122119902485,8,26,43,51,66,80,2.69892644449858,1.32904052383248,0.119074338562349,1.87645000811057,1.50264695806296,1.93499144504492,1.35710936249664,3.201401703862
11.2849689341865,25.5630240127641,32.176939206991,40.6833710085583,54.926511630129,67.2902271676032,8,26,43,51,67,82,2.40202145949567,1.26695319048153,0.142181851224368,1.71978767814566,1.52323486174219,1.5584730250873,1.26981645404181,2.79947718447472
9.99620745818473,22.4917215517858,27.1683433456994,34.3663637295642,47.7807407805932,59.5018992475055,7,24,40,47,63,78,2.25289207182226,1.0226852502839,0.0466480478463208,1.18885298597837,1.35096320919324,1.36224819912149,1.12384263399652,2.35085823081928
9.09694993421365,21.6831023601534,26.2762017107771,34.4744234457654,46.3507170894862,58.1930640115864,7,24,39,46,62,77,1.95369489191336,1.04134624005539,0.061689433125658,1.14137397592631,1.66291669694408,1.02205129627333,1.15091822808702,2.26559385999786
8.42294286258801,22.4701027575878,27.507749560482,36.6813728164973,48.5025918491138,57.6798742008536,7,24,37,44,60,72,1.73477099167447,1.35804904551587,0.162559263662398,1.54365270507264,1.9789032347647,1.01050515179103,0.977401850455984,2.30834078394319
8.2982151766511,22.6004220652362,27.9149023273385,37.1316079320954,48.716885296564,57.6014659177561,7,24,37,44,60,72,1.69481546634575,1.41620490286551,0.192553388145971,1.61667777149657,1.99309357973152,0.961575828252246,0.910513629306989,2.20689319710883
8.2463330912362,22.7014184867557,32.8597582045045,41.2005647333933,50.1641991420835,58.0317933659117,7,24,38,45,59,71,1.67824964486268,1.45144543245945,0.919123925785378,2.46010804335816,1.70843870974032,0.677546049012273,0.691076824537815,1.56634105130392
7.91011769415475,20.9061204058311,32.1719790065372,39.4133963404,47.5113752203105,55.8914229886224,7,21,33,40,52,64,1.57169621211031,1.58590361489419,1.49518882130683,3.05564497318367,1.36420863685735,0.738916107358876,0.799021712929928,1.52632263787353
9.87718904439569,19.3243614455749,27.5297455330543,34.4647394232944,40.8040970667265,47.2156254014607,8,20,31,38,48,58,1.94667731572424,1.04043244917142,0.897726605080564,2.30725794354915,1.27130007535378,0.615836637869975,0.631278301687839,1.23216708692245
8.9439231520982,17.8087069894861,25.5823936625613,32.8111388358888,39.6019592405882,46.1783557079623,8,21,33,41,52,63,1.6559376631977,0.77453522398127,0.671911299585459,1.64366132953153,1.15123695127988,0.590044848787249,0.54751373481218,1.07693263777715
8.53106670107682,17.095902808081,24.9859077511405,31.9438378948505,39.2475832268174,45.5763897738799,8,22,34,41,53,64,1.530641181915,0.603219438605769,0.695679566065367,1.42060526115447,1.2782037508706,0.579044099523617,0.499912786981607,1.07601799581423
8.22350466482947,16.9876260747178,24.2600443462098,31.4742629690347,39.5429108642409,44.9767891909175,8,22,34,41,53,65,1.4387670714855,0.6399398214907,0.573039917887163,1.29398073939759,1.35590386511638,0.732761861861903,0.267377300136525,1.00093852407553
7.61814085508365,17.3623060052335,24.1214942710054,31.5009009325325,40.3222257518581,44.6572570213179,7,21,34,41,52,64,1.48034108077965,0.832340194049476,0.388686829094657,1.27035457789512,1.40651030609159,1.04454593717582,0.1361877117815,1.06690274424818
7.76743293667042,17.5269835379079,24.3192357693575,32.420012689325,41.5138889237348,45.0763389110049,8,21,34,41,52,64,1.30502124777243,0.9671107171267,0.393896428215376,1.30412812915249,1.63194765035372,1.11167953175012,0.0709642437704577,1.10397107129191
7.88054737799367,19.1218540882019,26.2962070694479,35.0393241065023,45.6181971192092,49.480682406743,8,23,36,44,56,69,1.33790302812473,1.01881639228347,0.456238832801825,1.43745460668003,1.59472307165755,1.31769534080944,0.0649742419995278,1.21281083768263
8.00206496101742,19.0338017109854,26.2709278836222,35.0332076870153,45.8071603461477,49.6138231563441,8,23,36,44,56,69,1.37344368641701,0.97407861834815,0.466848148037578,1.43304345307922,1.60054277460549,1.36743792376823,0.0615565130146463,1.23965533345193
8.46990314981614,20.4436951402073,27.5622417631339,36.3982290431849,47.6666451738219,51.7652706651418,8,23,36,44,56,67,1.51226772970794,1.18052869597688,0.446892612797296,1.66514211943643,1.62297109513918,1.49586142812352,0.15768226866415,1.61887852888325
9.05682035232669,21.1922064193921,28.0280512444002,36.9320892702358,48.6300474587676,52.899919069514,8,22,37,45,57,68,1.69057304845763,1.37174306113723,0.259194989983392,1.63720523390396,1.64373878473914,1.6100066204253,0.177640434799029,1.75020939292872
9.50078184257504,21.4611704831286,28.167939102416,36.9391892302571,49.0769837278753,53.4565386956974,8,22,37,45,57,69,1.82823590085792,1.32936730092054,0.243828504685284,1.6627224378423,1.60326865772529,1.72922047786051,0.140647733449836,1.70778906512576
9.72648303477566,21.774850552422,28.4976721976475,36.9209178331925,49.3989716260048,53.7581385384406,8,21,35,42,54,66,1.8990730918388,1.51924853278203,0.308236186343668,1.9654168719319,1.73486820383165,1.82297624742754,0.138596104417842,1.82822521495167
9.7986706892139,22.0820727238268,28.8780691080708,37.1110056364778,49.7568092671101,54.0927977110162,8,20,35,42,54,66,1.92184544574418,1.76918229997867,0.254401546321385,2.0415849088914,1.67397739453877,1.86966932181735,0.136282803412461,1.81897886964196
9.5124152603456,22.1331337362218,28.4506517396403,36.5747365210328,49.7061195162997,54.1575578070278,7,19,33,40,52,64,2.09098388032216,1.86266753052187,0.255362169021136,2.22133260315518,1.63934454231811,2.0065076274423,0.148006461244283,1.91935788562371
11.2142388999024,24.2173988514095,30.6472015757761,39.032823133219,52.1982893365697,56.8278801651197,8,20,34,42,54,66,2.37872053439253,1.97013707153062,0.269535008279778,2.55307550080764,1.48703241009383,2.01620329668438,0.16707747146562,1.88505922303742
10.92760302332,23.4870397727972,30.5617797374472,39.046929332167,52.4076649296373,58.4688540169174,8,20,34,42,54,67,2.28472566109588,1.84559103609325,0.3578966307405,2.53429894531687,1.51684304612761,2.07197446479927,0.285976118185125,2.10711854029866
10.5721177257669,21.9781917471451,30.1592921841258,38.4850691342506,52.7985046769768,60.3236379277358,8,20,33,41,53,65,2.16915535549868,1.53218855555598,0.638039876910246,2.59353192934086,1.46917295009983,2.34925400553399,0.622149363569206,2.74824279050034
9.08586632424691,26.6932282516799,34.42543259266,41.2112322105096,59.0378264256974,63.2147265956962,7,20,31,38,51,62,1.95005579172132,3.10530080754679,0.789928767923369,3.96691997928844,1.22660075514601,3.17295820083399,0.166659059147487,2.58908696078161
9.01444835349022,17.495203338842,22.7408316973269,29.9768597353431,41.2277889288033,46.5606579395822,6,15,26,32,41,52,2.21039213562994,1.30695801030714,0.312637876163005,1.9822598593743,1.60580565885741,2.12974310602216,0.326355773730836,2.22584864783431
9.14153140183071,17.7210936321657,23.00587163322,30.1934161604147,41.9098650003381,47.2719506504037,6,15,26,32,41,52,2.25473738213446,1.33459127680106,0.318762329840761,2.04122755139854,1.58980288140847,2.27622214071944,0.331006547711915,2.32924645628513
9.25137235404716,17.9306859133236,23.2674928688164,30.4055313171909,42.5994894667782,48.0037644085331,6,15,26,32,41,52,2.29317290961519,1.36263749711559,0.326980975670821,2.09999531668224,1.5734926471947,2.4284809115797,0.337772052734572,2.43979428013044
9.35618275835557,20.6987315531641,26.0167177980668,32.9408435001963,45.5718228676426,51.0597837924193,6,16,27,33,42,53,2.32993854274381,1.92188580887169,0.323997587165097,2.58038378443521,1.50337494026402,2.56949511561277,0.351364197292885,2.51278739636322
10.7936229126096,26.8330840404972,31.8591287741643,40.1120228034979,59.5857069872736,72.5930261032493,8,20,33,41,53,66,2.24103475162543,2.87111537464875,0.161359056438867,2.9822375816202,1.44748959788684,3.96917475748074,1.7714952267524,5.25274799103463
10.6704625112762,26.53884719702,31.6169204416076,39.2744918018142,60.7774356364926,73.2120060176774,8,20,33,41,53,66,2.20101354232677,2.81837449580601,0.166777272992749,2.9257936762364,1.2732751965267,4.64727689989147,1.6195262440222,5.49084767741125
10.6579265721054,26.7593689320815,31.8329761398394,39.359918680578,61.2744265115189,73.4632377622868,8,20,33,41,53,66,2.19694767048748,2.89027499008112,0.166308552157527,2.97612659763765,1.23577806154894,4.78700483313798,1.55550285555391,5.50063006811141
10.6076361466657,26.9405094819377,31.9782547493832,39.4865453637838,61.2867005816277,73.4221260157476,8,20,33,41,53,66,2.18065107034746,2.96205293758022,0.16256946932755,3.0101232119751,1.23044656178585,4.74811213961488,1.54169285444143,5.44884566673143
10.5160906869324,27.0989700532921,32.06874342171,39.6087313992563,60.9608846714238,73.1722614227092,8,20,33,41,53,66,2.1510457022667,3.04000565311151,0.1556034651239,3.03135976035704,1.23951036972176,4.59625827086719,1.56135075313295,5.35460904094023
10.3853927795355,27.2552312265944,32.112961634237,39.7170198418282,60.4126010110691,72.7726153184726,8,20,33,41,53,66,2.10891467141135,3.12999563155044,0.144468663346104,3.041754248413,1.25788098844115,4.37524940493553,1.60002613209988,5.23234860866962
10.2533117128366,27.4174283762467,32.0979677468593,39.7995376386899,59.7245151562004,72.2542624782957,8,20,33,41,53,66,2.06650355846574,3.22283606531504,0.127751042021044,3.03822834680654,1.28596642009138,4.11832696037697,1.64451611613771,5.09458925110279
10.3350804324598,27.5844284028576,31.9788660801385,39.8351072568949,58.9229851906268,71.6032858933356,8,20,33,41,53,66,2.09273957304523,3.24982783230275,0.103090752392744,3.01026652608839,1.33082081552115,3.84247273241129,1.68426340623628,4.95007526382879
11.6638815646267,27.7889436947639,31.6792705342255,39.8030965892846,58.0098032224889,70.7837231096033,8,20,33,41,53,66,2.52754152577893,2.89758346798538,0.0667199097766769,2.94029100029168,1.40927473082759,3.55603451000491,1.7091121344659,4.80986456601582
17.1152001683055,34.0239871615258,37.5758162108663,45.5860757804069,63.9526686809017,75.8488246874297,8,21,34,42,54,66,4.43296183934995,2.89185343578938,0.0473378939915507,4.21296721043484,1.3758483161208,3.60769264470957,1.66344271192345,4.78935985253524
20.2237215755754,34.0086049538785,38.7464755636949,46.7977347519802,65.1896533544245,75.8933954977493,8,21,33,41,53,63,5.57776423219121,1.98358431188051,0.179241843481282,4.71396227484765,1.38789412750311,3.61588832154598,1.73460006444501,4.89872440545733
20.2444648947337,34.0397144157066,38.9199901397899,46.961138264029,65.706980619399,76.4081566498575,8,21,33,41,53,63,5.58550604187294,1.98645420923331,0.19588906450914,4.76038236251538,1.38492117083412,3.73079079939741,1.73385705770151,4.99344617330862
20.2653914052534,31.73280752284,34.791535132761,42.830535902553,62.7317424606828,73.4436961185427,8,20,31,39,51,61,5.59331746318449,1.5484542874577,0.0627763972683027,4.06217592856506,1.38428997720674,4.11044592314003,1.73697819052096,5.31994606895917
20.2858506660407,31.6470515126223,34.5951755739864,42.6908122742944,64.0689636840868,74.7778206124666,8,20,30,38,50,60,5.60095567286942,1.52032007642411,0.0841237227372199,4.20576726255402,1.40096012122966,4.60504768881578,1.73608125804172,5.756875810525
20.2404230839562,31.3975880838554,34.3378145901213,43.5195563759754,66.7255019830435,77.3231488602946,8,20,30,38,49,59,5.58399746342435,1.4666822545349,0.0834381369374774,4.13746329713133,1.7290763349216,5.56319895933304,1.70394531939865,6.82435220184813
18.8240786889025,31.6837316043488,37.375419911953,43.5955492786893,63.9621723055019,74.5486094341139,8,20,31,39,50,61,5.05835239707899,1.9296308079379,0.385391368714768,4.75158555563778,0.877407368500455,4.57210935781449,1.49998838587742,4.9059997414584
18.8923200599238,32.0369098659328,37.5361494602422,43.5910274397346,63.8175847265569,74.4452630964677,8,20,31,39,50,61,5.08353563666258,2.01026319205766,0.353213423756196,4.79540955485195,0.834537197248213,4.52402301678263,1.51116795262701,4.83299034845678
18.9634021457285,31.2854280810217,35.9963194329068,41.8373917816752,60.9095749596133,67.9938110392076,8,20,30,38,49,59,5.10978323251385,1.77982283247107,0.307508818966023,4.5828290042205,0.779998785741186,4.13096783642892,0.781346760203448,3.71720003788805
18.9053725601881,31.3237510295452,35.8419666555578,41.5968857181104,60.6023057853319,67.6992216533166,8,21,31,39,50,60,5.08835414710835,1.61528559014449,0.276832054354128,4.33891400763642,0.758329751912227,4.10842090254423,0.784276467461725,3.68084948444411
18.8051092970433,31.6977319360907,36.7334039453649,42.4839051984849,61.2963420342017,68.8944790387318,8,21,33,41,52,62,5.05135478105661,1.74076246414344,0.214882632709242,4.18463485559545,0.757223475159378,4.0433666681636,0.902853001418411,3.75972855352619
18.6664352813777,31.5485859096336,36.0567296861616,41.9435117391278,60.790598102147,68.2489347596017,8,22,33,41,53,63,5.00023520929328,1.55704365674769,0.207336018900758,4.01070283223701,0.79156822578768,3.76378465437371,0.869249961914544,3.58034788926691
18.4861341975257,31.1344245757456,35.2524772987188,41.2931570888037,59.9819249907362,67.2362494344558,8,22,33,41,53,64,4.93386602029351,1.49825765225835,0.159887175442155,3.80674745241745,0.83088254583601,3.71221532681328,0.685892959257342,3.34852988933999
18.6684183810242,31.0002904315787,34.6970482232784,40.7732940140926,59.0845465709172,66.4201536367648,8,22,33,41,54,65,5.0009657947243,1.4198075912049,0.115556110322944,3.66770983591326,0.840045988006779,3.32361483923325,0.703227216427738,3.11404879267276
19.0407869891362,30.7981506210377,34.0156072213748,40.105406405636,57.6674821562609,65.2978520748681,8,22,33,41,54,65,5.13837664750693,1.28072782381,0.0742607572278252,3.49922819012102,0.84354553187785,3.09136411538028,0.767337704243313,3.00914042057983
19.3836730257773,29.5579705518527,32.2471158908192,38.5500911768922,55.3801948519653,63.6953386463706,8,22,33,41,54,65,5.26529986340592,0.922528453430733,0.0402565744385803,3.07335832352028,0.899126295772832,2.86802324612535,0.923369792305703,3.04850608948001
17.5315895693412,25.0301556538762,27.514969148864,35.0530240983414,51.0963763972814,60.4522674651107,8,22,33,41,53,64,4.58437318538814,0.422105383772397,0.0302912656925594,2.02605415941248,1.23895715402599,2.87231741099298,1.17739122722415,3.58641012638709
9.38629509619951,16.8700784598274,20.3760643579047,28.376023200989,43.6691744881655,53.1417005156684,8,20,32,40,51,62,1.79251902975775,0.614009760787014,0.0671096993492995,0.860149928470919,1.37282582663746,2.89245523013989,1.20699931591702,3.72701315430892
9.01506814475902,15.999208068962,19.6869284476456,27.2793683142427,42.6849933687049,55.0023132049252,8,21,33,41,53,65,1.6777459323036,0.424717837807204,0.0799607866369069,0.685915056357986,1.25454478360445,2.67678483867977,1.77852544957482,4.00766768944782
8.95554765435519,15.9339638645727,19.7728639759849,27.2292969032897,42.3291418705242,54.5254272890574,8,22,35,43,56,69,1.65949671473431,0.343966963248484,0.0635168493270993,0.562057590528547,1.21565350994907,2.35582234412077,1.55743910718436,3.5062857842272
8.93289253491212,15.8334819493045,19.7719729208734,27.1446234556591,42.1131058122486,53.9706840644659,8,22,35,43,56,69,1.65256197917703,0.332896352626464,0.0698045148993247,0.561954081579949,1.19184793639578,2.31792805829354,1.47039609686962,3.37224487627097
8.92268167006397,15.7609716414331,19.7669602461532,27.0936482313409,41.9073045562277,53.3669141806723,8,22,35,43,56,69,1.64943850114908,0.324154282259289,0.0742656277996763,0.561371962149609,1.17883851411807,2.27345903902881,1.37002012501907,3.22914777803194
8.92051018077795,15.7157827602822,19.755734561491,27.0672590428498,41.6841542623421,52.7125876417739,8,22,35,43,56,69,1.648774414163,0.318180605323775,0.0765715302426091,0.560069408981573,1.17455445683249,2.21725370789949,1.26370784762505,3.07761571062676
8.92516709785021,15.6979045674358,19.7419412417782,27.0645497747306,41.451088855507,52.032259688874,8,22,35,43,56,69,1.6501986686752,0.315071777269055,0.0768516317469213,0.558470970216117,1.17768558415916,2.15190035127629,1.15627439182259,2.92300648628574
8.93480550768088,15.7004332168915,19.722409866832,27.0807884782761,41.3560506748186,52.519691197649,8,22,35,43,57,70,1.65314729595664,0.314093891468157,0.0753460155942999,0.556211437575113,1.18780452192787,1.92031792634125,1.29676308568041,2.88304632042511
8.94655917136604,15.7133934185057,19.6906868938156,27.1085576601326,41.2046119443455,51.9452162411751,8,22,35,43,57,70,1.65674458237535,0.314259740806122,0.0723493317131435,0.55255114484168,1.20468204275772,1.87240316671246,1.19422696329372,2.76076004323394
8.95711983707413,15.727559515454,20.4069884432512,27.9236832775973,41.9225144445571,52.2583460613072,8,22,36,44,58,71,1.65997819446803,0.314755581637132,0.0929122400531882,0.573367009803383,1.23284813436539,1.84654839557934,1.09864108396324,2.67105662816647
8.96332593916657,15.7378462022534,20.5075130978295,28.1233534176379,42.0370242649489,52.0195628980822,8,22,36,44,58,71,1.66187910485557,0.315317206384766,0.0996170900016414,0.585065279840106,1.26126643474967,1.8239834339382,1.01734677921193,2.59632921859471
8.96262244486811,15.745336607194,20.6051422537755,28.3350258345398,42.207703517163,51.8950195553724,8,22,36,44,58,71,1.66166360290735,0.316446363990642,0.106580952754368,0.596537746497056,1.29414953647031,1.81314897928137,0.951021384632146,2.54778531501834
8.95323135294611,15.7574603916414,20.7066046474018,28.5634749121933,41.6837973674591,50.6156234850504,8,22,36,44,56,69,1.65878740457904,0.319420120770372,0.113745507497786,0.608576211668552,1.3310040025349,2.00336373889553,0.788437730411768,2.5378105242069
8.93429444120762,15.7868957712252,20.834755725677,28.8273785148658,41.9465715278228,50.7439571586976,8,22,36,44,56,69,1.65299091932488,0.326153023714662,0.121965457321192,0.623948778736156,1.37067420331081,2.0030427713945,0.760649174485406,2.53785103122384
8.90589239789913,15.8558792528587,21.0200047789606,29.1545844971263,42.2822819526748,50.9571097310921,8,22,36,44,56,69,1.64430550861048,0.33990379526523,0.132054055642231,0.646499042814872,1.41244961116929,2.00545989925774,0.735633585853595,2.54404368033248
8.86921047459256,16.0019726791086,20.5093251917112,28.8023385750639,41.9151240221331,50.2193334285068,8,22,35,43,55,68,1.63310290621909,0.366407861070015,0.112477203999683,0.650788866346451,1.45941630323486,2.00122209804539,0.661885035772502,2.4937901337093
8.82693475732884,16.2920389229492,21.2569511789291,29.6843219184789,42.7933409555221,51.0029644424056,8,22,35,43,55,68,1.62021282127862,0.416866800742217,0.155111367822465,0.747213455267488,1.49952074450231,2.00015208730846,0.643534905916915,2.50173527211336
8.797351278771,16.0325122065379,21.6474207442484,30.1190901905235,43.3605866474473,51.3299584622968,8,21,34,42,54,67,1.61120603726654,0.466514464285407,0.227992524211534,0.879796447069652,1.51279761852883,2.03787352237549,0.597818604815821,2.48773396393627
8.77886215111618,15.7630159299072,21.4822781482366,29.9356689327639,43.2960746728692,50.5934715817004,8,20,33,41,52,64,1.6055825862566,0.518934952654331,0.240988476111831,0.940077772048382,1.50731605782547,2.29560733598437,0.577825418693328,2.66280142532375
8.79450177931757,15.7740066977146,20.9857411065995,29.3212135749218,42.7179322178087,49.8199406863132,8,20,32,40,51,62,1.61033908215971,0.518079624107363,0.237424601117015,0.95218446775102,1.47206303278578,2.30653850552602,0.653824534057789,2.75765355609148
8.94588332330174,15.7122197170781,21.3043266352481,29.5907167476784,42.8556742734657,49.6485417901173,8,20,33,41,52,63,1.65653768849189,0.479463916785524,0.225199456107821,0.913293919203799,1.45744578013884,2.2669309484505,0.590456570838519,2.64323464788678
9.58157398647517,15.6783434023259,21.633176218866,29.863789917856,43.0655448936209,49.5277250459997,8,20,33,41,52,63,1.85352887449861,0.366264779524593,0.271593559470364,0.963054009229433,1.44087585737916,2.24798754493164,0.525349749258973,2.53960120591502
9.72599292917183,15.919246805826,20.5647609448141,28.7808318683891,41.4424422454079,47.2375175053244,8,20,31,39,50,61,1.89891867246008,0.381785610434411,0.225447634562968,0.976787726954838,1.43656273123245,2.08760492813639,0.403155947281668,2.26494114860542
9.51659930442702,15.0813141875801,20.3609835100816,28.6425894485688,40.7085242977304,46.4242278075984,8,20,31,39,50,61,1.83318206772353,0.285787345776458,0.317960222999495,0.94480297725749,1.45602279751535,1.91404762126146,0.389488416899335,2.13188889772127
9.28064302554189,14.1416145352801,20.1777225647037,28.53688634669,40.0147829406582,45.5280979136416,8,20,31,39,50,61,1.75969033780747,0.193589580012461,0.445826491117163,0.916430567943945,1.4791305131468,1.74640602960812,0.355526939170845,1.9798075778754
9.03951842901347,13.4274939453646,19.9253162960767,28.2633836262803,39.2329175300285,44.6018217520908,8,19,30,38,49,60,1.68525499007197,0.192083370914059,0.53222891254732,0.967422199636582,1.47283674145293,1.60468120065376,0.332096007582514,1.83970036438319
8.82039603452677,13.5624210982021,20.1098818287255,28.3639727139608,39.0029676327816,44.2421803765469,8,19,31,39,50,61,1.61822113563329,0.238595172110313,0.441076352727669,0.906022552666955,1.44784507308488,1.51423951021183,0.311639157477456,1.72925383701019
7.54660031889695,13.3694958109884,19.5495678584492,27.9916304662849,39.0125573015479,43.2465805174542,7,18,30,37,48,58,1.45813263203425,0.407992098781723,0.379648908362495,0.908251320380825,1.74091190398652,1.61886694814141,0.234169269149225,1.90508806392694
7.22087492898305,15.6780295613966,20.9883340972992,29.8117217687784,42.2778857319093,46.1508449793618,7,18,28,35,46,56,1.35793525900965,0.956889418211164,0.41135938874796,1.3607246630747,1.86424739809362,2.03026327748538,0.184661689538688,2.22563081641895
6.80716875512529,16.7419140075318,21.4037592805068,30.4892084097596,42.9691582422318,47.29591456936,6,16,26,32,42,52,1.46529130549139,1.51553593005341,0.299569463726416,1.69390026836719,2.23515111812658,2.26583768233724,0.247742918437389,2.7182248895312
6.82713437561979,16.790199057058,21.3400872460919,30.69523276145,43.0495492340513,47.816837997944,6,16,26,32,42,52,1.47177953784068,1.52347017823548,0.281779587332977,1.68056388112962,2.32957426958814,2.22723749122923,0.316746480422499,2.86247707420276
7.03110834621731,17.0238345869666,21.3989770874878,30.9930794380412,43.2846490039273,48.4527459454764,6,16,26,32,42,52,1.53836886335685,1.53179178749983,0.254960223438673,1.69289732693221,2.41371500320094,2.20801288943432,0.385620282768682,3.00700794005497
7.29480586603101,17.2651792529548,21.4190224425497,31.1936735841773,43.3674602808224,48.9074020363377,6,16,26,32,42,52,1.62524483722185,1.52551957523195,0.222710855103442,1.69710272111462,2.4775757182576,2.17202483405279,0.454286844421227,3.1172297584158
7.53038806292993,17.4026104156056,21.3474457595262,31.2366711373147,43.2184313354279,49.0814231428013,6,16,26,32,42,52,1.70357079191606,1.49805659144009,0.194082784131258,1.68210325338497,2.51822478507533,2.1136328444899,0.517392295213179,3.18001920146015
7.76259876059861,17.5636741772784,21.4388805176261,31.422435398455,43.6623413318463,49.6383804110038,7,18,28,35,46,56,1.52539817769066,1.29153898026565,0.184952884705683,1.44655860767756,2.24863119391551,1.96436096770633,0.540190698955672,2.9393893852731
7.71172023875101,17.4739697009194,21.3202655020662,31.3064404142228,43.5372019223314,49.5064138438836,7,18,28,35,46,56,1.50949684425679,1.28146310783596,0.181222993685899,1.42376851779878,2.24951340118435,1.96170848939753,0.538803646698726,2.93611896634226
7.67308131528798,17.4070171633685,21.2391516824489,31.1436137314545,42.2183669358244,48.3206278516321,7,18,28,34,44,54,1.49744403349753,1.2741295770009,0.179409106606129,1.40826252134099,2.52363761273882,1.84282092561026,0.566067305262469,3.0140003600195
7.59235500602398,17.2831902487057,21.0458839485456,30.9317520841151,41.9910862623069,48.0598859904461,7,17,27,33,43,53,1.47232819137549,1.44764476646365,0.170640367365404,1.49165855409453,2.51703234750344,1.83829240012316,0.559164786879545,2.99698037669259
12.9239971282686,20.886062747193,23.8652066011149,33.9905505064107,43.9984278384909,49.9094318453452,7,19,29,36,47,57,3.27071121751427,0.710554294514268,0.0868457882798379,1.80486327328115,2.29645854678248,1.34558201210956,0.52703084330171,2.42632547097824
12.8730938455004,20.9516487799084,24.1050154807739,34.175366942383,44.1929627414217,50.0408462754883,7,19,30,37,48,58,3.2525490830994,0.734838509540999,0.0694919546683206,1.72378203581787,2.27788847016822,1.3481370418834,0.514372880767967,2.40135076957657
12.8096696640826,20.9269838048175,24.1370268279391,34.2037983400912,44.1176259086242,49.922694232532,7,19,30,37,48,58,3.22993950368315,0.742983063268808,0.0736999986659352,1.73020276634662,2.27668046908154,1.32092655329761,0.505851825750273,2.36689029000079
12.9042610332448,34.6003119531492,36.9571408334498,45.0367460737501,59.0387002488601,64.300752854739,7,22,34,41,54,65,3.26366775280412,3.86382448341078,0.0146338439053322,4.05491047622869,1.62523451592256,2.04390462977673,0.315200962039928,2.26653428596934
13.1820739358886,35.191540100653,38.521060179881,46.7080927833774,63.1274905497893,67.3507274316947,7,22,34,41,55,67,3.3630080977188,3.96171318202451,0.055863396255882,4.45771255761711,1.65935476832533,2.51723845833451,0.125321302331473,2.30219867333297
12.9767653559928,37.89065025257,41.1492008319828,49.0012801766513,65.9017245207471,69.7279658774355,8,24,36,43,57,69,2.97073682656148,4.6122729752022,0.0516804009674079,4.75742102520879,1.55344724904778,2.6565627373755,0.0906236490625482,2.24855511978126
13.1105722202829,37.5671177193161,40.3430916248873,49.3933537451842,66.1620419983237,70.414676304391,8,25,39,47,62,76,3.0165672939741,4.20622851720272,0.0103037984777388,4.00486198368228,1.68855683197891,2.40310278365097,0.0648055394211518,2.0246402742797
11.7655414885353,37.5347172639509,40.3770163432341,49.5567935605847,66.1391766968826,70.3988701418841,8,25,39,47,62,76,2.561411017808,4.61444295783418,0.0115186635591678,4.01311064934155,1.72846938098724,2.35128742419084,0.0652223117421755,2.01485014654111
10.4265113217013,37.3587152820451,40.2898588197719,49.4648750648284,65.6977694049948,69.9588589379818,8,24,38,46,61,75,2.12215198453428,5.2630677866902,0.0132981535805923,4.16692777901264,1.72699866618774,2.2548856982382,0.0653049270934187,1.94588944099834
9.34756426546922,36.0285369711846,38.6075299094397,47.3649942263514,64.0103553043448,67.8993969818601,8,23,36,44,59,72,1.78046956485056,5.47410021629816,0.0125354944900955,4.10618539678502,1.59907987774922,2.36877026565021,0.0666387272551471,1.99648679322615
8.72043572459032,36.5129902505489,39.2664156786007,47.8841782386401,65.1700156036324,69.07839965362,8,23,37,45,60,73,1.587840863149,5.84660393421601,0.00991216813236018,4.0910316971952,1.55676976175773,2.54842874915605,0.0678667411381862,2.10041659091158
8.44367364101555,36.9579922895062,39.9534470979943,48.5120127726357,66.6177827814251,70.7891533881437,8,23,37,45,60,74,1.50440383686757,6.09069434422323,0.0146992673567644,4.26278870141223,1.53891811559656,2.78312426807259,0.0601230802371213,2.17722282120162
8.90612634767559,37.0479127634055,40.7154104646209,49.4199046829226,67.2508834800011,71.4622298254628,8,23,37,45,60,74,1.64437701019596,5.96449816851344,0.0357284005285642,4.45564861047969,1.58300767266328,2.70390392793632,0.0624000111360763,2.1592681572206
10.7741581474259,22.3565049149467,28.7378068050454,35.3890512200663,46.6926287707031,50.1307187912959,8,21,33,41,54,65,2.23470055283565,1.40075233796451,0.412817635098362,2.28250826706201,0.992008811604401,1.33124786984947,0.0920406399300601,1.01589593390682
8.90135402678101,20.9254646860672,24.8027989704566,31.6463170159834,42.3322533762532,46.8847783312039,8,21,32,40,52,63,1.6429185900146,1.51301181917548,0.133655263033328,1.61399719090736,1.04432993734252,1.34492840061183,0.21310933021806,1.22879638955154
8.6879846105884,20.4625149713777,24.9641182925163,31.6600151780836,41.9820063531868,46.2620465494056,8,21,32,40,51,62,1.5780056956519,1.44927728141432,0.206491558907349,1.64492252960192,1.00409543648837,1.42884150160386,0.178862351216762,1.19671169310219
8.65396167954318,19.4781507149177,23.1908237386461,29.8868585907121,40.0452240946004,44.1784923543854,8,20,31,39,50,61,1.56770876701836,1.38033400205654,0.117096123690752,1.42753483233202,1.00413284233676,1.38529744555054,0.16162473026464,1.14313599610679
9.162431723756,18.8768606451876,22.6237737473414,29.0925760394023,39.0984550580709,43.0437907098191,8,20,31,39,50,61,1.72311246271288,1.10407407132437,0.120445615351365,1.32443331748276,0.943039727943893,1.34505681498699,0.140824097907334,1.04772773608658
10.8676021295391,18.4375959121096,23.0798896229767,28.6334221905435,37.3303010578634,40.8708883471067,8,18,29,36,46,55,2.26513976301497,0.896056429782171,0.225014896563632,1.64549254835781,0.872841421216922,1.17984669560335,0.201578515717864,1.001616307567
10.1165374251553,18.35082772113,23.2578980803422,28.7465518973512,35.9101180724417,39.3948085080534,8,19,30,37,46,55,2.02276505936063,0.904457346878728,0.261870662693567,1.55708607244634,0.855077505054536,0.954070705143082,0.19361145983112,0.823211469745083
9.44514346593421,17.9612923159661,23.0679806980816,28.5274547007722,35.4390631286768,38.8703056058483,8,19,29,36,45,54,1.81085978371738,0.970925411744,0.374711427514687,1.64311705523529,0.847119481580225,0.890238691227898,0.186129452872411,0.770134299318152
8.9586874927868,16.2700357802609,21.7854743224426,28.799063129878,33.9540453267986,37.4011132360644,8,18,28,36,45,54,1.66045831804647,0.834354920114156,0.449627977754332,1.51392566784047,1.09119454516716,0.486809627437449,0.188330853418699,0.65803500033599
8.5926819185433,15.0838462510902,19.7900016076845,27.2818456836584,31.8071272202015,35.7997733153007,8,17,26,34,43,52,1.54920070874074,0.786728006220163,0.397813221927708,1.36782348079943,1.22575018480672,0.363893476785478,0.271135842886265,0.715623100363886
8.60935337947838,14.4813042424028,19.2143070962321,26.9977820269351,31.4499190163232,35.4701888574405,8,17,26,34,43,52,1.55423104609282,0.641808159714741,0.402946494175054,1.25784126527971,1.30967259006573,0.350512154388865,0.275670038889085,0.752669029661204
10.362449576539,13.934032338873,18.6007238313274,24.3106702826319,30.2907779367793,33.9164441934132,8,17,26,33,42,50,2.10153556693779,0.20605837543075,0.39031337520299,1.14456079295579,0.916055754884838,0.666428839274731,0.292621803536029,0.783316711827295
12.1410545822492,13.9284531772515,18.5062615022853,24.2407681848185,30.3599924139835,34.0109825851938,8,18,27,34,43,51,2.68719757511556,0.0156989241134118,0.373623403438329,1.02303615373087,0.922890035343985,0.698540036453517,0.297199744071638,0.813861584228118
12.1029946724438,13.5388128377571,18.45877675577,24.2507522466242,30.4072394459724,34.0259057400189,8,18,28,35,44,52,2.67440094100956,0.00687893579682732,0.342325134150862,0.918329057077182,0.938932259464675,0.707223962043955,0.291361316646111,0.824055981466334
11.9778610749919,13.2835594531545,18.2575559453687,24.0731138080989,30.5792440628058,34.2519655222433,8,18,28,35,45,54,2.63240300080752,0.00473737994305562,0.35157377171086,0.886242108949013,0.945535526028664,0.651720209683726,0.220979744193516,0.713338132822693
8.29344480664026,10.646712398788,15.6722967374864,21.7402211321766,28.0512807254904,31.6328475167684,7,17,27,34,43,52,1.69329095814609,0.0410062221056589,0.36049795997615,0.589684338278842,1.01691980541061,0.743610571197851,0.207510750050159,0.795045481555542
8.27859960553249,10.7783956001367,15.816336621711,22.051728158451,28.1870611822036,31.7222822187163,7,17,27,34,43,52,1.68854848302335,0.0500222526908194,0.362649064686245,0.609132580150266,1.06498879058204,0.702289857413965,0.200807394056901,0.786409840334805
8.36120457935047,10.9573113243982,16.0086833010305,22.6872647070514,28.3966496041954,31.8605946978095,7,17,27,34,43,52,1.71497079963245,0.0565185909660697,0.36499307789272,0.635558484250615,1.19470446294509,0.60538649086227,0.190691509848635,0.777904458693163
8.43270742486534,14.7404625333764,19.9461496826539,27.3848298082224,32.420146646208,35.717964564824,8,19,29,36,45,54,1.50111880673159,0.495942372784425,0.392359682253394,1.06695191466133,1.42476599758644,0.462436078602864,0.168042314572771,0.765370165727766
8.18657644369358,17.2310667582153,22.0103642081187,29.26886675344,34.2970996254879,37.8017323649731,8,19,29,36,45,55,1.42782441181136,1.09942107169082,0.318728293710833,1.43728167799773,1.36943102459169,0.461007545706141,0.139919683356693,0.68344394049874
8.29350291263526,17.47963908442,22.0899483715264,29.5476230583951,34.516698173401,37.8423883454352,8,19,29,36,45,54,1.45956196989878,1.13468921416343,0.291322483503271,1.4524095385277,1.43062678185123,0.449141459674864,0.17175022648517,0.76235142404943
8.62765548009662,18.1854383637103,35.5693755216757,45.0221907974043,51.9420404271032,60.8695448598133,8,19,29,36,47,57,1.55975760159254,1.22877751628673,3.86398001572572,4.67473949655588,2.07118649913598,0.616201043427053,1.24064007184687,2.25659013096255
9.05386441647128,13.564394217629,35.0255351911157,44.8456457536079,51.9342039160897,60.3717970999536,7,18,29,36,47,57,1.93955558467668,0.207644493660084,4.95060901322618,4.52523340246373,2.19371539151234,0.651019085201791,1.11254128386368,2.26698775476418
9.6880917791981,14.6415276545204,34.3342692078436,44.5143631197669,50.9440234108134,59.0067273032385,7,18,29,36,46,55,2.14953169484667,0.268586025883914,4.341526015471,4.33704514500077,2.31497212394259,0.635178775075081,1.19173173644994,2.4246963981047
8.7363985430549,13.6649917823706,32.3774393942451,40.2790265832662,46.9768598161342,55.8517339181138,7,18,30,37,48,59,1.83597030413641,0.264978400293161,3.7199200060721,3.62754075241971,1.5690112379015,0.571455286887475,1.05763501346227,1.72486805409121
8.63536149222014,13.5838847199943,32.2003066451364,40.1074606196655,46.7037762753001,55.7458148032183,7,18,30,37,48,59,1.80323030941441,0.26787087369245,3.68869485164046,3.58240824487743,1.57076327581212,0.551414475964923,1.09881356479281,1.7393439581463
8.6265916096215,13.6036473150113,32.1120106949898,40.0308138184916,46.5506213283109,55.6577422674608,7,18,31,38,49,60,1.80039383942637,0.272036407804362,3.38530216850361,3.38024097893048,1.57443091165295,0.536489118374453,1.1149740600306,1.73938944109095
8.61818158365365,13.6232422012731,32.0139171257032,39.9499974189748,46.3855840537444,55.5560886080168,7,18,31,38,49,60,1.79767456309956,0.276152927487438,3.34844232698073,3.3559762146958,1.57987369358918,0.520239277297534,1.13078074705914,1.73866472499028
8.55665275401845,13.5608423999769,31.8569680763347,39.9928800206505,46.5202228846709,55.4714857442777,7,18,31,38,49,60,1.7778040627214,0.276024484269162,3.31889053321944,3.31726114886183,1.64310052602432,0.53795225373299,1.07639287029679,1.75341330879541
8.57506635323441,13.5638563262545,31.7065177665591,39.8030937376214,46.6926653152667,55.5516896860112,7,18,31,38,49,60,1.78374620766364,0.273757891079723,3.27104146555178,3.28027532349671,1.63061516785997,0.610025961618249,1.05375564483235,1.80073196082607
8.63744095957765,14.0144384037033,31.6676580157969,39.7694210237277,47.2642211989938,56.5245789613649,8,19,32,40,51,63,1.56271425154111,0.33339111935546,3.119427101728,3.10079332390691,1.40276613129827,0.737611743188573,0.996667671813582,1.74723340928344
8.72913360858248,14.1104370713694,31.803102997774,39.9230501989598,47.439766849809,56.7035714685888,8,19,32,40,51,63,1.59047928922441,0.334081066321276,3.13158939503634,3.13320398414126,1.40812995877502,0.742389937054978,0.997469658316921,1.75590905236347
8.83513377268662,14.2309897564857,32.0076503491278,40.1413490540098,47.6693674491276,56.8860620855433,8,19,32,40,51,63,1.6227109902517,0.336417308828121,3.15752076560915,3.18234592902648,1.41218944065829,0.744858074789659,0.986526621557243,1.75151289438895
8.96258791995094,14.3865185194355,32.2444562802052,40.37722989639,47.9084942374228,57.0456377583023,8,19,32,40,51,63,1.66165302701934,0.340943997255322,3.18265652970617,3.23952901813387,1.41191626635037,0.745567463341447,0.968137330365071,1.73615180347
9.11744685715882,15.0103243251787,32.8729646688785,41.0741165412843,48.5982904452454,57.6791881986356,8,20,33,41,52,64,1.70923611236873,0.334385389230726,3.18411214736546,3.22212986542067,1.4321411234792,0.744018177086136,0.95520381253203,1.73715315564501
9.31090895478938,15.2488828037545,33.0543718867088,41.2067731275477,48.7381982006038,57.7858912591295,8,20,33,41,52,64,1.7690816081758,0.341327402399347,3.16643139811148,3.26565630758863,1.41771485239942,0.745602596719095,0.947595362960296,1.72233857654403
9.55017633848177,15.5167631700503,33.1995785050857,41.28090039428,48.8351363175824,57.8781452319511,8,20,33,41,52,64,1.84369089474358,0.345764335137257,3.1285512588565,3.30062543401214,1.39674229975618,0.7505944387937,0.946523661378978,1.71186576973172
9.8375340047925,15.8076083072725,33.3276265671175,41.3146343566278,48.9017767376155,57.9664224659523,8,20,33,41,52,64,1.93412810873547,0.346306836091801,3.0784331569732,3.33155647725683,1.36902789448086,0.757815670134624,0.951477359122415,1.70401547668964
10.1522372548341,16.0880244553786,33.4434399004612,41.3235880779407,48.930529761105,58.0361913031978,8,20,33,41,52,64,2.03416350882374,0.340989355094384,3.02793767512799,3.35960755216397,1.33778663868341,0.762171962290962,0.960891132530743,1.6949434447889
10.4445225514703,17.1066222248774,34.2281695619161,41.9621753356969,49.5318259090286,58.7260455797815,8,21,34,42,53,65,2.12795540705828,0.373564148846747,2.95650825940129,3.37933416523613,1.29534196512657,0.753974191590747,0.981319812567324,1.67630680094691
10.6553409222873,17.1985641754362,34.4747429702145,42.1826790909552,49.4408816454649,58.5827286392042,8,21,34,42,53,64,2.19610922642066,0.355407124423348,3.00369501411022,3.43885062985317,1.28780526674862,0.68671653958181,1.12362582159958,1.72437742077524
10.7796192272723,17.6111714733259,34.6293306203291,42.2264655881031,49.6526295205242,59.0331336159278,8,21,34,42,53,64,2.23647734816697,0.400127578872562,2.92505061121044,3.47632469936092,1.25589271974951,0.722716916992285,1.18362130106596,1.78404753632219
10.9081839253325,17.9843684440264,34.6924117988771,42.1719024747455,49.81561209061,59.4344836937492,8,21,34,42,53,64,2.27838328759069,0.439852235898761,2.83114312690718,3.4916516786057,1.22222554592814,0.770284313127753,1.24445153779703,1.85317214206499
11.038793492976,18.2905068268154,34.6443982643202,42.0095181511145,49.9046212274079,59.7321683607823,8,21,34,42,53,64,2.32110420348572,0.469328031469873,2.72475024040893,3.4799838662864,1.18971398057819,0.826522825646178,1.29842164381389,1.92477699956305
11.1701894653507,18.5273917311471,34.5060554048567,41.7666589308187,49.9144219941629,59.9159851438119,8,21,34,42,53,64,2.36423022093635,0.487422904231725,2.61305130465829,3.44643122524505,1.16019689672318,0.884358425325176,1.34392271394641,1.9923629732393
11.3015493092554,18.7097277495786,34.3236310936752,41.4947204908167,49.8576795680291,60.0097461568678,8,21,34,42,53,64,2.40748960928646,0.496267685780072,2.5055206742806,3.40233856527841,1.13506666286281,0.934613270486921,1.38362864963276,2.05094878128265
11.4322897736061,18.8494361322287,34.142966657044,41.2418250117321,49.7525726605279,60.0424830168168,8,21,34,42,53,64,2.45068628623228,0.497830419949684,2.41196529802216,3.35884219932483,1.11489134346822,0.969637664817143,1.42027491098517,2.09661718825605
11.5714419648291,18.8959040499344,34.0282257849046,41.1070581762351,49.6319087696115,60.3086832431903,8,21,35,43,54,65,2.49681385420847,0.481776680029365,2.15388937175805,3.16663866810675,1.10931424451089,0.973001203181723,1.52450580165924,2.1789918950894
11.7319975590807,18.8266450060397,33.8214988304585,40.8722460903744,49.4133064293113,60.0268693190685,8,21,34,42,53,64,2.55022653263463,0.44291490528539,2.32552343403137,3.2818719276672,1.10150488165923,0.976871744696312,1.50733905328932,2.16266957429238
11.8922475289007,18.7278654249505,33.5142650177467,40.5630521890883,49.1488628656428,59.8455173916082,8,21,33,41,52,63,2.603735970559,0.400774609613866,2.48989420241091,3.3767971679101,1.10096039064833,0.987582229559872,1.52991549717294,2.19005722955183
12.0516208865812,18.624624862853,33.348829954834,40.4129574644933,48.934026587051,59.6980485461088,8,21,33,41,52,63,2.65714466260499,0.359918311316627,2.47129310043718,3.33668679292436,1.10522362384645,0.97209896561991,1.54828526614039,2.19397559498789
12.2094670191609,18.5438713858203,33.7935492613173,41.0511079601724,49.4302527580937,60.4104043750898,8,21,34,42,52,64,2.71022585936846,0.324490313385535,2.39922597416668,3.27520584200563,1.15933979947479,1.09752680387738,1.42059216545432,2.25262533777184
12.3780621693871,18.5672232597795,33.4924827152691,40.5819798121053,48.8004242299956,59.7129743098692,8,20,33,41,51,63,2.76711961700089,0.381121645361973,2.30549237017884,3.37150766340677,1.11228339879227,1.05655298881505,1.40310154789411,2.16595322975418
12.5469109868534,18.7655772147026,33.8474438121131,40.9501311278358,49.1084759128397,60.2018814845388,8,20,33,41,51,63,2.82429895243546,0.385919208842301,2.35062728497812,3.45801560917169,1.11595850286298,1.04134728570683,1.45003266830711,2.19511430168865
12.7137654729291,19.2433936095319,34.4039671455704,41.5301430279942,49.7857817106918,61.1502486476258,8,20,33,41,51,63,2.88099484658821,0.438006557464174,2.37339110765871,3.59495980854196,1.12251067098081,1.06599584537978,1.52118305504986,2.28117386952676
12.8775747491817,19.8678849622417,34.7891029301134,41.9606349919129,50.5705130792644,62.3041492846227,8,20,33,41,51,63,2.93683727400726,0.520068509808703,2.30433042874985,3.69064854106052,1.13519059144508,1.15713761972992,1.61959076896168,2.45318658482794
13.0374268553979,20.3868676526852,34.500563930766,41.7183117746913,51.0795145861557,63.2261203642459,8,20,32,40,50,61,2.99149993824455,0.587844956647133,2.29043640732035,3.7992530138619,1.14814812312276,1.35720370152193,1.93733865823582,2.89690412681457
13.1000738862402,20.5114641228337,34.5089910675331,41.7387593528833,48.7526148251439,59.7012350307579,8,20,32,40,49,60,3.01296736119882,0.599856772053937,2.2563904050869,3.80139216410531,1.15152442064542,0.915985612538877,1.59891787177457,2.23230582241434
13.0848101789541,19.0893338677774,32.6153898223021,39.9767305158552,47.0730254430451,58.1417848506478,8,19,31,39,48,59,3.00773460468561,0.440136996402417,2.11948342470897,3.50556710274233,1.18864343367275,0.936901429647026,1.63209921146205,2.30777243451608
13.0662296523916,19.1203664421964,33.294303137231,40.5988184638138,47.8729786139598,59.138729660288,8,19,31,39,48,59,3.00136676349086,0.449087173719908,2.30813855110815,3.67669001937265,1.17257552864883,0.982492256207155,1.68688744518355,2.38035554155576
13.043588938572,18.9746968484377,32.3771041104516,39.7434188575107,47.086442831869,58.4207743589943,8,18,30,38,47,58,2.99361040567965,0.531086162491675,2.08392491606334,3.62745517099196,1.1900525035733,1.00031015322535,1.7060703351942,2.42619738522184
13.0160386645948,18.9157717021455,32.3320438158579,39.7087317917337,47.2237667860644,58.6797841943605,8,18,30,38,47,58,2.98417652884603,0.52476228763707,2.08790477446939,3.61595876042851,1.1929924181617,1.04521105667949,1.74024343828338,2.49669615118786
12.9459380272869,29.3316696454688,34.6145765747895,41.2227397737712,48.6886224888858,60.03824499599,7,18,30,37,46,57,3.27854403704135,3.24189024112789,0.246839773291774,4.21092861195207,1.17386167437919,1.03232383076022,1.71035499713328,2.44039270063637
12.8776805397743,31.4689204488924,36.0665867213008,42.4866244622354,54.9157402732274,62.0453533373186,7,18,30,37,47,58,3.25418501818474,3.96902291680671,0.163573281534556,4.60196301916364,1.11860320692212,2.25020191816758,0.659595771395175,2.4112334791346
12.8098755129935,31.6224434749283,35.9601289689214,42.4767992506684,52.7633991983577,60.3416413977292,7,18,29,36,45,56,3.23001284907829,4.04341080989808,0.185866467343708,4.78292851530594,1.14690919579225,1.8330850559238,0.755860213722404,2.20051361489847
12.7428869378379,31.6966795806126,35.9403116224925,42.5311466800764,52.836937792322,60.253441362342,7,18,29,36,45,56,3.20615681992108,4.09099999010128,0.174506266919914,4.77742641818013,1.16874586311979,1.8388929363073,0.720628976325768,2.18505715488885
12.6770339618612,31.7340209661328,35.9001769602455,42.5749191265192,52.7569881372417,59.4458509316559,7,18,29,36,45,55,3.18272972906535,4.12583400530589,0.165412272082299,4.76628836331964,1.19356591961375,1.80152295036212,0.691835591732225,2.1630823537065
12.6125830735182,31.7435913293454,35.8532032543925,42.6205834339843,52.6223945482655,59.2135188415279,7,18,29,36,45,55,3.15982519677796,4.15085135987785,0.158927304535221,4.75326079200771,1.22110749412572,1.74738811539852,0.670277010873459,2.1209779226093
12.5496231545082,31.5743255348328,35.3238712186766,42.1434584187239,51.868363452015,58.3643041980421,7,17,29,36,45,55,3.13747343724233,4.42936998073438,0.0846271572434509,4.60709271148673,1.23669186520097,1.66497179784061,0.649507593161166,2.04895933348081
12.4880726167844,31.5607071171806,35.1671673626207,42.0480526239938,51.49948277546,57.922968345915,7,17,28,35,44,54,3.11564411869337,4.44606719169933,0.107022174068114,4.77702533780919,1.25504709702557,1.58449849887951,0.63384955464686,1.9855748966451
12.427556772769,31.5319421626318,35.1283891756219,42.0983894739009,51.2749280504526,57.6657649963183,7,17,28,35,44,54,3.09420324225963,4.45713297280163,0.106097220937013,4.76616428888423,1.28184015701849,1.50457655425083,0.626837497431775,1.93738848278991
12.3689964923201,31.4923653214819,35.0979634295925,42.1537277560894,51.0477212578468,57.4194461143334,7,17,28,35,44,54,3.07347568062831,4.46375107695267,0.106942367386813,4.75764696472197,1.30774464009899,1.42349191838207,0.62274538356775,1.89015526138072
12.4202346404831,32.0067075472614,36.9566294330664,43.9341363534846,53.0067930453639,60.4816321495972,7,20,33,40,52,64,3.09161045059474,3.72671779478701,0.15359899990409,4.24246660771792,1.28410286146748,0.953313607642137,0.612254410873019,1.48969155466293
12.4655516864964,32.0230023944915,36.911840384876,43.8938519497323,52.6853993938791,60.145968330146,7,20,33,40,52,64,3.1076624127139,3.71744163434003,0.147516545682363,4.2308451555602,1.28546111469382,0.889585460466217,0.609457746277285,1.43553171906046
12.4983414949409,32.7182791499156,37.7118654037047,44.7382968634775,58.0818387946566,65.2804443678775,7,21,34,41,54,66,3.11928452033045,3.66198226095884,0.158025830800599,4.24795376623843,1.29887185441347,1.86241844625424,0.55898809649912,2.17311971340519
12.5169912702928,32.1493679347454,37.6055561677164,44.5833252179127,57.3031538402147,64.6527439923774,7,21,34,41,54,65,3.12589758429652,3.47898192841682,0.208900475542109,4.22060818438814,1.2841818907882,1.69474275037369,0.706224513622216,2.2021893669776
12.5282279868144,30.8574954497805,37.4972651214439,44.3242875914245,53.8765496976949,62.4671489019296,7,21,34,41,53,64,3.12988300867118,3.08049418060915,0.370123139972346,4.19280423641066,1.23891502899312,1.06531470752944,0.988730480015649,1.90025112936034
12.5491422892848,27.0418196700047,37.3615146918397,43.7455275565207,53.850924267757,62.7084539904685,7,20,33,40,52,63,3.13730281020915,2.18195153772971,1.09488372669992,4.34792406576582,1.1080936375472,1.19926877336436,1.05339004150288,1.97908402760459
12.297031092529,24.3469553506949,38.1315358765439,43.476685416736,53.3316791503065,61.6692972112057,7,20,34,41,53,64,3.04803115323342,1.51964904128618,1.78992602169035,4.3563876144692,0.816132170619719,1.13801912512498,0.92864905297789,1.61146302074969
12.1280202650096,30.9287316566724,36.4481899870851,43.9922898891701,56.007098623276,63.9287713797388,8,24,39,47,62,74,2.68281394425066,2.76337522417933,0.125036734058357,3.09386289093931,1.24068736884019,1.18981968872241,0.702202404874034,1.76703460071051
12.0526397168474,32.7270943321444,38.4263217132983,46.0063534678862,65.9092734645777,72.3929717526098,8,25,41,49,66,78,2.65748669587078,3.07981945765632,0.105546118076069,3.23292803302346,1.25098419681112,2.8606442526122,0.430140682964687,2.84189584154357
12.0299396772294,32.6549671562441,38.2043343423784,45.7439624661873,65.0097901077127,71.7184571802981,8,25,41,49,66,79,2.64986783955033,3.06565879085838,0.0950950383642177,3.18338631572242,1.23940737812533,2.68278985616783,0.380784900361182,2.59835727101858
11.9914265023848,32.4088104764182,37.8798940288575,45.3674233804255,63.3947724874435,71.3829835426165,8,25,41,49,66,81,2.63695030217638,3.00634593891945,0.0898876365676638,3.11143409298296,1.22451883361824,2.34582067854136,0.416098307463456,2.32518699182579
11.8983701452452,31.882086657096,37.5368390026883,45.015934576325,61.4774192636738,71.0297024019167,8,25,41,49,66,81,2.60578425544597,2.88340621653399,0.102378251146486,3.03594842655984,1.22211285792707,1.93825979023827,0.679782016880045,2.32312672403704
11.753129084324,31.3251002650163,36.9958023686582,44.5596532722061,60.1530600692926,67.7165417921177,8,25,41,49,66,81,2.55727136518656,2.76788979756465,0.103507886772685,2.91816474104223,1.2463447341423,1.72234189435322,0.354272210221731,1.78994312771999
12.1047426218184,30.5844828218198,36.4187474235939,44.0296391336331,60.9040618853304,67.2266443805995,8,27,44,52,70,85,2.67498841119011,2.09538902323103,0.0863025852703973,2.3933849159835,1.25984424078608,1.86884763988348,0.200877276291467,1.69457269840794
12.4641087492181,30.307164886541,35.416841327272,43.1458543111093,60.583484047815,68.6453293434351,8,27,44,52,70,86,2.79623391774376,1.93809142705069,0.0485845234030148,2.19913983175078,1.29389773250005,2.00877756694237,0.352263167413587,2.02353376266644
12.7973502504047,30.2206730135345,34.7428803637471,42.5812901005552,60.4951453794976,68.8132101126028,8,27,44,52,70,86,2.9094666395553,1.83646310151754,0.0274000467416178,2.07194379052329,1.32563090918469,2.12940310345443,0.387733300251193,2.18421582187367
13.094191553362,30.2328877928152,34.5029901519067,42.4615695892473,60.9574894275623,69.7700275088195,8,28,45,53,71,87,3.01095058448368,1.61424459607669,0.0206371253499193,1.91392329675959,1.36069994073146,2.27956332334888,0.460542602410803,2.42031990477049
13.3493468417098,30.1100886361747,33.9282453999402,41.9843059708286,60.9832232214101,70.2317618913412,8,28,45,53,71,87,3.0986308799303,1.52944454964429,0.011566942677436,1.81184321853375,1.38930640293243,2.41162689599114,0.52929145576648,2.63176087877738
13.5614092795765,29.968103885828,33.5424985540604,41.6780884667847,61.1296622350523,70.8528013717967,8,28,45,53,71,87,3.17180732300713,1.45141682235183,0.00809243587279369,1.7445721874063,1.41274794374086,2.53221331881494,0.608710194112461,2.8430153474019
13.7318893294505,29.7698959221677,33.288294442063,41.478400165995,61.3250845493807,71.5892458669117,8,28,45,53,71,88,3.23082962022337,1.37166156718979,0.007416720356114,1.70079624348662,1.42886937863407,2.63876348285265,0.605370488780894,2.91271008902083
13.8709351856845,29.5424337203982,33.1536117901529,41.3905425870796,63.3165316003926,73.4966299106941,8,28,46,54,73,90,3.27909457386394,1.29394729866284,0.00519320089163353,1.57650019713044,1.44275032689958,3.00438983207782,0.59138429505832,3.20881465434401
13.9783217743724,29.2743801601755,33.078482988756,41.3383524518095,63.3895954549107,73.9922659823332,8,28,45,53,72,89,3.3164459201514,1.21602035214723,0.0113417291752612,1.66500160385528,1.44956163754512,3.03904885570683,0.663060675412072,3.3340945555693
14.0553308052439,28.9632193570077,33.0478770231921,41.3188689588081,63.4908557715332,74.4751553892595,8,28,45,53,72,89,3.34327141635189,1.13730684013712,0.0164679660759091,1.65980573636361,1.45286696117868,3.07255683848195,0.730651346827932,3.44815081978909
14.1070657601096,28.6267420437167,33.0730615292692,41.3432831480535,63.6008767920468,75.0366044771984,8,28,45,53,72,89,3.36131150906336,1.06054369797048,0.0252259648499944,1.6640807445829,1.45263798613295,3.09637101330632,0.813941215456602,3.5685951776818
14.1383287173297,28.2703255307385,33.1732546130965,41.4351194715863,63.7556187932082,76.0776104178411,8,28,45,53,72,89,3.37222017679458,0.98591690201854,0.0402178310261202,1.68113210711305,1.45015449185916,3.1139001779628,0.98730289357462,3.78309465827371
14.1534487551592,27.875480301534,33.22129528187,41.4747621280514,63.8464244335903,77.9997316165798,8,28,45,53,72,89,3.37749799164095,0.909295920776371,0.0594147248420545,1.68933269200618,1.44765972628129,3.12817579878603,1.38215509897641,4.22195020793615
14.1562056467366,27.4303137355178,32.5785922238397,40.8085180499399,61.0111603396388,74.4339969107656,8,28,45,53,71,87,3.37846045085253,0.828391486159112,0.0502608761212014,1.58096282700201,1.44067177921437,2.73575183924587,1.36420818376979,3.86194584173932
13.9287849460394,22.0384290251227,33.2108383266158,41.4189664479064,62.8854821221151,76.7991385293693,8,28,45,53,72,87,3.29920781519074,0.153087828220905,0.764928313469854,1.68754631559937,1.43420830378455,2.87814296872737,1.64444637180943,4.27569564266344
13.3905718885169,21.2120320717904,32.5811318118356,41.1442839927423,61.9969866003696,77.0014214032883,8,28,45,53,72,88,3.11283507107439,0.13164061273887,0.801427355411339,1.58138528946396,1.54029958762001,2.71175415514951,1.74578418033657,4.30535803140898
12.9386124224537,20.6701754330639,32.4293053307816,41.3099357099524,61.4399690316784,76.8607594427113,8,28,45,53,72,88,2.95769005511555,0.125331060709061,0.875735670783176,1.55620999788154,1.63658873111955,2.51934767935821,1.8508792767838,4.30805146217625
12.5853057480076,20.7145859841124,32.9285379547016,42.0558945955798,61.7265515169771,77.1202384474438,8,28,45,53,72,88,2.83732846848784,0.154616931455564,0.965503925813599,1.6396086265039,1.71229088872909,2.39910577025594,1.8439831696095,4.25032345326037
12.3090278981335,21.5708422478627,34.349431448901,43.6464495516148,63.010792798883,78.1796637473799,8,28,45,53,72,88,2.74379906076963,0.257309550200073,1.08136663927989,1.88643579541052,1.76477007763923,2.31985864101485,1.78707393235804,4.16373801747461
12.0842988765403,23.2178141716334,36.5320470656365,45.9026698739552,64.9942488354422,79.744780522677,8,28,44,52,71,87,2.6681188481292,0.486518158680493,1.33911558440154,2.41572849721247,1.78764119963009,2.24993712030445,1.68259863469778,4.01709367632699
11.9868061575938,24.7010846956275,38.7088842251638,48.1595857883303,66.9233101502656,81.4266901572673,8,28,44,52,71,87,2.63540135106816,0.731598476540394,1.50190633779689,2.85919538681917,1.81259404457854,2.1667207274458,1.62177334610476,3.90073834931896
12.2944495548779,24.6919086583595,39.2266508341583,48.7657828626636,66.7757110325008,81.0023970187995,8,28,44,52,70,86,2.73887864124171,0.679044230781546,1.62945391929791,2.96848033361022,1.84023290805104,2.15398492451658,1.55449684508429,3.84324034786595
12.6432195549598,24.6356809321534,39.7322110466485,49.3419032445197,66.5170384085109,80.5578184596462,8,28,44,52,70,86,2.85700088823597,0.614301891942628,1.76887396378696,3.07653437641366,1.86234846972028,1.94318370942642,1.5097941081453,3.62234013986274
13.0198821046313,24.5104309053646,41.6657430116098,51.3473349930158,67.4758588280872,81.3965336048365,8,29,45,53,71,87,2.98549232332683,0.462197165018519,2.30690872353793,3.35096085423848,1.88493978359631,1.68834861852338,1.48113178926059,3.37302390930638
13.4091497216154,24.31708778697,42.0498315439369,51.7270721170129,66.972422421265,80.8881740831958,8,29,45,53,71,87,3.11923949956377,0.387019118223549,2.46465317403176,3.4356714730386,1.88357095626559,1.48227167652242,1.47996061612619,3.17410881291387
13.7519139412835,22.3990985867278,42.1309464827532,52.087832350083,66.9139668257874,81.3145802041763,8,28,45,53,71,87,3.23777357546477,0.198058330241908,2.81260104135191,3.4536503996418,1.97194752566266,1.38756079748069,1.59668389968083,3.25059865032573
14.0271038920262,21.5687404491159,39.8355052461407,50.999744229795,64.7344226688286,78.0094672580457,8,28,44,52,69,85,3.33343492745991,0.112594818084083,2.61293353651843,3.09877247140194,2.36227402526211,1.28790995259501,1.33009858161982,3.17662756669294
14.3012312519735,21.7366421439482,38.5890956478189,50.4911873093416,63.5014281571089,76.5325514744651,8,28,44,52,68,83,3.42914911654296,0.10582196529339,2.22529982012062,2.83411359866303,2.60702940451967,1.2696963779585,1.42743651591937,3.43483154140976
14.2826483143179,21.7537077415682,37.9574857160028,50.0249326074781,63.3000406361021,76.80845225297,8,29,46,54,70,85,3.42264769182135,0.0831015190419675,1.8733675408024,2.44380124538361,2.66245849971609,1.33011316256096,1.54364035671898,3.64722247179685
14.2608241237361,21.3886057221511,36.3345746911812,48.2330657595427,62.5409010890049,75.5696652282419,8,29,46,54,71,85,3.41501467546712,0.0663237433059245,1.5664700347439,2.13459120254065,2.60582471239854,1.41749731623835,1.59423693355277,3.73830900863013
14.237858683897,21.5319697441576,37.2370008955315,48.97825490091,64.5596178181888,77.7373337068479,8,29,46,54,72,86,3.40698530540858,0.0741555495909014,1.74967349173265,2.30460875526756,2.55331202514639,1.55965630704982,1.63228483555232,3.87263150503513
14.2155634419996,21.7682557631162,38.0004669416593,49.5889074469949,64.8167279598591,78.9185458798893,8,29,46,54,72,86,3.39919300884352,0.0874447804624413,1.88049507585234,2.45219946577714,2.50245926354716,1.47826995268561,1.87393901137635,3.97276431691463
14.1955407094034,23.402728449201,41.8576871858214,53.1490187766063,69.3294371743333,85.0060817428903,8,29,45,53,71,85,3.39219728372986,0.205754793546777,2.66571467778446,3.39320672178064,2.404119573066,1.70072122187084,2.30580592302908,4.52011319434005
14.1749882790398,25.1926334843408,41.8087376940101,53.4689613055836,72.9118626137562,85.548874034917,8,31,47,55,75,90,3.38501877570536,0.285567858910578,2.16217177343586,3.09402182826164,2.52632432002403,2.16185911870792,1.33364863503324,4.14224146234582
14.139897929187,25.5756218903602,40.3765584455669,52.1015928646213,71.2438775185255,84.1429054020906,8,31,46,54,75,90,3.37276786866372,0.329477276556254,1.87157158084109,2.93230082135786,2.54790591397022,1.92322778486413,1.39577777421435,3.98308074352574
14.0868621477749,25.9617010447308,41.4527861324744,53.0673612441398,72.0624835633091,84.8666786398844,8,31,47,55,76,91,3.35426469194838,0.379056156024317,1.8687996921848,3.01932372788641,2.51114330884389,1.88865166821402,1.37318770299072,3.90091802116019
14.0105472853151,26.3729536116175,41.4163682427901,53.2565503416623,72.1533672340126,84.9714887602325,8,31,47,55,76,91,3.32766737380454,0.438149470523857,1.75554604644819,3.01171686816704,2.58632923239418,1.86566626084659,1.37649782165393,3.93377604287923
13.9088153125243,26.7571267482217,41.6430691500257,53.6321580926615,72.4352287659231,85.2389285135274,8,31,48,56,77,92,3.29226260535169,0.501144281587736,1.55225471809426,2.92261832256573,2.63616662530723,1.84383100792828,1.37307001677129,3.9432703754398
13.7778871266139,27.0221591208218,41.8827927705638,54.0452045913958,72.6986971669222,85.469600888885,8,30,47,55,75,90,3.24678379412938,0.635827518424588,1.54627350061548,3.10964146976061,2.69438299260537,1.96865565066632,1.36528505077416,4.1057364331576
13.6140642470942,26.8218873661851,41.5823231957182,54.0197482428357,72.4936573714785,85.2932829951824,8,29,46,54,74,89,3.190018817374,0.7188716542386,1.522666007194,3.18722718899634,2.78719982988267,1.92548515488055,1.37210215843741,4.13528735690815
13.4145319496482,27.0360814366742,41.8094024570882,54.4183904380148,72.6349767791372,85.4361403770623,8,29,46,54,74,89,3.12109533410548,0.78794360390857,1.52569538165893,3.23604295722042,2.84537020327474,1.86415026944049,1.37246749779597,4.11523353791548
13.1779155377733,27.1942294734578,42.0257802731333,54.7860256924229,72.6741396800729,85.4501611975821,8,29,46,54,74,89,3.03967622122875,0.856272201882595,1.539409416623,3.28279047867003,2.89682174773574,1.78677323050278,1.36649896564466,4.06717356232246
12.9050747189984,27.2944376652971,42.2049371880938,55.0938150463548,72.5759707744225,85.3282608766601,8,29,46,54,74,90,2.94622930163549,0.922937372609208,1.55806530107577,3.32166663682153,2.9406970120107,1.69260717070192,1.21176090421194,3.83358800635519
12.6000629131437,27.1866193988479,42.1335504381456,55.0624294848403,72.0502048873305,84.7496431977625,8,28,45,53,73,89,2.84233908553567,1.07362530705865,1.56669820329696,3.45422807104846,2.95436314076036,1.58020029638173,1.20000303472943,3.71694727184784
12.2708357226541,27.1795579114308,42.2012939627791,55.1983444246609,71.6110794624929,84.2362824781146,8,28,45,53,73,89,2.73091180740233,1.13747381394655,1.58447136339207,3.46926770258184,2.9776773450597,1.45273637431786,1.1835536617289,3.5847427762097
11.9297904024753,27.1046378929117,42.190825432714,55.2212873001399,70.9663899819177,83.5256942044194,8,28,45,53,73,89,2.61630015089509,1.19123522211579,1.59983516810541,3.46694219937256,2.98911477437711,1.30942605688009,1.16901628856999,3.4275322414953
11.5937093697028,27.167727826479,42.2212760104226,55.215965753835,70.1905751616518,82.6469352011971,8,29,46,54,74,90,2.50420957658125,1.1473414372638,1.59204884167235,3.32521970166423,2.97686949253781,1.15069923823427,1.1464297288162,3.22685495791857
11.2813465819643,27.0050375947608,42.1235095724954,55.0624323712175,69.2777377479721,81.5944711564637,8,29,46,54,75,90,2.40082712261647,1.17699618480959,1.60754855141796,3.30397823547821,2.9577961533201,0.891583998829213,1.25894545287216,3.02053303771472
11.0123181168167,26.765618628873,41.9826334634587,54.8191319935586,68.3470482931257,80.667383088191,8,29,46,54,75,90,2.31243246531316,1.18289591434268,1.63116406521877,3.27345079881497,2.92281778560791,0.772080533673226,1.25977768618413,2.8541358382695
10.8037286837226,26.4818867791709,41.8435989167463,54.5386731067052,67.6147835001456,79.9531093271251,8,29,46,54,75,90,2.24432469419466,1.16794500729014,1.66603420417086,3.24341593355162,2.87463434243885,0.697443458613797,1.2639378582556,2.73446903887084
10.6668803615851,26.2123955247742,41.7904827277545,54.3263671772542,66.8439093990706,79.3454318161503,8,29,46,54,74,89,2.19985157151382,1.14172600064038,1.71860111651547,3.23196617374503,2.82055888854377,0.698769930918424,1.30187720157649,2.75553679913447
10.6062395812156,26.0553825526418,42.0803463293584,54.4630743758802,66.6103891524467,78.8572568803906,8,29,46,54,72,87,2.18019884510532,1.12281605392534,1.82872843477087,3.29461478734062,2.7686970135637,0.836808042535859,1.24283595444712,2.87095972458603
10.6228720010091,19.7921475533254,32.9601527424313,45.0211861128042,53.1425848683528,61.9974539437822,8,27,43,51,68,82,2.18558579507139,0.301081549738204,1.30557138897484,1.85907868693033,2.66030483438248,0.295255407639036,0.656941620580446,1.59804477942622
10.6779268665602,19.9315429814021,33.0574099672074,45.1134743334428,53.2959496027307,62.0267014071195,8,27,43,51,68,82,2.20343519117939,0.310841651913575,1.29595701720741,1.87666989611086,2.65863644681193,0.302660402923966,0.633731749328269,1.58605409433398
10.6876182000903,19.9863587488889,33.0379402720974,45.1223798663428,53.3510859381858,61.9734661522652,8,27,43,51,68,82,2.20658009167336,0.316127391120315,1.27906508533714,1.87314321633938,2.66816612202274,0.308325254196676,0.613734610026133,1.58011423768482
10.6793523267457,20.000443663426,33.1012021223942,45.2222871197304,53.4552014898008,63.5482152796964,8,27,43,51,68,83,2.20389770864461,0.318761908999709,1.29023933994709,1.88461164614319,2.68048201651195,0.308843463249294,0.782747730724002,1.74017580322767
10.6652497340617,20.9578411806145,33.8667709615447,46.2454901586359,54.8076167481486,64.5501688249063,8,28,44,52,69,84,2.19932267045425,0.374791286246296,1.24683414430911,1.91093326731363,2.7673417296053,0.350685491731661,0.715373950830287,1.78312194767273
10.6272598424171,21.1042703869626,34.3113480050138,46.6333597451355,55.3636529684587,64.6687164376123,8,28,44,52,69,84,2.18700736405448,0.398110136556099,1.31450714188053,1.99201406102957,2.7481825797097,0.373036274220876,0.634610085487049,1.72399569037351
10.5643913268301,21.185158296065,34.5386775365675,46.7286797679356,55.6912499174171,64.490377852964,8,28,44,52,69,84,2.16665621272387,0.416755114167559,1.34817508338898,2.03397150433403,2.70367038360301,0.404968897905143,0.54610885439534,1.65151702303305
10.4722396562829,21.1953242107787,34.4778843051833,46.4655140520578,55.6257430749447,63.8796414942458,8,28,44,52,69,84,2.13689216354523,0.430272231145659,1.33182631237271,2.02271842579268,2.63567744428618,0.43309220637873,0.457014454606452,1.55523418590543
10.343697875096,21.1905029747811,33.8338675491087,45.6188054096253,55.912100497081,63.8003949645528,8,29,44,52,70,85,2.09550830104114,0.37950341058681,1.33514442753641,1.90498417895404,2.56788225728337,0.521750230759166,0.401151363058254,1.54803025244518
10.0740168932354,21.0123106303754,33.1406052180129,44.7563910960009,54.2409064711466,61.3455966133421,8,28,42,50,67,81,2.00920548193946,0.459364332247136,1.37001786752568,2.00702596628749,2.51154575428967,0.481074771070699,0.362278748729533,1.45379359473738
9.71122587591115,20.8456963300956,32.9602377155482,44.5578415113346,54.0342125034558,60.7976092522604,8,28,42,50,67,81,1.89426716785333,0.486652778574048,1.36667394022767,1.9733065131011,2.50550344283684,0.479842184738151,0.313787333327067,1.39184215606148
9.32500716093091,20.392357083898,32.7406674346508,44.2936606808619,53.7321749941685,60.1974787093984,8,27,41,49,66,80,1.77345976973219,0.55657454403676,1.42385162298773,2.05043077805384,2.4906894104279,0.47413130499816,0.274092582384172,1.32887906363858
9.16553958873023,20.4529701252758,32.8129828149752,44.1674756314033,53.6567044875382,59.9004584847007,8,27,41,49,66,80,1.7240720229204,0.590765908515286,1.42673268014767,2.06424132696392,2.42496533719236,0.481788758115305,0.246253444550254,1.26893245399746
9.02979756941296,20.4920562251908,32.8419954076541,43.9891330371339,53.5848831862317,59.5836435386266,8,27,41,49,66,79,1.68226869679642,0.618554859608284,1.4242525270244,2.06979177744923,2.35665368860357,0.49804891672552,0.277491803333369,1.30922690951939
8.87506749040741,20.4356101017141,32.7258516674586,43.7020759712606,53.4256629434889,59.3660046594254,8,27,41,49,66,79,1.63489050525424,0.634417236195452,1.4095816603823,2.04760559008125,2.3006200530607,0.517875022126993,0.269660867205998,1.29256968930534
8.70284845638993,20.2467691736672,32.408452845599,43.2531744268337,53.0984464386669,58.950182962903,8,27,40,48,65,78,1.58250889228418,0.631722534885819,1.54848100321707,2.10843624883681,2.25767929389031,0.537059300233631,0.257985328881392,1.27650132754286
8.50181305554207,19.8882318935154,32.0192177044393,42.7747015313105,52.7124129095281,58.336884257038,8,27,40,48,65,77,1.52184716941575,0.606432558224933,1.54054599109083,2.03325150987167,2.22862677089597,0.551833812873181,0.294381383570181,1.33798681777972
9.53958519637529,20.4000343474861,33.3575884761415,44.0912220016979,53.8073845743368,59.7088932782984,8,27,40,48,65,77,1.84037476895725,0.52525048919463,1.75814272564726,2.29593453223936,2.22152398870705,0.516714340413656,0.335709216578148,1.34363620857893
10.00519706727,20.5953276372049,32.3014404863061,43.1374882703204,54.5062420119992,61.5315364708671,8,27,41,49,65,78,1.98729781929519,0.485549807338214,1.26853999750854,1.96729840360178,2.25485231300436,0.917452457191849,0.431456937298207,1.86136010330988
9.78896884322206,20.3314164342531,32.5200842312214,43.4489817804911,55.5178471609037,59.4087529139717,8,27,42,50,66,78,1.91878168174926,0.478693185083205,1.2294682241394,1.89193716589342,2.28514857702321,1.06278728683666,0.0958580191348296,1.54237173069886
9.56593274553007,20.616027390902,32.7405708287558,44.1106750162488,56.6306107122377,60.1799452011175,8,28,42,50,66,78,1.84862657235215,0.474826937505192,1.36910557004469,1.93253399362225,2.43012276234664,1.16036080400282,0.0700578087588264,1.64247639350975
9.32883886305507,20.4530635737008,32.5123992793639,43.8282471646092,56.4177794831765,59.8057423778845,8,28,41,49,65,78,1.77465008960971,0.485209637418683,1.52207100836141,2.00706504632603,2.41220704991509,1.17567705725366,0.0393738777860991,1.5057336323228
9.10167572433495,19.9135575747971,32.8859030318866,44.4209629075689,56.9227576567814,60.2933955296222,8,27,41,49,65,78,1.70437694051821,0.518014504970308,1.57989402406326,2.0782023868735,2.48473863470884,1.15637977746983,0.0385847391693951,1.52587519388389
8.90112754171819,19.8391146724328,32.6007755596607,44.212681406865,56.6869703246095,60.229209367417,8,27,41,49,66,79,1.64284938325665,0.536895323376134,1.52667199496789,2.02381326636359,2.51025611530529,1.01833299543115,0.0468466718371554,1.45846314469345
8.84238972008142,20.5396975402786,33.2163780910938,44.8035479582346,57.1738686573469,60.6090812354362,8,27,41,49,66,79,1.62492251946245,0.656773854988385,1.5053582127161,2.14191121263122,2.50203719120097,0.997111832453702,0.0415771192989153,1.41815321895485
8.64763467372836,20.9605042495559,33.1717696832683,44.8934740892753,57.2280537767361,60.5902070968079,8,27,41,49,66,79,1.56579557736505,0.761367596208337,1.39024453413304,2.1332700503845,2.54679624671628,0.98985436774124,0.0382019247277992,1.42253154438217
8.88297244954508,20.8103260473972,32.0508205487929,44.5737518047967,56.6799410103509,60.0777777128639,8,27,41,49,66,79,1.63730382836367,0.695111619770243,1.15953827723844,1.92044778538565,2.81616639280043,0.943940104182817,0.0398281052197695,1.52763932754763
9.23839311105594,32.2528880955565,42.1475260783111,54.8330332830544,73.616857224069,76.7417911255774,8,28,43,51,70,84,1.74659827926222,3.09763275326179,0.744326649853289,3.76800149277488,2.87137967529686,2.17179598584383,0.0178214983002969,2.41503973327614
9.26627154234121,31.9090439124229,41.8272978092503,54.7493948334478,73.3973573339735,76.6141981940542,8,28,43,51,70,84,1.75523469318946,2.99602589253532,0.748861891732139,3.69410424392519,2.95204537668872,2.13755831427182,0.0202925002962442,2.45415917714624
9.30329210390313,31.5017102752629,41.5207910352135,54.3571995517301,72.9910293950468,76.4408703174281,8,28,43,51,70,84,1.76671716640289,2.87575685882582,0.768342739710677,3.62381069539073,2.92278707575275,2.13400604048529,0.0275611649888353,2.48133492123582
9.16778780220734,31.3774476335978,41.4025445889016,53.9227589462267,72.7353799151164,78.3791278405544,8,29,46,54,74,90,1.72476623499516,2.68555967080405,0.565958330397533,3.14875835015112,2.81524522450966,2.00715549018827,0.101603060268888,2.5041181561686
9.05231204944852,31.5359052595923,41.477749416476,53.5140255876271,72.9495844700216,78.12209174379,8,29,46,54,73,90,1.68918699193474,2.75715384907692,0.552498370812097,3.16483130939668,2.65199418646398,2.33821522478418,0.0513316748320223,2.43794830273931
8.93201331079503,31.6529761051868,41.5210593715934,53.1041886519285,73.5424045603615,78.4612057046547,8,29,46,54,73,90,1.65229297605326,2.81961468591068,0.540689166527195,3.17410022026191,2.50069509998298,2.60092443718503,0.0408241034118014,2.49683014514611
8.80579973202505,31.774089835589,41.683265006972,52.8333801081711,74.2625201323291,79.2785256640024,8,29,46,54,73,90,1.61377706806355,2.88510532334096,0.547254506880657,3.20889592250736,2.35763205322097,2.86793631568137,0.0446670785948093,2.62901910946072
8.67211337745711,31.8932470040814,42.0601851121553,52.8302813929652,75.0061772620831,80.1530933800119,8,29,47,55,74,91,1.57320045094342,2.95248059213917,0.502600773526702,3.1471664381177,2.23337917330352,3.07364323284425,0.0502010931431592,2.73104192271517
8.52934603708958,31.9857372598576,42.443454502027,53.0062811998623,75.6285797511901,80.8598113703146,8,29,47,55,74,91,1.53012361252844,3.01554757943061,0.547139228926656,3.22876491376374,2.16615019295143,3.19834834915663,0.0539869811008162,2.79808013306968
8.37750229525551,32.0356457561413,42.8939832716176,53.4242715443993,76.1797134259242,81.2812170674391,8,29,47,55,74,90,1.48460648308572,3.06991768654577,0.611175948050217,3.32558468113764,2.15563203148792,3.23578539359357,0.0676206992589041,2.93108132084199
8.21961434917277,31.0905224961904,43.3306626469416,54.0317043732906,76.6655530167725,81.7062544828327,8,28,46,54,73,89,1.43761337178142,3.05827893400238,0.854138430811402,3.56939569981824,2.21093752262442,3.20159162277413,0.0643200559587887,2.9286002138659
8.06094386490107,30.9489069200352,43.833982686721,54.8372047368642,77.3164977928387,82.2899200940666,8,28,46,54,73,89,1.39074311781342,3.06294636817372,0.97827055627553,3.68203709766969,2.30945453626669,3.15826149270835,0.0607856413799995,2.94573786353154
7.90584416697531,30.8231589031409,44.30426760645,55.7044766422983,78.0323397690559,83.0796473537509,8,28,46,54,73,89,1.34528338885599,3.07098345175782,1.09850419752724,3.78830559826175,2.44007391049996,3.11595381607296,0.0646737615153277,3.01421030933269
7.75591360962151,30.723134604538,44.7349145374911,56.5455700362031,78.6600641070755,83.8773831587062,8,28,46,54,73,88,1.3016837071434,3.0846614788967,1.20973193275167,3.88646560921339,2.57646691096739,3.05659004016284,0.101523581766843,3.24144815577506
7.601375961627,32.0623424104513,43.3272248827803,55.0573903468692,75.6879920422255,81.6615809122971,8,28,45,53,71,87,1.25711058920079,3.50116581758234,0.782005245986791,3.72232669280867,2.54961591062154,2.85356695977602,0.126326122937763,3.06355407992172
7.44294535451786,30.5293287012922,42.9058994937013,53.9929939426158,73.9213738424801,80.4032394228901,8,28,46,54,73,89,1.2118132960595,3.11738510590727,0.879859197804358,3.47523027337189,2.3369401829094,2.46636199524152,0.170433941786053,2.74352512740757
7.29582988079177,30.4524789993367,42.092731555771,52.6107713136491,72.1159882186076,80.9179002815452,8,28,46,54,73,90,1.17012449251899,3.13672326405238,0.744631456218225,3.2973006161103,2.15167521058031,2.35621023629846,0.382751985423403,2.88361650613651
7.1518541098877,30.4833060298835,41.6042118934858,51.5051023508035,70.9043913180361,79.9468436356502,8,28,46,54,73,90,1.12968488477059,3.18496610898987,0.654770963078853,3.19192171868441,1.95418567382746,2.32886109813099,0.416230672079212,2.78274989941977
6.99125123871804,30.5978134440577,41.4429490651629,50.8159256479111,70.227541046343,79.3840283823849,8,28,46,54,73,90,1.08500866659729,3.26127600001481,0.609017503218398,3.1573902375823,1.78837360816559,2.33203892132724,0.432551841122495,2.69977051081913
6.80742260314157,30.7677982867069,41.5585298340178,50.6882529982584,70.0148555353292,79.0788557393369,8,28,46,54,73,90,1.03445334226933,3.3600925613964,0.600156956808411,3.1821268164913,1.71302056298052,2.310147389293,0.419292736306688,2.61377590892621
6.66495997476264,33.3355965214328,43.7435053264683,53.1708357711251,69.1625629374548,78.7203866162799,8,27,44,52,68,84,0.995717184518077,4.38122418343375,0.629602781546188,3.97773976859268,1.8053040305114,1.99785633753694,0.580520562661073,2.62880324324915
6.76903216001311,30.8518745203309,42.8080640850027,52.0564938385919,72.5978231775408,81.2725762981294,8,27,45,53,69,85,1.02397611410228,3.61482638094296,0.801564524255717,3.60492434960582,1.74970647247613,3.26769300281655,0.439690801359187,3.39619776554443
7.10111677524003,31.1645104121634,44.3371597619253,54.4825100252026,76.7579331219875,83.1532708986113,8,27,45,53,69,84,1.11552075001431,3.60919937165537,1.03564182950045,3.95413136361394,2.0319636021514,3.78890188505489,0.208686812343896,3.63899176543928
7.63686375392757,30.7544458940112,44.2941017273243,54.6841028158856,76.9476806517443,84.276890607656,8,27,45,53,69,84,1.26731278486704,3.33816184011175,1.1105869307505,3.94415816230564,2.11039742515594,3.78528409418342,0.322128486032146,3.91757247914861
8.2835755914783,30.659444548145,45.3584259525411,55.9234867412559,78.0448181685512,88.049584269138,8,27,45,53,69,84,1.45660860325171,3.1293502908879,1.35924916923067,4.19297427314178,2.16687273165759,3.74189817397608,0.76556541379322,4.58743125419659
9.00841667925959,30.6922366703047,46.3729363108031,57.1672318709385,78.4063363866192,90.5031035061415,8,26,43,51,67,81,1.67570442088268,3.14884667746857,1.74370465653378,4.78397936675043,2.24125370428453,3.47532267201258,1.36235607896866,5.14911923107634
9.77552192899345,29.647920343107,46.7888759753783,57.8166724503964,78.2880329497122,92.2512945180982,8,25,42,50,66,81,1.91453690165899,2.85205759348748,2.11239975523806,5.07192325491874,2.3175015103433,3.24703706743073,1.65691607119001,5.30327997668266
10.5225247630424,27.0791328221935,43.887959301116,49.9081663683713,71.3399138307185,86.269272390938,8,24,40,47,63,78,2.15312390632438,2.14635936767312,2.21360987832108,4.70612832467757,1.0033235888047,3.53315478195872,1.90513532862951,4.69455216776632
11.1856118439186,27.4501552941177,44.7395167864651,50.4190890411639,69.9007704979623,85.4686691231905,8,24,39,46,61,76,2.36930164878089,2.06920582266024,2.54942644262697,5.11377334604313,0.907621734072767,3.18776887992605,2.07445674598764,4.45914918597885
11.8413128803007,27.7684675712791,45.2812773764815,50.7302774789033,70.1741943436179,86.1787109709244,7,22,37,44,59,74,2.88763745741001,2.17143132396189,2.61288400800423,5.65915363594112,0.844267808171697,3.17649392825938,2.19246877679547,4.5020802102141
11.8311280921289,27.8353772464216,46.9396771151498,52.4809063229647,71.9406255374428,88.170830091343,7,22,37,44,59,73,2.88406768965928,2.19239594823588,3.07551280235511,6.11467114696014,0.869465379588004,3.18121074876709,2.46294739485977,4.77886176368702
11.8347108016746,27.9595455471134,46.6596522550028,52.3260044864432,71.9738404095597,88.1416128760849,7,22,37,44,59,73,2.88532335343007,2.22529453920328,2.95632698985803,6.03712348381048,0.903957208277702,3.23748352753842,2.44509595787188,4.84464385240586
11.8504217024,28.4007399577578,46.4711312441628,52.2535641175831,72.1775136644831,88.330406921062,7,23,38,45,60,74,2.89083066145969,2.14468958610492,2.77289371800843,5.77505638647527,0.936263592137977,3.32048155850554,2.44084623153858,4.94406873466941
11.8786739780516,28.6178933640104,46.2918333498952,52.2094155336355,72.3410147694564,88.462505334841,7,23,38,45,61,75,2.90073819641212,2.19499336870054,2.6588831552272,5.72644512551904,0.974237331125685,3.14717278381171,2.43188316362977,4.83062107540332
11.9189876002697,28.8491408086917,46.1161439911229,52.1657454198675,72.4237560582583,88.5508965593481,7,23,38,45,61,75,2.91488420525043,2.2461610002642,2.54309838446732,5.6789171106271,1.01169365068709,3.18424253022915,2.4334951854969,4.89956556138694
12.4493558453978,30.2050752130767,47.38745866809,53.6182026384098,73.9641978781057,90.0289543896393,8,25,40,47,63,77,2.79123853358899,2.27356976693508,2.51918436924667,5.61420940956264,1.0636475104561,3.21010390516548,2.41571069380977,4.95372827876839
12.4631523771238,30.3698928636283,45.9967078893758,52.2795701176331,72.6700995955314,88.784914215347,8,25,39,46,62,76,2.79591004107814,2.31366327057721,2.2917891653491,5.44454402393581,1.07871208108803,3.22321256580285,2.4299787452859,4.99226264005309
12.3722873735665,30.3399228885706,45.6882651796014,52.080209519547,72.5412244275934,88.6275150213641,8,25,39,46,62,76,2.76516753908264,2.32988427290697,2.21386014907248,5.36286993910585,1.11040546940429,3.24398547478149,2.42184599091259,5.03202031822961
12.2337564734132,30.1359168109691,45.2318079436838,51.7429901275607,72.3049020773161,88.3334469969579,8,25,39,46,62,76,2.71841003822415,2.31244448547793,2.14381792138645,5.24262086211538,1.1452971479759,3.2737751236091,2.40540234646428,5.07486026074671
12.2331593473304,30.05002598614,44.8729746669323,51.4850048411025,72.1624248002306,88.1032737861687,8,25,39,46,62,76,2.71820878958718,2.28978002540037,2.06875726640158,5.1486160585914,1.17500403525663,3.30795614280749,2.38048358488044,5.10887218242795
12.3395549426924,30.0702336149486,44.6049523270464,51.2990728076346,72.105293152457,87.926198108116,8,25,39,46,62,76,2.75410729418671,2.26694062805813,1.99026821043417,5.0787080152381,1.19931519742037,3.34616723386523,2.34650703741853,5.13295155221562
12.5086845390165,30.1649109951614,44.4013333169097,51.1618088237673,72.1084647624515,87.778783096355,8,25,39,46,62,76,2.81133658862172,2.24726228003885,1.90990523907089,5.02577555818097,1.21904975369069,3.38794492911642,2.3040251893978,5.1478476601799
12.4340006126489,30.4061297498709,45.8130385712961,52.4064621547604,73.7695728474114,89.365121485979,8,25,40,47,63,77,2.78604080483798,2.33108249872,2.03139325558634,5.20017158391083,1.16950974694031,3.51252508730915,2.28300520961283,5.19420619863158
12.246708220244,31.1955007178707,46.2128003601511,52.8657642815593,74.0201415700126,89.7356029014071,8,25,40,48,64,78,2.72277577729675,2.59539453696313,1.92821574785808,5.30447545533568,0.992473522659562,3.44995582100925,2.31673984143708,4.98993401374834
12.20786130951,31.3211770169806,46.1014201573103,53.2712220527276,74.41451533065,90.1544918205995,8,26,41,49,65,80,2.70968497496669,2.44194956506221,1.86617905108934,5.08381980625436,1.13470623297939,3.4466404550859,2.12075677822995,4.93560095641315
11.97672190214,31.3591744393128,46.2944911757852,53.5512957300067,75.5673174233475,91.5310571777654,8,26,42,50,67,83,2.6320211980673,2.51369580390278,1.72851463573535,4.94637651785113,1.15912753788352,3.47005933513098,1.99057691594235,4.86313187370459
11.9912858849226,32.0405385846475,46.7977706075319,54.000451578166,77.1823351618105,92.6042490925509,8,27,43,51,69,85,2.63690315842561,2.49808437638105,1.68425704788782,4.89006061201677,1.14391970653772,3.58088466566844,1.85116530296776,4.8233365910525
11.8605155685757,32.1691335356913,47.0550398714362,54.2417700095557,77.3991041525484,93.2460986296402,8,27,43,51,69,85,2.59312476392194,2.56653210925905,1.71620066336729,4.95462769773387,1.13944754405187,3.57369824323145,1.96029359029058,4.92022436257767
11.6968300318952,32.2585524700731,47.0859014988693,54.2719374547863,77.4942554081802,93.6936255852529,8,27,43,51,69,85,2.53851002156006,2.6338168590854,1.70164134053001,4.96238947660906,1.13925301637544,3.5927285460152,2.05209714650151,5.02581650148488
11.9584413311753,32.695808496597,46.8056301573329,53.778727558102,78.0798274096526,93.2745619930612,8,27,43,51,70,85,2.62589564308408,2.68078845044209,1.52634824838604,4.89202949915333,1.07998811604252,3.67811774882881,1.97501961980239,4.99057237146399
12.3028084686208,33.1489640605331,46.2200273101172,52.9583514620967,77.6610638026109,92.1049155838472,8,27,43,51,69,85,2.74169972128619,2.70999381314353,1.28348798282342,4.74596431048881,1.01561596323593,4.03247386081116,1.60722550419074,4.84304536892836
12.5743676989197,33.4136766129305,45.3237644406427,51.9187494179183,77.0841998294285,90.4098035102404,8,27,43,51,69,85,2.83361554356532,2.70815322932315,1.02915917784172,4.52494799692387,0.976836666503297,4.17225145235846,1.34173565866919,4.64334690454477
12.7408414712251,33.4854777737985,44.2183578295028,50.8124033811958,73.7431878049542,86.4498799653907,8,27,43,51,68,84,2.89021275143719,2.68273724947949,0.792381675710757,4.25673034526052,0.976583857377703,3.74225841042155,1.20161449489971,4.11896843911242
12.6814714363941,33.0382113773171,43.2625823988807,49.900525920323,71.8626844446609,83.3497038713764,8,26,42,50,66,82,2.87000690022672,2.77802438538372,0.697483254601498,4.19695064131674,0.988416113726357,3.69348008688483,0.941459064755664,3.77436035103761
12.4678702127726,33.2256934508055,43.175272100247,49.9770714897082,71.0442254801861,82.0233685428344,8,26,42,50,66,82,2.79750780382407,2.88883825251509,0.648209582546354,4.17591801848022,1.03291693058847,3.42388587500127,0.84000133924814,3.48445508758121
12.2158225866107,33.2409496983018,42.831183453809,49.8327871535951,69.7117842556829,80.5368242871577,8,25,41,49,65,81,2.71236691856233,3.18074063934239,0.586003434690031,4.26452996688876,1.08787440864721,3.07340761892304,0.810078734010145,3.22374851116898
11.978873577838,31.7302020720288,41.2067529666168,48.3106344950322,67.6708488952725,77.2509739340039,8,23,37,45,60,74,2.63274235720464,3.26853720548465,0.777936773318686,4.58129573864963,1.11629139234513,3.15153644415834,0.798832526674438,3.31456475114927
11.6691993549909,32.141431636729,40.4824355765453,52.2071289693563,66.0398351020678,75.4219634335936,8,22,37,45,59,72,2.52931123843349,3.74115500725245,0.470792230491733,4.39642080954719,2.54779226913868,1.80260187256113,0.884069320945526,3.38192532945826
12.0813516896085,31.4630053181109,39.4055286733485,49.6726004498355,65.4242631576102,73.6933335806418,8,21,33,40,53,65,2.6671287786121,3.66135110414301,0.706509158263307,4.89092044153701,2.34443493171328,2.54600723447991,0.775176695784201,3.74536130011699
11.9239101934199,32.6200898989153,40.4621594962288,50.4051837024788,67.1066708920669,75.3462494928763,8,22,34,42,55,67,2.61433156809585,3.81172153833589,0.685848082483129,4.97199264208832,1.96754756893988,2.82916523031302,0.768882620575114,3.71436189917684
11.9665018707009,32.3676074930294,40.5904298566121,50.1665675316079,67.9197517952324,76.7225571584901,8,23,36,44,59,72,2.62859630634339,3.46500764147302,0.646083775010877,4.6119476510271,1.85182471271023,2.6815781414493,0.761762433249611,3.49960953491902
11.9576470891172,31.7321873726937,40.2813831962085,49.6070708923427,67.9193766499497,76.8644017041946,8,23,36,44,59,72,2.62562956053507,3.2755112521216,0.7103104340362,4.53203221025551,1.77367116597134,2.84302941559375,0.791185254874183,3.60791197751122
11.9106050714522,31.0635237366263,40.0843686803392,49.1863161426134,67.9855732474892,76.9549297598965,8,23,36,44,59,72,2.60987822254442,3.08992280602789,0.807034316308109,4.48129208337148,1.70446063929329,2.98546154678619,0.796259133594439,3.67750103639252
12.2654898735864,30.8823879238554,40.2134413333707,47.3154965251744,65.3464302719095,75.8689249803542,8,23,36,44,57,71,2.72910877636131,2.9319288811841,0.873029887945737,4.51451595809413,1.11578230722408,3.23629762218143,0.997898134078929,3.55409543439011
12.4343923511134,25.245679989154,41.5870171037865,48.6636381616881,66.7352631875032,74.8991922710234,8,23,38,46,60,73,2.7861733874686,1.37487318893301,2.28468503617263,4.49204255324929,1.10869884445097,3.00299544236678,0.634740461484747,3.00063450462496
12.6199614680675,25.7215597325457,41.2920415772839,48.3359794360894,66.2062234872124,74.0937714612748,8,24,39,47,61,74,2.84909774344858,1.29043044423479,2.07514974370504,4.23749460663281,1.09961360411841,2.94273331206232,0.582547917878643,2.88405573379427
12.773845973686,25.2466051600884,36.7727404711698,44.1419980097837,63.7830072764037,72.0745004568074,8,23,37,45,59,73,2.90145559723879,1.29516412606291,1.22603461771593,3.4857121930232,1.19088634628203,3.48165626016128,0.554268141372382,3.3028438230777
12.9019540481024,27.172232774423,40.0967606345394,47.5591321721555,66.7213306905098,76.839380893097,8,23,39,47,61,75,2.94516325491541,1.73470727349601,1.25034503886256,3.94512122205502,1.21734532184604,3.33399142919965,0.910548065860233,3.64648794710341
15.5989549070127,34.9576082969419,48.504803718317,56.2816776845857,75.8897164073905,85.6627892720228,8,25,42,50,65,81,3.88755805357022,2.70852052252466,1.24643273658221,5.51446216827955,1.30775817142232,3.2255599957342,0.617333139118789,3.25428872782087
16.9321666020436,35.8199876637565,50.1532299092636,57.5853916230281,78.1896597290631,88.7396548710605,8,26,44,52,68,84,4.36661732112743,2.38228011509298,1.27892701678819,5.55730273514586,1.20874512710587,3.28629954873029,0.757709595370018,3.42416989049653
16.3027208133233,35.877644947882,50.5125962683063,57.7763381642074,79.4076509157287,98.6826069850126,8,27,46,54,72,89,4.13949353890504,2.37425723580889,1.20861430913628,5.2753828455057,1.16108049335595,3.13395319414368,2.68531737266805,5.23723722504921
15.9742497543557,35.7966254417708,50.797008309887,58.4756387207068,78.7659217777937,99.3353916907619,8,27,46,54,72,89,4.02163371678359,2.43863546191435,1.28576486963557,5.34693843800969,1.27934578681621,2.75977285267787,3.04976094407387,5.33158030499442
15.7773716062528,36.0736017173662,51.0202165439452,58.6935241516044,77.7058279904177,98.4296159837655,8,27,45,53,70,87,3.95121876436443,2.56325126687877,1.41456689322145,5.59037420150149,1.27781074459649,2.61284166299733,3.09396919915282,5.23075792674735
15.8010433386142,36.1912631904628,50.9678793459805,58.6170928852587,77.1855025401085,98.4515238732529,8,27,45,53,70,87,3.95967594175424,2.58817270029536,1.37651179757686,5.57693432248726,1.27086787915819,2.49155023303759,3.2505221603531,5.24985452961532
15.4498135455103,36.1543370559873,50.748625387129,58.3910212367661,76.6713017575442,98.3422214989844,8,27,45,53,70,87,3.83445576502919,2.67198811695145,1.33608685945826,5.52073020349764,1.26890499155115,2.41364991157934,3.36862154319749,5.27817102472058
14.8401525934929,36.1004269853291,50.4796703527064,58.1116434174881,76.2297644837455,98.129449126094,8,27,45,53,70,87,3.61849181638242,2.82194199926011,1.28893738717649,5.45200529113441,1.26590558967805,2.3701026902005,3.43578494779339,5.29265653826324
14.3944747329028,36.0549238069729,50.201611493759,57.8030000007531,75.7381046583675,97.7995739113356,8,27,45,53,70,87,3.46179940466638,2.93125577021763,1.2386079552723,5.38121101002324,1.2571141922333,2.32121494913048,3.48347030004734,5.27929638626458
14.065775769986,36.0260194857794,49.9714951137807,57.5282171854212,75.2234847932228,97.3481658298407,8,27,45,53,70,87,3.34691239718275,3.01385821417053,1.19562758844753,5.32282236071601,1.24430206148944,2.25757525178516,3.50214323919511,5.22234596956188
13.8182960005552,35.5786657307543,49.8649717164703,57.3559020154135,74.5767906240117,96.5073491601348,8,26,44,52,69,86,3.26080958293636,3.17059117095389,1.26874089759107,5.48304940935719,1.2254893823404,2.13316611628794,3.44487303866903,5.03462720095883
13.6169428675604,35.7434461081501,49.9369231618578,57.4852313628197,74.4561206904441,96.2217813259666,8,26,44,52,69,86,3.19101490463255,3.27510295832212,1.24867821477485,5.50155741436207,1.24189223901964,2.06841018655201,3.39639881245775,4.94393920157386
13.3791911721663,35.5467601591039,50.1009168987412,58.0444825294941,74.6362060610362,96.3149121453872,8,26,43,51,68,85,3.1089127793983,3.2868768875568,1.47443245064936,5.73692269125118,1.35630657970053,1.97130082839686,3.37090240633241,4.92602026076157
13.1379632781114,35.2661262829884,50.444873832034,58.8229758599892,75.0235542213164,96.5328140909587,8,26,43,51,68,85,3.02596311260814,3.27557862739226,1.62198063376713,5.82724093770752,1.48478564426189,1.87256597643768,3.32134903325658,4.89419122275763
12.9008340666994,34.8596359303244,50.9881763341319,59.7808833830387,75.5071339119005,96.6639817845274,8,26,43,51,68,84,2.94478067557878,3.22712934820227,1.85454613747325,5.97068260430293,1.609793091435,1.75488394594526,3.45069490231706,4.97486702121265
12.67740238294,34.2419276877912,51.6336796561156,60.8161469239036,75.9346647766584,97.1815847151222,8,26,43,51,68,84,2.86862291400637,3.1150346787853,2.17774796163078,6.14232279120517,1.72930048424924,1.60755952013439,3.47766468656095,4.94225681179243
12.6159757371407,33.926763309741,53.365280367159,62.5219518452839,76.8727168916185,98.8158311550953,8,27,44,52,69,84,2.84774375187643,2.83567970039013,2.73070887110615,6.4028593912555,1.72133427623168,1.42736758724327,3.94094712711115,5.10609096749231
12.5552423875426,33.4100101218382,54.3207188580759,63.4846983206099,76.9724219946689,99.818313937318,8,27,44,52,69,85,2.8271254121787,2.71230948429506,3.14772485400002,6.66047001496845,1.72359031621944,1.23337246451245,3.9640135397408,4.92944620803862
12.5528970654043,31.8585740983222,55.4321964944832,64.5648293798457,77.4470029373131,100.887902681742,8,27,44,52,69,84,2.82632970455518,2.30476798210164,3.93628249249653,6.96345783743716,1.71391781367437,1.10313097128897,4.41499852802192,5.10742565391388
12.5894394335041,30.135946855102,53.9213079745249,63.2050794919983,75.8467403730706,97.7141257334762,8,26,42,50,67,82,2.83873186194338,2.03617338041083,4.25599693163603,6.97424119936793,1.7606605929164,1.05283453770717,3.91727407954418,4.68207734061976
12.7606793314634,28.518277166628,54.6305421881885,63.7914364896187,76.8531897665681,96.7680687687456,8,26,41,49,66,81,2.89696956712064,1.60075058948091,5.28521294628482,7.39318562591887,1.7226378223889,1.14122481100456,3.31774751574677,4.2694347552999
17.9769503835187,26.3836530101354,53.137405728246,61.4219971130389,74.1891821729346,91.5914008140404,8,24,39,46,60,75,4.74703342649662,0.400368197575655,5.49835767170523,7.42052087232026,1.69046231169892,1.52806058472946,2.58142832145537,4.06773497840106
11.0563603820362,17.2007445981931,41.2008190980162,49.4519060006607,60.8814231768643,77.9901403627569,7,23,38,45,59,74,2.61453917240435,0.140337157244275,4.59467018686754,4.39450829796117,1.67976618455872,1.20340825021376,2.49841232651621,3.65779914574964
11.0783549334241,17.0177903016038,40.4741285802805,48.806176839673,61.3065411735484,78.2054851798971,7,23,38,45,59,74,2.62213327520274,0.123623264161494,4.41994030626527,4.2126769786118,1.70563554304635,1.46142374460928,2.43950144253492,3.88819472277893
11.1170352058544,16.8547614050221,39.8085005253506,48.0025632088406,61.135838492058,77.6513028004604,7,23,38,45,59,74,2.63549693893297,0.108333493467302,4.25962701673293,4.04811812105357,1.66159253419539,1.62090573027386,2.33274743903657,3.91572744652077
11.1502223394962,16.6950037419414,39.2738528707318,47.2128847122766,60.3009083856579,76.4718158827253,7,23,38,45,59,74,2.64697131894607,0.0947852311499056,4.14082640525226,3.91736148453271,1.58080389498646,1.60934276054572,2.23789851768527,3.75722341683191
11.172623210769,16.6212505072025,38.9081462166653,46.3865339859861,59.1657646915378,75.1647739489315,7,23,38,45,59,74,2.65472080993155,0.0884256981183473,4.04878271845394,3.82866855430445,1.43702365557385,1.53108975028312,2.19096933942177,3.52941311721532
11.0084657912506,16.7692152091434,38.9193628033486,46.4413859621489,59.3661981983705,75.7871020910364,7,23,38,45,59,74,2.59801463117478,0.110020452718389,4.00581647210643,3.83137971738392,1.45051949488458,1.56783954343093,2.3066145510969,3.67681617282648
10.8281691327752,16.9108425659991,38.6586112799646,46.1455309841067,58.6876351376335,75.789261288239,7,23,38,45,58,73,2.53595985726389,0.135179752769089,3.87994223654826,3.76850436286167,1.43966035965401,1.64776841830911,2.49641512681414,3.91682589098556
10.7009195577377,14.7961381360805,36.3455284894396,44.0061853716634,57.1796590111171,74.3938679123138,7,22,37,44,57,72,2.49230932504462,0.0381420159442239,3.81819468035796,3.38502240566304,1.49357271460134,1.81627426843687,2.52817174968007,4.14763560697152
10.5844651807454,14.2847636082147,35.3256830498936,42.9744555650391,56.5078243937102,73.660675464847,7,22,37,44,57,72,2.45247054561471,0.0243082582246319,3.66089231319999,3.14844808679592,1.48987163659071,1.91428638878768,2.51085176308304,4.22050871710488
10.4576720305681,13.910739642758,34.3857224111092,41.9793514589768,55.846522915715,72.6945955411756,7,22,37,44,57,72,2.40921542935334,0.017637294352186,3.48750543023014,2.93532920559602,1.4727238818991,2.00639566849744,2.42526927449011,4.2138536345077
10.63195825254,13.8752929364558,33.7369460288289,41.1688522086464,55.3574676270326,71.3225057145393,8,23,38,45,58,72,2.1885297467315,0.0130655609821776,3.30171435883868,2.64602424911122,1.4226771356009,2.09614430207592,2.38735043440444,4.21547013302021
10.4798397112027,13.6777759323535,33.1744308355317,40.5123618270296,54.9603163483461,70.5121283041274,8,23,38,45,58,72,2.13934389515118,0.0121980885345449,3.19224185755848,2.52626365539037,1.39376632088893,2.1692762863497,2.27073227874434,4.15193003666091
10.4989192174443,14.2552281607648,34.3121861414382,41.3888082483464,56.0982075707053,70.8239110918025,8,24,39,46,59,73,2.14550121992328,0.0167929592184749,3.3606306958756,2.62761775649442,1.31406197081175,2.24363434309247,2.04218570996034,3.942196412858
10.4941939059755,14.4006368595253,34.8533170369286,41.8286644176322,56.7115231588915,70.6097465190996,8,24,39,46,59,74,2.14397595242299,0.0203412659680486,3.48071025946332,2.74330040373879,1.28345182476155,2.29330917550216,1.64057253277584,3.5785789266512
10.4695952062404,14.5704278394675,35.4035244801017,42.2723759833337,57.2910423629076,70.3387523558583,8,24,39,46,59,74,2.1360392075058,0.0256566326206535,3.59700977154071,2.86264621659148,1.25143885550841,2.33238701071941,1.43142744232892,3.38089922490192
10.4388130193547,14.6397544020539,36.2922204211368,43.2565520784793,58.701871086553,70.8291591336584,8,25,41,48,61,76,2.12611539844595,0.0190054798156483,3.5996777922222,2.7673699156902,1.28013206310873,2.45618479945845,1.21542164917,3.2862742236699
10.4926888456606,14.2523906934763,36.201381588774,43.2899806062117,58.3753916404429,70.252267403829,8,24,40,48,61,76,2.1434901830091,0.0168680137185535,3.68948091143896,2.89073607637846,1.11203328626553,2.35165127078786,1.15867213406549,3.0132876657071
10.5611345307941,14.3209136576449,37.7003122566403,44.7755813068068,59.6807971612152,70.6328524923554,8,24,41,49,62,77,2.16560295140582,0.0168697259200532,3.87743111191999,3.07184215926668,1.10832263263158,2.29973117645029,0.957255228230597,2.76177198776865
15.7173107649617,19.504015141731,47.1110740512652,67.7510470980156,84.1040569725313,93.7917274769814,8,23,40,48,62,78,3.9297722766278,0.0269897659544094,5.19856386447745,5.54090373679497,5.73334899589306,2.49815466136089,0.602615534983105,5.83199805146374
14.1739907477688,21.0419633199936,48.2855762155762,64.999555085851,84.4042383791601,92.8073796692136,8,26,45,53,70,88,3.38467041923774,0.127182456019017,4.55531709003104,4.90070516385842,4.28770448876144,2.72130321096283,0.270463000428864,4.32986687789364
12.8495532212256,20.645381487045,47.2443167638888,59.0647965740592,78.2393987884988,86.450339150604,8,25,44,52,69,88,2.92727220714904,0.257318487012285,4.35954429446123,4.82125858966923,2.57974763954359,2.65756498439497,0.201369578072591,2.96409941287689
12.5804550391262,20.5658535067418,47.1548328002322,57.651336605883,75.9352555351125,84.3522936951097,8,25,44,52,69,88,2.83568179283134,0.279091779299053,4.35653585136016,4.7990998061775,2.14472153106072,2.41462945090871,0.221047659090724,2.5484603931434
12.5596454535151,20.6355596304259,47.4136298615001,57.2553459602229,74.6925122827409,83.3613256237,8,25,44,52,69,88,2.82861936114883,0.289799457082613,4.41375278798435,4.86326706879016,1.93545079564657,2.18964111275014,0.246412363649743,2.30130566853477
12.6144936620743,22.841957759043,48.9104139376523,58.4958823676929,75.5625030277994,84.5193022619023,8,26,45,53,70,89,2.84724030404537,0.511733968558067,4.1998976095575,5.05597041967818,1.85474989451838,2.09313967862175,0.277188015324691,2.2359017392757
12.68072883901,23.2069783871351,49.7946059118302,59.091397327736,75.3999333561191,84.9241838756931,8,26,45,53,70,89,2.86975431609365,0.557876772872843,4.35612741704113,5.27806311964793,1.76469973560484,1.89966753595626,0.343203764098198,2.14457698939818
12.7240235436687,23.6217185403636,50.7048834241952,59.7782048771285,75.2500231569746,85.6931586437984,8,26,45,53,70,89,2.88448658554514,0.617629893197201,4.50641680307821,5.50953647331527,1.69564832321239,1.69272093212311,0.464555326075395,2.11792686345169
12.7256853460534,23.7422712241054,51.4868794263968,60.3757161730131,74.7028411479717,86.2336490445879,8,26,45,53,71,90,2.88505231173745,0.637299408002272,4.70873927709859,5.71060945870622,1.63909465610084,1.27759785385602,0.62960016602434,1.95787718754576
12.4513398704009,24.0870038195883,51.4316070447462,60.1045476028028,75.1448288532788,86.1976371644158,8,27,46,54,73,92,2.79191024336818,0.646656490358422,4.58615511462846,5.50758811141557,1.57345081120782,1.29428958533325,0.554346839097592,1.85107463359823
11.9866308994244,23.6999541597965,50.8089245466971,58.7512282165344,73.2113501436805,83.8307269742391,8,28,47,55,74,93,2.63534259962806,0.571324403795116,4.51427384731387,5.16843644773115,1.35593745657046,1.17230741961462,0.489777192808013,1.55484905553723
11.8968397641717,24.2134904766759,49.2926801921214,56.5500510871112,69.8255670273016,79.4977550354019,8,31,51,59,82,100,2.60527224909147,0.432426367088397,3.67735971662679,4.14031195265176,1.15928693926815,0.559800600355978,0.43072975132007,0.895568562465565
11.7650871926614,24.1413438375016,48.3301241662465,56.003457475494,68.4601457322253,77.5604752631703,8,31,51,59,82,100,2.56125948502012,0.439889032706166,3.42427910846074,3.92457699763267,1.27781815559539,0.450056642004119,0.354077705201393,0.777664665663855
11.5735347809936,24.3067086658552,48.0541853981599,56.3398891363448,69.2173646283916,79.2563633638628,8,31,51,59,81,100,2.497508779105,0.485854503174816,3.30054182408415,3.8634281140682,1.45724160848694,0.581115982119882,0.409048404135246,1.02427557953493
11.47148240738,24.6313615992935,48.2120918974192,56.9922739812557,70.4744367171028,81.5471040422099,8,31,51,59,81,100,2.4636625723009,0.543627188158741,3.25409101401168,3.8983821921418,1.60598389878472,0.672468253520815,0.557390124983827,1.3256674072797
11.5578803961192,25.1365351670875,48.6859784171109,58.0173088362574,71.3195441819519,83.5869042885633,8,31,52,60,81,101,2.49231154106556,0.603222844431856,3.04059168268793,3.85316442507393,1.77542418295116,0.734399933317177,0.657944109676869,1.56819425920963
11.9702454048681,23.7990556439276,47.4235611004669,57.2994094264148,70.2895185380309,83.1984206956153,8,30,50,58,78,98,2.62985073265906,0.43719734449666,3.26626919625504,3.87448110443563,1.94625276480309,0.778673924840792,0.764688948767343,1.81348289134484
12.3293197680391,22.6679672065444,48.3296756828104,58.5864633696765,71.374035468668,84.2185926900553,8,29,50,58,78,98,2.75065039261558,0.319848543034593,3.62331930879717,4.07792541422703,2.0676175244296,0.743988950809406,0.753681928802718,1.83308478261759
12.7777619554849,22.9511698653348,48.347068800382,59.6656639488581,72.1485593165704,84.8813863529045,8,29,50,58,78,98,2.90279004041401,0.301552625036291,3.54855799905582,4.08186336698801,2.41311363018012,0.693054132267712,0.734725983678139,1.94557145047939
12.8975737703009,22.5805653640777,47.7948445494184,60.003489897452,71.5647832676294,84.2225103331924,8,28,49,57,76,96,2.94366702325438,0.302627785657875,3.49770325219294,4.11291764774344,2.70994907656628,0.634539062694724,0.72209749697479,2.03714323565496
12.1457859959529,17.5030746481422,38.3884774444555,49.3548896311294,59.4515763549296,68.6025661284642,8,27,44,52,68,83,2.68878912394844,0.0300874663765128,3.1404340495441,2.79227950009004,2.29741079557763,0.67440797799274,0.607087619860454,1.81106431949821
12.1034915611339,16.1791596082791,35.4056108361842,46.2407667110381,56.4523258343713,66.8721041682055,8,24,39,46,62,77,2.67456793859216,0.0249209489337517,3.1117464826497,2.86310201678359,2.53836006743338,0.695153927548822,0.847606637846778,2.17471054798136
11.952346050937,15.5933642054061,34.5350038695657,45.2856653978653,55.3509001723274,66.4286460620757,7,23,38,45,61,76,2.9265974262235,0.0143785729777549,3.02741639600272,2.81914044504766,2.50935772887577,0.668771648318242,0.983839808999584,2.26087555429728
11.78278412927,14.6766621879657,32.7981698437729,43.6903331229024,51.8010464216402,62.8801477299623,7,21,34,41,54,67,2.86713221815076,0.0125300833251074,3.26445730771231,3.04057870248898,2.55795790159713,0.624556904050816,1.27606435381578,2.57627576966256
12.2255169573068,15.0616850964671,33.5825819707236,44.6856180878395,53.8878146337751,64.8258148121745,8,23,37,44,59,74,2.71563331044155,0.00667762159442781,3.13842178223965,2.7571498971332,2.63065914711275,0.616180283578958,0.954298523340877,2.26021897659973
12.5265044910425,15.643746798122,34.2572891048269,45.6342178620834,54.7395233315069,65.0679663463887,8,23,37,44,59,74,2.81737798038882,0.0107575888510711,3.16651337590557,2.90658898265228,2.72556231644141,0.599021767578866,0.829284455502263,2.17216169476689
12.5255266705529,15.7331669394668,34.5760287117788,46.0780153032856,55.1340387768493,64.9789429117598,8,23,37,44,59,74,2.81704641912305,0.0123800060018578,3.23628343353418,2.97808503041089,2.76906739297303,0.590369884695729,0.734810211543825,2.09030759153551
12.4466857087676,15.6332996377946,34.9312587141352,46.2261946260321,55.2701561309293,64.8515848814568,7,22,37,44,59,73,3.10097834634695,0.0119882213376875,3.13300315578699,3.05843086720774,2.69709688824787,0.588260110928029,0.799096842955097,2.12230455769234
12.2631239560187,15.3419442838957,34.9932993554211,45.9960011661874,54.5616067144069,63.7028257639768,7,21,34,41,55,68,3.03605345210529,0.0166623169508302,3.74747210902796,3.56503789687149,2.59602707312344,0.603359565018817,0.832425973683158,2.13898084946572
12.0643436985978,15.9268259381488,36.0005458979009,47.1320913554207,56.3055110124707,65.7721811944076,8,27,41,49,67,81,2.66141640741853,0.0047024230405745,3.61625867611437,2.70566328457436,2.35153149499894,0.363478650505691,0.775954059454037,1.61973914074861
11.85654100361,15.6514024696825,36.2226566077486,47.1818867080587,56.555527033783,66.5906711668043,8,27,42,50,69,84,2.59179620105159,0.00421385739747337,3.51687072741102,2.61504127407817,2.29506227474639,0.324998638479592,0.771463889052395,1.51368177739053
11.6257164022789,14.7605170084271,35.7087419846857,46.7782188320676,55.2748966801742,65.6282444411524,8,25,40,48,64,79,2.51484698603482,0.00384602961885507,3.6323690900533,2.78433713128393,2.33116175354204,0.413382117817628,0.834265739878273,1.75677178817803
11.9280746010033,20.2834503198297,42.6193781374978,53.6122174601367,60.9097151471336,71.3170780781795,8,26,42,50,65,81,2.61572570622307,0.265144926456193,3.80739303141746,4.04276337051696,2.30605624557734,0.317887258529298,0.731088089265267,1.53852847400815
12.5164558228607,20.6129445023638,46.2714684604747,56.2978299711371,63.6918511645507,74.4566771696456,8,25,41,49,64,80,2.81397097185063,0.292261184637981,4.85043713323076,5.12753584998147,1.99403006254535,0.330878448958542,0.798499188116626,1.45043191036521
13.1401451046358,36.9347524440417,53.0549883544646,62.9423418658471,79.9005323619776,87.6382941582354,8,32,51,59,81,99,3.02671173752527,2.54717998727829,1.53224242206753,5.01767522427514,1.94989659691249,1.30021266210202,0.201280996329321,1.61382139715099
13.3120952467387,37.1923009356626,53.6021183962266,63.6286156350658,80.2088828768445,89.2191236764274,8,32,51,59,81,100,3.08580471161719,2.5682764831966,1.59830385892875,5.14951733514093,1.99407325129986,1.22438164059617,0.283103495494883,1.68473752716283
13.4846531526489,38.4387854208611,54.369163931787,64.5169739201912,80.8187570109839,89.9660017709793,8,33,52,60,83,102,3.14528971831862,2.66008437086711,1.48943345052238,5.16274588365828,2.0327492562285,1.0543956899947,0.298557789531485,1.58392677450092
13.6473450763606,38.8667712217921,54.7675519580168,65.0248370874738,80.7559465742595,90.4642501211628,8,33,52,60,82,101,3.20153795127114,2.72564727174388,1.48279622779061,5.25890432777278,2.06777695244657,1.06029081090562,0.36610903398901,1.69791933635722
13.7933119875998,39.4687215705134,55.3084090699389,65.6714316429484,81.1060400471024,91.1934132082044,8,33,52,60,82,101,3.25213660002029,2.83943684225747,1.46912762991261,5.39029643503355,2.10171979547596,1.00514242591877,0.415518784007204,1.72923268044228
13.9161755855868,39.0354054296146,57.1029574174777,67.2610862022244,82.7648312379321,92.9212020334018,8,33,53,61,84,103,3.29482216015397,2.70082936556001,1.82891379234964,5.65374126425743,2.03604580984157,0.911476892479984,0.424830091920145,1.61945458013731
14.1742829421971,37.390006234567,53.6869964151243,63.9468222724502,78.753563694401,90.2254034629222,8,33,54,62,84,103,3.38477245839817,2.24281632510535,1.29313155452684,4.67028558122276,2.06859128147045,0.892229515861734,0.620093631819851,1.83967378775888
14.701308959552,38.6813169354471,54.5731738403108,64.6960026179124,78.5328041093722,90.809161062044,8,33,55,63,85,105,3.56956642511331,2.42354942082675,1.09066359835057,4.71427741628525,2.02477287669703,0.72873493432226,0.659394126762702,1.68737213186171
15.2644240036307,39.7477571405668,55.3237483738235,65.2205124655742,78.0156655989884,90.2407738378812,8,33,55,63,85,105,3.76859319905634,2.54492666281846,1.03129640807427,4.88796356525693,1.95287806518127,0.569139900077761,0.651152658349019,1.47690914818287
15.790941758058,40.3497342404021,56.0824272945262,65.6420476357215,78.0107344106636,89.7079775702395,8,33,56,64,85,105,3.95606665000554,2.56327983667967,0.951626166932631,4.90195992402643,1.84664889026184,0.587173752748932,0.568890439141316,1.36935132466894
16.2556052644863,40.5232329351838,56.8198369468994,65.9747247401538,78.5395133072737,89.867762430066,8,33,56,64,85,104,4.12255920997919,2.49268587123842,1.05344174347358,5.07369041801186,1.7207837327694,0.616910952526832,0.597204709841622,1.37089768198813
16.6185122355049,40.2790721782892,56.9272994322622,65.5203265289896,78.6957522157744,89.7443295954861,8,33,56,64,85,104,4.25323732356064,2.34747379213406,1.11896692702127,5.0988694751028,1.54930482348712,0.713575464154861,0.553699418858172,1.33582386372454
16.8013302234698,40.1976836844184,56.4599657693114,64.1136010742734,79.5156192046906,90.4659535616891,8,33,56,64,86,105,4.31927421520955,2.28513142162009,1.04712844830462,4.98965253598362,1.27214134948644,0.999150942341838,0.538760115221362,1.42746872400593
16.6896061837116,39.8623363579373,56.7321944215792,63.1873894857107,79.9107736990743,90.7296687973948,8,33,56,64,86,105,4.27890146154233,2.23278170812358,1.16104667401846,5.0531838689854,0.939414631319869,1.25290128888938,0.519056631499379,1.42615690879753
16.3015168567089,28.0547611258919,41.2697037040112,48.5077350795354,58.9395005633976,69.7352842192681,8,33,56,64,85,104,4.13906069338814,0.261208732641033,0.551301409209139,1.91878604240252,1.15384681356204,0.330399408658088,0.515625952237322,0.752468508684853
15.8965667493222,28.7315786811042,40.7272650041486,48.4112531510369,69.9017499321003,80.0689550504451,8,33,57,65,89,111,3.99382911380031,0.371231700565636,0.335272708180328,1.73394685787907,1.28089135584735,2.00013387179161,0.250162947068372,1.80083717161023
15.75371304054,28.7776191584198,39.8355403013719,47.8617653525185,71.0786771191601,81.4006207271853,8,33,57,65,89,111,3.94276882399048,0.392490650601483,0.242336340169294,1.59588626950663,1.38053608192018,2.4061895090661,0.265336358604747,2.17877128456276
15.6704464201915,28.6117382498659,39.5807461390821,47.7044114517488,71.2426101558021,81.9381966784786,8,33,57,65,89,111,3.9130493946174,0.383119490684466,0.23435641076184,1.55733231928852,1.40922728636495,2.48430088422467,0.303915865672307,2.32024440009809
15.7732353389624,28.6110505665135,39.7767691316382,47.959200943936,71.5133749954189,82.6006826363077,8,33,57,65,89,111,3.94974126405702,0.371542826140334,0.252206297948529,1.58695768399305,1.42659747549971,2.48820460678822,0.34726216636714,2.40512279186342
15.6889546882819,29.0474405311387,39.7294225151482,48.0788136497725,71.6381854739478,82.3829966071318,8,33,57,65,89,111,3.91965261062749,0.431598299285543,0.209593652445123,1.57978026223981,1.47621424421632,2.48947513108712,0.309201059746708,2.37399250311892
15.5830295653753,29.5045407433142,39.8256208499264,48.3480733846926,71.9324620890913,82.4003554150933,8,32,56,64,88,110,3.88188284944417,0.573949716842682,0.180630783632932,1.6861354256915,1.52805046827459,2.49559291503151,0.280080936874432,2.35963667487629
15.4597304080223,29.9458414652418,40.0685515065562,48.7518443521307,71.2640744430502,81.0472380305587,8,32,55,63,86,108,3.83798347220005,0.655257998423087,0.20268734046095,1.82094376773336,1.5765848566723,2.40369964109364,0.214565744250632,2.18473204489821
15.3174018639617,30.3427959967869,40.4091709875464,49.2905693150132,71.8776345671977,81.3769471862437,8,32,55,63,86,108,3.7873977214764,0.737372893531296,0.197985464433701,1.87680958984169,1.636823198912,2.42206592538468,0.19016207144604,2.18279273590952
15.1543055168308,30.6538537667318,40.8272911438215,49.9308136024836,72.671615390853,81.806720893252,8,32,55,63,86,108,3.72954984135353,0.813019001970265,0.206973813574039,1.94632187772302,1.70494577579965,2.45992838499316,0.161243641925963,2.18486417748191
14.968798799647,30.8118015745663,41.3088005630964,50.6497698281935,73.6635848571913,82.3182883043639,8,32,55,63,86,108,3.66391097559218,0.869756487704972,0.23548458575074,2.02762994805035,1.77841951439888,2.5275984957295,0.127226937376067,2.19021056876216
14.7606252176442,30.5885443771644,41.7227862568589,51.2635682254524,74.7481506653233,82.7524903983136,8,32,55,63,86,107,3.59045610374978,0.867231193567592,0.297486152894566,2.09859422301299,1.84074942070435,2.64555435422967,0.113981477449652,2.30638244471817
14.5509332983226,29.4776757978546,42.1577856379726,51.0987376234363,74.9067329240594,82.4609688147793,8,32,54,62,85,106,3.51668941516959,0.72203484682066,0.552592769837015,2.28427136995898,1.65502825372517,2.72749601784436,0.0875282294850413,2.17503903777518
14.6502458933597,29.7207612851044,42.40040739463,51.5767495499031,75.7792826727478,82.9719930490762,8,32,54,62,85,106,3.55159781452888,0.744434739475348,0.552526518236439,2.32801204019795,1.72740822704321,2.82842994551111,0.0693150269956973,2.22321648529455
14.7280016335073,29.9580323362933,42.4320742837369,51.8804075576279,76.5423572502723,83.3282261482486,8,32,53,61,84,105,3.57896467289029,0.769632457640314,0.603069392187685,2.44894433473771,1.81185503858528,2.94726970790543,0.0519378771260904,2.28201679453643
14.783154307989,30.207075812521,42.8540070476358,52.5344372125287,77.7203730911516,84.2017359586803,8,32,53,61,84,105,3.59839499567496,0.800742672266144,0.629558878583184,2.52777852390834,1.8845742897218,3.08447445909278,0.0409949160421442,2.36479999147323
14.8159512788511,30.238504039844,43.1326480792381,53.2016776295789,78.9488289361682,85.2378216349025,8,31,53,61,84,105,3.60995674666625,0.89740762327861,0.583554549472996,2.58035117105073,2.00761623410198,3.23332231187164,0.0349463581719018,2.50614599936119
14.8285207585864,30.6200789185176,43.0358380662659,53.6604817567182,79.9831880189595,86.4119191783525,8,31,52,60,83,104,3.6143892504718,0.962061470853726,0.59425264688062,2.68397184294771,2.18615976417277,3.38793192062554,0.0392750971670903,2.75009725141658
14.8252840786527,31.0686907815891,43.9648006094201,54.7818679024849,81.3615728813411,88.0884011061542,8,31,52,60,83,104,3.61324779042872,1.04366278000129,0.668607666267612,2.86588846323209,2.24866848444718,3.45758909639005,0.0496814308823297,2.89741600828467
14.8122968397745,31.5676121411775,44.9647138872438,55.9816070000882,80.7871709931193,88.6920322710469,8,31,52,60,82,103,3.60866819496812,1.13922491152184,0.750143204636415,3.06645043567504,2.31393052690696,3.17932225316841,0.107769017562602,2.94811600782319
14.7939979097683,32.0702494441257,45.9599448484349,57.1793120823464,81.2353209053608,89.7437558880437,8,31,52,60,82,103,3.60221703048779,1.23972732227513,0.834103928112966,3.27078489740547,2.38040858515725,2.97936846724337,0.148690858185622,2.95950793765187
14.7674656450288,32.0422198884826,45.7463051075583,57.0313551738657,68.5994826929829,76.7893235762421,8,31,50,58,79,98,3.59286628730748,1.23943388725051,1.02000105835837,3.50703469627027,2.40204821105846,0.472683636703199,0.199410548817067,1.07970895515534
14.6613946056623,31.1466315697869,45.6477201977377,56.7862843825171,65.9961988189516,75.9352508886348,8,29,48,56,75,93,3.55551979128146,1.3321218917112,1.18077935952042,3.78254070148777,2.35383696681123,0.305764937796824,0.468873758620522,1.21928549500005
14.5069859130553,28.2790073030688,44.0636238289633,55.0272006212583,64.8074556867018,76.3000526760993,8,28,48,56,74,93,3.50125837415613,0.918509364247033,1.3177625192355,3.43349169849115,2.29648357648863,0.445998254041324,0.623432951521196,1.52446726628306
14.3234556463539,27.9348985919572,43.6380897889137,54.8899204391021,65.6338435323963,78.2787173066917,8,27,47,55,73,92,3.43692699523948,1.00188179266483,1.30060419539611,3.48758354874939,2.39109938399926,0.592577775303424,0.820378579532297,1.93869203224748
14.1731103763944,28.0804512766503,42.5774931288658,53.9046417236326,65.0301339531858,75.7093690888319,8,26,44,52,70,87,3.38436298173228,1.18754189434589,1.31469351323084,3.70811813535058,2.41593661303528,0.655543614189346,0.676407698145249,1.89018209531907
14.4080425834313,28.4816998668719,42.8022242469338,53.9873143196221,64.4248902085529,75.1236448580049,8,26,44,52,69,86,3.46655423457831,1.22294678973744,1.27616420834261,3.75961617714683,2.36913003914088,0.634653070818916,0.679827736765975,1.85564267325675
14.6178386113127,28.8445026208914,42.991415419466,54.0713437432899,64.6888839991196,75.414368858328,8,26,43,51,68,84,3.54020100011058,1.25583803434135,1.38069896990065,3.96493139377667,2.33458943274501,0.665644319671001,0.79096809722633,1.99016748368868
14.7714849005575,28.989397609947,43.0234933492113,53.7836662485616,64.4772062946781,75.1485912337764,8,25,41,48,65,81,3.59428255933574,1.39689539657969,1.50819441094374,4.3115309801164,2.51261977196763,0.678913392876919,0.780656496677776,2.05360299452495
14.7821955315555,29.8989926281208,45.228591612793,56.813466390429,67.6396319391569,78.4497336858234,8,25,42,49,66,82,3.59805708540924,1.60714810342973,1.65827559448768,4.67880283352067,2.79796072832283,0.702323008075806,0.80720007459342,2.26862383208549
14.8048417964489,30.5805960618116,45.8274492041876,57.9352825815457,68.9000114081525,79.6953732567142,8,25,42,49,66,83,3.60603976419486,1.76705796100314,1.63833591355397,4.82860543543974,2.98128584503059,0.727121118940247,0.696857271519581,2.26957850480191
14.7140449660957,30.98573431114,46.1327901332446,58.6752081239807,69.8406309822647,80.3052442030462,8,25,42,49,66,83,3.57405020039642,1.89040462351609,1.61438749072164,4.90550907942378,3.13491694432081,0.763644161046523,0.639270225757405,2.33016885440788
14.4993442995046,31.0149798469224,45.776620450331,58.6617518047859,70.0556309962525,80.4486399040728,8,25,42,49,66,83,3.49857624800978,1.95197777910207,1.52294917423691,4.81583769803204,3.256842745078,0.806072568578569,0.627072653465876,2.43080276301161
14.1608262531632,30.6245655444902,44.923996720056,58.0659791517752,69.6825812984749,80.2173498660356,8,25,42,49,66,83,3.38007364607019,1.93883038082947,1.41556768034426,4.60313948965648,3.34864667231029,0.848288661179052,0.651314951844685,2.55806502129935
13.7105141576504,29.8520904693801,43.7931247243736,57.1116269265195,68.8890915132426,79.3548470633855,8,25,42,49,66,82,3.22341990811184,1.8578031406095,1.33408897717881,4.32543887052223,3.41194213628572,0.879290525078568,0.74194182946586,2.75284738670704
13.1742667592266,28.647797545581,42.387126669947,55.7452586115852,67.4109142735942,78.2622420393911,8,24,40,47,63,79,3.03842340761877,1.86431981951301,1.43818526604142,4.330939342139,3.42617465412648,0.97814636411179,0.815153941123984,2.96628708691768
13.0619164308101,28.5857299762139,42.1724464152024,55.4555725597045,66.9258909014887,77.7284195767295,8,24,40,47,63,79,2.99988886843152,1.87716035730772,1.40235674909114,4.27802375490993,3.39924414039293,0.93805519354666,0.805742210006621,2.89601510989668
12.9705179220042,28.5954368941031,42.0252198032271,55.2339969924676,66.5197828924477,77.2563168951789,8,25,41,48,64,80,2.968599810723,1.73004443807673,1.36581826292899,4.06924479210929,3.37257834144181,0.900747170537231,0.79308047814984,2.82506078841125
12.8761101606329,28.5953650987907,41.8722463999824,54.9993944794801,66.1091075701417,76.7705086884015,8,25,41,48,64,80,2.93633721361034,1.75316564596033,1.33052075346425,4.03249330074317,3.34333492535417,0.865673570165904,0.77875924204683,2.75298497250779
12.8782050410756,28.7471196487035,41.8890470832886,55.2302139333881,66.22889216846,77.0009730212944,8,27,43,51,68,83,2.93705248143803,1.47566142159648,1.29961865207982,3.70831762922237,3.09581368078638,0.733249340952306,0.919642657355972,2.65727106403501
13.0298434377114,28.4195704504546,41.6592263216789,54.9722730338295,66.0036517708373,77.272217449723,8,27,43,51,68,83,2.9889030078006,1.36978319975021,1.32197298503711,3.65550579161419,3.08613220627279,0.739171479577141,1.0246870138351,2.76381464558127
13.0758082077334,27.9283710198219,41.3333083338905,54.529034210204,65.6400343484593,77.4701637821863,8,27,43,51,68,83,3.00464921199029,1.2543540652736,1.36006218825339,3.58102711548139,3.04579262621608,0.753670084529425,1.14817881356929,2.87672330315128
13.0310518791953,27.2731810908485,40.9028837766151,53.962321046915,65.1549713866305,77.5720581515279,8,27,43,51,68,83,2.98931681218568,1.12759812813778,1.41241922363107,3.48342473901593,2.99903945518484,0.768653538106825,1.28220256557418,2.99300398352275
12.9010090050979,26.4638861706293,40.3608020326295,53.2768302666736,64.5318282250711,77.5036092331428,8,27,43,51,68,83,2.94484043301116,0.99243206488892,1.47548241792354,3.36175389408577,2.94997161405436,0.780172825696676,1.41318668475514,3.09774716258651
12.3973642224457,25.5435705598036,38.2769597191129,50.4990118901674,61.8173813715888,75.4148084907146,8,27,43,51,68,83,2.77364606681291,0.912767824174944,1.20755158933739,2.90760879797116,2.71446581837342,0.791949958491903,1.56561841932838,3.09664445837446
11.8122232965332,24.6738555247896,36.5520162110281,48.2862008551848,59.8825768853661,73.9911258156138,8,27,43,51,68,83,2.57699041170825,0.859849088899952,1.02244353151521,2.54906895439624,2.55095550381424,0.844420728962085,1.69359792949181,3.16387540982956
11.2677807629698,23.8808160781136,35.4383079050805,46.9359496171941,58.8184844290055,73.4108861810705,8,27,43,51,68,83,2.39635525942577,0.814643101134587,0.955871514593536,2.32658758796495,2.4723305235803,0.899767058335981,1.81743229642491,3.28407753480983
11.322968910836,24.1626541472577,36.5670064207192,47.7784857960403,60.2373739721526,74.9880783867373,8,28,44,52,70,85,2.41455707336338,0.752851194334186,1.13507649033336,2.42263797554022,2.37781229573341,0.895520100345485,1.85848915641418,3.23175353640507
11.3751331294538,24.1851517762886,36.8454123094737,47.9117913575753,60.4478406886024,75.286143218821,8,28,44,52,70,85,2.43178456413645,0.7478008402474,1.19131226243102,2.47791751618184,2.33014597478898,0.910295960940456,1.88131998576508,3.23615243925584
11.4241385657678,24.2069438767063,37.1014688940645,48.0009275033021,60.5801940025788,75.4984738047895,8,28,44,52,70,85,2.44798905991046,0.743180489633625,1.24359477841511,2.52915526480367,2.27553463252688,0.918612025222408,1.90223321627087,3.22637093655541
11.4781582739461,24.2554683078282,37.366623312132,48.0920136125961,60.7011260473405,75.732195341824,8,28,44,52,70,85,2.46587411604447,0.742248926460433,1.2926058133676,2.58260846281486,2.21884551756022,0.924371911269809,1.93183668445993,3.21934539360194
11.5292748039464,24.3161279701813,37.6324409811015,48.1703440404233,60.8036322659894,75.9541095994569,8,28,44,52,70,85,2.48281953726479,0.743866994403068,1.33959476324369,2.63659397654549,2.15809265528645,0.929047546454265,1.96331618383517,3.20954097216656
11.5767840249649,24.3930688094504,37.9001371100587,48.2397207752417,60.9020359673521,76.1752400215898,8,28,44,52,70,85,2.49858776739238,0.748866398935708,1.38377352763625,2.69135954681178,2.0941863431218,0.934673212850232,1.99581749507255,3.19915273326173
11.6206475903972,24.4900470057272,38.1687673569525,48.3021669639632,61.0041552987615,76.4027405006601,8,28,44,52,70,85,2.51316185011207,0.757923709214806,1.42392167791173,2.74671349362721,2.02814733248022,0.942382962583601,2.02917348979274,3.1899863832952
11.6599231722405,24.6016110670006,38.4128990787406,48.3380693119993,61.0963591650818,76.6326784882939,8,28,44,52,70,85,2.52622435167839,0.770322595125492,1.45517867637515,2.79736047274218,1.96188329128397,0.953365115311298,2.06599009848316,3.1868251145381
11.6942422802129,24.7238033312415,38.6233490345953,48.3417394277631,61.1700180471919,76.8602671504982,8,28,44,52,70,85,2.53764825748531,0.785505527479282,1.47610740339256,2.84127788575633,1.89652364241906,0.967083729602408,2.10734847820033,3.19064242484107
11.7245731306002,24.8586161938562,38.8194467462532,48.3316280347896,61.2306927711246,77.0850870040799,8,28,44,52,70,85,2.54775219273441,0.803715276169171,1.49069545573105,2.88241314555216,1.83180026146872,0.981033215677544,2.15169479159239,3.19704308240029
11.7509688518811,25.0000782228497,38.9958709022939,48.3046683841293,61.2681499588254,77.3018920576711,8,28,44,52,70,85,2.55655102856206,0.823965210361671,1.49903794756587,2.91959552609007,1.76842609254991,0.993792236259985,2.20043027783775,3.20604898249879
11.7734382202445,25.1419662519025,39.1483213176173,48.2585764499378,61.2741938955638,77.5068860863455,8,28,44,52,70,85,2.56404526751862,0.845195382859494,1.50156116982298,2.95185704523243,1.70701993437157,1.00416360290781,2.25483024517672,3.21777988906622
11.7919907460439,25.2788280281095,39.273831512222,48.1919579787127,61.2439505487002,77.6979466747149,8,28,44,52,70,85,2.57023603633451,0.866441077661932,1.49884947218742,2.97850854068581,1.64804549148023,1.01142331307526,2.31575124953649,3.23243435673524
11.8010408551638,25.391663923423,39.3554494754714,48.0908502919961,61.1653078539152,77.8631611484688,8,28,44,52,70,85,2.57325691172065,0.885251096197949,1.49139999643488,2.99588362216568,1.59238099280264,1.01591651242476,2.3833677805388,3.2511547927057
11.7832245421213,25.5048220976216,39.4242107512991,48.0932973267622,61.242582043352,78.0198453271469,8,28,44,52,70,85,2.56731052427579,0.909216093106648,1.48082580174439,3.01054847238759,1.57228441352428,1.03093555304369,2.40549467133573,3.27088212294042
11.7652446931645,25.6301547565971,39.5025065402869,48.106623119078,61.3270856019387,78.1771696594218,8,28,44,52,70,85,2.56131201996519,0.935725661721824,1.46964877250184,3.0272764422165,1.55265053470534,1.04529721205423,2.42583160353605,3.28864698325754
11.7451246893488,25.7556587112282,39.5773285416155,48.1167370796133,61.4066727802912,78.3299079721167,8,28,44,52,70,85,2.55460245337773,0.962965809397203,1.45763562051319,3.04329166633657,1.53315093465455,1.05938501425925,2.44630482914125,3.30619244881673
11.7228306562819,25.8806607208148,39.6484237688215,48.1234374411086,61.480883194598,78.477890066544,8,28,44,52,70,85,2.54717153987289,0.990825018272587,1.4448924735853,3.05853575994293,1.51380100127241,1.07314054320966,2.46699609079071,3.32353580286693
11.6946274911879,25.9262250523451,39.6482520499407,48.0836470043983,61.4989685477156,78.6184623914017,8,28,44,52,70,85,2.5377765358131,1.00489159183348,1.43410877989677,3.05849890921085,1.50192372980492,1.08498432484243,2.50144836000631,3.3553595046146
11.6636262892683,25.9397478666058,39.6199523601943,48.025752516411,61.4971045257973,78.7550088186754,8,28,44,52,70,85,2.52745657798896,1.01341840293272,1.4242704113144,3.05242787637515,1.49306541585159,1.09649528531445,2.54052426228556,3.39275737264893
11.6337020465634,25.9519229451726,39.594757171976,47.9841801284735,61.5042543751792,78.9067547512746,8,28,44,52,70,85,2.51750223710964,1.0215060803857,1.41549773182414,3.04702628585204,1.48816852795886,1.10654045787567,2.58150833523637,3.43304748555891
11.6107858864593,25.969989731015,39.5897515117873,48.0072020087682,61.544917536028,79.1191623837908,8,28,44,52,70,85,2.5098838863885,1.02940274112153,1.41009014568942,3.04595351021055,1.49655117219764,1.11018573537895,2.63039892862901,3.48276175943832
11.5859723845761,25.9803022287691,39.5721376319609,48.0204252121664,61.5743170649135,79.3118344014123,8,28,44,52,70,84,2.50163943087671,1.03618921590635,1.40355381421245,3.04217965505441,1.50578647174833,1.11353209426668,2.90316878095078,3.69234147479919
11.5436413872937,25.9444080839296,39.2063438718775,47.7767895841479,60.787832931357,77.9296381212012,8,27,42,50,67,81,2.4875858928725,1.16007171969095,1.48328199308709,3.25565046572593,1.54249699878362,1.13042172180658,2.72713936210419,3.61710231356022
11.3205875219345,25.5715386118511,38.9167694224474,47.535974129588,60.7170750928837,77.7944815664671,8,27,42,50,67,81,2.4137711402057,1.12939519846891,1.50359723949763,3.19142932718305,1.55720523634565,1.16679185925556,2.70826553271045,3.65354205425793
11.1272791558802,25.343266377372,38.4735881126911,47.0848845465737,60.4108891666529,77.5081671156023,8,27,41,49,66,79,2.35013032814908,1.12227896712176,1.62015028769212,3.24350896313987,1.55481756814659,1.19809753857975,2.94911722127633,3.85926224259701
11.1321745779179,25.38766826452,38.5216203174254,47.1407068521108,60.4883326178961,77.633733201688,8,27,41,49,66,79,2.35173812789804,1.13032095912521,1.62107884518616,3.25427289248699,1.55716955165091,1.20279322648486,2.96377652680061,3.87805994104403
11.0753713518618,25.2502108952999,38.0649402364356,46.6013372141025,59.8581493371425,77.1055886306309,8,27,41,49,66,79,2.33309480783476,1.11392516226779,1.54002706310952,3.15240595268908,1.53224475977846,1.18311301485161,2.99491260959987,3.86073274046801
11.0180089134116,25.1025783302758,37.572694819122,46.028207893754,59.1859487770652,76.5256665554191,8,27,41,49,66,79,2.31429591809103,1.09567860579736,1.45392601095404,3.04380923414147,1.50795227666618,1.16177203229558,3.02313156179903,3.83950681736514
10.9629874924307,24.9560266339978,37.0789206363931,45.4589488533668,58.514179380853,75.9322640765156,8,27,41,49,66,79,2.29629087482587,1.0772905397649,1.36870447884649,2.93615762053543,1.4853610978187,1.13983320412892,3.04714147281541,3.81543053382658
10.910606419174,24.8145730537926,36.5970035734469,44.9069101499716,57.8569782410972,75.3381042678988,8,27,41,49,66,79,2.2791743057046,1.05950669615528,1.28670231263044,2.83235791669181,1.46444505406853,1.11747966174731,3.06648581342278,3.7883609432975
10.8611329680177,24.6814938979415,36.4944452416088,44.7226950153256,57.5275106806238,74.9009804471939,8,27,42,50,67,80,2.26302994821306,1.04291437459771,1.14433083795064,2.67138744253266,1.44017455590874,1.08686255505572,3.0334673719005,3.70802314056299
10.8147831321376,24.5591722634798,36.0635258554043,44.2309105416004,56.9285432984672,74.3321283573091,8,27,42,50,67,80,2.24792452262938,1.02792180664101,1.07595255360768,2.58224685894379,1.42214513264425,1.06446453353575,3.04269599142361,3.67505564428412
10.7717398755942,24.4490796819372,35.6657801233685,43.7767581092627,56.3677149681321,73.7850166674867,8,27,42,50,67,80,2.23391383885078,1.01475758450869,1.01352717533397,2.50091871867797,1.4054836933997,1.04233879382922,3.04690137597186,3.63945765317813
10.732139563805,24.3518805267287,35.3030954073186,43.3616209683043,55.8476572123848,73.2627818052858,8,27,42,50,67,80,2.22103851020772,1.00349976213373,0.957078335891488,2.42756951728547,1.39003158454708,1.02074097087252,3.04623381280406,3.60155067389786
10.7001001893624,24.3016335038787,35.0668529129762,43.0862831712112,55.5158887981961,72.9437450988053,8,27,42,50,67,80,2.21063183556255,0.99995087556196,0.918219408521438,2.38021398667989,1.37854054340688,1.00919266857865,3.05013816858028,3.58192828313817
10.6820750016759,24.3628946796767,35.1949694006582,43.2141612369287,55.7753982859608,73.3250965933608,8,27,42,50,67,80,2.20478118331022,1.01543924412998,0.932120700488236,2.40585370162926,1.37847053446688,1.03620441395338,3.08755734387261,3.64204958595395
10.6602297330435,24.3839481679085,38.2929917203125,46.1128299862993,58.8507308001711,76.6398746624937,8,27,44,52,69,82,2.19769456380428,1.02385662109899,1.32689433002275,2.7724444177746,1.32023078629188,1.07285981750312,3.16137857674047,3.69375448621103
10.6347902143052,24.363534317392,38.4428090793296,46.2558565288568,59.1558247473244,77.6306234483317,8,27,44,52,69,83,2.1894474590945,1.02484443528326,1.36532752057527,2.80358769110931,1.31825750693246,1.10688531483122,3.12446481664243,3.72706111708551
10.6060241852361,24.3017592447093,38.5375136170074,46.3421637577463,59.4244224876908,78.1728060875973,8,27,44,52,69,84,2.18012909881011,1.01836291023368,1.40097517807748,2.82333677228657,1.31581839301862,1.14560345524235,2.97050437432461,3.66780375447494
10.5743197123413,24.2002499931551,38.57089558234,46.3636541460694,59.6513873107108,78.5361701668352,8,27,44,52,69,84,2.16986770045306,1.00470721187307,1.43194603062129,2.83030950571854,1.31236617986524,1.18980129858583,3.01064637881637,3.74553153493752
10.5759233066948,24.2161815780333,37.4568509217513,45.2076140248272,58.9565768227039,78.4190848030996,8,27,43,51,68,83,2.17038649315059,1.00750449975784,1.32220546131013,2.73509399081197,1.3001920981383,1.29108891405787,3.18204332942309,3.98339358348631
10.6204389555133,24.405439521103,37.7183488438521,45.4480629288789,59.4454757725852,79.2015894263841,8,27,43,51,68,83,2.18479761534858,1.03592614562329,1.33881071368189,2.78970514089846,1.29410051205062,1.34679995102561,3.26997464551718,4.1094601912424
10.6514496551749,24.5085317276875,37.8884415039302,45.5968029832836,59.8249257973413,79.7733838474605,8,27,43,51,68,83,2.19484752730071,1.0501900367861,1.35427194940564,2.82542767154684,1.28792815172219,1.39922962192573,3.32787143232516,4.20746132410128
10.6661017721794,24.5741845915444,37.948102838049,45.6049100617206,60.0462107695706,80.0392335807557,8,27,43,51,68,83,2.19959902966181,1.06032610039739,1.35288697259819,2.83799477785748,1.27305505486333,1.44825632799731,3.34131814120721,4.25803100642894
10.6748272023353,24.7255289081778,38.020576040071,45.5780356159949,60.2395824460691,80.1878159727515,8,27,43,51,68,83,2.2024295104569,1.08886137536219,1.33469856383984,2.85328642009475,1.24451334538294,1.49948092264854,3.32780371667918,4.27674282631692
10.6848450097641,24.8802806609233,38.1019779450579,45.5610734821894,60.4497620139333,80.3500931266045,8,27,43,51,68,83,2.20568008620912,1.1181037388296,1.31785576296794,2.87049567754223,1.21641197122281,1.55290415164157,3.3133635471368,4.29665304141257
10.6960241915003,25.0357518700715,38.1883910827825,45.5503204853128,60.6691494099396,80.5195912102763,8,27,43,51,68,83,2.20930858168531,1.1475373142525,1.30206273191053,2.88880322132972,1.1888101836943,1.60763389803196,3.29833942449411,4.31713573101965
10.7081601342359,25.1893994725698,38.2746327286768,45.5403947376498,60.8888755367262,80.6888194870273,8,27,43,51,68,83,2.21324890294201,1.1766717759675,1.28670814469618,2.90711417910864,1.16164933886252,1.66283612375114,3.28314769368297,4.33762289627271
10.71380962507,25.2974737021416,38.3048468439426,45.4969953423544,61.0494876169501,80.8553934564402,8,27,43,51,68,83,2.21508364575265,1.19792241430674,1.26904734098523,2.91353864997225,1.14096619856067,1.71235684418324,3.28494044125087,4.37134852036655
10.698255330029,25.2417550621151,38.1490028127952,45.3246178234365,61.025385191852,80.9911420288948,8,27,43,51,68,83,2.21003289182891,1.18957305027141,1.24645574146266,2.88045344322083,1.13633381831884,1.74862708163555,3.33308962572624,4.44372455802752
10.6833867769408,25.1613991362302,38.0046888874296,45.133295997104,60.9789856336969,81.0289947939956,8,27,43,51,68,83,2.20520686238964,1.17600447562876,1.2320957934668,2.8499318543926,1.12318942700435,1.78429996816368,3.35853050020547,4.48911625538273
10.6690987284623,25.1773859747459,37.9799814611558,45.0227143693502,60.9582231119456,81.0091198656987,8,27,43,51,68,83,2.20057114729557,1.18227030092574,1.22298813861884,2.844717591426,1.09927902253525,1.80651820352585,3.35879874812177,4.49032223391455
10.7043760657379,25.400697318682,38.1535335751498,45.1142426904896,61.1816283721006,81.2730919405507,8,27,43,51,69,84,2.21202014103087,1.2214525868425,1.21188260836548,2.88141348124819,1.07656554557433,1.67380869223464,3.37106391783355,4.33506695011258
10.7571747517029,25.6750587238488,38.3820736013842,45.2559143192324,61.5070050503333,81.6022807467359,8,27,43,51,69,84,2.22917661156824,1.26820074366025,1.20168620426856,2.92998150389296,1.05264606217596,1.71761627666342,3.37221700700083,4.35976677474898
10.7963031446068,25.9352934385406,38.5995618971021,45.372660652973,61.8295630244063,81.8988658939214,8,27,43,51,69,84,2.24190721463951,1.31546407711877,1.19220035400177,2.97645762044106,1.02508459715493,1.76711356698058,3.3643625087406,4.37920683132869
10.8206226279608,26.1592377172936,38.7938339363782,45.4570955332562,62.176194416051,82.1275495712813,8,27,43,51,69,84,2.24982656591311,1.35864901534281,1.18563078917262,3.01818224985761,0.995257780335166,1.83079745612074,3.3287452188688,4.38767236395724
10.8293973512134,26.3216243072948,38.9551422899566,45.5048731779463,62.8898735101065,82.3168281793708,8,27,43,51,69,84,2.25268524308898,1.39220534194034,1.18539229494189,3.05297621912641,0.964678516069145,1.99557436238131,3.17143268795023,4.39455683239746
10.8507658087035,26.9086219410247,38.8873004675589,45.4235707982521,62.938466724124,82.0362493620736,8,27,41,49,67,81,2.25964963446271,1.51813263340065,1.33377686095586,3.3366008254848,0.961070140488415,2.02820801487125,3.31423120144434,4.52025180529794
10.8724191509427,27.0758066864005,38.9517420654023,45.4926821365785,63.2322762849898,82.4026838628727,8,27,41,49,67,81,2.26671099842704,1.55111762626533,1.30906547172003,3.35117804050263,0.962321542285323,2.08502518357419,3.33651146706418,4.59594759349335
10.8798901918144,27.2053708708883,39.0079372315205,45.5532755095861,63.4686945909196,82.691277404676,8,27,41,49,67,81,2.26914833745415,1.57896998132506,1.29150787128086,3.36390661315752,0.96350058342528,2.12980257381306,3.35253796075271,4.65444620773134
10.8724401226042,27.2935411520637,39.0515840121057,45.6016675381814,63.6383601622687,82.877279439493,8,27,41,49,67,81,2.26671783949555,1.60089639727715,1.28088959661797,3.37380364640793,0.964773097301406,2.16084754261725,3.35755938289452,4.69038453730233
10.8496148287486,27.3378118810006,39.0793685486459,45.6343876296275,63.7349900612301,82.9410811862675,8,27,41,49,67,81,2.25927440483346,1.61634077052238,1.27696487827721,3.38010875757326,0.966097129384671,2.17725992315958,3.34747047143748,4.69948985472953
10.8112853950051,27.3371665129979,39.0883913693708,45.647479889835,63.7540553667595,82.8685356173295,8,27,41,49,67,81,2.24678538344496,1.62503613003295,1.27926603495516,3.38215711218433,0.967189184917041,2.17879565717672,3.31935092067074,4.67887625640419
10.7555770785819,27.2883394886964,39.081922269517,45.644589589346,63.6694429729943,82.643087205944,8,27,41,49,67,81,2.22865709303104,1.6266255792177,1.2893631801421,3.3806884609299,0.968149851508044,2.15781109124318,3.27622258443806,4.62366600039634
10.685699175994,27.2032482461682,39.0598039947949,45.621683276974,63.5206713807459,82.2935574771603,8,27,41,49,67,81,2.20595728810344,1.62311225855058,1.30442059002942,3.37566860138116,0.967938294236779,2.12560639657752,3.21495799589779,4.54147156985276
10.6025080307619,27.085495484631,39.023061924559,45.5786115488642,63.3118416836428,81.8286191257021,8,27,41,49,67,81,2.17899061084416,1.61513988169639,1.32387142149738,3.36733511765375,0.966239484476011,2.08340966290845,3.13717399501161,4.4346254509408
10.5071369337505,26.9400189267123,38.9731339327869,45.5164144011733,63.0492808349121,81.2619174656007,8,27,41,49,67,81,2.14815428752853,1.6036046798248,1.34692795120996,3.35602159927645,0.962948891016055,2.03273503862844,3.04535657754206,4.30667529119109
10.4318299051713,26.8055972599465,38.8614490931997,45.3946786469945,62.785613072994,80.9624217593156,8,27,41,49,66,80,2.12386537265473,1.5900301018215,1.3524326992419,3.33075881992576,0.960255508431307,2.17753402973812,3.03458085782106,4.43883449084421
10.3603705305163,26.644082841981,38.776860268907,45.3283531675351,62.491660228583,80.9233975308821,8,28,42,50,67,81,2.10086714316648,1.42464048943202,1.37110836122335,3.16055234442973,0.965151130971503,2.11820078246813,3.11143981030218,4.45025621711089
10.3048169245115,26.5290171845268,38.702768107447,45.1626253267965,63.5108073239158,80.8994316217837,8,28,42,50,68,82,2.08302177960478,1.41174488285128,1.38108793617518,3.14424105887364,0.940656242778166,2.24117415086027,2.79976105190074,4.28398327834983
10.2756200022738,26.4720785323881,38.5324307364177,44.7275261620519,62.7812254679982,79.7806131140682,8,28,42,50,68,82,2.07365487626738,1.4057473900739,1.35352309593654,3.10684807059121,0.870873912914619,2.1652114581031,2.68544165722856,4.05243692189235
10.2437560885272,26.361815559095,38.3163676767933,44.2445357135569,61.9226544235739,78.449559376818,8,28,42,50,68,81,2.06344181921487,1.38884608626753,1.32796111537282,3.05963236334209,0.802086140141256,2.06943481363234,2.77661113339412,3.9539394840021
10.2286524269901,26.0791973969641,35.6284651051001,41.5055313570307,58.0144705947635,74.2128158962441,8,27,41,49,66,79,2.05860424276197,1.4715537096167,0.792585848269659,2.62764678998354,0.789104916287303,1.95027987355353,2.67831640108823,3.75065583476549
10.2342072615831,26.3959236659513,35.5014504522173,41.3559035541521,57.4929871265873,73.3655179184026,8,27,40,48,65,78,2.06038315005985,1.54164884985398,0.824867973754447,2.73997326528604,0.783380374040905,1.85668044368218,2.58165463061217,3.57889176962088
10.1448068932158,26.3482125132469,35.25487194773,41.0827538421471,57.3509679503638,73.2051292741696,8,27,40,48,65,78,2.03179005391881,1.5511217397043,0.783208494732727,2.68751956530755,0.776669500798742,1.88953167325177,2.57622949150881,3.59931429216138
10.0502625269272,26.2787473024357,34.9216861825934,40.7367194993733,57.2184828339824,73.0898278801786,8,27,40,48,65,78,2.00163825274459,1.55682959199814,0.729174948960186,2.61719851189951,0.773430538692899,1.94339363982948,2.5813043584844,3.65110134585497
9.95910401057347,26.2359128222211,34.5780481697365,40.3825082215776,57.070992306835,72.9510255098104,8,27,40,48,65,78,1.97265179008827,1.56784725669827,0.669297613465979,2.54535126605607,0.770768147940002,1.99595378881202,2.58387111813929,3.6999941186747
9.86819940429952,26.2162439503352,34.2370089792945,40.0345253777067,56.9196807435474,72.7992249747914,8,27,40,48,65,78,1.94383102107451,1.58413511764674,0.607488542997274,2.4747412292774,0.769021182268085,2.04633488377284,2.58372664442648,3.74534073264501
9.77834307313266,26.2215876077985,33.9187238258988,39.7137493364188,56.7804410117119,72.651855504253,8,27,40,48,65,78,1.91542729199509,1.60598811960261,0.547615899751374,2.40947610921921,0.768394780826872,2.09315805453911,2.58132487279703,3.78644128284753
9.69037363725747,26.2520083545834,33.6406068302057,39.4378781137186,56.6659680143173,72.5253653293869,8,27,40,48,65,78,1.88770285990867,1.63330002897542,0.492862698179153,2.35295628229487,0.768959534779381,2.1350398185135,2.5777755891683,3.82301737604478
9.60508369746085,26.3055853710164,33.8484291550737,39.5320218224245,56.9148360763567,72.7510143330759,8,27,41,49,66,79,1.86090236916751,1.66552525754258,0.429080856573501,2.26571947037251,0.740527648695219,2.17540948964147,2.57092105428845,3.82732461032904
9.52322236067034,26.378754445898,33.6735499649945,39.363843822084,56.8602081508488,72.6969042898993,8,27,41,49,66,79,1.83525394173095,1.70173978511823,0.390649369026061,2.23120903410032,0.742194798581695,2.20517117698461,2.57107389262082,3.85654316307904
9.44547637018312,26.4765316615191,33.5579300315957,39.2468031469841,56.8240957828843,72.710412067738,8,28,42,50,67,80,1.81096364813135,1.58993860374616,0.358868766710553,2.08586761850495,0.741841246893571,2.22645156856559,2.58572771250978,3.88785814284214
9.37243339968271,26.5827104167028,33.4345679432539,39.1448054789526,56.7773054119177,72.6885747179225,8,28,42,50,67,80,1.78820458385895,1.63047538719157,0.326049003685971,2.06244306478453,0.747163091759221,2.24100117814571,2.59310417485236,3.91253262124439
9.31463010907651,26.6905453978216,33.3423950605869,39.0771236719423,56.7330193194344,72.6815339821665,8,28,42,50,67,80,1.77023698102682,1.66823778382772,0.298637730664244,2.04500572885609,0.753277718196073,2.24717495083752,2.60412352015848,3.93325921786979
9.29652297268632,26.7726709064022,33.288876998831,39.0469334043367,56.691487281433,72.6730690357678,8,28,42,50,67,80,1.76461643711701,1.69122603327204,0.280691053709702,2.03490671103355,0.759115674240984,2.24418144079878,2.61391578907829,3.94424132007421
9.27833513924698,26.820668886586,33.2355840480233,39.0122315991189,56.7836634128238,72.7035721590885,8,28,42,50,68,81,1.75897465390552,1.70646176735751,0.267634666367672,2.02486889916836,0.763777810661089,2.09311273844836,2.59565925511934,3.79387151050492
9.26011111845069,26.8460396366865,33.1726008640145,38.9663836529893,56.6757520744328,72.6720682787475,8,28,42,50,68,81,1.75332548753607,1.71652133934881,0.256489930266534,2.01303007541162,0.768082321109339,2.07735556640177,2.61828189868275,3.80140081245043
9.24184898549964,26.8565726307529,33.0999693132564,38.911387063296,56.5772307531246,72.6437981946362,8,28,42,50,68,81,1.74766837768675,1.72317636843734,0.246209714089872,1.99941025939083,0.772519819846936,2.06632593188818,2.63912192154445,3.81201905640734
9.23256653262872,26.8836816685119,33.0508526659249,38.8864972444207,56.527534502236,72.6438681392838,8,28,42,50,68,81,1.74479441681,1.73159895411183,0.236967696875345,1.99021978645981,0.778628303641892,2.06004741449991,2.65390814323502,3.82380281258696
9.22440786248377,26.9053880460276,32.9104420208427,38.8319945611068,56.4505986909433,72.6002728721572,8,28,41,49,67,80,1.74226922352078,1.73852094182609,0.278341723181817,2.08290842132681,0.800402149338551,2.05437440845652,2.66382472718443,3.84702953504832
9.17223039504112,26.6883266600603,33.0970424624394,38.8512125940572,56.3858119343863,72.9778895963392,8,28,42,50,68,82,1.72613821162446,1.70041667971802,0.266845245839844,1.99886215181549,0.758142176154839,2.03317173941646,2.56704214099539,3.72559632513526
9.08723479293115,26.3138754126281,39.352501905004,45.1929897660714,62.9630227169762,79.8022523007663,8,28,43,51,69,83,1.69993021989828,1.6341933155817,1.42924142715186,3.13925671625998,0.779851171786892,2.09275720089719,2.63873318816528,3.86056017397658
8.9915099532898,25.9062993019109,38.7877731944738,44.6426500080397,70.2768662956574,86.9792063939461,8,28,43,51,70,84,1.67051772260683,1.56382308558459,1.39158748937829,3.01687758624802,0.783487524701225,4.07022308969193,2.59896700363353,5.62823074297899
8.88524696989749,25.4713189233165,38.2402979387918,44.104747990972,69.5929633512645,86.1520793849512,8,28,43,51,70,84,1.63799836617177,1.49077619335943,1.3648286087395,2.89981941669999,0.785909606008388,4.02683314742659,2.55751716692797,5.55450847741893
8.76887282552103,25.0161949265009,37.715042717648,43.5846571186146,68.8956645101994,85.2449209675157,8,28,43,51,70,84,1.60254614836773,1.4167503300201,1.34823015599904,2.78901235378779,0.787217123780688,3.97431298048384,2.4970767710155,5.45426053852775
8.64310131714152,24.5489247189671,37.6747175172593,43.3938101150782,68.4990334011581,84.604611577819,8,28,44,52,71,85,1.56442508041873,1.34345017771519,1.29594011104406,2.64521648488737,0.749372199416936,3.91352446441859,2.42734451508443,5.29778654095433
8.50886354875526,24.0786692393817,37.2480027041077,42.9504896441102,67.8741703912489,83.6329706330008,8,28,45,53,72,86,1.52396558974018,1.27266920927448,1.16426220939799,2.43034170148425,0.745231117151975,3.86007861232696,2.32896299701328,5.15677269634267
8.37037171460635,23.6174448968656,36.8672409714698,42.5563706838821,67.2461884350838,82.6879864790896,8,28,45,53,72,86,1.48247670726544,1.20598162801686,1.1815972485749,2.355980222149,0.74190509735664,3.79148456340499,2.23993619049466,5.01189516303293
8.22637608734145,23.1729167249555,36.5629529623147,42.2754554826662,66.8690803705721,81.9329996881672,8,29,46,54,73,87,1.4396187488635,1.02614431328824,1.21202232031103,2.17715384461541,0.747727961407869,3.7633546988627,2.13498928769565,4.89701059562541
8.07822634326734,22.7412095645758,36.3002083515393,41.9901250500221,66.3555759216312,81.0721199706011,8,29,46,54,73,87,1.39583059737955,0.973087009746797,1.24903039025754,2.12821397125989,0.742100937720877,3.69682864721793,2.03968765611409,4.7457256067084
7.92749759687656,22.3383547572649,36.0801443079265,41.7413262405373,65.8811694510188,80.2605752688569,8,29,46,54,73,87,1.35160846864701,0.926838978932759,1.2894921888001,2.08754983283168,0.734960376067698,3.63133031194058,1.94831392716905,4.597478790852
7.77582948881248,21.9681422862396,35.8975682479351,41.5259944439646,65.443694170753,79.5025444469192,8,29,46,54,73,87,1.30745531281997,0.887474644032278,1.3314767929229,2.05404054501035,0.726845926636394,3.56711381937686,1.86249770794218,4.45457350640271
7.62486515201435,21.6327889911002,35.7454485446276,41.339064053382,65.0411504169409,78.7995878920139,8,29,46,54,73,87,1.26386111515709,0.854795989181115,1.37290745371058,2.0262800993866,0.718252219308851,3.5050514440409,1.78305068042486,4.3190351186573
7.47615425324138,21.3334929066978,35.6175667407007,41.1757335749606,64.6689307983248,78.1491627778338,8,29,46,54,73,87,1.22127403823791,0.828476869262088,1.41204378074521,2.00305544121906,0.709532850260858,3.44517897909247,1.71035018919175,4.19161817380351
7.33119116541066,21.0704639358826,35.5097381355476,41.0331967126043,64.3247238611549,77.5488272707847,8,29,46,54,73,87,1.18011152691477,0.808076524828295,1.44778768489624,1.98355303283292,0.701027007767356,3.3876170167174,1.6441870149854,4.07258187486917
7.19240313486832,21.2925128215132,36.5019441238813,42.0901449215811,65.0124582620612,78.1450999307184,8,30,47,55,74,88,1.14103758058081,0.771752883801332,1.62934287388274,2.05060005388052,0.716918267940952,3.28286046793641,1.62074365913385,3.97764538844989
7.06008930826241,21.119477467496,36.0914572154582,41.6038205967547,64.3986831633496,77.3507328810639,8,30,47,55,75,89,1.10410095489633,0.765032001468809,1.57264255438151,1.97666289893429,0.698314542891647,3.03749029491809,1.57474368496323,3.7226540101698
6.93466503709149,20.9600913465137,35.3700815162116,40.788246912226,63.5470025915374,76.179811763709,8,30,47,55,75,89,1.06937947631703,0.759445694434232,1.44102106897479,1.84931015678921,0.675416118239237,3.02763283059944,1.49438993461817,3.61868402177529
6.8158940479365,20.345660722813,35.2638227587004,40.6751957859829,63.1685952841654,75.6250700978533,8,29,46,54,73,87,1.03676910746324,0.772392723484532,1.55987977460399,1.93935266822553,0.673774074593673,3.1622100542266,1.45054837182224,3.67505586904438
6.75615231707939,20.9512876053408,36.0068104835899,41.589824250845,63.6079517698453,76.268420059935,8,28,46,54,73,87,1.02046739946608,0.997929193180392,1.43912804320872,2.07406551085229,0.715641111138863,3.02987546977068,1.50130219654136,3.65185100924095
6.74149456183422,21.1723616013474,36.3667847814486,42.0549366777618,64.4482229832696,77.3431653874372,8,28,46,54,74,88,1.0164782511031,1.04326623508782,1.47065582046048,2.14057487834939,0.741661790745091,2.92833765185789,1.56027841968789,3.6571178126924
6.72341701321344,21.0524121135273,36.430718875824,42.2167409437354,64.4635541831505,77.4972061033495,8,28,46,54,74,88,1.01156413927035,1.02357983349493,1.51273834933234,2.15247073031321,0.766131878906556,2.8887912752884,1.59548130190614,3.67795221075798
6.70220620505962,20.8487241998011,36.415340756467,42.3015155436641,64.3360806731836,77.5132258008664,8,28,45,53,73,87,1.00580641768472,0.988674662544553,1.71580181629535,2.26883368206636,0.791414196025555,2.83174413846372,1.63213854481493,3.685220785123
6.67826042175859,20.6103796348112,36.4098767816357,42.3911615185384,64.2156117142999,77.4976972401073,8,28,45,53,73,87,0.999316868137263,0.948259989919873,1.77290589206547,2.26778743516252,0.815644295361381,2.77557550513675,1.65909921660051,3.68289034603849
6.6520386357409,20.3557445774368,36.4065098731027,42.4809811713933,64.0900617123673,77.4659911532546,8,28,45,53,73,87,0.992223449153274,0.905927531301534,1.83514964133795,2.26714282570051,0.839588114700844,2.71832266088686,1.68331646389608,3.67633095765849
6.62402073879138,20.0890765547356,36.4086796434679,42.5718120631205,63.9650250557866,77.4209391227617,8,28,45,53,73,87,0.984659203261857,0.862513822022237,1.90245230517858,2.26755822999039,0.862552174790236,2.66126869189244,1.70403635071554,3.66540921530878
6.59469735847076,19.8191802886146,36.3179826222911,42.6349497067407,63.8091373587623,77.3482703204617,8,28,44,52,72,86,0.976759263431624,0.819614203393776,2.13102695424286,2.37357687723456,0.902809027887722,2.60372505025681,1.72567058030503,3.66957767691545
6.5645527215693,19.5452993521532,36.3788410152526,42.7601057062019,63.672771383907,76.9544493550524,8,28,44,52,71,85,0.968656059041962,0.777056277482768,2.22023029806667,2.3855330608781,0.919786259516841,2.72789118839851,1.65899426377783,3.72513493714434
6.53399980969251,19.2708780474571,36.4599446535815,42.8937796529329,63.5516211074766,77.0010031644199,8,28,44,52,71,85,0.960461844199935,0.735409804090045,2.31605317642484,2.40150059818692,0.933731850091556,2.65949337945785,1.70234153142541,3.71704905303491
6.5034408346326,18.9970146439277,36.5624061649271,43.0318976451776,63.3468792005231,77.0116647226298,8,28,44,52,71,85,0.952285006698118,0.694813679255605,2.41865212588218,2.42172835715329,0.943223436214731,2.56821791392882,1.75848232052675,3.69559135928134
6.47321530047985,18.7248394156102,36.6859031108776,43.166327145445,57.3825684919034,76.9276408410899,8,28,44,52,70,84,0.944216218082385,0.655411227293319,2.5277759322569,2.4461905910022,0.946138901805064,1.25358789957591,3.45196010246875,3.81104053959989
6.44359930061232,18.4535058902496,36.7824898523514,43.232606926229,56.3765785736728,76.0319153928907,8,28,44,52,70,84,0.93632843666874,0.617032963734909,2.63035386744275,2.46538439310204,0.93806278853729,1.02986645589316,3.48609581702116,3.57756049809011
6.41483533589213,18.1846401304163,31.1012951499737,37.6748234364866,50.6449686744273,73.6110103408693,8,28,43,51,69,83,0.928685032515095,0.579910077917055,1.39998950484026,1.53558169939822,0.971066873954428,0.995115606130344,4.54116806762355,4.36124169136694
6.38708980507658,17.9372229930974,31.1744689890626,37.7467666882663,49.6404135152056,65.8069038820451,8,28,43,51,69,83,0.92132865844803,0.546837499518713,1.47727663274577,1.54784520337414,0.970736245021341,0.790161708639159,2.44472969888985,2.55667590249446
6.29979747448514,17.7354298495341,31.5976790117124,38.3064629583586,50.2293886113199,66.1575035320224,8,28,43,51,68,82,0.898290460779679,0.529942709933124,1.63155322742879,1.61954623245856,1.00759102020851,0.907685785609121,2.37687060198734,2.68034633153061
6.19148105719984,17.499930651192,32.1181114745443,38.8246338171496,50.9346335342388,67.9297362980433,8,27,42,50,67,81,0.869931760320529,0.59407772303747,1.82410041369174,1.81878122402612,1.0069773305041,0.94469952621528,2.68418947454445,2.95226250237079
6.08781585240034,17.3537935776585,32.3287807307164,38.997670204346,51.2932133418357,69.4059515906376,8,27,42,50,67,81,0.843033167396508,0.58739402511433,1.91710096422321,1.85698247941603,0.996780315983164,0.981949914940497,3.0153323617262,3.23589104811104
5.98888031554617,17.2242969109831,32.2478414825726,38.8812003123585,51.3774502908516,70.5800254911146,8,27,42,50,67,81,0.817588456355547,0.582604996826743,1.92985771007354,1.84226918057321,0.987178558965334,1.02283626530211,3.34639032845582,3.52531892010621
5.89460689035888,17.1310153329643,31.9638298862365,38.5736316240055,49.8060511490261,65.6688460585323,8,27,42,50,66,80,0.793553737930734,0.582760155051817,1.87988733101361,1.79100074656998,0.980826349545288,0.89006203721997,2.35835927180481,2.63917556713453
5.80494774696455,15.4367827269181,28.0471323694661,34.6410409493182,45.8185665690136,62.7654539922104,8,26,41,49,65,79,0.77089089195744,0.425091129684762,1.32737720704974,1.23426084600542,0.9765469983203,0.879120454960735,2.67010896784899,2.8594240532264
5.71985561193386,15.3342629551894,28.4859431285375,35.0822314422131,46.4607737424779,65.6541071546317,8,26,41,49,65,79,0.749562642543534,0.422666533336116,1.45652257818776,1.30337903804799,0.977187437114571,0.919430792239622,3.34355147640595,3.41533201963773
5.63927334615226,15.9570504193425,29.4107706864411,36.0339494104389,47.6217661077883,68.6951015094663,8,27,42,50,66,80,0.729530048261558,0.446987485512841,1.53018384746568,1.35650373237512,0.984432118565373,0.96209776148927,3.93116447179167,3.91991165526084
5.56313740717802,15.908461786526,29.684167104866,36.249176340393,46.9047991958784,68.9758175838368,8,26,41,49,64,78,0.710753523016836,0.529727035020131,1.60991614724802,1.50004747919073,0.96877863831441,0.895594172932399,4.25059177721146,4.09730373682123
5.54559291297235,16.5819760013927,38.1524072046927,46.5388110594388,64.4708644710972,80.6919652349186,8,26,42,50,66,81,0.706447795178241,0.640599846429642,3.57492064998356,3.0239643917322,1.48726619781712,2.51973259913367,2.25165111834441,4.54912679580015
5.53958566044752,17.1579172624235,38.3873994295403,46.7906685438951,64.729958783444,81.1214934550042,8,26,42,50,66,81,0.704975338475641,0.740743704174201,3.4724396747785,3.07512807895615,1.49230837856048,2.52173844577868,2.29851367697793,4.59829646462854
5.53649542073576,17.7072006634143,38.5928353321248,47.0097383616741,64.9763590640808,81.5852258623035,8,26,42,50,66,81,0.704218244255923,0.841161970605508,3.36977729911607,3.12009123502958,1.49638732971463,2.5293174142291,2.35863527332415,4.66381544544782
5.5385277628383,18.1542266953223,38.6087660199471,47.0194147974997,65.0436089413646,81.860354917869,8,26,42,50,66,81,0.704716130657029,0.925644862874214,3.24207574185045,3.12358702001721,1.49451588781945,2.54530224412239,2.41651570419109,4.72982840268242
5.54919783029239,18.4645194684949,38.3636627801376,46.742883548537,64.881684232908,81.8740925486866,8,26,42,50,66,81,0.707331856331405,0.984247416912635,3.07927543135087,3.06994696864857,1.48511986443548,2.57719900475237,2.4657050058418,4.79601254221164
5.56542932664508,18.7645931810687,38.0986749057893,46.4439617256042,64.6794432788406,81.8396886758536,8,26,42,50,66,81,0.711316586813205,1.04099210809265,2.91572560927462,3.01230605480207,1.47498986304777,2.60418592694222,2.51293742950195,4.85518994729484
5.58709733168108,19.0531648828049,37.8155373706636,46.1258055167739,64.4385139714054,81.755014279187,8,26,42,50,66,81,0.716646513517676,1.09540776505408,2.75250271661753,2.95112483330581,1.46455272922885,2.62579414562907,2.55711282033208,4.90628700372289
5.61402915870887,19.3265841898472,37.5198701956409,45.7938363732531,64.1637206687408,81.6204299994961,8,26,42,50,66,81,0.723287993661435,1.14654524069544,2.59239885298427,2.88769148100221,1.4537511263682,2.64182132913418,2.59691537463124,4.94787009382773
5.64595981517953,19.5860207625594,37.2151372995718,45.4518476848312,63.8591708669645,81.4331374483127,8,26,42,50,66,81,0.731186093455766,1.19447833902355,2.4361417431825,2.82280651390906,1.44268491476074,2.6523293957683,2.63031953047442,4.9782487483887
5.68255642250922,19.8309740221001,36.9136936878929,45.1108741161745,63.5373249977955,81.2004006348067,8,26,42,50,66,81,0.740269947531374,1.23897977151938,2.28727562552314,2.75912149861899,1.43096462652266,2.65770210155772,2.65577539084726,4.99604538054647
5.72344061037616,20.0646259956971,36.617737513315,44.7743765145476,63.2028930307728,80.9234831366853,8,26,42,50,66,81,0.750457626712007,1.28065361566588,2.14543108131301,2.6970859260772,1.41896753992968,2.65828247472234,2.67223766549467,5.00097996353076
5.7681464438733,20.2898044609258,36.3388801354955,44.4532779680728,62.869141507339,80.6138560571074,8,26,42,50,66,81,0.761644922508901,1.32009771818618,2.01279596281625,2.63908483953785,1.40649254318908,2.65472792279088,2.67915021352016,4.99300552371567
5.81620259087954,20.5082684597625,36.0956226010242,44.1637303438352,62.5530312653583,80.2800708404144,8,26,42,50,66,81,0.773725132790659,1.35771502100662,1.89342300822828,2.5888497834093,1.39285143457568,2.64726971938865,2.67408524751759,4.96956447635406
5.8670945530034,20.721081955537,35.9004312147277,43.9173340344098,62.2684518943006,79.9423479283136,8,26,42,50,66,81,0.786579065244716,1.39378863092318,1.78971469604158,2.54878711876852,1.37779844263871,2.63655809931048,2.65887058091872,4.93272017607229
5.92028318392776,20.9292428167236,35.7663015988206,43.7258095064802,62.0274875739127,79.6144733153823,8,26,42,50,66,81,0.800079149419152,1.42860980486588,1.70405293607472,2.52138551056194,1.3609717416001,2.62270503577534,2.63403494149451,4.88276056666889
5.97525660442217,26.5806666692098,40.9698425460567,48.4252162168854,66.6265092546555,83.9861958450689,8,27,43,51,67,82,0.814102290365442,2.64547882608122,1.59389898234414,3.49855096605219,1.21535180670201,2.59463451663975,2.56935617097634,4.66990721191899
6.03148019343085,26.7606001529592,40.9521105420061,48.3542020240513,66.4697864013291,83.7551331968688,8,27,43,51,67,82,0.828517007038845,2.67857790417453,1.54600742287348,3.49454317844785,1.2001997720476,2.57072929703861,2.54828987490024,4.61575479162353
6.08564591237258,26.9104071756528,40.9221516438489,48.2714756719545,66.3125705549363,83.5264892133522,8,27,43,51,67,82,0.842472697391315,2.7042435250994,1.5028491442492,3.48777524577767,1.1852410320806,2.54999954106044,2.52808974985721,4.56548317469872
6.12345253219366,27.0286554743259,40.7336434544636,48.0170374094498,65.9478443769933,83.3141440897567,8,27,43,51,66,81,0.85225290105203,2.7258814387296,1.43009789327506,3.44528756346701,1.16661732334501,2.73261921490189,2.57123228826941,4.74573115606963
6.16110811074452,27.1209398587639,40.4513194994785,47.6439757714985,65.6234027354435,83.0230236382618,8,27,43,51,66,81,0.862025897593368,2.74060245550856,1.34283664090121,3.38197242642565,1.1411085434298,2.74663136409655,2.58069058332138,4.74346769872038
6.19137271678369,27.2865030824896,40.3565038599107,47.5109009096642,65.5208637445612,82.9682149886148,8,27,43,51,66,81,0.869903523817075,2.77715337027978,1.28324664156532,3.36079481504192,1.13039599046093,2.75544062303049,2.59425402795759,4.75376448750466
6.2211771497027,22.5778310209179,36.0362929100921,43.4767052948019,61.6776738119608,78.9832129358168,8,26,42,50,65,80,0.877681122981066,1.7429493521852,1.37247222542163,2.57664917207129,1.21109243986776,2.8106981705059,2.55400764615723,4.84028428945521
6.25259695942302,22.6881536675801,36.1767820010504,43.5557260198012,61.7673074811867,79.1120228513773,8,26,42,50,65,80,0.885901330766315,1.76195969652499,1.37948259040155,2.6055722984861,1.19363205183064,2.81377622884961,2.56511015917518,4.83726247412726
6.28552788368594,22.7677182262941,36.378534424435,43.6843229943617,61.8952256244349,79.272920772148,8,26,42,50,65,80,0.894539920547985,1.7732253278247,1.40799531863532,2.64730588024481,1.17293494703525,2.8135793240078,2.57446593204104,4.82669612148491
6.31988161564776,22.8025500932067,36.7864699517328,44.0121492823047,62.2363708360851,79.6276322286311,8,26,43,51,66,81,0.903576679450034,1.77334094945043,1.34375420383709,2.59682616932291,1.15037563385155,2.81744327627045,2.57831690255962,4.81294027946928
6.35518920301817,21.3612397795401,35.2204479189096,42.8360407759785,61.0198973678754,78.4322502953812,8,25,42,50,65,80,0.912890665079288,1.58073936178664,1.31571238806116,2.41096444502735,1.26119530645786,2.80573693107268,2.58430688549432,4.90895974691447
6.39048245717775,21.4440309893928,35.1731198760235,42.7517163289833,60.885147486998,78.3666505986878,8,25,42,50,65,80,0.922227308958094,1.59204892469099,1.28666672650034,2.40147400536872,1.25057248815211,2.79112945233921,2.60396976065463,4.9042138526778
6.42648148841651,21.516480626805,35.1271127165204,42.6686459186994,60.7527052439442,78.3057662029374,8,25,42,50,65,80,0.931777667487497,1.60074522722148,1.26041533620951,2.39226134791381,1.23995264323296,2.77684505639687,2.62435619768643,4.90035057008227
6.46308675294221,21.5808018165975,35.0822835797448,42.5868434725654,62.3854501167697,80.0527526240107,8,25,42,50,66,81,0.941516586552205,1.60736757666359,1.23638962448991,2.38329685412607,1.22938084943013,3.05001966455416,2.65698438732145,5.1741107210595
6.5002314591607,21.6389564345103,35.0385397862459,42.5061984484362,62.3257711515697,80.0568262642186,8,25,42,50,66,81,0.95142736429145,1.61239332251773,1.2141032486907,2.37456109769783,1.21885202751119,3.05611518666733,2.67523573881921,5.1866275801829
6.53785593618249,21.6926736544336,34.9967466912981,42.4278226329285,62.2515169551812,80.0515690037843,8,25,42,50,66,81,0.961495002946361,1.61624616251623,1.1933409131207,2.36622571937051,1.20843630975111,3.05731381946504,2.69502301125465,5.19619692860118
6.57566042701789,21.7345995850035,34.9572616657456,42.3521936174229,62.1663031488119,80.0376832010149,8,25,42,50,66,81,0.971639800630582,1.61723335880067,1.17574149512197,2.35836040247936,1.19816740870787,3.05452658237014,2.71551630432677,5.20290468081773
6.61367928976022,21.7712383581626,34.9208563954241,42.2800508353964,62.480103833653,80.4705856892197,8,25,42,50,67,82,0.981871176559567,1.61690276901612,1.16002828921594,2.35111695788059,1.18803556354823,2.94457486478037,2.74981978542371,5.1317844246256
6.65197768398752,21.8056014893439,34.8912718833658,42.2139937297995,62.3690882116526,80.4420684343298,8,25,42,50,67,82,0.992206976545429,1.61596022332359,1.14633253670316,2.34523655907287,1.17771760484915,2.93183648425297,2.77364205750595,5.13206110641356
6.67081790612408,22.1821285307748,34.6188774483651,41.9909491924867,61.679791950614,79.485792074288,8,25,41,49,66,80,0.997302167563014,1.70232460442495,1.14214408120528,2.42002540938846,1.1916838908158,2.80055622921177,2.92356749467038,5.1470325106951
6.66783615973035,22.9570218513119,35.1793215306766,42.4492893644473,61.0763981990296,78.802526934464,8,25,41,49,66,80,0.996495310526468,1.89480137143162,1.09564316692809,2.53453738544394,1.16283388701374,2.50750149374646,2.89977968596616,4.82492986507941
6.67525921713242,23.2643850291426,35.3426478347818,42.5587248622284,60.620998792046,78.1757905425817,8,25,41,49,66,80,0.998504306068438,1.97064020433521,1.0647895311295,2.56825939704818,1.14767902419709,2.35515519029113,2.8489026549012,4.6233895849999
6.73188910319596,23.267058182583,35.2963784205599,42.4939439704774,60.5099520457251,78.1466281792324,8,25,41,49,66,80,1.01386635934154,1.9569331396594,1.05437621359873,2.55869025252051,1.14248500124037,2.34279169035788,2.87319155827478,4.62772746746492
6.75926962785836,24.4172162332152,36.404133980161,43.5823305991181,63.1808869418539,81.1164883222949,8,25,41,49,66,81,1.02131632041191,2.24771639235643,1.04538358966159,2.79117296051424,1.13705682092643,2.7753119257429,2.73400017552055,4.91599250761977
6.70525878581431,24.6773413804719,36.728574213254,43.8713298420314,64.1066991349928,81.9437587510143,8,26,42,50,68,83,1.00663450599883,2.14429177984608,1.05903401849053,2.72026117488023,1.1271415307299,2.74471535412335,2.70565093568089,4.85771129555498
6.62797886873327,24.4378471349083,36.6031668803172,43.6808200194901,63.7193890327479,81.463083217377,8,26,42,50,68,83,0.985726868750793,2.10288869916754,1.0834008710381,2.69404442741186,1.10898605516866,2.69093120884642,2.67885775215651,4.76789878654599
6.52017004918824,24.1441347533418,36.5524149807027,43.4801760659525,63.2645231027855,80.8976926786718,8,26,42,50,68,83,0.956758974717106,2.05572960092961,1.13593260101845,2.6834597189086,1.06747665102331,2.6218745874565,2.6472253486625,4.63865810458079
6.41826093773037,23.9695444364788,36.7264583921781,43.491819001062,63.1930937210728,80.7803686328395,8,26,42,50,68,83,0.929594406550931,2.03737764089933,1.21279140673204,2.71981812581984,1.02297558725257,2.59941326564829,2.63411747971836,4.5659461581036
6.32344596968788,23.9326488861255,37.1674529639113,43.7623908134025,63.5785849766555,81.2351420276608,8,26,42,50,68,83,0.904515733407094,2.05199834644502,1.32086023783065,2.81269913733141,0.97682398350791,2.6304992218669,2.65391116925225,4.5693771650031
6.23686509675727,24.0412143339069,37.8904443906196,44.3131408369112,64.4378923854803,82.3103589865329,8,26,42,50,68,83,0.881782788856038,2.10148416896419,1.46416435113968,2.96726970446988,0.930772238979774,2.7144496803583,2.71582877482033,4.65733774741644
6.15958463483764,24.2880600922263,38.8726579244959,45.1275698492093,65.7133264207515,83.9473253571991,8,26,42,50,68,83,0.86162988637003,2.18442903682124,1.64168630001923,3.18168350020823,0.886507834583624,2.84116073858342,2.82028060422372,4.82213083057415
6.09255771178911,24.6513538042581,40.0551844213189,46.151803861014,67.2851970207341,85.9942083822578,8,26,42,50,68,83,0.84425830457757,2.29595732709869,1.84656321112437,3.44629875844963,0.845308122639022,2.99360769862809,2.95894080072987,5.04216949458051
6.0365843748063,25.098240386343,41.3561653298159,47.3072505813418,69.005055202973,88.2538576378092,8,26,42,50,68,83,0.829829231586077,2.42824360461609,2.06746657996316,3.74518395671797,0.807927721589614,3.1528163306631,3.11838709898387,5.28942411436948
5.99228463619838,25.5907777833701,42.6896926273693,48.5096850993144,70.7332286014938,90.5383453647113,8,26,42,50,68,83,0.818460258799761,2.57169497518088,2.2916518048777,4.05953305850144,0.774680205862709,3.30294192387522,3.28470315236821,5.53790306063024
5.96009511175196,26.0918183769637,43.9818716979632,49.6857996895083,72.3627309362537,92.7033848322294,8,26,42,50,68,83,0.810227696067645,2.7163545669546,2.50809952532091,4.37142995572679,0.745590212031093,3.43376356868904,3.44662215057551,5.76869075828874
5.94019711572735,26.5696138612565,45.1794560052507,50.7822473419276,73.8265392940633,94.6581379503138,8,26,42,50,68,83,0.805150807843346,2.85323896802374,2.70935336920293,4.66657283338628,0.720514458505477,3.54065123505941,3.5965501889933,5.97092596083953
5.9325904157224,27.0002768918596,46.2509374040026,51.7669825629358,75.0925843370834,96.3578930109245,8,26,42,50,68,83,0.803212441648347,2.975209359484,2.89176498231302,4.93535941108935,0.699214278772992,3.62302378540282,3.73013664962388,6.1401300150049
5.92332742024787,27.3718097261474,47.1090566913712,52.5878168573274,76.1308551139505,97.7375290723003,8,26,42,50,68,83,0.800853848248421,3.08223214456817,3.03219717613263,5.15370686746777,0.69011913443982,3.68699658801502,3.83600350707154,6.28152172393283
5.9054777386161,27.5173529159567,47.5908993036045,53.1129450279373,76.8056106946422,98.561071552179,8,26,42,50,68,83,0.796314568836145,3.12844426764512,3.13018340029176,5.27747598914892,0.700681426621517,3.73117019474996,3.88234067619607,6.37461555138034
6.03729159652013,27.7468593693953,47.5970607061782,53.3033695553495,74.2962251798274,97.1051994122513,8,26,42,50,68,83,0.830011096993114,3.15615636214729,3.06502517020362,5.27906397575035,0.74618360981359,2.95429145094845,4.21367170529339,5.9788311240316
6.92501028283501,29.2129996177319,46.9947390536655,53.3501622304543,73.9672509563296,99.6423163003598,8,26,43,51,69,85,1.06671873853458,3.32146193150647,2.28046384802239,4.93947200528769,0.912952474807371,2.84982717646517,4.85575423994124,6.62298153873637
7.20225097347268,29.6864193767454,46.4385683843231,52.619005290481,72.7584841357203,97.5172443733217,8,26,42,50,67,83,1.14379908899834,3.37799304545092,2.1984481630031,4.98287148753975,0.867054683254028,2.92741524116261,4.56295898798914,6.40425086134066
7.19762484581739,29.68716452278,46.6614677943567,52.8062089259245,72.9528059441753,97.6538709091786,8,27,43,51,69,85,1.14250162914084,3.16112951951519,2.25803811027542,4.85595212727416,0.857774180515297,2.72041971162933,4.54464480771854,6.17364103179064
7.1924801812958,29.6964419049785,46.7906420300636,52.9175002664755,72.9794645890209,97.5030950468886,8,27,43,51,69,85,1.14105917916415,3.16516736833304,2.29037758501287,4.88827503853014,0.853135501817751,2.69731022678263,4.4884148228505,6.09846694428222
7.18724450799181,29.6784071241051,46.8607243652918,52.9631380724779,72.9712114318218,97.2857588203607,8,27,43,51,69,85,1.13959168915742,3.16158384053783,2.31422392597077,4.90583752871023,0.846806387540924,2.68262221252665,4.42233731183882,6.02154272162179
7.26416431134693,29.6389204887041,46.9030834404154,53.0453630268758,75.16417175561,102.14789960534,8,29,49,57,78,98,1.16119943588281,2.72864545590512,1.64272917846411,3.91082525947439,0.857135251379948,2.6619324524288,4.23288978376472,5.91749035214549
7.37716138542011,29.4694468955981,46.6548566009935,52.8881769768533,74.7401000611085,102.680858780113,8,29,49,57,78,98,1.19312663220519,2.65504581341628,1.62483070189594,3.85515856989668,0.880855539342837,2.59286824723288,4.51873981795117,6.1175064729867
7.45715371210931,29.3171231723548,46.5077534939851,52.8013817015953,74.6533129754842,102.986958548713,8,29,49,57,78,98,1.21585881846916,2.59494291241514,1.62601520546479,3.82229220860351,0.896668426719661,2.59287035859471,4.63729314104384,6.23439361465659
7.51111848063341,29.1511651484615,46.3730928315315,52.6948018146101,74.5894190248537,103.030440033259,8,29,49,57,78,98,1.23125451786311,2.53840969520517,1.63312221640491,3.79228631203003,0.904058078210333,2.60388183759792,4.66981170310858,6.28050678203768
7.53138947731481,29.0841842664062,46.3795294430602,52.7041471778534,74.6118808793315,103.143310667201,8,29,49,57,78,98,1.23705002127581,2.51608011660181,1.6498338620357,3.79371879869196,0.904824502445044,2.60726810359012,4.69723074059187,6.30810272017337
7.52431127360416,29.0515220482062,46.4451599601157,52.7538878028367,74.6754907502969,103.262445875174,8,29,49,57,78,98,1.23502559079423,2.50954342716482,1.67229496790693,3.80833514287378,0.900639897636274,2.61085006994682,4.71408787284282,6.32198790278847
7.50599928994716,28.9971873621989,46.4917357185705,52.7728176656835,74.7247396107741,103.312570559146,8,29,49,57,78,98,1.22979199841877,2.50034799491347,1.69545728263752,3.81871899025982,0.8933722720809,2.61868533239688,4.71435387347471,6.32290919458528
7.48556528983828,28.922649844908,46.5172952479233,52.7657789717205,74.7561626902508,103.304161550608,8,29,49,57,78,98,1.22395842430174,2.48655547683712,1.71853507494749,3.82442128469916,0.884823980901236,2.62863450861656,4.702259613375,6.31409257215787
7.47033949950206,28.8296329552262,46.5205130890271,52.7364348690213,74.7676828636721,103.24197833464,8,29,49,57,78,98,1.21961617948483,2.46676313448248,1.74081747458913,3.82513937698598,0.876308293747198,2.6392168825049,4.67989901765709,6.29712713569712
7.46544978955695,28.7200375874632,46.5005102881782,52.687038267244,74.7576195439812,103.128544965873,8,29,49,57,78,98,1.2182224947197,2.44019567804673,1.76164498503151,3.8206762715155,0.868641116251614,2.64941415880147,4.64857762070204,6.27291258906839
7.47407116095994,28.5958114608981,46.4567177098766,52.618786121324,74.7242493133068,102.965279393581,8,29,49,57,78,98,1.22068005848096,2.40660881814159,1.78041097521517,3.81091102859545,0.862275543969141,2.65846671108849,4.60928507317388,6.24198626886721
7.49788045224783,28.4590945789247,46.3889828988078,52.5323563112419,74.6659444722909,102.753291501408,8,29,49,57,78,98,1.22747338092854,2.36620691640439,1.79655584596413,3.7958230132358,0.857419152814063,2.66577205475994,4.56289273976454,6.20470205219677
7.53748298609593,28.3119945648196,46.2974769385376,52.428179923202,74.5811647240588,102.493913855353,8,29,49,57,78,98,1.23879347478678,2.31947170652282,1.80960113497069,3.77547102397762,0.854132194791347,2.67081354899792,4.51031416571732,6.16139157996146
7.59285625918764,28.1566763085117,46.1827923167347,52.306778953463,74.4687568100009,102.188810874625,8,29,49,57,78,98,1.25466431314615,2.26706581547597,1.81915491530987,3.75001444484419,0.85239129901159,2.67315189883251,4.45244482583287,6.11236664568188
7.66360302336109,27.9953404620051,46.0460953746901,52.1691002910163,74.3283874830929,101.840606216677,8,29,49,57,78,98,1.27501319620558,2.20975659773067,1.82495579787699,3.71974565894581,0.852136919091976,2.67245221905192,4.39021806546482,6.05804062095636
7.74909290872586,27.8300894896804,45.8890957793635,52.0165900342806,74.1605945598885,101.452839851095,8,29,49,57,78,98,1.29970849134146,2.14834119414167,1.82689977871728,3.68508090829935,0.853300357160322,2.66847909874413,4.32457422934249,5.99892331508571
7.84858094930691,27.6629778915429,45.7142400440102,51.8515062392444,73.9672093555276,101.030496405991,8,29,49,57,78,98,1.3285906831773,2.08362441333612,1.82507528193678,3.64659976765592,0.855834372615881,2.6611258329487,4.25648983156035,5.93570412321651
7.96129106124303,27.4959266711013,45.5246146953937,51.6768383389973,73.7513028573262,100.57977139101,8,29,49,57,78,98,1.36149377895945,2.01637335726794,1.81976018590124,3.60501950315043,0.85971720300225,2.65042150513189,4.18692171419478,5.86921332609743
8.08642971067095,27.3306752257095,45.3239107429724,51.4962850442556,73.5171746843677,100.108088718125,8,29,49,57,78,98,1.39824696398173,1.94730009345393,1.81142281822776,3.56118269607376,0.864956022987717,2.63653330128904,4.11681409569372,5.80043183197543
8.22315720713323,27.1687698965681,45.1163450220406,51.3141732250543,73.270287602111,99.6239757349647,8,29,49,57,78,98,1.43866402181695,1.87706426826779,1.80070283640347,3.51603546919643,0.871586453546895,2.61976929741043,4.04707996856703,5.73047542561475
8.37064304312083,27.0114291912955,44.9062621898146,51.135021964281,73.016735488457,99.1364465210017,8,29,49,57,78,98,1.48255773541192,1.80622807494789,1.78834552072016,3.47053727770798,0.879662953441744,2.6005517350005,3.97857596469456,5.66053597802517
8.52804490985385,26.8595817817072,44.6980691955482,50.9633958932439,72.763079329562,98.6547996148025,8,29,49,57,78,98,1.52973226445037,1.73527188926935,1.77517401919321,3.42564502068017,0.889237867890079,2.57941038817532,3.91209176187255,5.5918447676755
8.69448107223379,26.7137143587081,44.4957303915677,50.803452965163,72.5158142048869,98.1880908496895,8,29,49,57,78,98,1.57997353287163,1.66456830285533,1.76200445982597,3.38220419626729,0.900375341894104,2.55695943967618,3.84835297134711,5.52566578792957
8.86903807165525,26.5738532481396,44.3025681202854,50.6586352071924,72.2808946366171,97.7446753561459,8,29,49,57,78,98,1.63305029421909,1.59438094890094,1.74960315644859,3.34090881179515,0.913122584954576,2.53385296085679,3.78802748389298,5.46323115216957
9.05077515738502,26.4394475167095,44.1208582901495,50.5313281128324,72.0633672980142,97.3317959729571,8,29,49,57,78,98,1.68871453775695,1.52484376853188,1.73862080721286,3.30221929023677,0.927526501716289,2.5107767052995,3.73171450183104,5.40574112703923
9.28068301214099,26.5117495189491,44.1742227128292,50.6324662687073,72.1777377249693,97.1919355358082,8,29,49,57,78,98,1.75970273834015,1.49057456322246,1.73423042332078,3.31356570096524,0.940226445717142,2.51415740343125,3.65873718336446,5.35782391592362
9.55778848398568,26.4715090662896,44.0533634656832,50.6125787552438,72.1573343254493,96.9792718912141,8,29,49,57,78,98,1.84607504981054,1.42239282936952,1.71558041708359,3.28788745789853,0.967223209455354,2.51402557568578,3.60378376240979,5.33510138277454
9.83824650129206,26.4073066131948,43.8974236102629,50.5855200684361,72.1142681879823,96.7399281665498,8,29,49,57,78,98,1.93435343978494,1.34961636720614,1.69443795960844,3.25485669251146,1.00198117101638,2.50993607857775,3.54789423617571,5.31448260036329
10.118496675596,26.3124597861254,43.7126221662374,50.5592351447346,72.0557816506949,96.4838236393817,8,29,49,57,78,98,2.02339029063452,1.27196890659274,1.67378940496021,3.21586055850447,1.04517793932636,2.50171521217363,3.49184269916333,5.29687390052222
10.3948396115168,26.6363604678907,44.3956243583623,51.3771946420991,72.8770111093358,97.1815929086503,8,30,50,58,79,99,2.11195446987743,1.15785563900853,1.7567073916691,3.22019954224819,1.08233058777702,2.50254965682153,3.45693825613056,5.30051930582399
10.8019907754254,27.7027126486236,45.365678217098,52.4753912909497,73.0302148481941,98.0618142018567,8,31,50,58,79,98,2.24375885174064,1.16695354879069,1.89428023511474,3.42536327530059,1.11791731517123,2.26483607045126,3.89182901669031,5.45823814928778
10.7300172535466,27.5586294081846,44.657967314919,51.8238247005883,72.6166870294333,97.5621072812527,8,30,49,57,78,97,2.22034887791515,1.27402441692961,1.75919208433235,3.4170205485778,1.1336021685414,2.32405299452835,3.86646963245586,5.51041368998158
10.6469683320358,27.8479453033339,44.8790149294496,52.0788072697133,73.3250922253535,98.2822600610094,8,30,49,57,78,97,2.19339468073986,1.34979950887583,1.74304382438547,3.46465083517501,1.14310948549628,2.43809254919992,3.8699242384026,5.63618828960996
10.5529484441038,27.9576775643613,44.9416838754764,52.1910633960192,74.0292920783733,98.9621073068469,8,30,49,57,78,97,2.1629559717703,1.3919273245646,1.73193892454628,3.47819471875906,1.15703821313617,2.58933839277331,3.86276368273313,5.79283136191805
10.5089707072193,28.1233963572648,45.876583214768,53.0641423982433,75.499906547913,100.736857271865,8,30,50,58,80,100,2.14874640266402,1.43576404423382,1.75529342760671,3.53513716868759,1.13967987493943,2.55984227901412,3.72265969623308,5.6359585962631
10.4721908267639,28.3408836017572,46.9196017215229,54.0900318975861,76.8228456532234,101.853543610261,8,31,51,59,81,101,2.13687641319617,1.35783450338016,1.95064433649576,3.61535928412262,1.1348821134576,2.63538886911253,3.66346288187001,5.65437467099
10.4289972909348,28.1588267735088,47.0662112302377,54.1991101911842,78.6632920806024,103.625717659052,8,31,51,59,82,102,2.12295280915263,1.32979738666052,2.03019142359914,3.6471056648764,1.12438789331541,2.89594222704727,3.64391914297391,5.8793500449041
10.3744459820401,28.1451838729692,49.1377683282098,56.0978631607664,79.4317266672439,110.112721270369,8,31,52,60,83,104,2.10539328082537,1.33803478336141,2.37408649775857,3.95273179100908,1.07639590844065,2.60761775099474,5.1008368631602,6.82143829141904
10.3097663129966,27.9612560381278,48.593828397196,55.635315926228,78.887123989648,109.445843637054,8,31,52,60,83,104,2.08461045257243,1.31407479802005,2.28412746381508,3.83295903470371,1.09893324272642,2.58703188524037,5.06351621869642,6.78939898502118
10.2371747424504,27.6487938142146,48.3966394187814,55.4804988207822,78.6852329398828,108.930038614901,8,31,52,60,82,103,2.06133359448771,1.26636307641053,2.31281930185294,3.78984046955111,1.11071355691392,2.75669889481213,4.96797846409093,6.90213181144437
10.1570215971678,27.1393888243174,48.5090362251027,55.6671091357823,78.8310158955647,109.110802634225,8,30,51,59,81,102,2.03569204515852,1.30512033699859,2.46939483264796,3.96439190723582,1.1314241075142,2.74614256200937,4.97860499204571,6.92011930764922
10.0881569592012,27.014298418801,49.0258803202644,56.3605970208614,79.4209139899322,109.758115945657,8,30,51,59,80,101,2.01371266246258,1.29371735312524,2.6341225679696,4.08014101963982,1.18110840831621,2.90957855514292,4.99605733540694,7.15501398070283
10.0406361050729,27.2693467576047,47.6588828484116,54.9966519608499,78.2335019645367,107.353304021295,8,30,51,59,80,101,1.99857326686366,1.3555064027634,2.22398773655424,3.77637957591695,1.18197168002485,2.95668250405738,4.62894515683017,6.87937958787439
9.97019437755738,27.4525843731472,46.8804380093246,54.2510311220261,77.6916457735125,105.54634893198,8,30,51,59,80,101,1.97617375857136,1.40810592015893,1.99088606830694,3.60689462946606,1.19126483068834,3.01130699595028,4.25432468852921,6.6091245305583
9.87016680708115,27.5623260882313,46.3517773864114,53.7442364275628,77.3624560033326,104.161619117546,8,30,51,59,80,101,1.944453867013,1.45213602601443,1.84066567422996,3.49328766137567,1.19746562788764,3.05913793388277,3.94754444041062,6.38645762412783
9.7351065826906,27.6121845749563,45.9526465353623,53.3431661876363,77.1419507150107,102.31159462351,8,30,51,59,80,100,1.90179056470916,1.49134429122457,1.7373066794064,3.40833423696959,1.19691532567497,3.10797245811585,3.70331648604791,6.20331774898529
9.56964564278243,27.6372883722264,45.6378819141606,53.0027772793822,77.0148335509134,101.425014851131,8,30,51,59,80,100,1.84979003117201,1.53212966159659,1.66037925428562,3.34184214226839,1.18965037272407,3.16591696914313,3.48678773873882,6.05614804996284
9.41997460408036,27.7151652116894,45.3965097541223,52.7401963504167,77.0192571394695,100.551362044355,8,30,51,59,80,100,1.80301083954056,1.58132678618415,1.58918243549222,3.29115869475671,1.1836456918309,3.23885729601817,3.24057720850901,5.89457646979938
9.45316257282501,28.0751523920861,45.2857513113165,52.7096900891782,77.3085758258138,99.5075382364743,8,30,51,59,80,100,1.81336204993958,1.65290791302872,1.48614383874651,3.26799093560383,1.20640683342933,3.32679683618378,2.87590335246027,5.65842297800936
9.96446174461486,29.5211273382092,45.4364434269414,53.2011661212356,76.563021034835,96.5342492641072,8,29,50,58,78,97,1.97435308848865,2.02164417656387,1.215369692229,3.4404981943605,1.30423581290072,3.19337632349789,2.47759433083333,5.24024235032371
10.2323852831878,25.336910155886,43.3776908378096,51.5184961096144,67.9261603468119,86.3031520060389,8,28,48,56,74,91,2.05979963749236,1.17694083215725,1.82260679921633,3.285877266128,1.41428838723142,1.75523214859413,2.43972308567285,3.94942766979947
10.2881511803257,25.0940967498372,42.8140578609431,51.0535980083177,66.8018476001372,85.1956212979764,8,28,48,56,73,90,2.07767409244898,1.11695642547054,1.74756916067306,3.16623889717199,1.4435247626633,1.76029082448279,2.44425517638382,3.98620387974195
10.34129979505,24.8429722000137,40.4308752093216,48.7340864561925,64.5232904305126,82.7526012612227,8,28,47,55,72,89,2.09473774182501,1.0570324829809,1.41324655569538,2.80842794996586,1.46245151855708,1.77036993871466,2.39993906622615,3.97201141075959
10.3924174288263,24.5922943548467,40.2085047212987,48.5743833061079,64.2307992379903,82.1483850772949,8,28,47,55,72,89,2.11117497954571,0.998833552462016,1.41949249162336,2.76325119881506,1.48113504937389,1.73775375013103,2.31654993997781,3.88181336162827
10.4420977524242,23.6772286872198,39.3453372434932,47.8638787568453,63.3816601177762,80.9019050925914,8,27,46,54,71,88,2.12717393036296,0.929554777157195,1.43096789695753,2.72019373975289,1.52687455393963,1.70389973792161,2.21144473939548,3.79191920872437
10.4910034030615,23.4962600714984,38.4292311765608,46.8857832186659,62.0255727176768,79.3606420850214,8,27,44,52,69,86,2.14294621910068,0.886403101559742,1.56338843846649,2.80076019434941,1.50826375991016,1.61264809624813,2.16292945970213,3.64673397659159
10.5397993638788,23.3186490077107,38.3290517807106,46.7907487851724,61.6628948321658,78.708485279732,8,27,44,52,69,86,2.15870550659639,0.844688282968957,1.58177458976459,2.77992931593593,1.50980643854496,1.54899331653633,2.08769991910163,3.52004698084967
10.5891121713102,23.1483498475547,38.2433143410771,46.6972548196147,61.2542466877727,78.0137577574133,8,27,44,52,69,86,2.17465423929139,0.804988371492976,1.60193100147738,2.76214454922769,1.50748083891738,1.47509198843827,2.01410679118251,3.38195337199172
10.6395536204885,22.9857610079734,38.1713874756006,46.6071421179015,60.8047121629639,76.5460430223253,8,27,44,52,69,85,2.19099123217262,0.767212717660708,1.62363025128838,2.74725533932592,1.50203146481913,1.39224849498567,1.932999425796,3.22137512936227
10.6916718395739,20.4844243758699,36.5802529144521,45.1929524430801,59.0315704590183,74.1490118093681,8,26,43,51,68,84,2.2078957772132,0.447779690767327,1.84638063545976,2.55480397361992,1.55524113109408,1.31110169047279,1.77412927783654,3.04294601536042
10.7458966125668,20.3600689272681,36.5864627291033,45.1622653272063,58.5238904306705,73.3735412977923,8,26,43,51,68,84,2.22550976761616,0.422633879118444,1.87903614273362,2.55606583326258,1.5441113811904,1.2058369848822,1.70718193938044,2.87314672467914
10.7860769286039,20.2662842203938,36.6531301683639,45.1983377066839,58.0794024182622,72.7066102299327,8,26,43,51,68,84,2.23857874489727,0.404211821751877,1.91939826421413,2.56962686331086,1.53489618661344,1.10289717490135,1.65216296071952,2.71682640628889
10.8188310378798,19.1255203760276,36.772617972628,45.2965037059195,57.6931273549189,72.11623906865,8,25,42,50,67,83,2.24924297609407,0.317996926492515,2.24485272539207,2.72948953850956,1.52848143462103,1.00246519187585,1.60216637810857,2.56846081526237
10.8548860149006,19.2352102665951,36.7786327711263,45.2447070065876,57.2036134887151,70.6876332728171,8,25,42,50,67,82,2.26099295418016,0.327262270095622,2.21753835051243,2.73075064281237,1.5111192000951,0.914761834133055,1.5376344518496,2.40749205730682
10.8138465198637,18.9137321408418,34.403632480504,42.7115680864728,54.6214837376152,65.7416180561565,8,24,38,46,62,74,2.24761947709217,0.357429343549802,2.25338818695853,2.79038962929711,1.46385813245019,1.02912291986094,1.45700582803411,2.41602748611584
10.7079620998461,18.971975859563,34.3996253597884,42.6829517593615,53.5044178209735,64.1536686664732,8,24,38,46,61,73,2.21318459404028,0.380119799693004,2.23598342604807,2.78951421800355,1.45653448666683,0.92990982951936,1.33557856751636,2.22089588934178
10.6046170542049,18.9948334689887,34.3926151723401,42.6108774881269,53.2617564098875,63.4924862835767,8,24,38,46,61,73,2.17967347326108,0.398004168831028,2.22764496710692,2.78798296657945,1.43721246722377,0.894619446371037,1.23029105631664,2.08647758191713
10.5989749887196,18.7558428539154,33.9275092215666,42.1828689496746,52.6896713849317,62.8151951018919,8,22,36,44,57,69,2.17784676964874,0.530778130051197,2.16478021614002,2.98519120625461,1.44822195095891,1.1387047609102,1.20423438377848,2.31466486207913
10.6428658052618,18.808421677304,33.9554235225406,42.2051448772033,52.750888920692,62.9132895821678,8,22,35,43,56,68,2.19206480118607,0.532281480269873,2.36946207704141,3.14963171592972,1.44654738720566,1.14789407470371,1.21334857089044,2.32977486846111
10.6890942641971,18.4803096449269,33.31535065054,41.5026260597608,52.0343820731493,62.2238950830559,8,21,34,42,55,67,2.20705915897669,0.56476857524261,2.27958852367463,3.16180691935455,1.42803135089789,1.14459051332594,1.22006268445913,2.31915226421184
10.737582638145,18.5159892720475,33.3394708926448,41.4991479032051,52.0642206098134,62.2534329677314,8,21,34,42,55,67,2.22280739109646,0.562420945211377,2.27627475599202,3.16749692220879,1.41986573799949,1.15246392523257,1.21998816946185,2.32031827387896
10.7882239343599,18.5531468778791,33.3639075825082,41.4934007998309,52.0898685747086,62.2472104125936,8,21,34,42,55,67,2.23927748340178,0.559953789334736,2.27262938078516,3.17326483012319,1.41094767953755,1.15989891839021,1.21209704350875,2.31372229285028
10.8409358766783,18.592084801465,33.3910058543917,41.4874237347345,52.1137334339236,62.2030539438237,8,21,34,42,55,67,2.25644536764787,0.55743794715672,2.26923783941084,3.17966478915779,1.40119037956363,1.16698015358359,1.19530703637686,2.2984174906755
10.8955998929813,18.6331830947884,33.4237184218714,41.4840683040437,52.1391786171582,62.1215502701743,8,21,34,42,55,67,2.27427504591045,0.554964541858961,2.26683645209482,3.18739606103769,1.39056834340639,1.17382723151867,1.16905322041571,2.2739577221049
10.9521107749187,18.6769550216658,33.4653204163876,41.4867999498528,52.1702686914297,62.0067737414756,8,21,34,42,55,67,2.292734719468,0.552645855032243,2.26621515924248,3.19723669669995,1.37914231609321,1.18058154831637,1.1335360589217,2.24061501513864
11.0105305180912,18.7240499045432,33.5184189726602,41.4988410436059,52.2107040985293,61.8656128768773,8,21,34,42,55,67,2.31184717331255,0.550587795069577,2.26793422762927,3.20981045522595,1.36709756876424,1.1873566538321,1.08979761117678,2.19943296449056
11.0735586014744,18.7772831748016,33.5795159954878,41.5194161108188,52.2578303394716,61.699350074979,8,21,34,42,55,67,2.33250029963344,0.548810253184047,2.27018638997101,3.22429720879073,1.3552344836953,1.19370301038124,1.03909937509749,2.15157186359652
11.139865676182,18.8355363779284,33.6531353383454,41.5554803541612,52.3205101306987,61.525440860001,8,21,34,42,55,67,2.35426451914335,0.547350368194446,2.27458880986887,3.24177999373878,1.34426193178022,1.20007541939844,0.983800141499113,2.09988508783078
11.1135713752662,18.7799959202194,33.6989562750684,41.6198837147404,51.9148963484011,61.0975434605037,8,21,34,42,55,67,2.34562937283082,0.542062106500645,2.30368141980203,3.25267611365399,1.34968854564143,1.08914457799086,0.978642280921457,2.00221102129538
11.0825053583146,18.8401743614455,33.9156033577316,41.858120640928,51.7951504801007,60.9718660233739,8,21,34,42,55,67,2.33543474352201,0.558628288402107,2.34876774278118,3.30434692256168,1.35599993672702,1.00702542269363,0.977270823957056,1.93266688539788
11.0554707589248,18.9936782941797,34.2619573771316,42.1966642306605,52.0457883998117,61.2448348824421,8,21,34,42,55,67,2.32656976393061,0.59198427649285,2.40462769730373,3.38747093671781,1.35371589464329,0.987188042080395,0.982437291214381,1.91787389703802
11.0465475966631,18.7826711256774,35.6116770844387,43.6003125244736,53.494257281542,63.123451354925,8,22,37,45,59,72,2.32364512190471,0.460104927008266,2.41994053144736,3.21424057479388,1.36950507084497,0.863368597828278,0.938142019169876,1.77300166665709
11.0559985686165,17.9142443243183,36.1554428577536,44.0866641574615,54.0900591941004,63.8989615374167,8,22,38,46,60,73,2.32674277940839,0.326942888113531,2.60578398335253,3.18167104872301,1.35269689234911,0.886298949334197,0.978155439419548,1.81756866998466
11.107503617523,17.4160740344327,37.087581226762,45.0212093015413,55.1763163002505,64.9053701863097,8,24,40,48,62,75,2.34363753128424,0.154580815324092,3.01313033769017,3.08547277194829,1.35340049399923,0.918434778680203,0.960306833439189,1.83193885805732
11.2088349072374,17.0385391282339,37.1352976327723,45.0694349966066,55.2417592034471,64.9513036473288,8,24,40,48,62,76,2.37694198520548,0.115162678627598,3.13697390055403,3.09607716139225,1.35354939176809,0.922107214880166,0.825226693528022,1.71233102671113
11.3274873909348,16.926180551064,37.1653257378284,45.104612199658,55.2438458781147,64.8724467194713,8,24,40,48,62,76,2.41604844183324,0.0984649302063756,3.17870380410537,3.10275668264597,1.35505502097641,0.915053563705499,0.808682104289217,1.69202144500251
11.4536695709348,17.3902146400384,40.7499505921882,48.6112841979861,58.9415034109914,68.4883137767558,8,24,41,49,63,77,2.45776338800908,0.123396044377533,3.87148414532772,3.76602081656223,1.33230387633256,0.956024676602669,0.792089165122977,1.69783936954201
11.5752339096282,18.7157991553179,37.9793197036267,45.4546853847976,59.1859318820117,68.6074458949612,8,24,42,50,66,81,2.49807300453357,0.238238266202338,2.48192092134216,2.98646377153813,1.22104917378811,1.43628049080524,0.655734631788861,1.88843403870575
11.656631995632,18.7156236226165,37.9153617414789,45.4233965352895,59.201652882335,69.2611537248409,8,24,42,50,66,82,2.52512928992732,0.229203460633921,2.46492588123184,2.97264679357743,1.23037347716961,1.44737021997843,0.667746148416548,1.90559769754735
11.727563366113,18.6893640193725,37.9915128179842,45.5131211316325,59.3342116246974,69.5892018554978,8,24,42,50,66,82,2.54874869756846,0.218671631040012,2.49222906865459,2.98910033005919,1.2342527356258,1.45749848084825,0.703062639957744,1.95298225854923
11.8513278764119,18.8600383768355,38.0126742386124,45.4904372249448,59.4024203949023,69.6044106931561,8,24,42,50,66,82,2.59005381009819,0.22372318730666,2.45239591334107,2.9936779981827,1.221732806678,1.4790643169501,0.693416242735541,1.9518574480053
11.9855515902846,19.1176952716638,38.0161887731756,45.4341402164028,59.4284354838984,69.4579471591305,8,24,42,50,66,81,2.63498079004922,0.23729730958586,2.38509497829661,2.99443849590678,1.20470497058163,1.49868034246032,0.770368944061903,2.04399749605394
12.1142236154884,20.2363215775055,38.3665454321652,45.7095511264309,59.7513809058938,69.8220146282292,8,25,43,51,67,82,2.67817527713786,0.295339670108801,2.18487896085064,2.92667276107107,1.18345303946604,1.51004537863319,0.778376562684706,2.04665811430436
12.235811216387,21.665518226667,39.560724228817,46.7304099491947,60.9394927281523,70.9380697074153,8,26,44,52,68,83,2.71910256513517,0.39736671656194,2.12464085530126,3.03973512909803,1.13467371177635,1.55024661010651,0.764365784510916,2.0315151550585
12.3488524556082,21.8384684436822,39.5304436400387,46.6465393481866,60.8220040651998,70.8166337929265,8,26,44,52,68,83,2.75724814405996,0.405493169473911,2.07294587527431,3.03325285984794,1.11969758633726,1.54213969697512,0.763601067051643,2.0138989703599
12.4519629144013,22.0878483971593,39.5373468979091,46.5939123030147,60.9702719243992,70.7725609339829,8,26,44,52,69,84,2.79212118624436,0.425655567910939,2.01175865902006,3.03473025004264,1.10312150777797,1.43326284338074,0.726693373556513,1.88493630181296
12.5439213740264,22.3832747574201,39.5869140003339,46.5800416591852,60.8919772317279,70.7355983901899,8,26,44,52,69,84,2.82328483069845,0.454450894633791,1.95027501643593,3.04534545293665,1.08552794673201,1.41843906464567,0.734565339189079,1.86882812622785
12.6236706494299,22.6830875742016,39.680325087664,46.6084756126898,60.8021348982833,70.7061352620453,8,26,44,52,69,84,2.85035788521528,0.486556923272553,1.89910171862387,3.06538436753282,1.06758396246331,1.3913557388747,0.746123357927279,1.84604484861536
12.7098375567207,23.152510047819,39.4265932956985,46.3407461113833,59.7993006453118,69.8619493623201,8,26,43,51,68,82,2.87965801177291,0.544794200820315,1.89100602122638,3.15543346872306,1.06372862024521,1.22698399900627,0.898801930695555,1.85225871953092
12.84403478716,23.7961486861998,39.6904824865989,46.6515733316522,59.3863978998596,68.7429007495279,8,26,43,51,68,82,2.92538911276905,0.626600811602422,1.79632260898175,3.21327442552011,1.07667096557447,1.0722176348716,0.753974770501957,1.60071489331073
12.9074645354599,23.9614723355971,38.736663248226,45.5548502925988,58.7974067548416,67.6579570598918,8,26,42,50,68,82,2.94704572540079,0.643544110935289,1.68870451758648,3.15169955070074,1.03739615952376,1.04976995520146,0.658011771361037,1.47301989392186
13.012186706637,24.263843535856,38.8116769660011,45.5735805666866,58.8671113610001,67.6693412174834,8,26,42,50,68,82,2.9828579133653,0.676946346200712,1.63266323465434,3.16822685433238,1.02203376284044,1.06011590247191,0.647058388727845,1.46226759457297
13.2039922676893,24.8952312618543,39.2170927635432,45.8844913849422,57.6102674872343,66.8803578738157,8,26,42,50,67,81,3.04863213538326,0.753705734178799,1.57753898196018,3.25804242810603,0.996376927930949,0.869282829675694,0.736900085871932,1.36288754955174
13.5289218519504,26.5100988286325,39.9631947141114,46.3917437587365,57.947473253385,66.6649741150184,8,26,42,50,67,81,3.16057930347956,0.997307892075719,1.37122643382816,3.42546814918302,0.932327002963521,0.836668217705038,0.631273124524749,1.20757349126278
13.3088848801616,20.3336320766039,35.0924635330458,41.3838674120991,53.382866255456,59.6185195689452,8,22,36,44,57,70,3.08469974373112,0.350635724131855,2.05122744244007,3.25381136732908,0.896083803449275,1.50656310458196,0.310312682822303,1.33983496665433
13.1012889799647,20.2159339625836,34.873582861558,41.2942514807528,53.3294362131893,59.3149948294601,8,22,35,43,56,68,3.01338398733844,0.363740595289899,2.22886643083207,3.36619943066666,0.930233706192,1.51585816990998,0.348720004214642,1.43225002190127
13.0252020641713,20.2700723536837,34.6895071295184,41.1918818056747,53.3135346717762,59.0911753088014,8,22,35,43,56,68,2.98731375778355,0.383106460252707,2.16120297848561,3.32242290466725,0.952000073411315,1.53813586222071,0.316932252047484,1.42509028923365
12.960384932663,20.3460426138343,34.5506292469467,41.1252985120855,53.3262081167434,58.9052950349802,8,22,35,43,56,68,2.96513422620604,0.404543716024865,2.10062966980116,3.28951296108918,0.971373454493576,1.55863738977643,0.287843743021813,1.41664113967384
12.9183289780178,20.4556022957039,34.4702418810774,41.1040612288519,53.3728989007203,58.7623861141416,8,22,35,43,56,68,2.95075777170626,0.428200565170921,2.0474440884139,3.270510117357,0.987302848603891,1.57627011113269,0.261259354067505,1.40543292433026
12.9118345546362,20.6110801660191,34.460375120721,41.1371889959475,53.4600035748315,58.6689638399919,8,22,35,43,56,68,2.94853873436256,0.454113955312554,2.00143430541767,3.2681800672823,0.998925200309077,1.59032158658341,0.237061118935865,1.39050882191505
12.9598501973409,20.8542442215915,34.3827535820217,41.0313151960197,53.0143612879289,58.0170037813744,8,22,35,43,56,68,2.96495135976768,0.486193605572892,1.91295389499515,3.24986769386154,0.991283879056229,1.50247058123936,0.210774071122031,1.28964797057604
13.0316503655641,21.1749602350313,34.1281732179772,40.6630883831413,51.7575106039742,56.4907519892187,8,22,35,43,56,68,2.98952175422963,0.528435579291352,1.75697925587284,3.19003375109822,0.960707064870911,1.27980797307904,0.178713011545179,1.077464078322
13.1038497228303,21.5101115141658,33.8844835094492,40.2964540219847,50.5259253950455,54.9814461132765,8,22,35,43,56,68,3.01426203455592,0.574618591907797,1.60377618796968,3.13308760339231,0.927924713530375,1.07395253948085,0.148430216904803,0.882513105205229
13.1768251571963,21.8472509274677,33.6540598573459,39.9345225745903,49.3824292277397,53.582295587373,8,22,35,43,56,68,3.03930182866046,0.622569022269247,1.45747498600246,3.07954048413641,0.893209675908514,0.898357477964273,0.123110034975026,0.717947697291883
13.2511071721118,22.1718971217426,33.4263751281436,39.5703763940079,48.3795503916736,52.408941054031,8,22,35,43,56,67,3.06482426996957,0.669400304011669,1.31911692026749,3.02691877703178,0.857582123606166,0.763071359503333,0.149949077997908,0.665687200394013
13.3026342698418,22.4193947571707,33.0993098474551,39.1193549453618,47.4576834991906,51.5019472338202,8,21,34,42,54,65,3.08254854440948,0.827244129721011,1.1797344807372,3.11098552869135,0.825579349233544,0.79002817812532,0.151593856147906,0.661713205434267
13.3296880371473,22.656089515234,33.4813116387764,39.5460483291081,47.6677482723646,52.1737076237693,8,21,35,43,54,65,3.09186105616699,0.872026809666843,1.06505808113977,3.03958904144663,0.837077560469529,0.878333198552042,0.207053798544372,0.779390357514794
13.3679582442242,22.0761063183832,32.8015439163804,38.7796534188168,46.3814044764736,52.7752917448231,8,20,34,42,52,64,3.10504219763699,0.870963985806786,1.04275739346234,3.04136474346317,0.814831960570302,0.903726948951905,0.414930795914059,0.975164685800055
13.4157889606622,21.9031732145519,32.7498749130094,38.765574294955,46.371105604083,53.9020012882183,8,19,33,41,51,63,3.12152878675114,0.964073619087205,1.06987924085641,3.19269841261407,0.824463729829542,0.904641367291202,0.623286870555095,1.17141085348144
12.4507470041215,25.3417677907023,36.8961561359431,42.7179908385803,51.5245673638509,57.1050877543487,8,23,37,45,58,71,2.79170952021169,1.39386592123941,1.23267652592457,3.5149703682499,0.775144584533093,0.762537410360292,0.223786610784154,0.682214290824281
12.4988258316123,25.3793004702417,36.4966382236673,42.2407256212032,51.0914202869,56.6439599564918,8,22,36,44,57,70,2.80799518957581,1.55661998189762,1.13124222876851,3.58708581167277,0.755618216420534,0.771624919251278,0.220392613164344,0.674272885927647
12.54726093085,25.4548449676518,36.5683535880226,42.2360846481054,51.1523467538138,56.7764173901862,8,22,36,44,57,70,2.82441766271833,1.56347715644184,1.13036614529884,3.6043737011601,0.736586007469127,0.785202300141015,0.229119552826588,0.682102126142787
12.5955122330581,25.5318101298734,36.6650907192163,42.2621398430306,51.2833593649112,57.0423239975335,8,22,36,44,57,70,2.84079379905322,1.57074983543286,1.13489225730334,3.62773339644019,0.719098502450527,0.807112895162353,0.246024202413377,0.704131100795985
12.6426602970293,25.6070703021639,36.7738061704747,42.303871585027,51.4676983851862,57.3978214458614,8,22,36,44,57,70,2.8568108083169,1.57787970035007,1.14256422006113,3.65404014200647,0.702643717061592,0.837225861856835,0.268301901946086,0.736853434405426
12.6874007606835,25.6720623700606,36.8772813796139,42.3415275398391,51.6834982162628,57.7953973780906,8,22,36,44,57,70,2.87202381004208,1.5830218299999,1.15141011594031,3.67913224332122,0.686588524715787,0.875385512966785,0.292955233349091,0.776748084687706
12.7279551868645,25.7076591318852,36.9560014603221,42.3527436975354,51.9087812024206,58.1908485787567,8,22,36,44,57,70,2.88582506182347,1.58176256519166,1.16134910824451,3.69825608312201,0.67024130586381,0.922016343330539,0.316940451148606,0.820788109999918
12.773101993819,25.4233564129857,36.6170009189422,41.9361170738086,51.6411148642364,58.0737190272649,8,22,36,44,56,69,2.90120208384941,1.49874854828198,1.14874720226321,3.61611513341874,0.651594400276618,1.10180804570185,0.338872383416649,0.936209862797919
12.9617151773095,25.3641796403789,36.6483715300868,41.8276208130193,51.7855211965891,58.3312891577746,8,22,36,44,56,69,2.9655891454514,1.43719893477315,1.16963285213369,3.62369283816945,0.618415816654233,1.16307115953801,0.35579161245245,0.970680552474351
13.1439019088444,25.3096147838375,36.6961309163029,41.7690747493788,51.9688185716287,58.6067172294974,8,22,36,44,56,69,3.02800083668996,1.37912841878052,1.19338186472408,3.63523856193816,0.593569681704752,1.22259915618518,0.369835455053379,1.00591861566184
13.319711058418,25.2589863853555,36.577587779081,41.5737046157049,51.9602959936002,58.4835469892016,8,21,35,43,55,68,3.0884262323997,1.49125821412297,1.17760184979857,3.77960610673738,0.575818642245374,1.26920051060912,0.352395856702739,1.00519706262659
13.4891079776373,25.2266798092101,36.5730954826621,41.5350302738773,52.1324546149873,58.6706181822382,8,21,35,43,55,68,3.14682779921535,1.43990771349627,1.18405627467265,3.77849746116186,0.567977241860484,1.32240242432003,0.35464318791227,1.03525473220458
13.6509971687041,25.2100838836377,36.578312461705,41.5399728190066,52.3554639912413,58.8950634688787,8,21,35,43,55,68,3.20280240841792,1.39491264427326,1.1891260517323,3.77978495886794,0.567914428432498,1.37809868465817,0.35485991472732,1.07011509119853
13.7974078998302,22.8745622563938,35.0410974915736,40.1713009484293,51.5456606030617,58.0349048426399,8,20,35,43,55,68,3.25355821341379,0.95434505861861,1.22439713523147,3.40619073508431,0.606912138616857,1.52379777838548,0.34729478460882,1.1808219617315
13.3712898260722,18.5697472666101,29.067388765176,33.6830468988411,38.2311306374599,43.4667903128656,8,18,29,36,45,55,3.10619009570878,0.391059878933802,1.47599411365166,2.97973325765705,0.62621946310534,0.368105021826752,0.397766624340365,0.494428587767516
13.3961394613364,18.6459877720804,29.0692940866718,33.704238538146,38.3832739849542,43.5758434799274,8,18,29,36,45,55,3.11475418746154,0.400336446457887,1.4559882129412,2.98019692154031,0.631052264196208,0.392653391911695,0.390002577096607,0.507956776608635
13.3540545908452,18.7072255981471,29.0450743647545,33.6586785532894,38.3948101730748,43.580593585107,8,18,29,36,45,55,3.10025242053064,0.419246464139955,1.43308119760692,2.97430463174317,0.625705427734057,0.403546346146427,0.38878541320074,0.511644494764601
13.353062686972,18.2172554937583,28.7473871088677,33.3817423765716,38.1390897960502,43.3274951823923,8,17,28,35,44,54,3.09991075713096,0.428386438191949,1.48476142757852,3.07452791880187,0.630904463423525,0.407622803114324,0.389255515164091,0.517345353274159
13.3652620600196,18.1994118009935,28.7319505789989,33.3736743172327,38.1729608804636,43.367745462449,8,17,28,35,44,54,3.10411327581336,0.422508899421436,1.48541154858907,3.07069571506252,0.632753627342727,0.415726647442507,0.390400207616451,0.524507428563765
13.378950123485,18.182438471997,28.7171954271048,33.3669554114161,38.2090034374765,43.4099631498917,8,17,28,35,44,54,3.10882971204897,0.416541868976548,1.48601069686788,3.06703399301198,0.634772187012991,0.424051148504954,0.391509558886128,0.531883362079593
13.3944871904071,18.1665720183434,28.7031017550113,33.3616945232033,38.2472774448099,43.4540447792154,8,17,28,35,44,54,3.11418463766399,0.410463618258462,1.48648958702423,3.06353763870823,0.636992999764822,0.432589620761117,0.392554032382511,0.539465358024158
13.3112294413466,18.0301726339505,28.4883171353873,33.0916810760936,38.0360065061159,43.2247608649595,7,16,27,34,43,53,3.40933109812076,0.40025514499221,1.46535500949012,3.18870640620399,0.623144489526832,0.444210973742928,0.389318100631829,0.537570909797304
13.31628985273,18.0089705588464,28.4711008840737,33.0743963357195,38.0652582827966,43.2639299320457,7,16,27,34,43,53,3.41114783825499,0.395246319526789,1.46642770203515,3.18433898085238,0.623127371852516,0.453498303501344,0.39109836603364,0.544955787573377
13.3430274060538,17.9742596294833,28.4198619458691,33.0273988374214,38.0571611009872,43.2726229030077,7,16,27,34,43,53,3.42074909595479,0.383621342360119,1.46198096242793,3.17135092563714,0.624187709685923,0.461315821556703,0.394119762055459,0.552857258623687
13.4011091088591,17.8616193250171,28.2521523518649,32.8948040232169,37.9323821520578,43.1642110395219,7,16,27,34,43,53,3.44161849577847,0.352033988683199,1.44719155722605,3.1289477895656,0.63298661082476,0.462892424811142,0.397073924445038,0.560727744982717
13.4560346269791,17.7616752685026,28.0949782139361,32.7748980079272,37.8164300877623,43.0642888490206,7,16,27,34,43,53,3.46136973086336,0.324311974364104,1.43186547167332,3.08935965923015,0.642364582813032,0.463690758726871,0.399975707070178,0.568376172541066
13.5076050598088,17.6759394768722,27.951412874554,32.6705470860326,37.7121542188508,42.9755549979048,7,16,27,34,43,53,3.4799284294981,0.300503728346548,1.41642441312046,3.05332838232214,0.652275738112333,0.463705917382348,0.402797166493829,0.575746638477164
13.5556350439931,17.6056004552967,27.8242812570433,32.5842643140985,37.6223757790616,42.9006631174819,7,16,27,34,43,53,3.49722509341671,0.280579324798467,1.40130520730019,3.02152541889183,0.662646789973802,0.46300008022037,0.405506987543159,0.582809882375733
13.59996289268,17.5514112295678,27.7158470363206,32.5178946491611,37.5495318177931,42.8419424709584,7,16,27,34,43,53,3.5131987990687,0.26443237885546,1.38690620279408,2.99447746203073,0.673375814003547,0.461693844721008,0.408084503043066,0.589568735831418
13.6404419255167,17.5136173418764,27.6276161228241,32.4724714423977,37.4954904568067,42.8011350825292,7,16,27,34,43,53,3.52779412423021,0.251892409854568,1.37355511621837,2.97252218977625,0.684345130098729,0.459957168221608,0.410505553161458,0.596049910216581
13.6769617425169,17.4919325604141,27.5601916228822,32.4480417363205,37.4612594041325,42.7791279292797,7,16,27,34,43,53,3.54096886401789,0.242736516128084,1.36147861461917,2.95577668528856,0.695413269653903,0.457984979526225,0.412746824372883,0.602287625265469
13.7094237440508,17.4855324193737,27.5132411850623,32.4437349635834,37.4469562774635,42.7759587599907,7,16,27,34,43,53,3.55268524604892,0.23670463401982,1.35079723069126,2.94413271624363,0.706440763142015,0.45597675749882,0.414792425680077,0.608328997771133
13.7345056518901,17.4848137301966,27.493362158849,32.4726120412275,37.4414696610552,42.7680278062495,7,16,27,34,43,53,3.56174150506472,0.232736382467223,1.34575840275498,2.93920672860514,0.719108826918199,0.449098044058648,0.414342996219365,0.609982535295261
13.6829424111593,17.5595579648049,27.5439628026691,32.5594095202162,37.5160853263509,42.8328950678034,7,16,27,34,43,53,3.54312705324152,0.252438098930038,1.33941660448328,2.95175030287268,0.728554515425907,0.446668828538097,0.412552504879589,0.611959650121517
13.5380020956407,17.5975463855257,27.6063993110772,32.6227992971836,37.6564515243657,42.9805233731907,7,16,27,34,43,53,3.49087372978132,0.282170608366166,1.34583843868954,2.9672497697282,0.728803740590774,0.462100252378856,0.413886048253694,0.623826943224646
13.379132755435,17.6270916184949,27.6577569230546,32.6752592026111,37.7753815992365,43.1037974902575,7,16,27,34,43,53,3.43372011029466,0.314220576122018,1.35157521805945,2.9800170077821,0.729091956970025,0.475579296450692,0.414684554256528,0.633926174926647
13.2084951942056,17.6468745225595,27.696638936775,32.7156282473472,37.8672556748536,43.1990922541367,7,16,27,34,43,53,3.37247725695781,0.348017348651426,1.35660400443487,2.9896936703077,0.729480821092746,0.486120156222048,0.415313757909625,0.641899984049222
13.0269981845051,17.6585816317525,27.7238414610016,32.7454058508055,37.9350173435156,43.2680016613163,7,16,27,34,43,53,3.30750490051468,0.383687408528163,1.36068777850684,2.99646914608215,0.730154351016265,0.493947170251921,0.415524957575935,0.647824301482117
12.8364006178371,17.6620873004618,27.7390446604783,32.7648162361765,37.978445138162,43.3110006813644,7,16,27,34,43,53,3.23946589487087,0.420858712150505,1.3637729029174,3.00025786196863,0.731255143671575,0.498919353892722,0.415446052224522,0.651786320672108
12.8224998598094,17.66002764236,27.8415605269995,32.8564392944751,37.8438402041305,43.2740038770186,7,16,27,34,43,53,3.23451144104912,0.423168250650011,1.39144006942676,3.02584220344647,0.728406040331732,0.452805144164268,0.433559076514444,0.63201103845416
12.819723237292,17.6411891539714,27.9452620259527,32.9489612829585,37.680010483413,43.2150228938957,7,16,27,34,43,53,3.23352193642812,0.420036624031797,1.42405500419963,3.05178744678849,0.725485187509114,0.402572108695078,0.453348133878604,0.609303494895779
12.8071112385132,17.6042662147864,28.037019015381,33.0315837956027,37.5063553972535,43.1416459901838,7,16,27,34,43,53,3.22902793854775,0.415313311608137,1.45852643396616,3.07479845517946,0.723101080968615,0.354631968355542,0.472589844035251,0.586645533601436
12.7846966104641,17.5494055995338,28.1154025721354,33.1030240060051,37.324153868711,43.0552740011468,7,16,27,34,43,53,3.22104317995919,0.409040901686883,1.4944558148364,3.09449570487479,0.721290335364334,0.309570926462496,0.491259941556804,0.564437257960711
12.7526626840055,17.4766489215025,28.1791347169169,33.1621774211426,37.1351870367341,42.9582375182566,7,16,27,34,43,53,3.20963660451809,0.401219712744058,1.5315032547003,3.11053822856403,0.720096952800017,0.267931895687653,0.509424187839406,0.543153656020537
12.7112721580437,17.388357821611,28.227840495822,33.2086960486648,36.9410463698432,42.8528836228567,7,16,27,34,43,53,3.19490686347625,0.392283419509153,1.56893095192149,3.12281465088179,0.719527098067494,0.229991611589064,0.527198697129387,0.523120954818409
12.6765335367721,17.3569380407733,28.2787165458329,33.226158526378,36.7849424725381,42.7545450090359,7,17,28,35,44,54,3.18255179732973,0.302563380668268,1.59152891400202,2.95881576640528,0.710837126386353,0.204203193154221,0.538882971582275,0.504060111721183
12.7013734685928,17.4221242750978,28.3131594325831,33.1821709836351,36.6676338282169,42.6403756678278,8,17,28,35,44,54,2.87677767839639,0.400600780133589,1.58307699411056,2.96727422251243,0.690557427203478,0.193720565417464,0.539520646504201,0.485413813210865
12.6701916871979,17.4381658815878,28.2853851611314,33.0851896636716,36.5033561719689,42.4759710932104,8,17,28,35,44,54,2.86617065073234,0.409670492552608,1.57105174137858,2.96045287318146,0.672802431175117,0.184319414702871,0.539494860707089,0.468570844291762
12.6333859217172,17.5383796895969,28.2300253256656,32.9597373159545,36.3145512534616,42.2818021955592,8,17,28,35,44,54,2.85365895303755,0.436417104030308,1.52855201140975,2.94687060776263,0.65495675432969,0.175664607123102,0.538405481492478,0.451756124491799
12.5910216198825,17.7075824170644,28.1502524981534,32.810202157309,36.1050952990218,42.0587101233071,8,17,28,35,44,54,2.83926904778471,0.478934434723076,1.46119244970873,2.92733184033014,0.637334362356128,0.167655402978422,0.535639726108135,0.434711616120437
12.5431792986036,17.929301855248,28.0509129011572,32.6431451250975,35.8816960149613,41.8100961790487,8,17,28,35,44,54,2.82303311701859,0.535146863902157,1.37556784066291,2.90305549155246,0.62036413342507,0.160283270734365,0.530539296499078,0.41730370552294
12.4862571213619,18.4416818610566,27.9708893567488,32.5064831251392,35.7566385890369,41.6762832689399,8,17,28,35,44,54,2.80373626518605,0.660783193461864,1.22146552385704,2.88354408162191,0.606274942199476,0.161789004336275,0.528772423588873,0.411117757961174
12.4252535946827,18.9226385753547,27.8517960154775,32.3410621680674,35.5890072529749,41.4730748633001,8,17,28,35,44,54,2.78308068298803,0.788230748759027,1.07095436435878,2.85458067096715,0.594822713625051,0.161501691507353,0.52161522901414,0.401536933861542
12.371213874528,19.0931743293267,27.6877807999195,32.1529576988474,35.6377062809123,41.442203786465,8,17,28,35,45,55,2.76480468561597,0.843068254044434,0.9896917118304,2.81483835614682,0.588893789128735,0.13767690700187,0.505738579209995,0.359899477212786
12.3131792905974,19.2370295663506,27.5347347095458,31.9699123560842,35.2000482841825,40.9116785692531,8,17,28,35,44,54,2.74520049659779,0.893309845706346,0.919280070285364,2.77790799002473,0.581535364701573,0.159195530904963,0.48744076022829,0.374352421007065
12.2515970733798,19.3558872674016,27.3989772455897,31.8009642714765,35.0265439215427,40.6363883857239,8,17,28,35,44,54,2.72442401050872,0.938937257999547,0.860242038725334,2.74527505003151,0.573426856900046,0.158608026068782,0.467678337478105,0.359262526667028
12.1851773888873,19.4841196077643,27.2816788203022,31.6636527717428,34.8905436324768,40.3923920957413,8,17,28,35,44,54,2.70204586463401,0.988893835017155,0.804543489617834,2.71717516958796,0.568554391316418,0.158776994267956,0.447052015988831,0.345836573775527
12.1143078856593,19.6213963879237,27.1894648402229,31.565728241942,34.801132436582,40.1989591134182,8,17,28,35,44,54,2.6782036059849,1.04312452427874,0.753627062551145,2.69514738875597,0.567166402475364,0.159876113857223,0.42752496672175,0.33530037554061
12.0394080729672,19.7671227712282,27.1280140127881,31.5134568502385,34.7650893549964,40.0732327459281,8,17,28,35,44,54,2.65304527292401,1.10148341785512,0.708650175964778,2.68049912976462,0.569398033066897,0.161981128559007,0.410963315223017,0.32869764593713
11.9609689568523,19.920483732521,27.1015715943936,31.5110356526729,34.7860906053895,40.0274862846798,8,17,28,35,44,54,2.62674246548146,1.16372756793007,0.670405729095936,2.67420359233508,0.575250488391787,0.165042017008604,0.398804729462833,0.326728001196009
11.8731009251411,20.0437575289944,27.0733638808509,31.5268015759776,34.8266558680956,40.0333331005142,8,17,28,35,44,54,2.5973324123875,1.22121781959979,0.638774160005365,2.66749284417382,0.586010989509857,0.168311946220243,0.392537819499001,0.330206844531074
11.766888844281,19.9369845134614,26.9218611245067,31.4131864184885,34.7387230210172,39.9571101855117,8,17,28,35,44,54,2.56186044475378,1.22106411346008,0.629539320079188,2.6315397243192,0.595330343865649,0.171729694042414,0.394647128928004,0.337965230325624
11.6563130722019,19.7876181908231,26.7650682475067,31.2847252459129,34.6481082932733,39.8919677821838,8,17,28,35,44,54,2.52502318013698,1.21044724718881,0.628010754278825,2.59449232127509,0.602327986667702,0.176824081666824,0.399250960562492,0.347537113402601
11.5167064288664,19.6009394633439,26.5797253654767,31.1349664491506,34.5340451603223,39.8096403424867,7,17,28,35,44,54,2.77419509937212,1.02268640960609,0.628285604560236,2.55091264758977,0.611151434228517,0.181691695158879,0.405016398820506,0.358460844962782
11.4120887803285,19.4256813293097,26.4180704260959,31.0024311342499,34.4361865144619,39.750395925886,7,16,27,34,43,53,2.73778300059213,1.17838130019621,0.631086940571811,2.67649503056552,0.618400297230147,0.186478224120666,0.412075416748883,0.369492612631809
11.3095726452523,19.2687261077419,26.2666522866818,30.8737903017953,34.3422963462225,39.7011528754176,7,16,27,34,43,53,2.70217490325109,1.1636298270495,0.63222849477775,2.64010759598231,0.624087969964907,0.191331750382746,0.420296960332136,0.38066924125291
11.209531430171,19.1109426975718,26.1194036420841,30.7480409139569,34.2501798168161,39.6604351310459,7,16,27,34,43,53,2.66749682283361,1.14803818306621,0.634402455935597,2.60487006576969,0.629470594840764,0.196082883042461,0.42984026981777,0.392502441883976
11.111131070543,18.9517884265939,25.9760794185388,30.6255848774055,34.1602973438236,39.6295976311866,7,16,27,34,43,53,2.63345642212328,1.13169500008583,0.637674217976779,2.57071312043837,0.634708225857259,0.200734382118888,0.440905802851595,0.405195655335094
11.0146307204961,18.7918668390983,25.8377581179536,30.5074511935991,34.0734682835063,39.6101102823378,7,16,27,34,43,53,2.60014071388726,1.11470258996678,0.642148354939272,2.53788203576423,0.639787156441572,0.20525071349055,0.453658379113457,0.418825194350286
10.9202886575919,18.631813700367,25.7055512138116,30.3947121165782,33.9905490004899,39.6034960131426,7,16,27,34,43,53,2.56763566389529,1.09717118985195,0.647932821549348,2.50662597317423,0.644696212937415,0.209594499385458,0.468276135159304,0.433474092301863
10.8283480919252,18.472270106227,25.5805346110644,30.2884014619859,33.9123584341977,39.6111273289458,7,16,27,34,43,53,2.53602133193169,1.07921522522869,0.655130881581022,2.47718206462911,0.649423465747185,0.2137276940189,0.484926613399741,0.449216440054964
10.7390682940741,18.3138979544942,25.4638039661304,30.1895600024864,33.8397223914449,39.6343318307278,7,16,27,34,43,53,2.50538261469409,1.06094887653671,0.6638499146413,2.44978897931685,0.653953714242074,0.217611590091126,0.50377835092355,0.46612254716038
10.6526964313448,18.1573661464911,25.3563970546492,30.0992017528191,33.7734335844415,39.6742949862469,7,16,27,34,43,53,2.47579958205782,1.04248964905793,0.674188524189468,2.42466927267835,0.658279618960036,0.221206060985817,0.524989236064984,0.484255947639322
10.5707398808394,18.0055277547219,25.2610752380665,30.0193697685923,33.7149771240456,39.7314864156691,7,16,27,34,43,53,2.44778209047391,1.02419438677619,0.686152654111629,2.40244498830722,0.662217153482668,0.224419902935436,0.548439565698059,0.503374471749777
10.4925149079537,17.8575367356964,25.1772584511547,29.9498773040642,33.6642428535263,39.8063105467662,7,16,27,34,43,53,2.42108930968483,1.00602113232467,0.699827585363394,2.38295708197099,0.665864457135876,0.227256940855831,0.574318456992392,0.523637720114583
10.417744975079,17.713121035188,25.1049783044052,29.8909679836215,33.6214445527053,39.8992597123126,7,16,27,34,43,53,2.39562085783446,0.987971909183838,0.715311575365915,2.36619230544166,0.669274196418728,0.229706033079989,0.602775410331837,0.545146634029228
10.3466352757697,17.5728202296714,25.0448779576686,29.8432438107864,33.5870152827299,40.0104306711615,7,16,27,34,43,53,2.37144082569518,0.970133558499631,0.732664738191757,2.35228143635159,0.672434758293065,0.231735648860681,0.63383445226728,0.567872655846196
10.279373804184,17.4371136737711,24.9974665710665,29.8071509994796,33.5612540249215,40.1396232819475,7,16,27,34,43,53,2.34860716401705,0.952580106458811,0.751934998180983,2.34132615637854,0.675328986603284,0.233318236451064,0.667480798027313,0.591760087270393
10.2161611036388,17.3064399761429,24.963127145111,29.7830025755597,33.5443448223955,40.2862991949226,7,16,27,34,43,53,2.32718186809197,0.935370417498591,0.773154614564008,2.33340166813139,0.677937942775015,0.234429927138755,0.703642965107807,0.616716709354171
10.1571675956435,17.181156469883,24.9420834340671,29.7709480355214,33.5363367122317,40.4495820785579,7,16,27,34,43,53,2.30721658267651,0.918549091227876,0.796340636561092,2.32854969860105,0.68024161903464,0.235052315722571,0.742191795114506,0.642615339603986
10.1025805812619,17.0615576893046,24.9344193109041,29.7709911955275,33.5371627898126,40.6283272442144,7,16,27,34,43,53,2.28876862173646,0.902139633307533,0.821493809949601,2.32678341861532,0.682218566346872,0.235172820285657,0.782947141629165,0.66929846863088
10.0525773702713,16.9478597571616,24.9400647691807,29.7829711807901,33.5466134674039,40.8210844835258,7,16,27,34,43,53,2.27189194214486,0.886147820130987,0.848597539921156,2.32808443358743,0.683844626507057,0.234783612566242,0.825671834698042,0.696573097494536
10.0073646298433,16.8401964736251,24.9588204175913,29.8065839142455,33.5643781437429,41.0261961206279,7,16,27,34,43,53,2.25665050448379,0.870551388877357,0.87762298096417,2.33240841750533,0.685092180636501,0.233884789425624,0.870081889902933,0.724219968750068
9.96715097600491,16.7386105803318,24.9903323903611,29.8413818406439,33.5900300671096,41.2418022252536,7,16,27,34,43,53,2.24310908317258,0.855305405544803,0.908524081128394,2.3396790947692,0.685936554642911,0.232482086880283,0.915849889111157,0.7519976837866
9.93218176826796,16.6430476593829,25.03411379406,29.8868047145922,33.6230632070534,41.4659594540769,7,16,27,34,43,53,2.23134506644408,0.840332795307171,0.941242755280876,2.34979273553384,0.686358465888436,0.230587753204609,0.962624597310691,0.779657974875541
9.90300303968817,16.5541087951178,25.0892890406889,29.9414581754101,33.6620966015863,41.6943867866747,7,16,27,34,43,53,2.22153719913388,0.82564501817064,0.975467144237325,2.36255832088821,0.686224341921512,0.228209140949453,1.00966746467927,0.806633874404653
9.87975331119995,16.4711100522476,25.1550017518974,30.00454139818,33.7064958929578,41.9256753298989,7,16,27,34,43,53,2.21372759888405,0.811039292419601,1.01118431646836,2.3777907915859,0.685548551410609,0.225378115394973,1.05673935595417,0.832783425513962
9.86274400828587,16.3933413595058,25.2305944822225,30.0755351447746,33.7559638612036,42.1590602400812,7,16,27,34,43,53,2.20801717862608,0.796268987277246,1.04843406706235,2.39535216838793,0.68436704962273,0.222135678021777,1.10367245630848,0.858035078421775
9.85260000539909,16.320458443231,25.3152656345082,30.1535686914647,33.8098117537526,42.3927149974946,7,16,27,34,43,53,2.20461281693418,0.781105850710481,1.08713038783644,2.41507149231347,0.682662844655448,0.218517214878969,1.15012210176958,0.882170439759396
9.8501411931727,16.2521139502334,25.4082039302162,30.2377375134362,33.8673303500635,42.6249638040387,7,16,27,34,43,53,2.20378776838549,0.765280204503045,1.12718016344235,2.43677530907138,0.680413150194473,0.21456037412553,1.195778619968,0.904993678867846
9.85633884887951,16.1879254535181,25.5086034575245,30.3270788204591,33.9278224395068,42.8543379256302,7,16,27,34,43,53,2.20586747950117,0.748486135908395,1.16849495143462,2.46029064862201,0.677579346091645,0.210313129468974,1.24037757285632,0.926340922701367
9.87228617186065,16.1275856456996,25.6156764318878,30.4200984676607,33.9899600870314,43.0790806372959,7,16,27,34,43,53,2.21122039135152,0.730417524600419,1.21096673346078,2.48544758775708,0.673982916042962,0.205808460802955,1.28374304324126,0.945997572364679
9.89875279643867,16.0707969754328,25.7284773843856,30.5043208863268,34.0406794717834,43.2893022847588,7,16,27,34,43,53,2.2201091844356,0.710859631854461,1.25443880993541,2.51203741151735,0.666686325493924,0.200970747294906,1.32667385944453,0.962400849339163
9.92835621136016,16.0100814583591,25.75190133818,30.20129719298,33.6998011039223,43.0713543378422,6,15,26,32,41,51,2.53212934254142,0.689836158390572,1.27617041536631,2.68395178055098,0.74629747703954,0.195566852099854,1.3600198994158,1.02254236713865
9.95036205589638,15.9152782547325,25.6948535728774,30.1420054615258,33.6224462418186,43.0170151664096,6,15,26,32,41,51,2.53995356683838,0.662952279014856,1.28595662287951,2.6700490990331,0.745669019290398,0.19301167738294,1.36628771722048,1.02301911378659
9.97287156730924,15.8224101314754,25.650528543071,30.09649218814,33.56842992903,42.9879583110795,6,15,26,32,41,51,2.54796041044096,0.636744707558098,1.29857029129302,2.65926214196461,0.745336287102613,0.191814113299746,1.37309355916858,1.0257081762902
9.98949011058505,15.7517694971347,25.7198850180545,30.1778345207737,33.7266848675787,43.1930778135629,6,15,26,32,41,51,2.55387407022084,0.617158738276895,1.33514265161219,2.67614662405098,0.748694280395631,0.202768492001744,1.38589666902629,1.04974339999955
9.9819061617862,15.4900647101472,24.4370906841709,28.9180932147726,31.8308990253874,41.3163982789772,6,13,21,26,33,41,2.55117510362813,0.860407834864747,1.6568874855494,3.28223261818605,0.956286973871298,0.251615674871862,1.82345963397646,1.55588200057525
9.96671146739183,15.466266294893,24.3876978557027,28.8680347366528,31.7785206864446,41.2132174718596,6,13,21,26,33,41,2.5457688503741,0.858055500551866,1.64905618438633,3.26865929790116,0.956075790621205,0.251190167041242,1.80760110614543,1.54386967887781
9.95155271664069,15.4413808850584,24.3381595167704,28.8178526159005,31.7279543694705,41.1124928073992,6,13,21,26,33,41,2.54037700645387,0.85539818934871,1.64152061580724,3.25506076820471,0.955871553865737,0.251119724716331,1.79197214992745,1.53246741510321
9.93644013180961,15.415386881859,24.2885173760333,28.7675782779009,31.6792262388333,41.0144836850338,6,13,21,26,33,41,2.53500319905028,0.852427977561531,1.63429927410997,3.24144864391438,0.95567100061374,0.251403267935447,1.77664440255981,1.5217193351105
9.92130759152661,15.3881009966389,24.2385582061288,28.7170193664212,31.632137755631,40.9190491039059,6,13,21,26,33,41,2.52962391656196,0.849113806642782,1.6273821732312,3.22776470190216,0.955480751002929,0.252040122925305,1.7616344784471,1.51163709719432
9.90617801822504,15.3595359969355,24.1883538903344,28.6662410306348,31.5867393821485,40.8265009621408,6,13,21,26,33,41,2.52424731451664,0.845453994672403,1.62078652170691,3.21402894304055,0.955298667758243,0.253028619821932,1.74702200382727,1.50226952687617
9.8071710781862,15.2820707551471,24.0907284750655,28.5620619908387,31.5034038253516,40.6929807703079,6,13,21,26,33,41,2.48910361795485,0.851323977303582,1.61464701439687,3.18736311339813,0.953220295786236,0.256872349764778,1.73149746160812,1.49434410138901
9.60052229214381,15.1535031940505,23.943197642217,28.4012957564702,31.3803413637389,40.5150588709942,6,13,21,26,33,41,2.41598159400934,0.872689970835185,1.60887669343261,3.14717749935658,0.949025633920959,0.263881460490128,1.71456069610433,1.48764499054018
9.37204918010239,15.0260658332192,23.797623079579,28.2424865858478,31.2611613822151,40.3411831579094,6,13,21,26,33,41,2.33551178447735,0.900541301693365,1.60336200238406,3.10765768068969,0.944834880337078,0.271325634559926,1.69771008929714,1.48141575441802
9.11223176661216,14.7561341163763,23.4548023813868,27.9123916959563,30.9324779011239,39.9239974580535,6,13,21,26,33,41,2.2445014938593,0.897742996239765,1.58124216040624,3.01512044200447,0.948864454229832,0.271592206328631,1.67052066785205,1.46509005218861
8.81955546948272,14.4262572523442,22.9302518143775,27.4354812096904,30.451264167055,39.3037703877118,6,13,21,26,33,41,2.14264978496025,0.887470242416543,1.52250256275253,2.87500614831146,0.963979389225679,0.270779764047865,1.62800701526514,1.44417673155008
8.50643644254192,14.266075275943,22.6617935265221,27.1909745332894,30.2590547501473,38.9813607726519,6,13,21,26,33,41,2.03451368549885,0.9298969052936,1.49005042732275,2.80400872701907,0.971596256911357,0.280715334694654,1.58840811948568,1.43242932631117
8.15695071616399,14.1194018967189,22.3908129229146,26.9486659354208,30.0705544439997,38.6540026518848,6,13,21,26,33,41,1.91489813212657,0.986927985027863,1.45299153845961,2.7328460917514,0.980729617120681,0.291077323399455,1.54641616325875,1.42018890802365
7.77251422619888,13.990258262155,22.1433470150345,26.7288892451197,29.9021882443178,38.3400376326785,6,13,21,26,33,41,1.78473488411323,1.0598979252394,1.41791806434699,2.6683081994852,0.98956565163467,0.301107221393209,1.5026589256832,1.40579752855292
7.36115516578796,13.8740362532134,21.9474391411117,26.5482623168878,29.7585622191573,38.042326065997,6,13,21,26,33,41,1.64723822012641,1.1457961189716,1.39441026819833,2.61752643199474,0.99444859259188,0.308403033350622,1.45666459619397,1.38386411800893
6.92891770152968,13.7570979700612,21.7536919670061,26.3716252516883,29.6114334727896,37.7288844556465,6,13,21,26,33,41,1.5049391981123,1.23926129515757,1.37183883722467,2.56757875912342,0.999921537830391,0.314267123980263,1.40739336101154,1.35822983950878
6.49692694468298,13.6394328194025,21.5683374608702,26.2053515187814,29.4672341440197,37.4095691979486,6,13,21,26,33,41,1.36518377493994,1.33406066408638,1.35201971777436,2.52005364803148,1.00603165159392,0.318680122698471,1.35594663611718,1.3297394154505
6.09799761483576,13.5213752201124,21.3983648256611,26.0566225661809,29.3337163023941,37.1001823366343,6,13,21,26,33,41,1.23854933895487,1.42004813582067,1.33686582225707,2.47669830273984,1.01284278494776,0.321734011479197,1.30474102399336,1.30031540825357
5.77416032247896,13.4039473385939,21.2504188814756,25.9321444496103,29.2188457061505,36.8225205937323,6,13,21,26,33,41,1.1376426929797,1.48396308822138,1.32797672610554,2.4391396158893,1.02037724311298,0.323668305458996,1.2577708835372,1.27314824027492
5.56837099646865,13.2910035862501,21.1291483854478,25.8362666226859,29.1293540145996,36.6017451318551,6,13,21,26,33,41,1.07447605270973,1.51290442207564,1.32555383474992,2.40847816037137,1.02854167151981,0.324956347926108,1.22020105751359,1.2524471140809
5.4920862327699,13.9839046551403,19.8881658786625,25.0397776396159,29.3362594233542,36.6780569703369,6,15,23,29,36,43,1.05126028742175,1.31004471936938,0.796005475774911,1.78834242747876,0.949041313366926,0.547884066943515,1.39495331799758,1.53593006629708
5.38156056820874,13.7776382177443,22.9337196300405,28.412377123187,31.5970190396375,39.0981947313464,6,15,25,31,39,47,1.01782283601801,1.28339534623943,1.30171913713337,2.17725961606232,1.04718501033635,0.217570175874794,1.22841432110762,1.14291981675147
5.36693359121296,13.716448576356,22.891437258985,28.369550548734,31.5217868457529,39.0151998970536,6,15,25,31,39,47,1.01341569485674,1.27048608053343,1.30680722193083,2.16748422413542,1.04701993178442,0.212420958083867,1.22619802043611,1.13505703767789
5.35263060354467,13.6557179581061,22.8537987204785,28.3310700903066,31.1644898441186,38.6551074476177,6,15,25,31,38,46,1.00911029026846,1.25764815732375,1.31302877149576,2.15879438074814,1.04676455520783,0.237213794125642,1.22540013862194,1.19248473383621
5.33876203174906,13.5959595975304,22.8215080415778,28.2977917402027,31.110454205776,38.5868857284175,6,15,25,31,38,46,1.00493955540273,1.24499252071609,1.32043962512607,2.15134820822618,1.04646498583241,0.233502758187223,1.22135310514475,1.18530543405576
5.32545064967717,13.5367989532963,18.9515156409589,24.33258748917,27.3139002477652,34.770295812673,6,15,24,30,37,45,1.00094001594352,1.23238168205568,0.54123844377166,1.45009576888594,1.01767551500716,0.264305213187356,1.21564286786951,1.1959814340556
5.56757048358336,13.7712831060504,19.4015239505738,24.9369008725903,27.9618072133023,35.2425746518644,7,16,25,31,38,46,0.876697602563972,1.23028477339624,0.587915938753251,1.41399673049726,1.06442140059279,0.272503327043096,1.16587693547803,1.20044407468665
5.50459140030135,13.649218526598,19.3345207833874,24.868443205519,27.888964520205,35.169250257239,7,16,25,31,38,46,0.859432338907057,1.21409067433108,0.600052040447976,1.40066047795598,1.06397862825892,0.271674405093667,1.16574116167363,1.19917678529387
5.45752788808967,13.5445070740601,19.2988154225862,24.82771853236,27.8459193273052,35.1247164996165,7,16,25,31,38,46,0.846589430660974,1.1983455470102,0.615379815470189,1.39357275078677,1.06245098000139,0.271236132439094,1.16532161570449,1.19740767893284
5.42146992857651,13.4519103235353,19.2903234915178,24.8113489707598,27.8289442936525,35.1067206673292,7,16,25,31,38,46,0.83678449503972,1.18295668594264,0.634236182214294,1.3918890057948,1.06005435618981,0.271121821940453,1.16503392977705,1.19550428396504
5.39355906531305,13.3713158566902,19.3099233514673,24.8199534368116,27.8374211567814,35.1165404892774,7,16,25,31,38,46,0.829215827452231,1.16866519013124,0.656945688795199,1.39577631920492,1.05671118647383,0.271097733385211,1.16541241201947,1.19354674979292
5.37218471762226,15.2043231105832,20.9162878001351,26.2169679435432,29.1006989339856,36.5319684540455,7,17,26,32,39,47,0.823432111690729,1.48687792842811,0.605958876762775,1.59275502108759,0.993506979442204,0.246302893024809,1.20849136625355,1.15556775996923
5.35648167008824,15.1212491862674,20.9306577012845,26.2064142434805,29.0976851215749,36.5551689474418,7,17,26,32,39,47,0.819189910366433,1.46813829771396,0.627711825831224,1.59570478479625,0.986040570224003,0.247676434512391,1.2159528510274,1.15731419336749
5.34612110314494,15.0429411235944,20.9632992773506,26.20630801321,29.1068729538519,36.5996021039828,7,17,26,32,39,47,0.816394206420873,1.4493009146569,0.652789733246011,1.60241250993541,0.976249568441498,0.249373593167642,1.22600280823877,1.15964775175003
5.34118599981207,14.9621321424322,21.1781752242421,26.6955589279264,29.6617657135862,37.0130175271247,7,17,27,34,41,48,0.815063416312383,1.42834128493088,0.589765307719455,1.51788367963792,0.862931956231022,0.261486647525321,1.39785660823711,1.19919940111594
5.34208136669123,12.8719029516912,20.7958548747779,26.5600686501045,29.7283316187953,36.9695384089197,7,17,27,34,41,48,0.815304815866149,0.886382633464843,0.982674896490281,1.44255681583349,0.93117385989251,0.300119186233394,1.36414430765093,1.2678181714159
5.34952427942212,12.6295359815097,21.216410803401,26.9944613327209,30.0954620028978,37.313410708883,7,17,27,34,41,48,0.817312239532128,0.826974584673837,1.1511542525184,1.52549470606951,0.935038683829971,0.287038284195257,1.35704214267946,1.25216737426988
5.36442780703062,12.5934564437644,21.6473569557955,27.3564751315912,30.3766231903172,37.5790451049817,7,17,27,34,41,48,0.82133583752548,0.815012105026397,1.27431544634074,1.61223352046885,0.915825501242563,0.271603890827815,1.35230533849189,1.21866918779634
5.38761897136797,12.5880631040235,21.4141581764775,27.1511983897527,29.9972280362598,37.1176743536302,7,17,26,33,40,47,0.82760740397605,0.808329684381787,1.40417309900892,1.6960818899949,0.923595771520444,0.239479369745393,1.32735717898262,1.17298257532424
5.41900247371017,12.606500955169,17.8575234726163,22.8531013906279,26.1348114288904,33.3455383165067,7,17,25,32,39,46,0.836114650947574,0.805309116341235,0.635373293289184,1.11897987715555,0.723365402274805,0.322662894629139,1.35483851118348,1.1304291921087
5.45504308640981,12.6402594386934,17.7800797305052,22.5663122714816,25.2797580189697,32.4184005850997,7,17,25,31,37,44,0.845912788648612,0.804777012709425,0.60916232817628,1.104888060608,0.842090985944868,0.309505753328176,1.33288614051796,1.20931794478344
5.48294344262912,12.6709837629125,17.6294214459963,22.3650851596267,25.106923273627,32.0563761999204,7,17,25,31,37,44,0.853518605211932,0.805435468723906,0.567176980926875,1.07767625004936,0.827530611784432,0.315664743498578,1.27565118226454,1.16546451649388
5.47085789760146,11.4739986777977,16.6905185429344,21.2119443380796,24.2136051580069,31.1657281200208,7,15,25,31,38,45,0.850221798499418,0.821242167841492,0.394310470971345,0.914302941678013,0.766540807888286,0.268120015049135,1.27645503133586,1.05187951799314
5.36936716048823,10.9698078388462,16.0720916372817,20.5106665200655,23.1417790765001,30.2703731206462,7,14,24,30,36,43,0.822670512713612,0.885744291758732,0.373933823629465,0.908483325621142,0.743268124245855,0.291878981450697,1.32983225411897,1.11868155550362
5.20144786256435,11.0709897733779,15.6961810019445,20.2708725540791,22.9757624080684,28.0986330724258,7,13,21,27,32,36,0.777627052626466,1.16717727063274,0.492661792247129,1.1715245637371,0.781597032090824,0.434222636181181,1.43787937526344,1.27880234596461
5.15001452848318,11.0269493927155,15.6639581620139,20.2418658464004,22.9805307953402,28.134240149666,7,14,22,28,34,38,0.763969302204493,0.962776381007547,0.495243478286247,1.04770080717063,0.782508430229963,0.314974390517633,1.44909055367154,1.14947545550657
5.07915298734964,10.8750289387272,15.5292639799189,20.1283455216661,22.8696899662498,28.0431645751537,7,14,22,28,34,38,0.745262214811671,0.940023609878001,0.499014992778432,1.02262349379718,0.788515284100441,0.315557307699583,1.4562818086536,1.15903588302157
4.97340483467717,10.6161717294505,15.2911825752167,19.9301389551312,22.666634383964,27.8610647478351,7,14,22,28,34,38,0.717586791764649,0.897428992777021,0.503576561676064,0.978880090362335,0.799858055295776,0.314502681452846,1.46391106857366,1.17134567525946
4.8017647236594,10.0803063907908,14.7772567433597,19.5111517778235,22.2051661379072,27.4209802834615,7,14,22,28,34,38,0.673303494253369,0.798221837918322,0.50840888834966,0.887060046567919,0.827022463058172,0.305314184354838,1.47170128157714,1.18765030635093
4.68534286881042,9.60589661725159,14.3189487785313,19.1940912863771,21.9455037738103,27.0741902051314,7,15,23,29,36,40,0.643732582903125,0.558531520317313,0.511965338717758,0.715306551690497,0.867837547977796,0.222686916064982,1.4399928148973,1.07648233056892
4.67440236812461,9.63016889114676,14.3198039459044,19.2505206368571,22.0192066955866,26.8412012148952,7,15,23,29,36,40,0.640973656351298,0.5665659742965,0.506795908235479,0.715440846794348,0.884023709985638,0.225716669923004,1.32909381923527,1.02800173242192
4.66354742601782,9.64835145697788,14.277042976665,19.2483954246284,22.5822877836624,28.5343271488147,7,15,23,29,37,42,0.638239737476928,0.573219593836751,0.493425993849644,0.708739047193973,0.895903418825091,0.241949308575466,1.44217980270195,1.13068592778227
4.65309934795476,9.66368719936963,14.2122289033849,19.2139986174255,22.589202774954,28.1398324878382,7,15,23,29,37,42,0.635611530137726,0.579148838492669,0.476029327750506,0.698633083343091,0.904820024693427,0.248886004365794,1.30619514906006,1.06421527198807
4.64325099325552,9.674114398704,14.1380452404326,19.1624233774845,22.5754810105272,27.789981752786,7,15,23,29,37,42,0.633137100703565,0.583825297280095,0.457899416332667,0.68714370860448,0.911460837927467,0.255312305217429,1.19413809259373,1.00978663415864
4.63286601789677,9.66987576157434,14.6519033107109,19.646004508179,23.2873121011809,28.2450548594687,7,15,24,30,38,43,0.630530920383792,0.585245325602577,0.451729768010008,0.680048263701903,0.902570109996305,0.295446076727416,1.10977100882247,0.998318763318346
4.62222606811273,9.65399768924263,14.5807650872004,19.5880882478222,23.2622857783033,28.496762195817,7,15,24,30,38,44,0.6278640381871,0.58403505790811,0.440725391357303,0.669361255985942,0.906450200612107,0.301419495064348,0.973702185991995,0.945247351492519
4.61228328181712,9.63875175786528,14.5186680588608,19.5352664403912,23.238644698602,28.2989954069897,7,15,24,30,38,44,0.625374913780495,0.582810593415558,0.431474631869775,0.660093864593693,0.909174400836935,0.306758290766874,0.922050319922622,0.920043728941088
4.60296507036402,9.62459341041474,14.4669312807347,19.4894736048038,23.2186934504237,28.1331589858741,7,15,24,30,38,44,0.623044800630341,0.581693761934295,0.424107784673915,0.652416537360659,0.910921179915221,0.311516561177858,0.879283205922247,0.899054052358345
4.59418084236544,9.61107600328473,14.4246534786222,19.450395801146,23.2022001836806,27.9916296889091,7,15,24,30,38,44,0.620850571909601,0.580602281943325,0.418501795212706,0.646172592009784,0.911861903805688,0.315698308784355,0.84301354326789,0.880951284253743
4.58587102920836,9.59949253982058,14.3923393806249,19.4189398053795,23.1899339986108,27.869928452971,7,15,24,30,38,44,0.618776958758651,0.579847761125596,0.414478394880161,0.641418268256843,0.912114203944892,0.319268390009568,0.811573003178292,0.864772733666437
4.57795303305831,9.5882929817834,14.3670453844376,19.3925417452178,23.1802469755581,27.7628841880025,7,15,24,30,38,44,0.616803032767091,0.579091736458997,0.411751326014097,0.637707769750268,0.911789588861138,0.322389897216043,0.7838491759407,0.850081077855547
4.57036837342389,9.57906616385066,14.3495249913414,19.3723366655589,23.1739584918319,28.4126848273678,7,15,24,30,38,45,0.614913961956424,0.578713527032813,0.410149820412899,0.635143276037768,0.911000353789447,0.324998316153573,0.787567313739761,0.864533490182432
4.56305604474478,9.5710543131683,14.338503486389,19.3574755584446,23.1706495731475,28.3279761043025,7,15,24,30,38,45,0.613094349407758,0.578552442807931,0.409569234212052,0.633532412901997,0.909871876782827,0.32716968388436,0.765906898541466,0.851553175290368
4.55596674122347,9.56550805369908,14.3335689228806,19.3473646892044,23.1701255172942,28.2543750959593,7,15,24,30,38,45,0.611331766175211,0.578907790603201,0.409687210019236,0.632811790179483,0.90835105160821,0.328975834595499,0.74660339962856,0.839528907580764
4.54903459435501,9.56173134074097,14.3338509475439,19.3414835645302,23.1724621445415,28.1893096629228,7,15,24,30,38,45,0.609609717139969,0.57963467635003,0.410470331138408,0.632852965942741,0.906541059502707,0.33052707729695,0.728920752892355,0.828150412314435
4.54217108686516,9.56293060527844,14.3414723342493,19.3415904896729,23.1791731570516,28.1343278904295,7,15,24,30,38,45,0.607906145404234,0.581493360227457,0.411710615310104,0.633966148248412,0.904335353057762,0.33177573030928,0.712840362856898,0.817309195738373
4.53515353951582,9.57173015436626,14.3576776457986,19.3478573372527,23.1905339200329,28.7948059422343,7,15,24,30,38,46,0.606165810244859,0.585145220482018,0.413142621795297,0.636336019280495,0.901420059847331,0.33274007674007,0.720879713006486,0.828314499480469
4.5274962358683,9.5884689018659,14.3846555290542,19.3621901423127,23.2084858732909,28.7968684458053,7,15,24,30,38,46,0.604268516899492,0.590792272386494,0.415125590336193,0.640290067340062,0.89771400479836,0.333425877724367,0.716963037248899,0.824076243804963
4.52037221570256,9.57365762337824,14.3942166626863,19.3660659823902,23.2118453411455,28.783866681305,7,15,24,30,38,46,0.602504954680304,0.589010981766896,0.419860068331406,0.641694040090573,0.896048907255288,0.33332799624061,0.712936823284725,0.820245906586127
4.51371258903204,9.561715682455,14.4088731138205,19.3748570485398,23.2197326809374,28.7777287987755,7,15,24,30,38,46,0.600857748480019,0.587787971613267,0.4250499523252,0.643848889266851,0.894331823654239,0.333156715769713,0.709490937056445,0.816722339013359
4.50761044113172,9.5516802771839,14.4274488061457,19.3872586154464,23.231002674621,28.7775631620024,7,15,24,30,38,46,0.599349615845387,0.586877841198841,0.430659178946426,0.646584601871008,0.892525190721841,0.332942299457861,0.706685047766752,0.813552029202722
4.50218712757379,9.54399724833157,14.4505494894909,19.4039916170042,23.2460475482313,28.7828893105194,7,15,24,30,38,46,0.598010209017697,0.586355163874907,0.436724952048185,0.649993954841282,0.890662818309261,0.332622522033776,0.704303083988793,0.810549983847136
4.49768477861551,9.53767889682624,14.4772733966319,19.4242546246615,23.2648396195967,28.7939181506008,7,15,24,30,38,46,0.596898937418531,0.58593522748001,0.443270798706011,0.653948025885894,0.888774115803985,0.332343982078304,0.702402152149832,0.80790297815888
4.49175459724049,9.52433716583472,14.5276397415853,19.4745578812585,23.306464464485,28.8338889464453,7,15,24,30,38,46,0.59543619431564,0.584222374177565,0.455993069568773,0.661429256179548,0.888755677946143,0.330702428957657,0.701997338233922,0.806151725286799
4.48049532925718,9.48953799662233,14.6036369598939,19.5643833972116,23.3638047427584,28.8940284503838,7,15,24,30,38,46,0.592661942658054,0.578792949814269,0.478431420889779,0.672789098909383,0.892799205694503,0.324585338564948,0.702682465682298,0.803483346290603
4.46913504618623,9.4515348541505,14.665645914874,19.6400139368494,23.3823216567606,28.8982775558414,7,15,24,30,37,45,0.589866753309979,0.572667731615345,0.499019355085642,0.68212141745407,0.89678649055191,0.419963714899034,0.699192461679058,0.894685652333232
4.45730603446658,9.40918717037439,14.7186183972358,19.6584477923906,23.3616034814606,28.8543365958201,7,15,24,29,36,44,0.586960467291784,0.565677607330459,0.518928943564433,0.690138651654414,1.1039272658921,0.411353688502979,0.693523368176935,0.986623359551646
4.44434005991705,9.36363532829613,14.6595237063589,19.6299747464378,23.287580953515,28.7239870283977,7,15,23,28,35,43,0.58377981955829,0.558245071561108,0.646046728730692,0.76964403774831,1.1139201729725,0.401412803719537,0.679831869348027,0.973130354491138
4.98318640725716,8.34900376779932,13.8378699440734,18.9933696713426,22.5639993496914,28.0241050381483,8,15,23,28,35,43,0.57284826753536,0.339754569565073,0.69258075157077,0.641508409197364,1.17465305599523,0.38266220769843,0.685582352200903,0.996232530558212
4.89572164033034,8.16887048812494,13.7396154102133,18.9338917256381,22.4419819152301,27.8368904778413,7,14,22,27,34,42,0.697445107352167,0.320940996142379,0.712623008038665,0.713122516712483,1.18745255926225,0.36937169456194,0.669798949872845,0.979334793678752
4.79643197937993,8.19132484275469,13.9917078938446,19.645664711437,24.0309676259365,30.2322177065013,7,16,25,31,39,48,0.671940613078459,0.181117758503547,0.625686221620967,0.510579733821557,1.10065242778653,0.441272786027347,0.717701191160204,1.04313128679286
4.76066338605744,8.23823956851845,14.1223137106473,19.8766343631163,24.2574089953714,30.4212556004404,7,16,26,32,40,49,0.662819918821381,0.192607852157773,0.521616539746859,0.460263105234729,1.13151953824752,0.440321830659698,0.7089431103073,1.05387232083363
4.24258367679479,8.13151589576093,13.7178514479681,19.5502419643207,24.079196038598,30.1562186397962,6,15,25,31,40,49,0.688949275587511,0.254395948506567,0.463158099455964,0.475635679321554,1.15565455589202,0.364570513548191,0.688747124642547,0.971830741411439
4.22929757726522,8.11789435634282,13.753990415464,19.6391209021244,24.2615882120079,30.281288743176,6,15,25,31,40,49,0.685305659312545,0.254342541800082,0.47274562952917,0.480178971499759,1.17201927108532,0.381974058050256,0.675517594713136,0.987471843643385
4.21542747825092,8.08643125557273,13.7959514373921,19.7082260921859,24.4724780533051,30.447423767651,6,15,25,31,40,49,0.681507249563074,0.251548194913121,0.487027941657743,0.485480261510053,1.18046054517456,0.408952807647498,0.665246861735007,1.00947897702911
4.20112712320059,8.0448828653824,13.845755838627,19.7626560719339,24.7243973010248,30.6698374032507,6,15,25,31,40,49,0.677596775842633,0.24724637367309,0.50501971640771,0.491808721086876,1.18190026156479,0.447678350187908,0.658503925279654,1.04039115187837
4.18656054778735,7.99714556040954,13.9028879191319,19.8087738403168,25.0241379149919,30.9685353720773,6,15,25,31,40,49,0.673619549473184,0.242052508942542,0.525971361104788,0.499116580881801,1.17847264573096,0.499279267557803,0.658266062280801,1.08427024497922
4.17189336799216,7.94384699733923,13.9615333403583,19.8482738852629,25.3713502225848,31.3665181938438,6,15,25,31,40,49,0.66962105024125,0.236063604284999,0.548680159403487,0.50667149641108,1.17251961315738,0.564539995430299,0.669881267505289,1.14710093041539
4.15730508580025,7.88720002804445,14.0138802616047,19.8796256982638,25.7617011983222,31.8894858203318,6,15,25,31,40,49,0.665650257917526,0.229617418794733,0.571123857134099,0.513460610399609,1.16599867481275,0.644099908994551,0.700531926762553,1.2364789583003
4.14295044329239,7.82560562817876,14.0496111851351,19.898846510333,26.1822751758231,32.1488881969226,6,15,25,31,40,48,0.661749124150567,0.222470096481567,0.59143665998508,0.518119334369026,1.16087609823462,0.737063629090868,0.811892723788525,1.4048579358201
4.12792684891519,7.77890366861052,13.2227412825888,19.0754017269166,25.6236202589306,31.6789527325837,6,15,23,29,38,45,0.65767266535658,0.217732791141142,0.68163345644065,0.552392317616548,1.16193841810725,0.800543988828066,1.01332756960306,1.61646148694896
4.1102495528239,7.7993928128297,13.1540202040057,18.9484632108887,25.4907928537973,31.7918052391987,6,15,23,29,38,45,0.652884684949321,0.223445872257946,0.660104401470049,0.542813532987345,1.14390979173568,0.799114523610461,1.08397026918075,1.65639484033044
4.09435408269251,7.81731362445947,13.0730622597365,18.8237312786222,25.3529460272107,31.8598144999552,6,15,23,29,38,45,0.648587236107648,0.228561918349065,0.636494983989663,0.53162828770466,1.13039329136987,0.79593385909199,1.14403043264315,1.68940221259071
4.08030787623413,7.83377273360739,12.9841379909394,18.7024476549631,25.2160407130195,31.8795622194843,6,15,23,29,38,45,0.644796020878197,0.233220346250686,0.611632740957039,0.519466822633841,1.12042335780853,0.7921503609322,1.19023982062241,1.71361882335667
4.06819998983527,7.84976355905848,12.8912799219836,18.5866458124025,25.0853050245183,31.8533867298294,6,15,23,29,38,45,0.641532724206779,0.237547343123203,0.586287228075982,0.506907315656884,1.11336578624253,0.788538678820378,1.22131660819764,1.72853541491735
4.05805902366254,7.86676398544577,12.7986926676722,18.4783126706733,24.9657521428273,31.7885734236946,6,15,23,29,38,45,0.63880294432001,0.241759552106763,0.561122811230982,0.494527779863089,1.10852782299667,0.785828605482504,1.23765875177129,1.73476102680589
4.04990839249386,7.88359952402328,12.7083180876843,18.3780838091625,24.8597681593782,31.6934535027189,6,15,23,29,38,45,0.636611181452943,0.245665454126447,0.536857280412063,0.482583087026851,1.10550236554558,0.78443960826676,1.24090801425801,1.7336968168239
4.07223799930665,8.01490663065313,12.6158446855881,18.287724601903,24.7713362086567,31.5778250250383,7,16,24,30,39,46,0.494813620465389,0.263012949018909,0.487377842497473,0.405321261360085,1.1061513155667,0.784904666141971,1.2327776258371,1.72850708371216
4.06607456654589,8.03094376671666,12.5409360379366,18.2117283605698,24.7039933416449,31.4562375655681,7,16,24,30,39,46,0.493379202278205,0.266608381794023,0.467738921309236,0.396506476176831,1.10581746956939,0.786993828729449,1.21659769238105,1.71806077005482
4.06149059813165,8.04664746403239,12.4772580030551,18.1505336810184,24.6585590672127,31.3358164584227,7,16,24,30,39,46,0.492313235577165,0.269911989403203,0.450827206063996,0.389088928614133,1.10657978792456,0.790803247176785,1.19431179228141,1.70539067302508
4.05947262644535,8.06471346636257,12.4269938248789,18.1052889039618,24.6363113251683,31.2231705564707,7,16,24,30,39,46,0.491844205187554,0.27319925193803,0.436445493232562,0.383283204994589,1.10812094242366,0.796372028488812,1.1675728079863,1.69149780122243
4.06018614716708,8.0856882222095,12.3919265081341,18.0771439790887,24.6379346005617,31.1238131678579,7,16,24,30,39,46,0.492010030095562,0.276532407847925,0.424773639830993,0.379258621930117,1.11024714293622,0.803598365335677,1.13787148170837,1.6772198852633
4.06348164147966,8.10981295266377,12.3741655027714,18.0680178184226,24.6650483129405,31.0381420180163,7,16,24,30,39,45,0.492776147012656,0.279976593420642,0.416123947865219,0.377228357080401,1.11290054106674,0.812422812607976,1.32561364654357,1.81158617975556
4.06913462927331,8.13738064736202,12.3758721405666,18.0800637272476,24.7187569484484,30.9663965870812,7,16,24,30,39,45,0.494091205861732,0.283619418958944,0.41081536194413,0.377423205949344,1.1160794701626,0.822604196740005,1.28576212433326,1.79463283065204
4.07680389140358,8.1672666869864,12.3974761610128,18.113461311121,24.7981133726162,30.912411669127,7,16,24,30,39,45,0.495877098246614,0.287332401751557,0.409120469325743,0.379894124117866,1.11970789792277,0.833880288360558,1.24367488184694,1.77724035686594
4.08600482777682,8.19908827626785,12.4399535766197,18.1694306831308,24.9033273984947,30.8808426076575,7,16,24,30,39,45,0.498022368894963,0.291133405293554,0.411301619948975,0.38477594000909,1.12386192984125,0.846014247022422,1.20080029205894,1.76025633042425
4.09589095805955,8.23211425121056,12.5030176779215,18.2478864600959,25.0316420935988,30.873326611754,7,16,24,30,39,45,0.500330679370757,0.295042960443382,0.417472546982955,0.392081152446093,1.1286048557882,0.85835346762978,1.15853489330393,1.74411702930256
4.10511266463787,8.26412600918609,12.5843749051394,18.3476311878913,25.1798404705807,30.8890395904201,7,16,24,30,39,45,0.50248690878659,0.298914368070801,0.427681077927303,0.401606393875861,1.13427649224775,0.870396327645791,1.11761978958236,1.72915014867135
4.11232527969859,8.29122086521358,13.7220685497918,19.4567979046743,26.3401525464317,31.8989934419475,7,16,25,31,40,46,0.504175419689155,0.302308710715483,0.544685555343244,0.476164769425306,1.12547992654451,0.883162594896308,1.07156973004159,1.70014731145762
4.12445582643148,8.32633020728556,13.7109920594211,19.4744481423493,26.3747677209505,31.8595149509949,7,16,25,31,40,46,0.50701928881404,0.306251211620609,0.53483633031524,0.474775685914124,1.13433815382636,0.88740940793767,1.0490326590059,1.69372075741015
4.15885464043582,8.40436910883709,13.854941713275,19.60383587545,26.5007790760639,32.0829545240433,7,16,25,31,40,46,0.515111134478514,0.31379578161736,0.548911036032639,0.492980224316385,1.12984597112196,0.886563719497623,1.07868891597888,1.7117272379396
4.19697730907675,8.48729214060536,14.0157011267826,19.7515710598409,26.6466130440459,32.3312370902678,7,16,25,31,40,46,0.524125932664486,0.321618184150533,0.565695491358406,0.513697538866835,1.12583135607249,0.886087623538729,1.11006483941205,1.73162587431416
4.23896430329266,8.57584016047603,14.1935271408231,19.9173919221451,26.8131000804899,32.6045741280461,7,16,25,31,40,46,0.534110978563303,0.329830043617756,0.585160774162317,0.537084769156801,1.12213355604561,0.88625443586666,1.14299196577645,1.75342652560026
4.28506884018296,8.67217920220975,14.3922529402702,20.105097093899,27.0043961552995,32.9057527442646,7,16,25,31,40,46,0.545142506532101,0.338782496083427,0.607759243723466,0.563798362081768,1.11874128836756,0.887153771550171,1.17706373500849,1.77691054482858
4.3355327529255,8.77796908747944,14.6118936490715,20.3142649069209,27.2204949918281,33.2334210618855,7,16,25,31,40,46,0.557296681038135,0.348752312301578,0.633225036713795,0.5940230501564,1.11551964854127,0.888890402460125,1.21187015340206,1.80178227527311
4.39062039597967,8.89770964869219,14.86207016726,20.5538136840619,27.4679795316995,33.5925001198566,7,16,25,31,40,46,0.570657937001412,0.360546964114646,0.662825224919203,0.62933058503969,1.11225240416906,0.890880020114193,1.2468913461184,1.8269685389425
4.45058617937182,9.03392911689239,15.1480743056595,20.8280675687834,27.7385234464328,33.9750375099325,7,16,25,31,40,46,0.585311386592543,0.374654424437755,0.697359076677201,0.670822890946159,1.10864245594736,0.889949708960058,1.28223974486572,1.84938818901696
4.51561978467693,9.19361930755661,15.5650907203173,21.2262233949222,26.3931682803776,32.4974457068059,7,16,25,31,39,44,0.601329340421557,0.392456808173261,0.757988231433241,0.73342907337923,1.10285330775102,0.615523360768113,1.4943184873004,1.71977743545805
4.58596391960277,9.28603601617026,15.2609005656037,20.9482511177926,23.7778962136508,29.750253736996,7,15,23,29,36,41,0.618800127070324,0.509097741935092,0.814002031379862,0.869662942062386,1.11090249073053,0.23653725012312,1.44912112025119,1.31300710074024
4.66497259169183,9.48259076373421,15.5642499392224,21.2356777159897,24.0957958728417,30.1173003640107,7,15,23,29,36,41,0.638598483466353,0.535262777788837,0.841443247923149,0.922019182439979,1.10601252492106,0.242020516544198,1.46593342616745,1.3270005320257
4.75071913448374,9.72646816583748,15.8705010238803,21.5326488801017,24.4453192981671,28.6464397249503,7,15,23,29,36,40,0.66029062822547,0.571142023653225,0.857590324163938,0.976127524009054,1.10316474639627,0.251590833611337,1.10842650961388,1.08081176320794
4.84326883341455,10.0328653937883,16.1628009071967,21.8249277482774,24.814552842273,29.0153762222519,7,15,23,29,35,39,0.683937692961238,0.620851536808194,0.853933213000467,1.02891371153696,1.10315829915485,0.371081545034103,1.10832230799528,1.23417714239565
4.94208043447833,10.4165267108929,14.9945089417733,20.6266355790122,23.7665072432647,27.9810484545649,7,15,22,28,34,38,0.709445508019419,0.689069177614498,0.616810308235254,0.925433751526098,1.09396278932932,0.406056668594094,1.11313588771971,1.26433545774738
5.04574922133219,10.8891889060307,15.1349328564566,20.7794064131706,24.0457016082992,28.2529693137587,7,15,22,28,34,38,0.736488525554544,0.780596746798631,0.535728764836437,0.950582724989422,1.09774530150373,0.436233914528352,1.11058324305631,1.29417296501207
5.15179722131935,11.4529237438895,15.4120373369317,21.0497049734449,24.4543810928302,28.6609135438144,7,15,22,28,34,38,0.764441570817685,0.898640003524009,0.468700200470521,1.00099140546005,1.09565994213714,0.470006935658997,1.11032525182753,1.32408849322344
5.25661474076234,12.0792904681926,15.6859304845965,21.3120664025758,24.8597644073912,29.0785193499977,7,15,21,27,33,37,0.792349417620929,1.03862394309369,0.520607669079982,1.16948819538459,1.09212852909399,0.505685193127812,1.11461508793424,1.35720431313304
5.35575753826817,12.6976474669476,15.3464463922433,20.8929719179754,24.5957786533987,28.8097448228814,7,15,20,26,32,36,0.818994426743634,1.18313736514188,0.419473620875834,1.22637788629092,1.06781653946853,0.545218493139741,1.11293404538642,1.37359540887584
5.44464697417403,13.2293020937884,15.7896103905668,21.2434525564496,25.0962748132256,29.324740141892,7,15,20,26,32,36,0.843083354875727,1.31001494077474,0.396489540803181,1.31881743138622,1.03966335157687,0.584239999695093,1.11802492671594,1.39031161002473
5.51948761974171,13.5906609720427,16.0885091838323,21.4514681571995,25.4370830556084,29.6753686544736,7,15,20,26,32,36,0.863507886919531,1.39375386708925,0.380483409334826,1.3824940302814,1.0122188685674,0.619393235793234,1.12147487522263,1.40239019245469
5.57816187963091,13.7584991627343,16.1988519129859,21.4832271183722,25.5761049965462,29.8168405483322,7,15,20,26,32,36,0.879609970514498,1.42597752469838,0.365913868101097,1.40626446853706,0.988621047420712,0.648188516053364,1.12233580365352,1.40967484089084
5.62219389717647,13.7482107603125,16.1706692419706,21.3874491083811,25.5611417885372,29.7962567148759,7,15,20,26,32,36,0.891744585336839,1.40992140335435,0.361412311965547,1.40017991507702,0.968423565563629,0.670111234841323,1.12036082256027,1.4114549112155
5.64133067506041,14.0133908714001,16.3454504350128,21.5546968487261,25.7654945730508,30.0398120478715,8,16,20,26,32,36,0.730039468940235,1.48298096317703,0.490087843731421,1.43806104417094,0.966178422579251,0.680240587886858,1.1341462256641,1.42759832411998
5.49158231723083,8.82034937940846,11.0986469722528,16.878228409557,21.1640834316319,25.4191250421958,8,15,19,25,31,35,0.693242805353678,0.332186511806277,0.473803697887424,0.561382411044976,1.13931703774686,0.700850703737968,1.12736493252046,1.5772033007028
5.42535809854964,8.48389705400512,10.7228754464824,16.5811088104077,20.9171388047691,25.2274169945984,8,15,19,25,31,35,0.677156286495563,0.278892631504138,0.461967910152091,0.504870250422802,1.16366732539041,0.714716367177412,1.14681276022499,1.62205760889999
5.44431464799785,8.23100563634553,10.4453746302952,16.3820455067295,20.7615008333763,25.1200503133289,8,15,19,25,31,35,0.68174915129998,0.228891899043709,0.454592504783557,0.46487194947209,1.18805800336888,0.726772665935939,1.16384674297578,1.66385785342678
5.55759457724893,8.07883712942995,10.2832329178386,16.2953930091902,20.7126712038977,25.1175715898906,8,15,19,25,31,35,0.709392356342165,0.183905630280351,0.451610774572358,0.442201383303388,1.21163047800992,0.737315163590497,1.1802362367905,1.70337724330228
5.70435530288461,8.02909838487935,10.2848887237104,16.3950474204627,20.8576967134651,25.3920111069265,8,15,19,25,31,35,0.745696703446382,0.153261044071749,0.467020866367477,0.44243025130698,1.24237282921536,0.75001202263856,1.22616389337796,1.77153538589748
5.80821314764932,8.15396726011164,10.5272628783392,16.7419592811561,21.2210751403692,26.0646894251035,8,15,19,25,31,35,0.771712882623146,0.156424347037573,0.502654788736253,0.476518998907523,1.27533786469454,0.754633555048657,1.33687341428465,1.8806410613842
5.9394703913077,8.43358829208925,11.5316659261484,17.5923937153479,21.8667377615054,27.080560905652,8,15,20,26,32,36,0.804965562693725,0.17953650081821,0.541214993963154,0.544096569547791,1.22684656329072,0.697679565480133,1.47097573277856,1.88357487189022
6.09005529202403,8.73070207600255,12.0286791940915,17.9421730693402,21.9422429434212,27.4802569920151,8,15,20,26,32,36,0.843611700019205,0.203649306375399,0.597799171119696,0.619977710847824,1.18083999343851,0.623253249798555,1.58968309256897,1.85872180213903
6.23855776515301,8.5224232013221,11.2811835879612,17.2783999381289,21.4197898436832,27.131146699248,8,14,19,25,31,35,0.882225664042775,0.221615813618201,0.448515248457733,0.589783169936352,1.20695652226737,0.661325383568265,1.65360043486111,1.96106200282489
6.36403980508195,8.39028702197224,11.3410054818487,17.3125287379994,21.3815300049895,27.1597034988357,8,14,19,25,31,35,0.915229570423545,0.174202409515019,0.500411872715572,0.599223108918457,1.1989292111234,0.641748546861773,1.67831618302995,1.952973547516
6.47900139136419,8.25652383364912,11.3928616991844,17.3403992516249,21.3209939349163,27.1440145454678,8,14,19,25,31,35,0.945759375427584,0.132749185239574,0.551938253890449,0.607458381616513,1.1914453519275,0.618054165855041,1.69492903600009,1.93553193572858
6.28639730982201,8.70008271087253,12.0384074317133,17.8436339445653,21.4950615999965,27.3708660088431,7,14,20,26,32,36,1.07973572905905,0.166839804609628,0.453719094238184,0.621506112185635,1.14724471828818,0.532029427867896,1.71450591738263,1.82843218789223
6.50045641130809,7.78758446052804,12.3932904834147,18.2620426273369,21.8985347857931,27.7718933126785,7,13,19,25,31,35,1.14214814827417,0.0654680101216722,0.790396919391802,0.775498641340536,1.1669320710544,0.5282127159431,1.71359820037554,1.84014848514402
6.34031937962639,7.5192050143893,10.7621259553786,16.9898803222158,20.7600289156436,26.6872213157025,7,13,18,24,30,34,1.09537868024217,0.0535313220434727,0.582079221722162,0.595520282397213,1.27946777140435,0.562642166903979,1.73358970236079,1.98053806715267
6.12084252158994,7.19725612243905,10.374793600138,16.776341213361,20.466144236943,26.4387453290982,7,13,18,24,30,34,1.03205044468638,0.0432938331764536,0.563542879262918,0.534268639585674,1.33468565638221,0.541871793963444,1.75047287733637,2.01667640230966
5.85249198689867,6.8955118803019,9.98620261232176,16.6645342445317,19.8667174709893,25.8813093547746,7,14,19,26,33,37,0.955900923049505,0.0200307228037701,0.539150658139957,0.402041249116615,1.19463038381574,0.306797114935488,1.76610165763103,1.63305170892813
5.81759677344121,6.79841349946252,9.78776719328985,16.6874003569471,19.3863675103753,25.4433933815484,7,14,19,26,33,37,0.946106990041626,0.0168550474073101,0.511031687673898,0.376219313592116,1.26067319755564,0.213588095504036,1.78191120302793,1.57693101561397
5.79003959285276,6.76664592824447,12.2369007410765,19.1791393651321,21.4445865637756,27.6279269283874,7,14,20,27,34,38,0.938390714208129,0.0166514035109038,1.04463677975949,0.653045120428584,1.27347979065836,0.144484512428612,1.82906415520221,1.51566358538892
5.76353950906382,6.81661639610476,12.7301369132411,19.8385704126129,21.7967806137992,27.9971647362305,7,15,21,28,35,39,0.930985631058991,0.00984620335820707,1.18084828526415,0.642484616668799,1.32370984109372,0.102729121872255,1.83543694448198,1.48722516122196
5.73765015529414,6.92779976996843,12.7277176942148,20.1234284194786,21.8835039066563,30.2986417038269,7,15,21,28,35,40,0.923765696600766,0.0145379651716348,1.14560271868397,0.64210718524812,1.41152677778009,0.0793098886905032,2.31576614118199,1.87200835049959
5.71205035613784,7.09991859415764,14.3712770564787,22.07370632879,23.816105355269,32.1634058939514,7,15,23,30,37,42,0.916640689613311,0.0233596217529046,1.1632256172886,0.723544196423668,1.50659683379613,0.0773611894886743,2.29099000969725,1.925671056105
5.68641386493895,7.31838318109413,14.4638717989316,22.4686639656645,24.3546087815623,32.7017658571182,7,15,23,30,38,43,0.909519695093344,0.0377638018994544,1.12790534570256,0.73822010311752,1.60155752542545,0.0569530784884164,2.29093764841188,1.86920541757312
5.66044068928138,7.56881419571562,14.701314665389,22.9931129136515,25.0638441930939,33.5238601638968,7,15,23,30,38,43,0.902319796656695,0.0588529344479594,1.12427660391088,0.776428294353906,1.692764816159,0.0735855789070897,2.3321752714925,2.00956424731415
5.63387885083896,7.83840828942951,14.9787844827965,23.5378396885551,25.8670007711488,34.4133038468203,7,15,23,30,38,43,0.894972039451319,0.0870019957893294,1.12647663471654,0.822107011327571,1.77857912710608,0.100511934986111,2.36376547793639,2.15977909889948
5.63056503417253,7.93990423056539,15.0818956263925,23.7252296274677,26.1547890763435,34.7124068125561,7,15,23,30,38,43,0.894056436309959,0.0982989173279527,1.12692796683304,0.839359670762142,1.80580962402783,0.112089058966334,2.36791174660157,2.20857145212988
5.6388035333219,7.95579974972932,15.0936572994918,23.7396545021365,26.1735551992896,34.7174509516037,7,15,23,30,38,43,0.896333171237697,0.0991509231916311,1.12577294862558,0.841337107545874,1.80667139640135,0.112603402021876,2.36288342805596,2.2068937480134
5.31944903318614,19.4783602628832,24.9040269521197,33.3139923378377,48.4245851852748,57.0083147348003,7,16,24,31,40,47,0.809208822811467,3.07369828315699,0.677230976363673,2.82455787515599,1.73060527669311,3.39547977524636,1.78654317683105,5.03589887882205
5.307807291182,20.1470587686199,26.2302908451863,34.7869191194575,48.5170178997727,57.2156582966036,7,17,25,32,41,48,0.806077935094976,3.01469989654357,0.841849357189946,2.97973016334808,1.77779616554927,2.93055688384717,1.82372204026724,4.70491941485498
5.26563182103465,20.105478506689,26.2018868566881,34.8056595131366,48.142017809331,56.8374376679301,8,17,25,32,41,48,0.638842658569864,3.30338593247314,0.845253553978407,2.97250108407978,1.79301745109355,2.80021269565265,1.82267806108121,4.60252603521989
5.20881070827386,20.0011369375183,26.0235012103368,34.6141762966389,47.7848487156945,56.4340561586158,8,17,25,32,41,48,0.625382543971517,3.28726584200984,0.826174898748242,2.92721668429707,1.78878619704642,2.74568956137183,1.80771028689311,4.53695037068649
5.14788380218122,25.1486487441481,31.3332859636255,39.3635647344869,52.7036883267757,60.6786399770434,8,18,26,34,43,50,0.611051113087372,4.77123439055249,0.86814857608946,4.13839705063668,1.38172692824204,2.80145404226035,1.59213319477982,4.0108477444203
5.08613370560212,25.6210523571925,31.7335005048017,39.7044233200417,53.0567639515689,60.9296741434075,8,18,26,34,43,50,0.596634694470608,4.95989608229934,0.849402853661699,4.24901315756482,1.36431439812119,2.80548246033548,1.55999205454763,3.9692547036528
5.02916174114329,25.9304738422511,31.8565239515064,39.7930867302715,53.2186471102612,60.9663707442148,8,17,25,33,41,48,0.583432348207952,5.44719639454504,0.801546904420745,4.50051598681758,1.35425854908762,3.1248985734283,1.52074560016601,4.16234968224245
4.97196631991519,26.0419162134625,31.8202648363005,39.7739404185534,53.2034860583913,60.8613959819197,8,17,25,33,41,48,0.570274850612632,5.50883956032395,0.764204813621408,4.49021117841186,1.35926459726097,3.1262731026558,1.49271707486809,4.14277993170287
4.93802637180805,26.1222481455998,31.727081142527,39.7261132371232,53.1493477392928,60.7475904878424,8,17,25,33,41,48,0.562513527087714,5.55065972189348,0.721018108473142,4.46375523682821,1.37255397253258,3.12409641505625,1.47415698717602,4.13691141864568
4.94413322680663,26.1773675132255,31.5960503916755,39.6557048981412,53.0671140683455,60.6266721333008,8,17,25,33,41,48,0.563907463334557,5.56860904586235,0.675541269334739,4.42661963197474,1.39036374152652,3.12001855375222,1.46214987389769,4.13978892901066
4.99562968534506,26.2148903812616,31.4461016198746,39.5807383154748,53.7632509718977,60.8307437761213,8,17,25,33,42,49,0.575706643386674,5.56349090662856,0.630678104353657,4.38421714550578,1.41246643746203,3.08161128883683,1.31129608986287,4.02182000472149
5.08765886541283,26.2412452506872,32.1980111009264,40.4082046582797,54.7489334269845,61.8350748472579,8,17,26,34,43,50,0.596989432810959,5.53944415823789,0.661089536069848,4.37833026839317,1.43482045995387,3.1347483758197,1.3169473852903,4.09249596358273
5.24118393607518,26.2880962167639,32.0488992028486,40.3649740319957,54.6243399561731,61.7883006954166,8,17,26,34,43,50,0.633040218185918,5.50041330952778,0.61682911493879,4.33671094817627,1.46628220426555,3.10740287672313,1.34058750787075,4.12123796874344
5.53061058075569,26.4397489565092,32.0072111988623,40.4373500281099,54.5239071960895,61.8446392275214,8,17,26,34,43,50,0.702777171240582,5.45005522858616,0.574182450498463,4.32509328645021,1.50034959641032,3.04946184294374,1.38848904185587,4.14881647099351
5.88689761913938,26.5752599874966,33.2952944226861,41.9316295002037,56.1063130672966,63.6353310602227,8,17,27,35,44,51,0.791597539530916,5.36948237852566,0.698759867999037,4.46977825517484,1.56238005028212,3.07898598546592,1.45268538879284,4.29093592588951
6.30557853676237,26.7054858978457,33.3565639910618,42.1272758057717,56.1267496044169,63.8140017514948,8,17,27,35,44,51,0.899811170173526,5.26444362586099,0.683473727542704,4.48682758659413,1.60310504738179,3.02033623331502,1.50186206400547,4.32430308873685
6.77693567610229,26.8372236449398,33.5679462905656,42.4298852971788,56.2495507720957,64.0960106514225,8,17,28,36,45,52,1.02613076674362,5.14112206382373,0.578005161798068,4.33442468437078,1.6308842034808,2.9603549264049,1.55168264760819,4.34440688582743
7.28625399410043,26.9774851412882,33.6806900001455,42.666483035123,56.3147426547474,64.3198105909086,8,17,28,36,45,52,1.16742367381891,5.00755170833985,0.572523141134307,4.36526164997173,1.66876465741406,2.90337696851755,1.6016446723819,4.37606524051801
7.81539195802408,27.1310970504874,33.8051623767095,42.9110550188296,56.3944857384886,64.556834495679,8,17,28,36,45,52,1.31893869544688,4.87212712245451,0.566739255899755,4.39937263257474,1.70567590481543,2.84877397391158,1.65150234426526,4.40820726813338
8.34469662371676,27.3019232844822,33.9495840887576,43.1687309107245,56.4969333182227,64.8139989214748,8,17,28,36,45,52,1.47481381747459,4.74332516878275,0.561517185683476,4.43903691503298,1.74064128948558,2.79752419914402,1.70084230325371,4.44046145283116
8.85554330246898,27.4908209746728,34.1206287214254,43.4440445872836,56.630544947,65.0977902942728,8,17,28,36,45,52,1.62893326431613,4.62805736119421,0.557996607531707,4.48613192762531,1.77296548278415,2.75088960953582,1.74900657767915,4.47277401541807
9.33221946603914,27.7000265984686,34.3307771778716,43.7471190262634,56.8066739786096,65.4182984779122,8,17,28,36,45,52,1.77570041523362,4.53259824329992,0.558182324306154,4.54416863733626,1.80187854939795,2.70923487588901,1.79555495924258,4.50445752951645
9.76332479754697,27.9297316794476,34.5884439237976,44.0857679376889,57.0356649516867,65.7837875587126,8,17,28,36,45,52,1.91068829714831,4.46090610599099,0.563700651200328,4.61558874119661,1.82715499811832,2.67334819212235,1.83977660729599,4.53546483622118
10.1420872260426,28.1773514972503,34.8985923145831,44.4652644482751,57.3242446034768,66.1992965500138,8,17,28,36,45,52,2.03092145720677,4.41431149036694,0.576114025971623,4.70193074844668,1.84885825202146,2.64366284144739,1.88108008510042,4.56581378358446
10.4660071471858,28.4404345224921,35.2551665913469,44.8817048459982,57.6688729644026,66.6598243951168,8,17,28,36,45,52,2.13488199974571,4.39272019490226,0.59486064057538,4.80169533037048,1.86763656140796,2.62025962609041,1.91894374727771,4.59580517081305
10.7361226678778,28.7155300613024,35.6419430759796,45.3213745945429,58.0553638128256,67.1495413693519,8,17,28,36,45,52,2.22233290626038,4.39448705372572,0.61754260599011,4.91050147419346,1.88426013890181,2.60295425719185,1.95278451528201,4.62555071432539
10.9558266600572,29.0014066703405,36.0289826049893,45.7561988259311,58.4524614107557,69.8011601904034,8,17,28,36,45,53,2.29394951661695,4.41797410135718,0.638353911897154,5.01998571794537,1.89930410429964,2.59069053346289,2.42305170647442,5.0529317545864
11.1300464140296,29.2919943574278,36.381888584372,46.1525655540932,58.8219840167128,70.2622508283043,8,17,28,36,45,53,2.35103915170975,4.45932070913581,0.651297566612751,5.12033100677637,1.91300796538709,2.58197107458417,2.45332639965112,5.08457897340266
11.2793619044202,29.5892790818075,36.6910727002843,46.4972065263911,59.1427266027691,70.6529745191021,8,17,28,36,45,53,2.40017279449752,4.51197463325405,0.653779686953174,5.20864222619757,1.92420291981,2.57421315655043,2.4765095767458,5.10846229319631
11.5401919941708,29.9275989884369,36.9978604965074,46.8162972344536,59.4143045990106,70.9507453591215,8,17,28,36,45,53,2.48644134901533,4.53958381454868,0.647209737372861,5.29663025148011,1.92809047530437,2.55880277741404,2.48519675858097,5.1058198965974
11.7830286241254,30.2605385464428,37.2622365025251,47.0919530971701,59.6414386338355,71.1315892588863,8,17,28,36,45,53,2.56724514802638,4.57171683531609,0.633006531308275,5.37273883109132,1.93165615824012,2.54308339146244,2.4698477728352,5.08135625380639
12.0881675820992,33.1034407634525,38.9822303754036,48.7738512955756,61.4288953374677,72.0918542935977,8,18,28,36,45,52,2.66941858654255,5.13045082657367,0.520556493705579,5.87408201891163,1.91961908729292,2.57730430275677,2.47931157611623,5.09422237859641
12.2483751062565,33.9901504158197,39.8040334275722,49.4848087178547,62.194663663173,72.6469944009922,8,18,28,36,45,52,2.72333773383873,5.38993115358179,0.50760179741735,6.11724135957553,1.88468286061069,2.59510770865357,2.40739605936849,5.0154807028999
11.8341290328222,33.8831195791334,39.2238140824907,48.8845152324783,61.5788963047943,70.1397289047484,8,18,27,35,44,50,2.584306878228,5.50018693709479,0.525518943200101,6.1886391327797,1.87836999573373,2.59007920190103,2.05323563989385,4.6845482010333
11.2509348296615,33.6093923406435,38.7526313093587,48.4006318393276,61.0944946063611,69.7025521619785,8,18,27,35,44,50,2.39080425618103,5.61155703692966,0.484397706609706,6.04736948945628,1.87437818654115,2.58991080157778,2.06951150205009,4.69451995560844
10.4092956085325,33.096027346742,37.948494346047,47.5986972598862,60.290853180683,68.9559232935058,8,18,27,35,44,50,2.11660776302573,5.73002251938527,0.426088817129097,5.80798932178722,1.87507027135815,2.58935625227486,2.08918766401086,4.71139461723396
9.25372821407657,32.1290442097082,36.5749366672545,46.2641291879117,58.9489913183535,67.7063760050142,8,18,27,35,44,50,1.75134779701933,5.79822640320231,0.349378903255319,5.40432689225383,1.88733118290095,2.58698677571966,2.12110917326731,4.74783116728749
9.03151092490648,32.0210305840014,36.0547037004001,45.7406950764317,58.2157594390407,67.015529568392,8,18,26,34,43,49,1.68279496448392,5.83958148613022,0.369654156121292,5.48739669861836,1.88632391341774,2.51900972188511,2.13579098106553,4.69771873744209
8.97980030492353,32.1056296487303,36.0834339973361,45.7041670442459,57.9830170579288,66.799117656002,8,18,26,33,42,49,1.66692744466923,5.88899215620224,0.358705990481156,5.49587767517452,2.12704925429965,2.45575185433768,1.86187549809902,4.62593456502377
8.91683046247458,28.3936528958483,33.7298340908361,43.5239449741248,55.3985878942166,64.2438085640051,8,17,25,32,41,48,1.64764921228231,4.93016897736928,0.655679611737525,5.04055767942412,2.18500149596289,2.32644569627444,1.87135731403523,4.56706460680207
8.84081202431104,28.3416591269586,33.8038498928107,43.6289420916225,55.3300656942234,64.1635062449202,8,17,25,32,41,48,1.62444159969799,4.93883170602239,0.686088988436189,5.06219203945934,2.19538569488353,2.27136844437331,1.86752048525539,4.52214683352585
8.74971596772574,28.2620912674964,33.8763647477879,43.7314557620321,55.2595904511221,64.0701569837645,8,17,25,32,41,48,1.59672662744879,4.94298922893172,0.723348328820006,5.08340876280782,2.20544872357907,2.21672734643515,1.86007457251633,4.47398637251394
8.65725111436585,28.1619110426769,33.9088810049653,43.7729312132066,55.1779639141381,63.9615027439359,8,18,26,33,42,49,1.56870364755938,4.59699430636341,0.756339539072178,4.8628376671305,2.20845560989359,2.17801046096549,1.851283802799,4.4330932136155
8.54999353796024,28.0260683850931,33.8129179340865,43.7076772184914,54.5006539952697,63.4286456965006,8,18,26,33,41,47,1.53633690511318,4.58698457079581,0.766339773519533,4.83533265321817,2.21876757197054,2.24082443256136,2.18030074407174,4.7777391641572
8.42252901645737,27.9283750410353,33.7875612700319,43.7281862906837,54.3882825440234,63.2214671013138,8,18,26,33,41,47,1.49807123292366,4.59740971701974,0.784577558879625,4.82807124466308,2.23418449170522,2.19765127627621,2.14737644610683,4.72306390359145
8.27552535647919,27.8249679833104,33.7712832212222,43.7547117650027,54.2842165342225,63.0136510798127,8,18,26,33,41,47,1.4542146794272,4.61268263950229,0.806710834042607,4.82341108665434,2.24858865567255,2.15537888270234,2.11143626207761,4.66562020823947
8.1062861043182,27.7147483668122,33.7589356194817,43.7828416956014,54.1830728507029,62.8015663531539,8,18,26,33,41,47,1.40409987064299,4.63337077182668,0.831784947571832,4.8198768868257,2.26222467112134,2.11368974055347,2.07311095011752,4.60588703273445
7.91252874839184,27.5987018604697,33.7468867636352,43.810264885472,54.0817826581905,62.5836563780332,8,18,26,33,41,47,1.34723523645768,4.66063193442962,0.858668287410662,4.81642880402774,2.27553552054506,2.07233947000213,2.03294454368001,4.54450581755982
7.69330142110796,27.4907182683274,33.7427947402983,43.8442301056333,53.9884923616696,62.3687751476675,8,18,26,33,41,47,1.28357907487261,4.69969814263411,0.885764982938903,4.81525790550187,2.28838185984997,2.03161610392518,1.99120079861168,4.4818506459287
7.45070673212675,27.3995753774931,30.6924861086241,40.832114108156,50.6842451170163,58.9486280483911,8,18,25,32,40,46,1.21402276517212,4.75296243587298,0.324920691774422,4.17267162886608,2.30128624666451,1.93874555535297,1.95154214463073,4.37240550405858
6.15774834000018,27.9815971904951,33.3151286355346,43.3761748471176,53.2610951362689,61.3913829446543,7,17,25,32,40,46,1.04263508708404,5.41935624159547,0.655044763915602,4.91974810831301,2.27474877818473,1.94912585103648,1.90582145964182,4.31939940713721
6.26117920013184,24.0523484145315,27.6917269682966,38.0428877296764,47.7463000853812,56.1451642621836,7,16,23,30,38,44,1.07243848143237,4.32777370837497,0.39745790211992,3.76321857828426,2.37297844516406,1.89180691611013,1.99757098698718,4.43071282641775
6.3799683169385,23.8243042077378,27.4462006364773,37.8208271646141,46.2097835881253,54.4277169439747,7,16,23,30,37,43,1.1069151919348,4.20524517937741,0.39367731334594,3.69516182902271,2.38095404906758,1.72386564023419,1.9356846859888,4.2322341942765
6.52395608942176,23.2746279243517,26.8409984057051,37.2561117056822,45.5200610882976,53.7044853708195,7,15,22,29,36,42,1.14905011576974,4.30096196039213,0.38175192316255,3.73916255793353,2.39472526029879,1.68387087444168,1.92425820447008,4.19727959461186
6.71644536381619,23.3106876590202,26.8473254588104,36.9348390567765,45.1776478314992,53.0980330976621,7,15,22,28,35,41,1.20594655423592,4.24448089016617,0.375418276554347,3.74093879327612,2.58879467268874,1.67712550836291,1.83461860404989,4.25459515451459
7.03619311741888,23.3846741842335,26.9082751646182,36.9607013075515,45.0939432608562,52.8846024753487,7,14,21,27,34,40,1.30182313024363,4.5207303708831,0.372652759798119,3.97900057009789,2.57628718830893,1.64225245948043,1.79084340148462,4.17230866932925
5.38668131752957,21.8745499670252,25.3697129278704,35.6165190632159,43.5398194072291,51.2197963236881,6,13,20,26,33,39,1.01936673236707,4.57262093029159,0.366644863653873,3.76088563352011,2.6456830280116,1.57584729044932,1.75363806241276,4.13457066395883
5.46519740247698,21.7688268868262,25.2358912372951,35.492265345738,43.285763049633,50.8347157767279,6,13,20,26,33,39,1.0431037065025,4.50404785713819,0.360742195403912,3.72235502207161,2.64910551572868,1.5350720029015,1.70977061144043,4.05969524683485
5.54361696215598,21.655322707718,25.0954931580323,35.3594057054709,43.0231366633756,50.4421704949226,6,13,20,26,33,39,1.06693055355214,4.43274353917508,0.355124103405144,3.68203486624255,2.65180246578895,1.49453036830185,1.66646659190231,3.98487189516987
5.61078781946833,21.1625200034395,24.5529048144931,34.8293038283302,42.233938500364,49.4873703547797,6,12,19,25,31,37,1.08743222143641,4.61579220348902,0.344806244991383,3.75146179389122,2.65627045657475,1.66167922500005,1.61155711549959,4.10234620647977
5.82908269013261,21.185196010603,24.5517716452453,34.9070491547399,42.1297723200381,49.269610272932,7,13,20,26,32,38,0.949327886889709,4.54112468458854,0.339910092609068,3.52691089027189,2.68451923573223,1.60141128644005,1.57408497461862,4.03702615580229
5.89044545903293,21.0817917232346,24.420414625141,34.7761258658295,41.8462094225299,48.8693924199783,7,14,21,27,33,39,0.966582054893012,4.09273013072516,0.334193757414355,3.27764833764118,2.68467468172879,1.55115438535778,1.53577139634159,3.9562845557322
5.94091620987746,20.9033326259102,24.2150625031018,34.6051834405039,41.5062056120153,48.4068860668426,7,14,21,27,33,39,0.980831952990997,4.00867624357894,0.328726946555934,3.22133442756372,2.6970107956492,1.4958374846687,1.49572605368552,3.87940548867724
5.98553666175245,20.7319995881282,24.0187226247294,34.9032518155334,41.7365146549516,48.6463004015584,7,14,21,28,34,40,0.993473375135845,3.92958764977895,0.323672695220459,3.16773274085729,2.55533207325287,1.47377218696068,1.49869574278394,3.77327795331739
6.02648453252864,20.5594688078633,23.8226319802243,34.6927663801482,41.7641019986312,48.4902003586692,7,14,21,28,35,41,1.00510965512388,3.85160238600817,0.318936807615742,3.11443750974969,2.5503820064413,1.31246017994424,1.43900168517041,3.55980939273915
6.06479933976798,20.3837964641841,23.6246446826169,34.4832211211965,41.4013771421243,48.0004557379827,7,14,21,28,35,41,1.01602799419819,3.77363325719897,0.314474532690391,3.06087207539511,2.54640858339608,1.26623732664986,1.3979951477628,3.47706536594445
6.08368430487532,20.273785805098,23.5029168802276,34.3550275688306,41.1774913329275,47.6967694086817,7,14,21,28,35,41,1.02142021779146,3.72676825226915,0.312140641907101,3.02806256573405,2.54418620765613,1.23755185726941,1.37235008337036,3.42570797422245
6.05822940452039,20.1422371654339,23.358282010907,34.2606931624709,41.1995972023631,47.7149221083256,7,14,21,28,35,41,1.01415373116908,3.68825118324514,0.309541546162155,2.9892029842163,2.56148344993746,1.272476413782,1.37108207132583,3.47164539161996
6.03637242646757,19.9840010569367,23.1814404855068,34.141767319941,41.1960410426902,47.7039932766852,7,14,21,28,35,41,1.00792455584092,3.63881647782093,0.305859956156966,2.94187551893164,2.58142262421881,1.30729342982199,1.36871783468246,3.5186216457521
6.01428940579249,19.7880159659301,22.9680847911764,33.9878764652755,41.1454506827968,47.6420077997535,7,14,21,28,35,41,1.00164061507197,3.5759090641486,0.302437296756517,2.88505078678335,2.60192077098193,1.33864391521378,1.36506526075582,3.56161696836926
5.99231333185636,19.5596985965961,22.7236320150519,33.8028613880937,41.0486049718523,47.5291046836474,7,14,21,28,35,41,0.995396796825081,3.50145837227474,0.299270713925274,2.82031926061761,2.62243526685447,1.36553061870735,1.35992147516528,3.59908714802223
5.98162712455071,19.7610732279323,22.6254957294682,33.7714628060773,41.0846967628349,47.5576354815511,7,15,22,29,36,42,0.992364152628619,3.24732473483663,0.242798970885427,2.60802197612909,2.6454996315682,1.38618970870269,1.35750072004299,3.63525769500373
5.98098846269062,19.7440322006232,22.581381382295,33.7443012322176,41.161575594899,47.6608893905988,7,15,22,29,36,42,0.992182979385493,3.24163407439119,0.237918879474551,2.59679649364364,2.65136353337225,1.41816740230301,1.36594870819449,3.67745097590054
5.97919437159114,19.7289231591813,22.5576812562982,33.7453303393108,41.2641894610032,47.7635161877123,7,15,22,29,36,42,0.99167408229241,3.23701571409388,0.236378380081437,2.59077148206159,2.65992094656384,1.44954000128475,1.36595285252584,3.71371432547749
5.97627806214454,19.7022109749719,22.5282720658716,33.7408855595443,41.3611356555925,47.9164859990569,7,15,22,29,36,43,0.990847004727638,3.22876455806831,0.235895576591618,2.5833007716538,2.66856413423221,1.4809969262651,1.15828593379977,3.54640238183549
5.97249050213564,19.6635528998349,22.4900119914233,33.7238341818262,41.4472246742934,47.9820893324369,7,15,22,29,36,43,0.989773093479788,3.21667926743645,0.235966800248236,2.57359109262215,2.67591047161015,1.51314115014033,1.15225732519138,3.57556367318729
5.96905292297704,19.6158599279507,22.4496467685186,33.693161128205,41.5281309562517,48.0341518609591,7,15,22,29,36,43,0.988798665792652,3.20135166245561,0.237279628524749,2.56335870877233,2.67926873010849,1.54807587263111,1.14378158415277,3.60156476880166
5.96903706167076,19.5618155493066,22.4098444957621,33.6574389652808,41.6028665704139,48.0682048165274,7,15,22,29,36,43,0.988794170248152,3.18265484240705,0.239839347869853,2.55328066931949,2.68068265253455,1.58281994788565,1.13185203622163,3.62237517631537
5.96876800655985,19.4971920110232,22.3665020529439,33.6154847833046,41.6725624244609,48.0847775764893,7,15,22,29,36,43,0.988717913167447,3.16040729087613,0.243684074615435,2.54231943653365,2.68116376747289,1.61809756527597,1.11631911493073,3.63927973182238
5.9685013078768,19.422845188148,22.3201954730201,33.5675375859942,41.7383485858252,48.0858535032587,7,15,22,29,36,43,0.988642325405287,3.13482825998576,0.248786069058683,2.53062381987617,2.68059519743682,1.65419351558418,1.09746728899369,3.65266223629108
5.96859049453023,19.3397164888286,22.2709359810644,33.5135613552912,41.7989097368434,48.0713545566598,7,15,22,29,36,43,0.988667602533451,3.10613364580858,0.255002919164833,2.51819973398758,2.67896067633444,1.69070413379271,1.0756968884404,3.66248765362783
5.96955867615234,19.2487809717158,22.2190132917945,33.4538850241591,41.8554989328587,48.0435592178811,7,15,22,29,36,43,0.988942013271702,3.074493263559,0.262236631248182,2.50512337553957,2.67627409757061,1.72792552276138,1.05134826692835,3.66931136500132
5.97218588248178,19.1513172923644,22.1657801771072,33.3900290713975,41.9090631031487,48.0046039560361,7,15,22,29,36,43,0.989686735316471,3.04009371130953,0.27053072212271,2.49173778251868,2.67259404998672,1.76567625486528,1.02480920326675,3.67335092802765
5.97764462714252,19.0482805118318,22.1112427734716,33.3220062822287,41.9595580392102,47.9556193029143,7,15,22,29,36,43,0.991234546885789,3.00287665042308,0.279737078842418,2.4780461386961,2.66792348073207,1.80393884688881,0.996460969091818,3.67492223992776
5.98765287331115,18.9408240257075,22.0560523898308,33.2507405919616,42.0078110124764,47.8981258782783,7,15,22,29,36,43,0.994073919922608,2.96266744510938,0.289787186882248,2.4642132402335,2.66235758702015,1.84268258586386,0.966545251222484,3.6742705073039
6.00449555901183,18.8304232455717,22.0020049787384,33.1784015864948,42.0564676444047,47.8364361239447,7,15,22,29,36,43,0.998856800696409,2.9192117047656,0.300770171123045,2.45068901757803,2.65602655228057,1.88206298646659,0.935574719521248,3.67210802358556
6.02970594976092,18.7182222218785,21.9495855441156,33.1045472229073,42.1080754683161,47.7764429282143,7,15,22,29,36,43,1.00602651908423,2.87240328709089,0.312584786022685,2.43759323649388,2.64861057652217,1.92306095257324,0.904515572563481,3.66996525927322
5.90668042803852,19.0382941558312,24.4648218629743,35.4880160847331,46.0105127308478,51.6048880926588,7,17,26,33,42,50,0.971160121346928,2.46828708022689,0.543761648991931,2.37577553320598,2.60309444479517,1.90475613786584,0.718439474339536,3.40775402309164
6.05965304331183,18.9026560654569,24.379046935845,35.5029938667717,45.9568644370626,51.3706893912542,7,17,26,33,42,50,1.01455979263812,2.37817485862104,0.554458986755569,2.35565835949445,2.63788600406937,1.88384330683031,0.67436668137629,3.36811366440741
6.12718950293063,18.8080381439097,24.3363464747361,35.5195582598901,45.9531866679424,51.4518904541744,7,17,26,33,42,51,1.0338688860933,2.32785742481585,0.565673673476572,2.34566386992426,2.65838512507473,1.87768452156368,0.559269272580829,3.20752673459243
6.15440182357453,18.5538646330868,24.1761293165726,35.2761977479649,45.1050871942029,50.6683333736161,7,16,26,33,42,52,1.04167421402726,2.49459952470032,0.470073203361537,2.30828411253869,2.62963375769363,1.69581320502102,0.458734836758365,2.86632035170826
6.13915356033802,18.474669351328,24.2436680927539,35.1821893423922,45.4095394864318,50.7320979703154,7,16,26,33,42,52,1.03729877659632,2.47398834139703,0.498714440661072,2.32401805011608,2.57391250750254,1.81518006461681,0.41360800902734,2.86538156222259
6.19990955146742,18.5280731672692,24.4339012917911,35.534686023373,48.0966861956242,53.2378309868868,8,19,29,37,48,58,0.872129251869942,1.99000574112583,0.525988624565543,1.92352061508422,2.34143231122589,2.05833324636775,0.380816923502917,2.91583171569995
6.29071017265627,18.7017201206102,26.4738760018339,37.2764159436878,50.2380439645322,55.4207164697937,8,20,30,38,49,59,0.895901497465612,1.80440055315291,0.94522889520429,2.22122805172405,2.243937650944,2.17634895316952,0.388227943251548,2.95044216653899
6.37780550810197,18.7088462697812,26.7202867890775,37.066386356638,50.4127160392714,56.0321159252919,8,20,30,38,50,60,0.918870660733237,1.78230874280121,1.00445573043081,2.27543036342053,2.09628007645036,2.06784712944696,0.46952040108535,2.87064451396071
6.46051131307838,18.7239895056642,26.832180645079,36.7296018220181,50.4199758271099,55.896504835673,8,20,30,38,50,60,0.940830475107256,1.76370002340472,1.02870796292936,2.30018758120799,1.95308627782426,2.16696344980258,0.44226799784111,2.81191623097888
6.53836048399449,18.7527853117886,26.9111927532176,36.3720231935428,50.3444128985005,55.6583095698976,8,20,30,38,50,60,0.961630207085454,1.75022154193112,1.04136310441602,2.31772327672642,1.81575539093263,2.24903933744383,0.412018052290139,2.73720652245392
6.61106549312259,18.7969537310392,26.9854873790817,36.0243520589884,50.2063932127011,55.3489984108235,8,20,30,38,50,60,0.981166842133881,1.74239306003646,1.04897719886792,2.33425236826023,1.68505411942421,2.31052256272374,0.381076575575138,2.64771135018412
6.67845332919213,18.8571590296518,27.0646682630591,35.6979810588743,50.0129426308802,54.981199859397,8,20,30,38,50,60,0.999369102985753,1.74042412657728,1.05378146898037,2.35191143058214,1.56146678809153,2.34970472159286,0.350586593218471,2.54463645224346
6.74036973217045,18.9330534432769,27.1524066946373,35.3978219220608,49.7686088181188,54.5629696638366,8,20,30,38,50,60,1.0161722976738,1.74425643019971,1.05678342873572,2.37153042452387,1.44526879416276,2.36620671020082,0.321221555623507,2.42956689850365
6.79668101090341,19.0231373780236,27.2496332342257,35.1255232716768,49.4779268438675,54.1003817607348,8,20,30,38,50,60,1.0315189794216,1.75352494590978,1.05859499089658,2.39333381987053,1.33654530141342,2.36076961756709,0.293257211265959,2.30430448767546
6.84720185944754,19.1243295349951,27.355085498299,34.8800906639341,49.1452950374314,53.5978991463532,8,20,30,38,50,60,1.04533931142518,1.76745535457925,1.05967590563845,2.4170560372872,1.23522401404229,2.33501925693004,0.266704218563832,2.17080371564062
6.89175433797343,19.2323104775808,27.4659931210309,34.6585316255742,48.7750124538858,53.0589570652558,8,20,30,38,50,60,1.05756709375358,1.78493367026321,1.06041867829877,2.44208821621106,1.14107552910926,2.29125396097097,0.241433963519189,2.03112329066321
6.93010198652961,19.341406676391,31.2320023580086,38.34442533691,53.5870698864045,57.4479208100425,8,20,31,39,51,61,1.0681217367289,1.8044821081452,1.86366324179062,3.16444416828648,1.11867308441131,2.6273027331878,0.183096331550508,2.16495996075338
6.96199919650365,19.4450788261567,31.1586398254984,37.9766589118015,53.2562640266181,56.9489156834399,8,20,31,39,51,61,1.07692183035324,1.82437073671447,1.81313056430795,3.14664879908511,1.03735022562851,2.63850627132368,0.162009233452434,2.07319616679767
6.98721339538208,19.5367556741071,31.0189111885118,37.5540431755898,52.797995448621,56.3315948516682,8,20,31,39,51,61,1.08389145368852,1.84283769744205,1.74760625870736,3.11283975443406,0.960765153234408,2.62769895120341,0.143219098363792,1.97187566400367
7.00553366077462,19.6099989163214,30.8396210822916,37.102338532116,52.2412507017115,55.6213774821183,8,20,31,39,51,61,1.08896280433268,1.8581345296708,1.67680416204808,3.06962202719092,0.88855368254065,2.59591610637804,0.126175032825082,1.86134302807723
7.0168652229373,19.6596646645434,30.634297916002,36.6337866396887,51.6025703306641,54.8324238239139,8,20,31,39,51,61,1.09210264041925,1.86883043374076,1.60608728703078,3.02035731543742,0.820306016784446,2.5446235785543,0.11054352663469,1.74248188409295
7.02116951465885,19.6819995675511,30.413429382086,36.1579085776944,50.898685050986,53.9797319563469,8,20,31,39,51,61,1.09329592061169,1.87386674345003,1.53939073194844,2.9676379223258,0.755716246555285,2.47624614846819,0.0961149675295754,1.61704750337811
7.01853614599978,19.6752595008373,30.6400454419326,36.0601207817778,50.5163600383801,53.4251000004839,8,20,32,40,52,62,1.09256583085446,1.8727193544338,1.41661113885617,2.85834653746467,0.675878066200207,2.39151841783854,0.0807348787821286,1.46681647297107
7.01081501814,19.6380847365951,30.3314673391284,35.5275127926585,49.700146298615,52.479608469666,8,20,32,40,52,62,1.0904259115421,1.86449546709033,1.34682850649855,2.78676673346375,0.622371125149085,2.30775525844522,0.0701416678032273,1.34850764491732
6.99814785174341,19.5729429785607,30.0524185686106,35.0448065898863,48.9279516964941,51.5786706379973,8,20,32,40,52,62,1.0869175512399,1.84986692131582,1.29255938246777,2.72253836918092,0.57496154683456,2.22298718268417,0.0604040193069641,1.23676806635054
6.97991465581661,19.4843517930191,29.8144288112473,34.618573729741,48.189047075578,50.7005922109841,8,20,32,40,52,62,1.08187275763311,1.83029976342116,1.25505029517564,2.6681428895736,0.532241493958782,2.13229266693165,0.050790465886181,1.1258250241898
6.93368793702033,19.3424108021433,29.5167101623439,34.2231564059847,47.4788840524869,53.3069977098756,8,20,32,40,52,63,1.06911012010881,1.80376775073036,1.21629378962516,2.60059903116276,0.510505259023325,2.04193609953064,0.408901820767848,1.53975296019985
6.80899550989751,19.0326983491655,28.8594787876018,33.62216702931,46.5643144252113,52.4007577295824,8,20,32,40,52,63,1.03488321048281,1.75276878667617,1.13118027451488,2.4535190656266,0.522981003233431,1.95288970528937,0.410355700135273,1.49274482747775
6.63926823107914,18.5702014151084,28.1441997723039,32.93199960608,45.6232436390813,51.3905220976626,8,20,32,40,52,63,0.988773772969755,1.67286744039865,1.07048448532225,2.29672434021176,0.528583884175114,1.88236985468298,0.398347436578084,1.43778674126489
6.59301466994791,18.4152752138905,27.8808241683704,32.6681226140407,45.2880992460617,47.8099547435142,8,20,32,40,52,62,0.976306456837595,1.64346455190711,1.04476997854492,2.23987834539783,0.528471819561155,1.86246056934196,0.0514701602400062,0.96803101681521
6.76797450689987,18.863989070996,28.2646789507499,33.0250818842262,45.7634066341486,48.2308143954466,8,20,31,39,51,60,1.02368786856357,1.71779876101215,1.18873796480516,2.4704020262002,0.522472099967401,1.8955520653542,0.0757449553591731,1.07032374895238
6.96496596811944,19.3691602172658,28.7340722324136,33.5108030767524,46.3831231316432,48.822912763498,8,20,31,39,51,60,1.07774128728437,1.80251491964992,1.1796734933955,2.57650867699141,0.526111717066109,1.93319765216751,0.0733094816661811,1.09112119737236
7.18235634766997,19.9616223108936,29.353827438947,34.1710677795941,47.2028274374116,49.5470925465863,8,20,31,39,50,59,1.1382220370962,1.90703435664826,1.18658647121688,2.71880227144477,0.53517797413342,2.19721661427968,0.0652132733703613,1.21423290951394
7.41751970915472,20.7287073257806,29.4585064714744,34.3802873955129,47.6040214608189,49.9109644226118,8,20,30,38,49,58,1.20458227598912,2.05778735660066,1.1884720491205,2.90562576527456,0.558810890177018,2.25457113274333,0.0621886237494459,1.26127478651078
7.66655738894494,21.2438191812459,31.1385996271721,36.2529972840397,49.8328117233196,52.0711380770051,8,19,30,38,49,57,1.27586469550905,2.36105925518609,1.31594898508044,3.31536173401851,0.603219620119314,2.36183214643598,0.0905700189744798,1.46932373626728
7.83546272305825,22.0015696855993,31.9868174195199,37.1626585997823,51.1251537292652,53.3072029230202,8,19,30,38,49,57,1.32477363793853,2.54080737253851,1.33963786613631,3.52822889322202,0.617614225189225,2.47832796204629,0.0846684375279368,1.54626199780696
7.97296567516985,22.7620604977532,32.822069025401,38.0657270868514,52.5635205993738,54.6826511845395,8,19,30,38,49,56,1.36491281882828,2.73400922727716,1.35930342776006,3.74153714998789,0.633626665975573,2.64329701863677,0.123804219689785,1.79066077246726
8.08832942406158,23.4572161827982,33.6508284278315,39.0150853020592,54.2710300358024,56.3337554771381,8,19,30,38,49,56,1.39880667920548,2.91641878518317,1.394645791044,3.95664746767168,0.662417954520376,2.88069738454846,0.116213748129069,1.96945404893641
8.17643831973434,24.013491293813,34.4765314196782,40.017626598082,56.2169658235447,58.6081595093787,8,19,30,38,48,56,1.42482365390038,3.06542453957663,1.46667258379192,4.17424115610898,0.705345253278233,3.46401477721242,0.107592863218751,2.2979357023249
8.24094814051413,24.3912613561858,35.3043004768975,41.0920907923002,58.3770012274462,60.6556627766787,8,19,29,37,47,55,1.44394268443455,3.16593963307337,1.79545794090875,4.60171111992615,0.766576149958016,3.83026416027841,0.0949216537695275,2.58680681689783
8.25980018020721,24.5430994192761,36.1913809135573,41.9491615278171,54.9897229756375,57.2524521696128,8,19,29,37,46,54,1.44954105384099,3.20880076027586,2.01308092494185,4.84725228990919,0.759046577276374,2.70301267695682,0.09319067049049,1.75852668471791
8.17603006107443,23.7560298409735,30.6054256217698,35.7179292079997,45.9018048076317,48.730181786152,6,14,22,28,36,44,1.92139754787661,3.88080327852906,1.04594057343381,4.83067775995182,0.9374529252409,2.04427576735044,0.163917829422348,1.54442747239783
8.17917820120246,23.7591249873099,30.4963700219578,35.6210942221612,45.8105369428991,48.7333134487431,6,14,22,28,36,44,1.92247031660772,3.88078439619866,1.01532250948826,4.79815173366558,0.941070584097985,2.0460561572186,0.177487123824551,1.56868249241743
8.18331999034056,23.7640456013633,30.4715323853982,35.6145119590643,45.7925259417486,48.710011520941,6,14,22,28,36,44,1.92388183404298,3.88106190226638,1.00723902092503,4.79075085491086,0.946480652573341,2.04240152735821,0.176713953226791,1.56901541639925
8.18844035836189,23.7688300696601,30.4449876557587,35.6063230294555,45.7733569931795,48.6853957041879,6,14,22,28,36,44,1.9256270858393,3.88094221621361,0.998747516648784,4.78284418937351,0.95192762838507,2.03889160351654,0.175919550594496,1.5694336169078
8.19459409193038,23.773485234754,30.4168443856306,35.5966159698548,45.7532553668547,48.6598159467169,6,14,22,28,36,44,1.9277248995266,3.88040826040822,0.989878503129349,4.77446463034108,0.957405638195415,2.03556992872925,0.175122182820297,1.56998946192399
8.20182841672126,23.7779508380043,30.3872929386167,35.5855343800337,45.732428657386,48.6335532833102,6,14,22,28,36,44,1.93019156799813,3.87942176298032,0.980702517795802,4.76566939903955,0.962900814006135,2.03245676443656,0.174332537004624,1.57070266606064
8.21018515499595,23.7822486026925,30.3564147609428,35.5731473742836,45.7109923641081,48.6067364553713,6,14,22,28,36,44,1.93304158780432,3.87797561203024,0.971238266621429,4.75648325547533,0.968409479374843,2.02956673526993,0.173552496551305,1.57158356208335
8.21970346922217,23.7863204672029,30.3243475574647,35.5595531244865,45.6892013117233,48.579647364668,6,14,22,28,36,44,1.9362885975202,3.876035244267,0.961540866681571,4.7469476675976,0.973919819787747,2.02694966405219,0.172785929722114,1.572663532961
8.22974061111107,23.7922041127534,30.2898909520465,35.5439916829133,45.6662289303518,48.5528654299397,6,14,22,28,36,44,1.93971356448621,3.87455560021923,0.950747514888928,4.73670643820602,0.979563405942068,2.02458407938424,0.172235659527797,1.57432900450621
8.2383112448908,23.806154302936,30.2496477677583,35.5236736428549,45.6368765615433,48.5243663582195,6,14,22,28,36,44,1.94263890094817,3.87647203194025,0.936300281494757,4.72475172600931,0.985522581518935,2.02170104791132,0.17235884622938,1.57687875221354
8.24803117334668,23.819811249528,30.2090194407404,35.5022966391184,45.6065103036508,48.494006476001,6,14,22,28,36,44,1.94595738911656,3.87787465389239,0.92188975116267,4.71268962551848,0.991287945299244,2.0188332106488,0.172359766804035,1.57910927961487
8.2589032256667,23.8331141283252,30.1679197245598,35.4800607722569,45.5761335889929,48.4629856791547,6,14,22,28,36,44,1.94967032240014,3.87874070827196,0.907510317606599,4.70049477226424,0.99694458041926,2.01623673828604,0.172266779691952,1.58129968934506
8.27089651895265,23.9657339995433,30.3691406026675,35.6110234609387,45.6907419192716,48.6262714802415,6,15,23,29,37,45,1.95376751407733,3.59560875120004,0.925652892506567,4.5249043965351,0.975913343785007,2.01102262784364,0.179356854749578,1.57306083647721
8.28396374612299,23.9713232041345,30.3264005234827,35.5860281725099,45.6593969922638,48.5935238735451,6,15,23,29,37,45,1.95823318479304,3.59303552380393,0.912861108761365,4.5124808010295,0.981215569932791,2.0089989551349,0.179150785243255,1.5752295985108
8.29812367569324,23.9796207878316,30.2776094657648,35.5500594240677,45.61806512178,48.5427279931453,6,15,23,29,37,45,1.96307415814519,3.59101846650046,0.897814804090581,4.49830826462305,0.985050962872493,2.0072900080886,0.177763140857342,1.57479439038787
8.31324937692797,23.9868241486514,30.2257609183711,35.5103839172059,45.5749523154468,48.4862788232998,6,15,23,29,37,45,1.96824745720288,3.58829291636932,0.882324836578854,4.48325926002638,0.988695260618675,2.00619487255731,0.175815795595493,1.57379584054633
8.32923625565607,23.9939427495074,30.1699853493099,35.4646576623396,45.5300290231098,48.4195081455384,6,15,23,29,37,45,1.97371770239055,3.58524232716083,0.865910686331181,4.46708388850329,0.9917060460176,2.00645068854274,0.172646187953493,1.57141026977195
8.3459787913023,23.999204965033,30.0980238065365,35.3948167435938,45.4682526164466,48.3131986226617,6,15,23,29,37,45,1.97944915313644,3.58129384485442,0.845876748404893,4.44623512089439,0.99234164979805,2.0090203232908,0.166264732248111,1.56396592121364
8.36335194180305,23.9835592779347,29.8669453963051,35.0971154515279,44.6981602294714,46.1612053333446,6,15,23,29,36,43,1.98539932893782,3.56994142607321,0.790706977415648,4.37944546953654,0.972417063657644,2.12048575368369,0.0497548175406229,1.42693025424486
8.37681828260302,23.5871156127251,27.4975195326522,32.340258281052,41.5578560622229,43.1748349489174,6,14,21,27,33,40,1.99001343992472,3.74939483822239,0.457597960527357,4.14990319978949,0.858432665218738,2.28134410366856,0.0642163348066592,1.43300692451193
8.38406870756382,23.3705552759884,27.2677627890911,31.8176115333235,41.2480715761083,42.799346159242,6,14,21,26,32,39,1.99249844506088,3.67016220339622,0.454605119986567,4.0830610416025,0.978178212280916,2.35604618179951,0.0578151651441314,1.54811131719296
8.39042880861761,23.2041963966788,27.0878076750044,31.6459194861205,41.2711850682729,42.8129959870847,6,14,21,26,32,39,1.99467871392524,3.60918677124436,0.451528333340268,4.03088902599108,0.980812132192647,2.42472022827647,0.056921068975065,1.59316762256933
8.39586391198978,23.5061804174429,27.4390338812312,32.0062135332146,41.8522784674067,43.3741376060058,6,14,21,26,32,39,1.9965421949859,3.71396966456443,0.46270404882748,4.13286374139902,0.983704164700807,2.50290105302144,0.0550592507554601,1.64248560556024
8.40034510835129,24.1927218659744,28.269844858575,32.8402787371055,42.8478443896498,44.3368196598642,6,14,21,26,32,39,1.99807883054794,3.95657934685103,0.49595144981376,4.3764493866616,0.984742447810124,2.5603083984101,0.0520595061735193,1.67371111047673
8.40384458365604,24.3767444029483,28.5128211663083,33.0823023230696,43.1704012306484,44.6431107803409,6,14,21,26,32,39,1.99927895935193,4.02115031424657,0.509748428004384,4.44829759512717,0.984438453426404,2.58900338779208,0.0506075217672457,1.68876914545424
8.40634392582112,24.4153594673032,28.5797272279662,33.1484289077697,43.2898339234774,44.7551377858251,6,14,21,26,32,39,2.00013616832537,4.03408588065318,0.516411770698308,4.46812902904648,0.984189751542672,2.60802164463932,0.0499534412774526,1.6995260259404
8.40784926907102,24.409870896512,28.5907479318663,33.1598931060823,43.3379642395424,44.7998801284726,6,14,21,26,32,39,2.00065249028383,4.03158042152247,0.520312742466804,4.47139758925913,0.984331252491582,2.6211144559617,0.0496556731959073,1.7075792839601
8.40990629694677,24.3800687211497,28.4724210410643,33.0264029848462,43.2305595320584,44.66773516192,6,14,21,26,32,39,2.00135807087909,4.02017009648366,0.499504053530432,4.4363325528068,0.979495530976436,2.63043464627031,0.0475091427628956,1.7042778665981
8.42478847834236,24.3174604841139,28.1121187071406,32.7256106006333,42.9723642962384,44.5697442366169,6,14,21,26,32,39,2.00646399831662,3.99243579888865,0.431569230373488,4.32995527693899,0.998500329822486,2.645664271877,0.0622716392607487,1.76728825377466
8.43793411175782,24.2438158074139,28.0524465387494,32.7248884824754,42.9954844585217,44.58366039216,6,14,21,26,32,39,2.0109758754276,3.96140484839202,0.434684558363836,4.31239545069243,1.01739541355492,2.65419384532621,0.0613687021159065,1.78509220920174
8.44884220993818,24.1717849725304,27.9933170380715,32.7116049642187,43.0011109047684,44.5694854392795,6,14,21,26,32,39,2.01472101727794,3.9317826503175,0.437567651008559,4.29501175835284,1.03213694830111,2.66096158359728,0.0594485828837006,1.79599557728737
8.45502269343408,24.1929298184761,28.0019694074367,32.758864500133,43.0896842187091,44.6457452610606,6,14,21,26,32,39,2.01684349619219,3.93712496625454,0.434775829771571,4.29755447449735,1.04458203812698,2.67575575363783,0.0582700598123489,1.8124316429272
8.46027531714082,24.2090092923008,28.0033013148006,32.7969788053488,43.1693511513168,44.7137133521771,6,14,21,26,32,39,2.01864761505954,3.94099081429817,0.431487682021219,4.29794592017701,1.05646505433801,2.69064683283873,0.0571614108670368,1.82867647451699
8.46457699024429,24.2272734493186,28.0044140908565,32.8340202365383,43.2470811934103,44.7798936620227,6,14,21,26,32,39,2.02012530377647,3.94597706095921,0.427674032290678,4.29827296986499,1.06809658607504,2.70523925740914,0.0560774761245188,1.84458161877979
8.46967045650439,24.2760307424723,28.030326225642,32.8909855695106,43.3220680192632,44.8443046353707,6,14,21,26,32,39,2.02187520959,3.9615758704399,0.422611927536781,4.30589030153465,1.07816888852698,2.71170587601313,0.0550941832570789,1.85401206395935
8.47521118688292,20.606840730514,24.0324780248145,28.9905130879603,40.172477920127,41.7559831623541,6,13,20,25,31,38,2.02377905296057,2.9896686991087,0.352101075747163,3.38032169218079,1.10986641230903,2.9829442449823,0.0609130253701097,2.08094165483112
8.47980422286944,20.6530568091569,24.0632091409663,29.0435884303946,40.2103806688718,41.7853586456172,6,13,20,25,31,38,2.02535747803833,3.00433989560949,0.348890106674839,3.38895298208499,1.11716365196939,2.97743011537849,0.0600854991927646,2.08059769043261
8.48346804970839,20.6979294780148,24.092528571709,29.0946186383969,40.2434650228775,41.8097560880167,6,13,20,25,31,38,2.02661671608875,3.01887548923651,0.345675463622964,3.39719295811955,1.12426239801365,2.97090981720164,0.0592483374152125,2.07934897523405
8.48743803082935,20.735530415252,24.1187056240368,29.1408068051849,40.2592361475196,41.8169481066087,6,13,20,25,31,38,2.02798131930875,3.03074575557015,0.343321026687341,3.4045540595589,1.13081267223342,2.95986258507696,0.0584273773438817,2.07453449970606
8.49132025995808,20.7683744897681,24.1427517808543,29.1835816568022,40.2624857386346,41.8115767701207,6,13,20,25,31,38,2.02931590177101,3.04097348919052,0.341511693567734,3.41131948166101,1.1369494423722,2.94551533337281,0.0576082440979693,2.0670808766712
8.49442286585584,20.8002883888547,24.1660684452156,29.2248942979203,40.2615595750748,41.8022251446986,6,13,20,25,31,38,2.03038257651845,3.05115304752794,0.339746919081222,3.41788288916886,1.14285180452265,2.93019316660394,0.0568133390444595,2.05881280294517
8.49678885136477,20.8305422285476,24.1874906543629,29.2638658412826,40.2559088246463,41.78877416602,6,13,20,25,31,38,2.03119606175333,3.06101105983195,0.337937423067802,3.42391582420278,1.14861300554984,2.91401776906077,0.0560824142014113,2.04999742337512
8.49846268522828,20.8592726115582,24.2072423369264,29.300704951274,40.2457234490281,41.7722553292576,6,13,20,25,31,38,2.03177159937016,3.07057963736121,0.336101330199738,3.42948067476427,1.154227597752,2.89698433510705,0.0554924697055438,2.0408406210767
8.4994995097733,20.886306430497,24.2250282937728,29.335173175576,40.2309036125024,41.7540534963078,6,13,20,25,31,38,2.03212811828597,3.07977758806958,0.334213933883333,3.43449364360394,1.15971382308219,2.87914512861067,0.0551787454883532,2.03176712846473
8.49994339757976,20.9119941016218,24.2413380495744,29.367692844955,40.2118459513305,41.7370989878906,6,13,20,25,31,38,2.03228075507782,3.08871286387388,0.332303881313695,3.43909216163792,1.16504918949377,2.86049298295135,0.0553737338780504,2.02339091604243
8.49984713517136,20.9358404942499,24.255447204299,29.3977096779051,40.1882146549697,41.7162601676942,6,13,20,25,31,37,2.03224765379833,3.09719105584913,0.330324798075475,3.44307146845491,1.17028935045634,2.84110907403807,0.0959476982982816,2.1958409069452
8.49925102227964,20.9577406065979,24.2671790008792,29.42511318158,40.1600323407137,41.6915447063392,6,13,20,25,31,37,2.03204267332047,3.10516012237836,0.328262631645879,3.44638115091259,1.17545589833791,2.82104361443563,0.0964238640198122,2.18628703537205
8.49820549825886,20.9773707072805,24.2760345633657,29.4495210925328,40.1270945622331,41.6623165551698,6,13,20,25,31,37,2.03168316549459,3.11248686618996,0.326082592497014,3.4488799409939,1.18058711797807,2.80036286006413,0.0969345136158909,2.17631670795893
8.4967557596574,20.9946138743821,24.2818771547102,29.4708289353049,40.0894011764057,41.6285832257994,6,13,20,25,31,37,2.03118468363364,3.11911314433193,0.323781587975213,3.45052880421234,1.18569355440042,2.77910645279735,0.0974809337732606,2.16596931240041
8.49494812048435,21.0089600520729,24.2839750725141,29.4884660093013,40.0466303868621,41.5900697433113,6,13,20,25,31,37,2.03056316774544,3.1248409988293,0.321316052527418,3.4511209149726,1.1908283441828,2.75736597547974,0.0980698615830877,2.15536564095353
8.49281350112231,21.0203999001498,24.282388613588,29.5024300124209,39.9988659645426,41.5468997024315,6,13,20,25,31,37,2.02982926632165,3.12965543146276,0.318701385170506,3.45067315466226,1.19597081543654,2.73517420288288,0.0987071494383139,2.14452336655745
8.49039518081096,21.0287515145246,24.2768098350854,29.5125091228572,39.9460409612515,41.4989875959423,6,13,20,25,31,37,2.02899787727875,3.13347594359923,0.315913824924035,3.44909872243914,1.2011527810181,2.71258494857731,0.0993906032555743,2.13350150622093
8.48772400129931,21.0338938696603,24.2671615104833,29.5186239735076,39.8881317664478,41.4463595367213,6,13,20,25,31,37,2.02807962173583,3.13624812563438,0.312963864900867,3.44637621606545,1.2063735941791,2.68961990778393,0.100127566918862,2.12232782652532
8.48482550247944,21.0359832586038,24.2536826000241,29.5209921945746,39.8254399953154,41.3892982793947,6,13,20,25,31,37,2.02708329732163,3.13801797403737,0.309869712555364,3.44257372117575,1.21162624296488,2.66631085018066,0.10091588403911,2.11101450829911
8.48173551092979,21.0350845782466,24.2363941504347,29.5196221844017,39.7580527803338,41.3279161383878,6,13,20,25,31,37,2.02602123597161,3.13879556065458,0.306624441706618,3.43769807141955,1.21690657450167,2.64268758066464,0.101759591129686,2.09958597519476
8.47847422084822,21.0309356461261,24.2151193310082,29.5143329408737,39.6858414567356,41.2621101377584,6,13,20,25,31,37,2.02490039436645,3.13848057760743,0.303246800191851,3.43170057717843,1.22221323805087,2.61877039113922,0.102662878560395,2.0880620160398
8.46863209548069,20.9963519163807,24.1660232909215,29.4801642057319,39.608898317776,41.1872463433703,6,13,20,25,31,37,2.02151845165796,3.1297027572569,0.300395385543206,3.41787017561822,1.22717224963191,2.60349922482885,0.102956851578142,2.08140200971303
8.44563488988267,20.6807299246556,23.6590870605428,29.0694821279078,39.3188837777719,40.9243884803539,6,12,19,24,30,36,2.01361971282408,3.36873787045087,0.263752829687115,3.49270624913258,1.25923265626392,2.64661138935719,0.106829375210027,2.14472928902268
8.42460719484181,20.5617961899746,23.4928782693786,28.9215688310434,39.1985906117809,40.8334699001074,6,12,19,24,30,36,2.00640178915156,3.3326301701569,0.254977577308218,3.4450877530043,1.26534271890008,2.6564933264384,0.111086966619598,2.16437188895866
8.40401617701201,20.4321450261799,23.3078078299724,28.7522565367166,39.067443732491,40.7605606600611,6,12,19,24,30,36,1.99933780948777,3.29246469522587,0.244836387805062,3.39225506592466,1.27060948479423,2.67015652736718,0.119735868083313,2.19372710891053
8.38301065767873,20.2952860060438,23.112415388597,28.5702169038542,38.9365803989234,40.7192385750629,6,12,19,24,30,36,1.99213577859841,3.24986284350173,0.234299429163834,3.33669562019973,1.27507527586041,2.68849275790667,0.133558861050024,2.23423091648969
8.37458920995249,20.1822094601768,22.8795671410645,28.352966361356,38.7617732391721,40.5835706182775,6,12,19,24,30,36,1.98924955010221,3.2114378980938,0.213311264642745,3.27078534773788,1.28029527345109,2.70371308269366,0.139795415866153,2.25988468086125
8.39121661023058,20.0718511198864,22.5514143585615,28.0435691514662,38.428699261769,40.163504042955,6,12,19,24,30,36,1.99494880238437,3.16489063992878,0.177210123278463,3.17846227570114,1.28657693996283,2.69522106829888,0.12609345278718,2.23561908436878
8.40819456762912,19.9635101403146,22.2185990397998,27.7337821048379,38.0724052544014,39.7141869233581,6,12,19,24,30,36,2.00077092824891,3.11903817418015,0.142974422550529,3.08551760860616,1.29429682150327,2.67855137583191,0.112097684578614,2.20496728473056
8.43062115114966,19.8490603500976,21.8862336918711,27.4226289972705,37.6807684692015,39.2261267437567,6,12,19,24,30,36,2.00846570146378,3.06905407777417,0.1128468221252,2.99341072078113,1.30141487548407,2.64973705763337,0.0983358168374736,2.16418940341474
8.45565204221853,19.7354267146128,21.5585778081933,27.1173545107704,37.2675336052532,38.7148973742796,6,12,19,24,30,36,2.01705964497945,3.01852253202744,0.0864536099035353,2.9033242966653,1.30893245462322,2.61115387680429,0.0851604286652,2.11638678187468
8.48094730994722,19.6273345654377,21.2401891511179,26.8241601559489,36.8437715064434,38.1946156409379,6,12,19,24,30,36,2.02575033760189,2.97001648217323,0.0638046217609406,2.8164844955645,1.31740363081735,2.56459755970761,0.0730159265989408,2.06416596321809
8.50635499967925,19.5253490799426,20.9362261910286,26.5471445991014,36.4148306275779,37.6748718056817,6,12,19,24,30,36,2.03448567521766,2.92378602744007,0.0452813532069393,2.73423876320515,1.3264744806252,2.51057576088155,0.0623751051061748,2.0087690803528
8.53170249924864,19.4298400181005,20.6516487767914,26.2900326464069,35.9865555191762,37.1660477340145,6,12,19,24,30,36,2.0432063001833,2.88001600414934,0.0309185371437888,2.65783706882526,1.33573050337151,2.44991185341936,0.0535950393149901,1.95166419871107
8.55682027009268,19.340990544267,20.3908552614429,26.0559705855327,35.5650245267911,36.6784565069109,6,12,19,24,30,36,2.05185375150503,2.83882140543843,0.0203993685359018,2.58834140528432,1.3447495367167,2.38371771019026,0.0468704818939251,1.89440308325108
8.58154192024899,19.2587692796447,20.1572739022386,25.8472269871589,35.1560482494962,36.2212408729326,6,12,19,24,30,36,2.0603704978666,2.80023810324171,0.0131311924184548,2.52652930709398,1.35313875185826,2.31331415178769,0.0422372017526016,1.83843773779765
8.60571462071291,19.1829372448231,19.9530759623558,25.6650117150547,34.7647415118358,35.801499367447,6,12,19,24,30,36,2.068703539878,2.76422244584315,0.00838305562538965,2.47283412065262,1.36057089187244,2.24013605794695,0.0396174007451638,1.78497498528235
8.62918017996432,19.1130580491336,19.7790295190827,25.5094503271836,34.3952010488324,35.4237757733245,6,12,19,24,30,36,2.07679790323667,2.73066247834145,0.00543421410911212,2.42732322078864,1.36682576623776,2.16562186615805,0.0388788855485601,1.73489621628005
8.6517922158072,19.0485465772043,19.6345439119186,25.3796587762528,34.0503447899044,35.0900148087408,6,12,19,24,30,36,2.0846025720055,2.69938981596838,0.00368210333968436,2.38972361516633,1.37180126302024,2.09112741159058,0.0398818867145343,1.68875050488513
8.67342984411332,18.9887166091695,19.5178655950919,25.2739669274544,33.7319163410487,34.7998925119276,6,12,19,24,30,36,2.09207524135257,2.67019218577654,0.00268680466819382,2.35948203465588,1.37552330743189,2.01784870491597,0.0424981168390351,1.64680275134507
8.69396027119021,18.9328121033329,19.426358138317,25.190121368919,33.4405777197265,34.5513508744349,6,12,19,24,30,36,2.09916942459594,2.64283822131476,0.00216204426922099,2.33584130912286,1.37812002852431,1.9467855152912,0.0466089688183539,1.60910789992988
8.71466433305719,18.8832830922772,19.359655715711,25.1286919406526,33.1869609469027,34.3503391877095,6,12,19,24,30,36,2.10632742811878,2.61773830783967,0.00193464107516124,2.31865183371178,1.37990758884563,1.88134042212909,0.0519147046624287,1.5770858013294
8.71960919517433,18.9543241829707,19.4340906757862,25.2082749688273,33.1924654088223,34.3684370836774,6,13,20,25,31,37,2.10803757849573,2.33346708868489,0.00197828923051399,2.15967273396808,1.3816531687364,1.85621445852589,0.0532257351700687,1.56371441105027
8.72101489053212,18.9190727911781,19.4032273537768,25.1839325436181,33.1219671567514,34.300255534712,6,13,20,25,31,37,2.10852376942118,2.32105207617707,0.00203566213585047,2.15201913890334,1.38386476400828,1.84058804341133,0.0534686195446195,1.55487692725136
8.72224495480697,18.8829578654105,19.3714826144108,25.1594298061329,33.051255554536,34.2318814742963,6,13,20,25,31,37,2.1089492288758,2.30841560792609,0.00209386035235769,2.14415547417541,1.38632161065188,1.82496602115876,0.0537142247833715,1.54621804706469
8.72329153093121,18.8462798020013,20.8541584985394,26.6345556179494,35.1606842694544,36.3512007011342,6,13,21,26,33,39,2.10931123333565,2.29566256121505,0.0676789856444524,2.3393750833954,1.38376026719465,1.76796224439827,0.0547593692835018,1.54011678640459
8.72416585546262,18.8092883471914,20.8215708379042,26.6094987851067,35.0839688814285,36.277264590189,6,13,21,26,33,39,2.10961366446803,2.2828738908027,0.0680845083085788,2.3312254896963,1.38631508100132,1.7513302286456,0.0550547886303768,1.53056439272374
8.72486417424727,18.7722337791971,20.7889988247753,26.5848536288941,35.0080384289661,36.204112592169,6,13,21,26,33,39,2.10985521964091,2.27013548542886,0.0684985753368611,2.32308824277464,1.38900508695999,1.73484867113147,0.0553508774359862,1.521208336468
8.72849055297522,18.7342879921714,20.7554632538154,26.552727690374,34.9225967972414,36.2643383426686,6,14,22,27,34,41,2.11110968862393,1.98748873009481,0.0689072312043129,2.14508693932174,1.38948354065256,1.71774692953597,0.039691464856965,1.39585889494707
8.79811068449885,18.6907240077628,20.7144499544869,26.5154778197185,34.8151363190568,36.1578930777403,7,14,22,27,34,41,1.85602232655186,2.21804669847306,0.0691441558089848,2.1352453696633,1.39076104673182,1.69527677471306,0.0397707419869446,1.3815182172971
8.793102077648,18.6419346927218,20.6680437892823,26.4779487679616,35.0741249711903,36.4106416551292,7,14,22,27,35,42,1.85439335313492,2.20334869997907,0.0693658993049354,2.12412669785998,1.39377517330083,1.55025474858922,0.0392847870966364,1.30889823123206
8.78148187057951,18.5879967683132,20.6011076960239,26.3947070748981,34.990366139435,36.3167012553434,7,14,22,27,35,42,1.85061509848949,2.18915799775735,0.0681609353762786,2.10812103673585,1.38823961309085,1.55009874521897,0.0384986924634172,1.30321254548046
8.7699930175647,18.5309519105306,20.5316021052921,26.304167718098,34.896428593585,36.211709937229,7,14,22,27,35,42,1.84688098656051,2.17389925258495,0.0670160788830746,2.09154100021582,1.38110427578455,1.54907371329324,0.0376548262667154,1.29575444419728
8.75931088633043,18.4703594194421,20.4605158397772,26.4172110825014,34.7581402884059,36.9380105951866,7,14,22,28,35,43,1.84341035729652,2.15720348921308,0.0660597637237274,2.07462633879766,1.19430152836409,1.70847798009869,0.0844439521392738,1.33051014179089
8.74914633838446,18.4059709857967,20.3873209280043,26.3263789630539,34.6576011124252,36.8336708232344,7,14,22,28,35,43,1.84010904014765,2.13909043427749,0.0652627423571945,2.05725503384635,1.18880195439929,1.70537118546005,0.0840531036132123,1.32403353385943
8.73931725485566,18.3376232100236,20.3115879540968,26.2315786578522,34.55186315339,36.7182429234656,7,14,22,28,35,43,1.83691774541859,2.1195729934208,0.064598245948639,2.0393298274982,1.18286237726075,1.70187186487063,0.0830607337077029,1.31579530632573
8.72973016902488,18.265415918162,20.2333018401222,26.1331541771592,34.4411080574712,36.5959533509543,7,14,22,28,35,43,1.8338060355797,2.09872275627685,0.0640539604609081,2.02085244267688,1.17659589457814,1.69792858720477,0.0818872091547187,1.3066844166385
8.72032406217869,18.1894306924097,20.1523849264933,26.0312698557069,34.3256118659251,36.4682962648658,7,14,22,28,35,43,1.83075404105469,2.07659467159008,0.0636141581217813,2.00181017334898,1.17007882239459,1.69357766454964,0.0806590907916158,1.29703177937412
8.71106321880315,18.1098872438667,20.0690052917136,25.9263413058409,34.2057544159015,36.3363169414302,7,14,22,28,35,43,1.8277501247088,2.05328134749416,0.0632731490982298,1.9822483466675,1.16338890089668,1.68880829862758,0.0794442671666259,1.28702242574047
8.70192613614517,18.0269931854722,19.9832822575192,25.8186262054018,34.0821356108522,36.2010694352642,7,14,22,28,35,43,1.82478727254012,2.02886660988597,0.0630222894132492,1.96220065691997,1.156569701216,1.68373043566525,0.0782876626556955,1.2768513738846
8.69288924375993,17.9409478596729,19.8953347522714,25.7083846837836,33.9549934681633,36.0625043891517,7,14,22,28,35,43,1.82185780941197,2.00343215590043,0.0628539074291556,1.94170057346062,1.14966548301198,1.67833758784572,0.0771599281908247,1.26648597699399
8.68394359747412,17.8520291840431,19.8053886386707,25.5959864521453,33.8251350787611,35.9218120446487,7,14,22,28,35,43,1.81895880900828,1.97708059838124,0.0627630563862397,1.92080620651852,1.14272111594742,1.67276980001223,0.0760980456524936,1.25612495854326
8.67508999515465,17.7605264864411,19.7137063881776,25.4818017760048,33.6930408428558,35.7794432107191,7,14,22,28,35,43,1.81609050438786,1.94991468913884,0.0627471865309539,1.89958358924637,1.135770118222,1.66706252282497,0.0750979327617836,1.24580697946304
8.66631230973425,17.6666754758919,19.6204512633163,25.3661038349493,33.5592306397227,35.6358272756591,7,14,22,28,35,43,1.81324764777286,1.92202466303895,0.0627998622361071,1.87807520781886,1.12884649303274,1.66129459718647,0.0741497737781727,1.23558600610925
8.65741097646981,17.575786257854,19.5305046295781,25.2548953103743,33.4364657368049,35.4999378791529,7,14,22,28,35,43,1.81036561398933,1.89521705259582,0.0628832331368079,1.85740530849292,1.1222954882093,1.65761650115495,0.0728903782257949,1.22628850206643
8.64914883716633,17.4837929771529,19.4386461912402,25.1406253747901,33.306569685736,35.3687192066872,7,14,22,28,35,43,1.80769132001137,1.86791243079054,0.0628951645930773,1.83637308761481,1.11539907835339,1.65264569921842,0.0727640772622642,1.21834354089085
8.64105998349293,17.3904598612017,19.3458317648011,25.0253788891881,33.1746921226635,35.2374725509041,7,14,22,28,35,43,1.80507384807829,1.84019137288209,0.0629410716386156,1.81520163257818,1.10850544133947,1.64735848625603,0.0728243103856854,1.21060415895033
8.63302675775938,17.2975526760465,19.254134994855,24.9120036239817,33.0465020195165,35.1077740867266,7,14,22,28,35,43,1.80247509555998,1.81266918771868,0.063048268810515,1.79436435557999,1.10185208776081,1.64265153103972,0.0726803488011478,1.20296928022527
8.62511154002615,17.2053268828451,19.1637064874036,24.8006205496976,32.9218471462379,34.9806231474244,7,14,22,28,35,43,1.79991522037865,1.78540849073468,0.0632076171578718,1.77389300581158,1.09542909662196,1.63843711928273,0.0724424401396106,1.19560829492844
8.61727155730924,17.1124205742932,19.0731008485935,24.6894795410312,32.7978648677187,34.8540120306272,7,14,22,28,35,43,1.79738036476473,1.75798436778902,0.0634119036827099,1.75345956446088,1.08914244661793,1.63436148695565,0.0721923104583792,1.18840718464399
8.60951222355031,17.0190750846229,18.9825768506893,24.5788809801746,32.6749966319188,34.728531612455,7,14,22,28,35,43,1.79487225981062,1.73047609925979,0.0636629080762936,1.73312311272296,1.08300442050569,1.63046917426965,0.0719442067127302,1.18143124786906
8.60183075936005,16.9254866826617,18.8923428708985,24.4690534515601,32.5534033222576,34.6043191495545,7,14,22,28,35,43,1.79238998754965,1.70295034637272,0.0639619988848519,1.71293058154482,1.07702071238689,1.62673846380387,0.0716958825638652,1.17466502185853
8.59202498595766,16.834458146384,18.8068026103153,24.3635128941589,32.4325862222525,34.4742036393973,7,14,22,28,35,43,1.78922220198434,1.67700570904477,0.0644529338003507,1.69386157038057,1.07092020736539,1.62189712213335,0.0708178671542655,1.16581046553086
8.58034733587763,17.5760093352238,19.5947606294241,25.1758506055493,33.2888498065448,35.1786788327255,7,15,23,29,36,44,1.78545110686151,1.67179117746578,0.0686824675149065,1.72328347666062,1.07835752069674,1.63582562929287,0.0572797273231071,1.14929418905554
8.5691555526619,17.5598828954386,19.599084210167,25.1810669890473,33.2924670914507,35.1488039146903,7,15,23,29,36,44,1.78183835158618,1.67027771531989,0.0705906369851931,1.72423627113613,1.07863009236467,1.635318150076,0.0544958170699567,1.14255369162274
8.55828252372386,17.5774422758218,19.678110024502,25.2640628120265,33.3729962280792,35.3020632577558,7,16,24,30,37,45,1.77832984201792,1.45927571972204,0.0764883256399806,1.60122852482852,1.07984231207432,1.63453540095545,0.0606351192400964,1.15720380568554
8.54764393014828,17.523745172009,19.6441885006564,25.2241756354248,33.3831399508914,35.3874394173845,7,16,24,30,38,46,1.77489827107312,1.44694094749994,0.0784373127475483,1.59405531313559,1.07802084507991,1.41965501532508,0.0673503199132737,1.06257336778663
8.53721498428463,17.4521027735202,19.7879303317227,25.3642565012959,33.5339313173587,35.429671201327,7,16,25,31,39,47,1.77153556588215,1.42945007053168,0.0645226515973717,1.49180468989318,1.07690338824441,1.4228225577624,0.057778715313557,1.0435481701306
8.52698100749193,17.4201730012001,19.918417631259,25.5004829426808,33.7023413023068,35.5192738200064,7,17,26,32,40,48,1.76823692435024,1.23154143125778,0.0785142343321161,1.39282853225049,1.07865529020912,1.43235043609982,0.0513153152226522,1.03592312870006
8.5169184437756,18.3653113883035,20.5508835432724,26.1041117012908,34.2818136727938,35.9472509292137,7,18,27,33,41,49,1.7649946924347,1.30384888800378,0.0528934740519014,1.39504530219936,1.06985885618031,1.42519759897838,0.0400471021031331,0.998113523250953
8.50703675768907,18.301686689854,20.4976847529675,26.040360100249,35.7644059346775,37.4544498136494,7,18,27,33,42,50,1.76181186157554,1.28986992327274,0.0536593932325877,1.38480668198573,1.06664375982219,1.66471751091732,0.0417734612069518,1.17770846382055
8.49732735930055,18.2341110849292,20.4401801707698,25.9862870492526,35.8302718347906,37.5145529445659,7,18,27,34,43,51,1.75868560757288,1.27486666264554,0.0544050547291933,1.37377140739924,0.870803402320531,1.7003012978086,0.0413655375644185,1.0858684761672
8.48778298573481,18.1658965122484,20.3815849583565,25.9187050339223,35.7299989866951,37.4152907698814,7,18,27,34,43,51,1.75561353792995,1.25970642077137,0.0551226080903897,1.36256121569407,0.868338597798331,1.69058523619004,0.041436919158822,1.07842732297131
8.47840785573142,18.0971604297116,20.5367763844183,26.0921068239207,35.820433423359,37.3668499622381,7,18,28,35,44,52,1.75259695782812,1.24442094165842,0.0461929890106252,1.27672864522532,0.873335043964316,1.66598452797783,0.0322661344825857,1.04147089649729
8.46919872659347,18.0269951731246,20.4675262631969,26.0141664326897,35.7217814453717,37.2701058468291,7,18,28,35,44,52,1.74963477177023,1.22878098983402,0.0462498980206881,1.26403111244768,0.870949725219691,1.65985641646893,0.0323834278252157,1.03652021075806
8.54102279306461,18.2989198072866,22.0894738955473,27.6544848675004,37.2060730677563,38.88132500174,7,20,31,38,48,56,1.77276321155396,0.96674138277851,0.124786376993461,1.23009971169334,0.875994179754053,1.4092519035622,0.0407308469170003,0.931406394386328
8.62612942435584,18.3045647846362,22.7213611130802,28.306948764576,39.0020006465491,40.4479685780897,7,20,32,39,50,58,1.80024437716575,0.949049639514632,0.144435842148539,1.23568847182353,0.881653373449645,1.52947920102807,0.0264311952382746,0.990581101823019
8.71295287228488,18.3110040351102,22.717993280782,28.3208254065081,39.0704090813816,40.5132353678819,7,20,32,39,50,58,1.82836299063499,0.931265619104158,0.143433211493512,1.23510899537669,0.886403420543674,1.54434331363756,0.0262594433265809,1.00234527763567
8.80943151269878,18.2446739131842,22.686816880352,28.2903504113808,39.1649255771897,40.5191362188438,7,20,32,39,50,58,1.85970524880275,0.895600434588742,0.147043942722477,1.22974994702463,0.886596765496435,1.57855671591099,0.0216810210028357,1.00872400266389
8.89210447238326,18.1625003942065,22.6355969959443,28.2354295195307,39.2186929707731,40.4940505220018,7,20,32,39,50,58,1.88664217960255,0.859982163240879,0.150261734162599,1.22096606766286,0.88557669298353,1.60846770059574,0.0180346756205296,1.01322999959029
8.96271413612065,18.0638175373774,22.8645579317194,28.4833049755084,39.6187563938469,40.7884662576662,7,20,33,40,51,59,1.90970583675843,0.823933002658677,0.138972126258483,1.15933823020965,0.890793121919322,1.65059540266436,0.0137663621311804,1.02455138780136
9.02074585218741,17.9505137699925,22.8368109501482,28.4508642787991,39.6739718624548,40.777874160769,7,20,33,40,51,59,1.92870004287053,0.788009599706314,0.147266341173437,1.1547474519573,0.88949790121815,1.67498765188252,0.011454839614407,1.02752702660814
9.0659965853879,17.8240517371317,22.8031517413044,28.4112190926732,39.7106058925856,40.7599908604288,7,20,33,40,51,59,1.94353506180452,0.752588108817672,0.156549892339121,1.14918863329588,0.887846794268143,1.69628886859144,0.0097352279533346,1.03026655995168
9.09602523306568,17.5732105216474,22.6540205484128,28.2509143262233,39.5928942890538,40.6294126607646,7,20,33,40,51,59,1.95339123545142,0.695943992614063,0.167064840952159,1.12469400021551,0.884766932930189,1.70821314794255,0.00935461083424721,1.0334921230375
9.10765140339205,17.4515869853459,22.4868573310646,28.060938467191,39.4382924530332,40.9802804923462,7,20,33,40,51,60,1.95720970828131,0.66965024087558,0.162313049078423,1.09750012218594,0.878487569919018,1.71813259380677,0.0173343571841532,1.02084677162666
9.11790833679449,17.4094106683573,22.0361695520027,27.6091161072241,38.9572156892361,40.6799885210364,7,20,32,39,50,59,1.96057961081507,0.659408434734374,0.16676510305938,1.12009273833501,0.878175572111091,1.70992813741187,0.0250330781035524,1.04661462013113
9.12713073665155,17.6639373546639,21.8316209937706,27.402720426705,38.6902992539327,40.4457984402538,7,21,33,40,51,60,1.96361052830261,0.598123682532243,0.120099274747338,0.993635231126857,0.877667694831813,1.69298693127936,0.0266133373578023,1.04151529962577
9.35806058060804,20.2136076141788,23.2014689329387,29.0772288681165,37.7660672235384,41.8430459280068,8,22,34,41,51,61,1.78373336127479,1.07186672619164,0.037488175509176,1.11804527765147,0.962445604892274,1.17774271725603,0.211972034786164,1.04622857205463
9.35051119494914,19.9376446073264,22.8659831822977,28.7172998346356,37.5879416745126,41.4425285069183,8,22,34,41,52,62,1.78138577627213,1.01211312954486,0.0347354131315696,1.06454050162419,0.95557063058203,1.05659870046187,0.182288985298202,0.937333022695577
9.34248292568444,19.6979602605,22.4948179876714,28.3265734331022,37.2896049356106,41.1318947346453,8,22,34,41,52,62,1.7788899905421,0.96148989683361,0.029112499968097,1.00665301913943,0.950077782333971,1.07929168184358,0.180708996408982,0.947164707560704
9.33397964075317,19.483480464768,22.1512842077231,27.9657714122839,36.9838741133571,40.8743271378504,8,22,34,41,52,62,1.77624733896857,0.917240092349153,0.0241914242084007,0.954324105974076,0.945235478023959,1.0928880542229,0.186934377391904,0.961201692329189
9.32500652347879,19.288356208742,21.8588300633702,27.6575086500105,36.7253430933543,40.097833134159,8,22,34,41,52,61,1.77345957172145,0.877884382565879,0.0208594211121928,0.91074063054684,0.940807987350354,1.10521038749198,0.178060182792251,0.97785815831822
9.31558733991409,19.1060479471868,21.6168644373723,27.4010575816443,36.5169800945586,39.8617358401945,8,22,34,41,52,61,1.77053421524598,0.841887017611525,0.0189734909681047,0.875363255014314,0.936755720127185,1.11716501144316,0.174308132343319,0.978841103028651
9.30572928121761,18.9342724601969,21.420801106953,27.19136996531,36.3535605101875,39.7053126045226,8,22,34,41,52,61,1.76747364832382,0.808670361907457,0.0182389984140458,0.847156357414179,0.932948428022567,1.128703589948,0.175251165458385,0.985491515900009
9.35690858499218,18.8252792565359,21.1803215220284,26.9577800491362,36.1802398502881,39.5280453279547,8,22,34,41,52,61,1.78337509035975,0.776295154979715,0.0145878296835318,0.813127890112858,0.934873244713262,1.14378696606993,0.174718915133362,0.996135107986307
9.41719505596029,18.598848136786,20.9597906323364,26.745430951307,36.0253693838591,39.3693444435322,8,22,34,41,52,61,1.80214447145927,0.719577843518019,0.0147401595760041,0.782479413510425,0.93716036353056,1.15822739738674,0.17420304979337,1.00659151645844
9.4763802386865,18.4139471552392,20.7482935655188,26.5416743614864,35.8648249516889,39.2019494870341,8,22,34,41,52,61,1.82061090930404,0.672585480013277,0.0140618638728785,0.75359337371728,0.939325427235546,1.16911897784789,0.173282204580133,1.01407728518765
9.53647869329855,18.2707962267311,20.5564162124845,26.3564832046981,35.7146182440084,39.0416748246048,8,22,34,41,52,61,1.83940234630223,0.634393986073605,0.0128742242686945,0.727821242231532,0.941196623966846,1.17795882190146,0.171932967107742,1.01945543279009
9.59806450084858,18.1598192755475,20.3871679869304,26.1928111150996,35.5787155867191,38.8908251866105,8,22,34,41,52,61,1.85870026237683,0.602658412773296,0.0115453600089289,0.705434995863958,0.942757883104325,1.18498954442454,0.169938882468421,1.02259187455273
9.66102092857558,18.0727696477747,20.2383798963109,26.0488097771502,35.454983552098,38.7491871570643,8,22,34,41,52,61,1.87847052478122,0.57559892325977,0.0102427617618237,0.686025614016884,0.944098647369383,1.19012913522125,0.167564246250824,1.02381182354406
9.72527304228274,18.005693193086,20.1091441629491,25.9235360328265,35.343265780585,38.6164357973837,8,22,34,41,52,61,1.89869185970103,0.552320437780414,0.00903690683259431,0.669373923956542,0.945208762001986,1.19357010370387,0.164794700230026,1.02321191021411
9.7906843538147,17.9544741125923,19.9975436371079,25.8153702397307,35.2413009968382,38.4908543375162,8,22,34,41,52,61,1.91932335364897,0.531975735293648,0.00796310335567109,0.655150433166266,0.946171411845006,1.19514510321243,0.161710714547346,1.02082760163988
9.85717285748403,17.9167437925378,19.9012496019379,25.7220366999983,35.1484344048683,38.3729086920296,8,22,34,41,52,61,1.94034095317457,0.514061908573287,0.00700971583262828,0.642994574890777,0.947001346966621,1.19526372833041,0.1584656499715,1.01713963534495
9.92463677060285,17.8909928128731,19.8191855727614,25.6424943896726,35.0641887450411,38.3208412705995,8,22,34,41,52,62,1.96171409772255,0.498255248541437,0.00617128595623166,0.632720896824625,0.947708422449041,1.1940690300627,0.113253607459239,0.925229230221141
9.99297152891459,17.8763051467473,19.7508290698958,25.5763832518851,34.9889032672772,38.2199178776302,8,22,34,41,52,62,1.98341104934072,0.484350749597181,0.00544053754784453,0.624223819622754,0.948338122485644,1.19173966442645,0.110660243819228,0.91998649514554
10.058032489194,17.8525157947152,19.6754368867492,25.5020522391645,34.9001968885758,38.1051075412765,8,22,34,41,52,62,2.0041128379309,0.469653869813321,0.00479794754966657,0.614916219634685,0.948635758657788,1.18809244590932,0.108051621275461,0.913657728087683
10.1236823360604,17.8387168457941,19.6119212175904,25.4391654755154,34.821231422175,37.998679881089,8,22,34,41,52,62,2.02504531113106,0.456674829729507,0.00423193172196884,0.607127163899427,0.94881216470469,1.1840169650454,0.105342095669495,0.906789118727625
10.1899444295314,17.8347221707532,19.5601237562562,25.3877057248619,34.7533283630647,37.9019020762785,8,22,34,41,52,62,2.04621662093373,0.445326857136617,0.0037345071486509,0.600810665738727,0.948906894933658,1.17985333374284,0.102531832034324,0.899613135267454
10.2567509209675,17.8396470947421,19.5201384931498,25.3555263574519,36.89480369546,38.2854979221664,8,22,34,42,53,63,2.0676057412274,0.435433269772437,0.00330697648061104,0.595956504544431,0.778563502271075,1.76372420800802,0.00607426086226609,0.875722284371177
10.3203774051348,17.8418124702689,19.4793579934415,25.3130417964951,36.828870873769,38.1903301684951,8,22,34,42,53,63,2.08801723838743,0.425701953105698,0.00293245867512764,0.591025486011174,0.778133392888739,1.75710333182761,0.00558866133411334,0.867303379389384
10.3816975390842,17.8443777420853,19.4415503785256,25.2721819161449,36.760542404645,38.0984807402601,8,22,34,42,53,63,2.10772585002189,0.416488427617598,0.00260949134271756,0.586471727200867,0.777363168114658,1.74935528951223,0.00521778540777146,0.858972879638539
10.4433722701636,17.8559731506623,19.4165652508426,25.2437385133289,36.6964062014821,38.0162955227468,8,22,34,42,53,63,2.12758468155382,0.40870478845939,0.00234006379977604,0.58347178898449,0.776490759936241,1.73930042898783,0.0049449091796472,0.850193607305436
10.5053273886792,17.7543535457915,19.1675128297545,25.0668529380238,36.4518641305505,37.7469603806049,8,21,33,41,52,62,2.14757002646419,0.468870789856699,0.00145692160501374,0.61930410388618,0.794755472535753,1.72028172756363,0.00458630905168578,0.847089974312246
10.5674829819365,17.7736365865974,19.1511608793043,25.0494473091871,36.379629237622,37.66727356162,8,21,33,41,52,62,2.16765615778862,0.46160077730736,0.00128734733833097,0.61725967895283,0.794487904204409,1.70490805705763,0.00448213824960134,0.837430442936449
10.6297658021535,17.8003074142347,19.1468128744597,25.043808798351,36.312219487154,37.5975294247291,8,21,33,41,52,62,2.18781932196619,0.455597947314869,0.00115216521664039,0.616716608962394,0.794160232329095,1.68763034455649,0.00444984510237934,0.827507381516535
10.6920933976702,17.833323880425,19.1533798655168,25.0488205983622,36.2501295213664,37.5384179368332,8,21,33,41,52,62,2.20803261045409,0.450681842758267,0.00104556682288266,0.617536920767329,0.793765406819429,1.66891306186812,0.00449107683193708,0.817593694045709
10.754403634632,17.8728511275934,19.1711856271624,25.0647814676103,36.1952786146444,37.491558531623,8,21,33,41,52,62,2.22827553654949,0.446876083063121,0.000963722982157577,0.61976374576842,0.793297107485104,1.64921953745677,0.00460300799396249,0.807884303641153
10.8166304548706,17.9184485937232,19.2000427763236,25.091409361127,36.1500444672357,37.4591802069471,8,21,33,41,52,62,2.24852620062768,0.444106804570862,0.000904020628541022,0.623380829327334,0.792731350802581,1.62929611067477,0.00478708647902813,0.798737039475068
10.8786967319032,17.9696392334185,19.2394669935105,25.1278338246172,36.1171055647961,37.443712103281,8,21,33,41,52,62,2.26875895220334,0.442299603901559,0.000863760767915455,0.628338704018168,0.79197023767797,1.61012547437695,0.00504528859338187,0.790576455990558
10.9405378503282,18.0261558869984,19.2897667162505,25.1738504620557,36.1027877099196,37.4509752896624,8,21,33,41,52,62,2.28895206989609,0.441415970060323,0.000843044614018514,0.63469146851305,0.790883881444315,1.59349868574239,0.00537725074675574,0.784204390396393
11.0020866875006,18.0875193153268,19.2303217796709,25.094303620567,35.9738649755472,37.3585618003546,8,21,32,40,51,61,2.30908288407116,0.441385213508601,0.001211422919349,0.698589289712176,0.785791095046156,1.57992567373047,0.00597238559950106,0.779338495479329
11.0632908558543,18.1539061384271,19.3163228251954,25.1705711144977,36.0212673509485,37.4344826913626,8,21,32,40,51,61,2.32913342791441,0.442245278083465,0.00130909986287623,0.710182774050349,0.78332858137333,1.57200510559922,0.00646737745823482,0.777853432254524
11.1240869204169,18.224525550361,19.4288327804352,25.2712719384315,35.6957587965287,37.2374864506555,8,21,31,39,50,60,2.34908201402585,0.443877400514803,0.00342635786497824,0.804439329053659,0.780344009161303,1.45630535290917,0.00904378639985002,0.732872491020786
11.1844109516684,18.2991313358111,19.5527266401107,25.3954259710678,35.6638749624011,37.2594431772917,8,21,31,39,50,60,2.36890668085517,0.446254780932489,0.0040269234915265,0.822521081678361,0.780409727732092,1.41455196683056,0.0103005169569253,0.71832192355471
11.2442257682462,18.3776909568577,19.6843032187209,25.5273557461951,35.63996735992,37.2933161745777,8,21,31,39,50,60,2.38859416984301,0.449383178112836,0.00475056042367464,0.841919539222772,0.780498946254904,1.37318843007207,0.0117720497249975,0.70449981833246
11.3027873593852,18.4585385660563,19.8221971851793,25.6652357528365,35.624205914176,37.337214157697,8,21,31,39,50,60,2.4078980049005,0.453114491456353,0.00562423579479862,0.862463697143938,0.780495419905473,1.33274480012303,0.0134293808482592,0.691317641568257
11.3570192888504,18.5376765251563,19.9672704855061,25.8078964745423,35.6208913986186,37.3908200890494,8,21,31,39,50,60,2.42579985610618,0.457299724884528,0.00676388455609521,0.884312230918237,0.779886055639251,1.29463677030238,0.0151453206067028,0.678599389364976
11.3970817112142,18.5801332211961,20.0426382733592,25.8838808929762,35.6401135547111,37.4132585719385,8,21,31,39,50,60,2.43903983124102,0.457702907212003,0.00738724013995716,0.89575718752318,0.780041789650021,1.279903684108,0.0152462833594917,0.671289227736325
11.4350465424086,18.6181754529974,20.1089007183564,25.9513951408257,35.6646445488448,37.4334983380654,8,21,31,39,50,60,2.4515986197121,0.457715943515671,0.00795165949865632,0.905872411126963,0.780357968593458,1.26877919748282,0.0151116749689381,0.664962560742558
11.4726905028145,18.6567224681441,20.1749011306662,26.0189674518645,35.6906033006752,37.4546006298929,8,21,31,39,50,60,2.46406275688741,0.457868053197618,0.00852784247319699,0.915996680352485,0.780755050298701,1.25803580228107,0.0149602625579058,0.658817104648178
11.5091673727456,18.6977627662715,20.2346732280247,26.0808993369664,35.7177626065148,37.479846593917,8,21,31,39,50,60,2.47615131853191,0.45863703507308,0.00893659636141965,0.925207613396217,0.78130073704034,1.24907874725638,0.0149008789326902,0.654109248502227
11.5398199333706,18.7452959388629,20.2749665517136,26.123205828891,35.7451858196158,37.5163917716344,8,21,31,39,50,60,2.48631790109152,0.461486254323316,0.00877709717958213,0.931439334920317,0.781809480059836,1.24525061778575,0.0151853630373206,0.653599104665208
11.5686219629256,18.7917557414793,20.3195172221301,26.1683672581717,35.7765156169865,37.5552857239384,8,21,31,39,50,60,2.4958775202377,0.464474504370651,0.00873535648110073,0.938350508117881,0.781963842721753,1.2416960285763,0.0154238983222396,0.652829542111423
11.5969607313736,18.8388511880645,20.364939910422,26.2143319762922,35.8090257072428,37.5951900630824,8,21,31,39,50,60,2.50528978582924,0.467657498505773,0.00869889290790334,0.945419617803365,0.782100842360297,1.23824114766563,0.0156593921861389,0.652079208183762
11.624844745556,18.8865219470241,20.4110899557988,26.2609361231109,35.8437069449029,37.6371710248729,8,21,31,39,50,60,2.5145571877857,0.471025063952208,0.00866583201418577,0.95262529077122,0.782215623263353,1.23518191249812,0.0158941293837322,0.651512599778363
11.6522503059861,18.9346268556673,20.4580647876498,26.3082135946289,35.8816158101456,37.6828264439233,8,21,31,39,50,60,2.5236715168143,0.474558651118755,0.00864131814888571,0.959983857864784,0.782292122692589,1.23277961168769,0.0161456922360986,0.651333329610705
11.679175410447,18.9834370730495,20.5060592724756,26.3564152483157,35.9207111856404,37.7292557332811,8,21,31,39,50,60,2.532631774007,0.478306524924742,0.00862365192561599,0.967527205147549,0.782344490853566,1.23044587772057,0.0163861936807329,0.651120694288417
11.7056148152099,19.0329531979641,20.5550244832302,26.3982518564134,35.9083900390012,37.2430404806782,8,21,31,38,49,59,2.54143588709591,0.482271628811584,0.00861173450570182,0.975249138332882,0.953298164531878,1.21659305769623,0.0051673254290478,0.653306798871929
11.731566668284,19.082905811338,20.604660501783,26.4482372112591,35.9632138620209,37.2978381659755,8,21,31,38,49,59,2.55008291798767,0.486409789231386,0.00860489088280474,0.983103595477404,0.953396272930315,1.21782881428532,0.00516692563583465,0.654020403525286
11.7570371754579,19.1335602219023,20.6553568028033,26.4992009685521,35.8810294829578,37.1317727644604,8,21,31,38,48,58,2.55857462228226,0.490767547308513,0.00860579619265465,0.991153531886365,0.95347138768342,1.3628171951469,0.00399031540765039,0.701952879020022
11.7820044837307,19.1849686414957,20.7070934500596,26.5510951625054,35.9330767676039,37.1875349893129,8,21,31,38,48,58,2.56690340545236,0.495359977026572,0.00861289184308053,0.999397428890129,0.953515635172725,1.36285888347089,0.00403804554894156,0.702537239166171
11.8064785259335,19.2369811898476,20.7597260977328,26.6037423157636,35.9872839236719,37.2454398605373,8,21,31,38,48,58,2.57507227653044,0.500161584245811,0.00862630786473323,1.00781381812209,0.95351970913834,1.36328370926641,0.00408594660275299,0.70330289487346
11.8304527394207,18.6198212072682,20.2105582624317,26.0445138407251,35.5363358245804,36.7820788906847,8,20,30,37,48,58,2.58307874947481,0.483578558056858,0.0101832977397092,1.01339740498326,0.950695186512657,1.21191837109124,0.00392669257514477,0.637296702725758
11.8539408174353,18.6709022611464,20.2637383434822,26.0975698016145,35.5959125798237,36.8454093148804,8,20,30,37,48,58,2.59092711136313,0.488526553601465,0.010234117792829,1.02206826652616,0.950660353047034,1.21358201580731,0.00397438779984186,0.638684386516129
11.8769416987419,18.7223557525668,20.3179009966869,26.1515135672217,35.6427641690715,36.909201773489,8,20,30,37,47,57,2.59861673252264,0.493649788613313,0.0102999575132294,1.03093114135126,0.950598924542512,1.39270041385958,0.00419465704135581,0.718715342296541
11.8994547870064,18.7735823716144,20.3721326188642,26.2053488119568,35.7063379991597,36.9765452670177,8,20,30,37,47,57,2.60614714533359,0.498841609568732,0.0103733137973841,1.03983734811307,0.950487687935623,1.3953683499965,0.00424479760279354,0.720639696444377
11.9214878809296,18.8247567453323,20.4264714730022,26.2590965191929,35.7715003145555,37.0454086713055,8,20,30,37,47,57,2.61352069909142,0.504132855425552,0.0104509354334794,1.04879321203106,0.950321798706148,1.39849716055474,0.00429442853530126,0.722774061921475
11.9430420822653,18.8764310614919,20.4821878726988,26.3141193930677,35.8391045296631,37.116882259048,8,20,30,37,47,57,2.6207375123639,0.509625092445373,0.0105506404499205,1.05800930483781,0.950127188976077,1.40194792499465,0.00434674425292596,0.725092745290302
11.964138052093,18.9283417111783,20.5384253681948,26.3694970157769,35.9088171947492,37.1904545521841,8,20,30,37,47,56,2.62780426472241,0.51526832520658,0.0106580631790554,1.06734554485179,0.949885914771282,1.40588242440884,0.00915826735673934,0.814009390469648
11.9847566165888,18.9799841448395,20.5947812604917,26.4247952071323,35.9804667679027,37.2658137277515,8,20,30,37,47,56,2.63471430187537,0.520974612709923,0.0107759026329387,1.07673553195972,0.949589152675384,1.41037389248673,0.00925216086315139,0.817004067563904
12.0049149921573,19.0318297665546,20.6515685717285,26.4804566154827,36.0538159823689,37.3428819104083,8,20,30,37,47,56,2.64147316805634,0.526828411539065,0.0109003667958446,1.08623179339671,0.949273280778764,1.41523670295581,0.00934691634263865,0.820205288010812
11.9495218876576,18.7436452931284,20.2519988195521,26.2257083355952,35.8483617685097,37.0994800411407,7,19,29,36,46,55,2.92560550015946,0.484429777131061,0.00831853025294742,1.11902813764846,0.990118696672674,1.42881203219359,0.00840923333981682,0.845034881628651
11.9614739518293,18.7900191529558,20.3094232904428,26.2817839325627,35.9230902124695,37.1785497564221,7,19,29,36,46,55,2.92980374650687,0.490609770097591,0.00855419415573789,1.12891832091461,0.989736278578841,1.43395778605233,0.00851324961406041,0.848501254627434
11.9725070115614,18.8362153158936,20.3676635037999,26.3385127429701,36.0001447191972,37.2599290399602,7,19,29,36,46,55,2.93367998302232,0.496955151119812,0.00881608104610936,1.13898502697883,0.989307825752673,1.4395705373972,0.00861770158844385,0.852213535158704
11.9826247405671,18.8815916007838,20.4264392560987,26.3956925387523,36.0790666152102,37.3431152665259,7,19,29,36,46,55,2.93723530846069,0.503350335801173,0.00911366640391168,1.1491809373583,0.988855453851809,1.44558075402993,0.00872150810535608,0.856137259693903
11.9901564882455,18.9243100194095,20.4793531212759,26.4474222933355,36.1515550644956,37.4192502505057,7,19,29,36,46,55,2.9398823478906,0.50976481096132,0.00934452328747689,1.15839133805463,0.988519852495372,1.4513252184419,0.00881091887567132,0.859876912064296
11.9950373150295,18.9651174201838,20.5263574172613,26.4937865715303,36.2177502745793,37.4883860782962,7,19,29,36,46,55,2.94159790839424,0.516347290565756,0.00948672301443664,1.1665979264335,0.988338470080471,1.45681848643694,0.00888345398699852,0.863447527138338
11.9986294144533,19.0056159020151,20.5736224521345,26.5404363679994,36.2817330163507,37.5210108727352,7,19,29,36,46,54,2.94286058962752,0.523143925401361,0.00964362855422203,1.17487351579075,0.988164118019373,1.46162421828587,0.0164984614691398,0.95791225101631
11.9996998118349,19.0471476009391,20.6218567809766,26.5886350543921,36.3323510838836,37.5787435299602,7,19,29,36,46,54,2.94323686727303,0.530635305817782,0.00980074059947404,1.18334301086224,0.988154017560924,1.46229534291261,0.016794885748426,0.959540780733901
11.9874674858703,19.0554323493541,20.6328485641698,26.5987715181238,36.331325457026,37.5801639084717,7,19,29,36,46,54,2.93893725484545,0.534449955135446,0.00986467260662853,1.18527647552513,0.987911642425931,1.45919970059011,0.0168975327828365,0.957899726154832
11.9707416462277,19.0535706781835,20.5379571908322,26.4675848307798,36.174899061612,37.4008016802416,7,19,28,35,45,53,2.93305970719811,0.5372202512549,0.0152386655722735,1.27694558371655,0.97764020606765,1.45220613474981,0.0159497955716778,0.943466814836136
11.9532208343061,19.0518080931651,20.5454622532164,26.474543066353,36.1674362746094,37.3939449359969,7,19,28,35,45,53,2.92690468508082,0.540163276053469,0.0155644950699792,1.27832475388465,0.977485661585039,1.44821420491067,0.0159744136425091,0.941021868788958
11.9349239802204,19.0492382298661,20.5540367443106,26.4822968918223,36.1624560084936,37.3888986841201,7,19,28,35,45,53,2.92047910304762,0.5431067094627,0.0159620418261546,1.27990115709628,0.977253736112942,1.44469162372929,0.0159717321193131,0.938705491339231
11.9158687154251,19.0465397101105,20.5644647454178,26.4916145167066,36.1593448476539,37.3849657456467,7,19,28,35,45,53,2.91378942408216,0.5461746041903,0.0164383674390128,1.28181934301525,0.97693995847165,1.44125565885507,0.0159383596167217,0.936265778276857
11.8958748503052,19.0529852822425,20.5781111997221,26.5049693604362,36.1512230388698,37.3779088222908,7,19,28,35,45,53,2.906772703639,0.551147801578723,0.0167033906948287,1.28433123693815,0.976857557362508,1.43532343562714,0.0159816128582717,0.932753179846904
11.8753592510231,19.0654520474293,20.5938217060846,26.5198106364881,34.8673491977308,36.0851980775364,7,19,28,35,44,52,2.89957552135703,0.557376161221043,0.016823638513299,1.28722542621007,0.976611947169172,1.26993887816079,0.0156248240753576,0.811688669026369
11.8544384368951,19.0849232045292,20.2864192797058,26.097234391857,34.5012405803683,35.7189535625487,7,19,27,34,43,51,2.8922389431898,0.565040512729774,0.0149774185730092,1.34442884256536,0.94420657127609,1.28559686519349,0.0156193752988204,0.802136771551554
11.8331561941295,19.1151479002556,20.3260355245037,26.1417586983308,34.5257736578463,35.7412602107629,7,19,27,34,43,51,2.88477848632977,0.574872230926676,0.0153471952624958,1.35196590611306,0.945581856007302,1.28004777433745,0.015530271254257,0.799336014225751
11.811585659155,19.1705341731909,20.4000959205391,26.2241337061593,34.5742959840952,35.786636052631,7,19,27,34,43,51,2.87721993046131,0.589682476990851,0.0160987826715003,1.36609889724877,0.947912846011493,1.27066530651543,0.0154048724478081,0.794703907765698
11.7898108011234,18.3050350916552,19.6153337743214,25.2951157089682,33.6954184458586,34.9060150738949,7,18,26,33,42,50,2.86959281118782,0.535599935919011,0.0196012133261548,1.33408592429648,0.907679887123961,1.28456840535938,0.0153356554658057,0.779307426840216
11.7679195457931,18.3656293069619,19.8371722723884,25.5562162555365,33.8049798695459,35.04420075021,7,18,26,33,42,50,2.86192800382616,0.551687871293223,0.027853543715423,1.37698881374375,0.918585770135916,1.24267023129048,0.0164961004629599,0.765976693118008
11.7462368171245,18.5853238980535,20.5373952053863,25.9928257920102,34.2568950296729,35.6835057445074,7,18,26,32,42,50,2.8543392650162,0.599780513433973,0.0626492496286977,1.51569139246525,1.04014445327545,1.06813961082574,0.0253832597680448,0.756331076266433
11.7227875512027,18.2538576731488,19.1984074323495,24.8968088055454,33.9032940222754,35.124287501391,6,17,25,31,41,49,3.18033265033636,0.53867653090565,0.00690561018496373,1.37371248967419,1.11429896321034,1.26165361630776,0.0157512277596664,0.883686109890248
11.7039028959939,18.1647364270456,19.1191873149102,24.8148146424087,32.6405205958643,33.5433578876754,6,16,24,30,39,46,3.17341343478763,0.641904142867995,0.00714686109784225,1.48449651809976,1.11344615142111,1.12768276414227,0.013313769015637,0.826109193486913
11.7027329222216,18.1610018526677,19.1397386770274,24.4277515875279,32.2794217411178,33.2626195480768,6,16,24,29,38,45,3.17298482588456,0.641349923431488,0.00776118948031019,1.4887328861096,1.21849456362781,1.13465278425404,0.016970845552202,0.875111607777605
11.7048742194847,18.2057834725015,19.2121051189528,24.4973359879994,32.3701950193803,33.3491372140633,6,16,24,29,38,45,3.17376927551985,0.650586162549732,0.00849846085253008,1.50368453802775,1.21757122448841,1.14034952905122,0.0167642055898142,0.877625725964168
11.8944608839065,18.5279068404383,19.5434133881946,24.7940936059443,32.6811609446745,33.647168526186,7,17,25,30,39,46,2.90627657705009,0.679583528347337,0.00875340394773151,1.44239116424794,1.20611441767051,1.14417384477289,0.0161450908597693,0.871718320541482
11.8916072011555,18.7665853017246,19.7961256403028,25.050207688698,32.9638859872581,33.9204662528548,7,18,26,31,40,47,2.9052753274959,0.60705780014093,0.00915216016016041,1.36901209390654,1.20724159692655,1.15134579007352,0.015702323632315,0.875370812662652
11.889508609594,18.7598992108976,19.8104294345438,25.087302339788,33.0188956309154,34.0136379515048,7,18,26,32,41,48,2.90453904393747,0.606125844583542,0.00976956891610156,1.37178982379482,0.986374730199906,1.15618089820955,0.0175387713664848,0.788878879643039
11.8877759973559,18.7517467278847,19.6759743073123,24.9263434107161,32.9150696473366,33.9172829033247,7,18,25,31,40,47,2.90393118403846,0.604822520776675,0.0142369099018304,1.46910479913796,0.978448264300858,1.17163702896406,0.0179120394475381,0.795247491069198
11.8864145246503,18.7452872209549,19.6750762640016,24.9206721532678,32.9269866340099,33.9336037184139,7,18,25,31,40,47,2.90345354602267,0.603788280329012,0.01448287390249,1.46892322555685,0.977022277996612,1.17640625875919,0.0181341824818366,0.798132705127442
11.8854172073529,18.7452139591229,19.6766793876868,24.9207341177408,32.9219491710439,33.9298026580556,7,18,25,31,40,47,2.90310367013117,0.603975695754228,0.0145574973499893,1.46924736364649,0.976561960694313,1.1750229623204,0.0181968329207312,0.797226704639326
11.884512625115,18.7448555645801,19.6779534675368,24.920522808012,32.9165703497243,33.9257547155093,7,18,25,31,40,47,2.902786332746,0.604086482673042,0.0146303812313659,1.46950499038941,0.976118347188714,1.1736216427195,0.018264409023337,0.796334897139203
11.8836608969473,18.7441486717844,19.6788925629125,24.9199916274394,32.9103413845145,33.920947152819,7,18,25,31,40,47,2.90248754190452,0.604115861853039,0.0147040834535839,1.46969489173314,0.975679292243554,1.17207704491655,0.0183367400317577,0.795372400573693
11.8828683818775,18.7439365949923,19.680273217406,24.9199926282018,32.9048229057797,33.9168255577438,7,18,25,31,40,47,2.90220952748053,0.604233606303376,0.0147756066120705,1.46997410017207,0.975267339577421,1.17058130460642,0.0184079828992539,0.794451293988889
11.8821087705752,18.7438502156407,19.6817953205059,24.920194920151,32.8993214283377,33.9127503431542,7,18,25,31,40,47,2.90194305945278,0.60437018488539,0.0148480424242491,1.4702819359691,0.974873292193484,1.16903616252254,0.0184808873711192,0.793514728902062
11.8813675689317,18.743148680383,19.6828187993309,24.9198581867218,32.8929175149858,33.9078729358399,7,18,25,31,40,47,2.90168305298318,0.604378232358746,0.0149259554880314,1.47048894130947,0.974467220190484,1.16739317565986,0.0185590986123833,0.792527868260782
11.8846401134241,18.7527734047848,19.6947264622744,24.9338022773309,32.9014533535657,33.9198125947557,7,18,25,31,40,47,2.90283105673026,0.605667461938665,0.0150294333324005,1.47289812289172,0.975075180909684,1.16592915009964,0.0187341756250605,0.792533217867207
11.8889067585773,18.7658648540103,19.7099990247509,24.9525758284727,32.9147597721095,33.9370301263594,7,18,25,31,40,47,2.90432789176148,0.607460200102735,0.0151286846265781,1.47599019402049,0.976120575983062,1.16444968821881,0.0189365064744449,0.792858437677761
11.8924937874452,18.7776489484064,19.7240618593184,24.9698552221576,32.9260504736684,33.9521226524895,7,18,25,31,40,47,2.90558639162033,0.609127150053316,0.0152327845254981,1.47883942586118,0.977081263440265,1.162829667784,0.019134374249959,0.793030635731845
11.8955041376458,18.7889609674904,19.7375235713686,24.9863377471273,32.9369667930139,33.9666244904094,7,18,25,31,40,47,2.90664262831127,0.610817072910185,0.0153313697703126,1.48156873319337,0.977983681820801,1.16132448061807,0.0193220604231014,0.793204594570672
11.898004366067,18.798639228769,19.7494884828267,25.0010913969565,32.9458336637179,33.9790829865206,7,18,25,31,40,47,2.90751992312773,0.612279641419906,0.0154366417174773,1.48399610186145,0.978816938655004,1.15973317751699,0.0195111141416622,0.793287151118951
11.9000729821483,18.8083742098904,19.7614575498521,25.0156074170838,32.9548757658727,33.9915077086181,7,18,25,31,40,47,2.90824580125827,0.61384311968956,0.0155398979922537,1.4864257543403,0.979578091529222,1.15825400649428,0.019690125853572,0.793363366777333
11.9013830843565,18.7899294848618,19.7469117555577,25.0047868433005,32.9341770016928,33.9780915593004,7,18,25,31,40,47,2.90870553063551,0.609817278491165,0.0157210588261547,1.48347322935048,0.980691608061871,1.15558599574281,0.0200786903871967,0.793552331279122
11.9022621779254,18.7527777982554,19.7155332026837,24.9754701143734,32.8907964490665,33.9437028236694,7,18,25,31,40,47,2.90901402040927,0.60209428015617,0.015991541793208,1.4771112204422,0.98130803649768,1.15179035255358,0.0205644104655243,0.793048836207183
11.9028542915542,18.7065358802933,19.6774366164515,24.9376917138541,32.8339097364668,33.8966482342807,7,18,25,31,40,47,2.90922180651277,0.5926332897038,0.0163777187312589,1.46940047795739,0.981403173019076,1.14663868488594,0.021103069513103,0.791551273520007
11.903182376054,18.660219461196,19.6417618908191,24.9019857148834,32.7729179767898,33.8461919751685,7,18,25,31,40,47,2.90933693976293,0.583265563693467,0.0168902918317953,1.46219322963453,0.981393822297746,1.13983118636854,0.0216890238370405,0.78908273895628
11.9032867697111,18.6259550079895,19.6201941984752,24.8815262105054,32.7220294655104,33.8058724670442,7,18,25,31,40,47,2.90937357431286,0.576398575723029,0.0175137958362499,1.45784223852837,0.981725182510965,1.13165362699924,0.0222859574208445,0.78595579555811
11.903177215924,18.6156010312429,19.6239646860262,24.8884279054878,32.6957003527444,33.7893957154829,7,18,25,31,40,47,2.90933512893591,0.574357554663668,0.0182227200073101,1.45860254285805,0.982661583704105,1.12274145265367,0.0228506460558516,0.782585311538806
11.9028764724725,18.6332465032744,19.6552189910404,24.924899952023,32.6998408439628,33.8018421598173,7,18,25,31,40,47,2.90922959034334,0.577934792148841,0.0189210534655947,1.46491040917868,0.984222418645225,1.11408895054795,0.0233328770963812,0.779459865825692
11.9023926925409,18.6759352153375,19.7103634878812,24.9866138729686,32.7324437621602,33.8410322767694,7,18,25,31,40,47,2.90905982075735,0.586574087206052,0.0195733996801017,1.47606401170524,0.986188388643434,1.10631403628376,0.0237193388811753,0.776812711507014
11.9017638873783,18.7355875191069,19.7802134819083,25.063208962053,32.7848019260106,33.8982992339991,7,18,25,31,40,47,2.90883916067596,0.598716001041221,0.0201168790436125,1.49023599688864,0.988207847840538,1.09985230368005,0.0240096438125664,0.774727593852184
11.903889314202,18.7893990222617,19.8533776673549,25.1324146189748,32.7545917583256,33.8820703317073,7,18,25,31,40,47,2.90958502477651,0.609199288191182,0.0211715721450477,1.50513289880883,0.987022564840008,1.07345706281572,0.0248473226692858,0.759982220028089
11.9062539028503,18.8199533874454,19.9090235240712,25.1859829205555,32.7683619489652,33.9026795069351,7,18,25,31,40,47,2.91041485024504,0.614944912168457,0.0225845614754184,1.5164986826835,0.986400620610411,1.06294051947397,0.0252629176378692,0.754235496636374
11.9086656047154,18.8555785703689,19.9605456826009,25.2332516879278,33.8634700706314,34.9902541123545,7,18,25,31,41,48,2.91126124605863,0.621739647364649,0.0235064361294457,1.5270496223751,0.985127585637989,1.16243566203325,0.0248053317050051,0.830609011788666
11.9109735236225,18.8894700527907,20.005880553131,25.2726310858614,33.8504688397349,34.9757456721834,7,18,25,31,41,48,2.9120712533546,0.628226062359816,0.024182863558113,1.53635522893813,0.983345741793543,1.14880604344113,0.0247143428925684,0.820621636919553
11.913453199284,18.9226150854058,20.049135242357,25.3085837968001,33.8402956035051,34.9638376958239,7,18,25,31,41,48,2.91294157948371,0.634547198337541,0.0247893877677401,1.54525274204455,0.981162023270971,1.13684193682979,0.0246098489775134,0.811460156268566
11.9162036217683,18.9544403250043,20.0905001637326,25.3415570394023,33.8325605913623,34.9543269703348,7,18,25,31,41,48,2.91390697890607,0.640561549301485,0.0253694070272025,1.55377872830064,0.978653773314297,1.12631289635138,0.0245031427078552,0.803048886178463
11.9192949668994,18.9841007921925,21.5689873041124,26.8630159842837,36.6338786500631,37.636853324052,7,18,26,32,42,49,2.91499209945087,0.646075422181204,0.131187493531469,1.72868053429626,0.991513151318658,1.46983116778639,0.0179503355093972,1.01164887918948
11.922767499117,19.0123793573237,21.6921133437974,26.9736174031545,36.801882723677,37.8005554405768,7,18,26,32,42,49,2.91621109594251,0.651238707778835,0.143539969841831,1.75475895449201,0.98776124139721,1.4857989458804,0.0177345817924716,1.01901393066079
11.9266538751286,19.0383345856807,21.8037327847939,27.0723939174848,36.9482909315712,37.9435878724991,7,18,26,32,42,49,2.91757545840547,0.655844626580213,0.1551342610632,1.7785175822083,0.983917303396315,1.4990824636344,0.0175663265958011,1.02473023903672
11.9309826348034,19.0639938429609,21.9094683179154,27.1651345486281,37.0771815333875,38.0700214160531,7,18,26,32,42,49,2.91909523769237,0.660307466385795,0.166339832021285,1.80112585678766,0.980031317725334,1.50918422871626,0.0174444413401702,1.02850359548503
11.9357758384852,19.0880759216799,22.0014470906311,27.2443838347452,37.1825889158113,38.1739150364842,7,18,26,32,42,49,2.92077821611559,0.664352442220887,0.176113737971076,1.82087282219194,0.976228068518389,1.51650470082375,0.0173695922450246,1.03067821002982
11.9533228505888,19.0877686179869,22.0686255575148,27.3168667051633,37.4469722894516,38.4426018395245,7,18,26,32,42,49,2.92694051758729,0.660607997492804,0.186071816693378,1.83534221652049,0.977812484602336,1.57048350183116,0.0175828635591175,1.06772819182202
11.9735141705798,19.0782558423506,22.7959982544775,28.1011965348873,37.7581563456359,38.7495925194059,7,18,27,33,43,50,2.93403386549846,0.654395150205361,0.227769320445874,1.85168305433143,0.99486183850657,1.43827985491607,0.0173750276631626,0.99102098394706
11.9930701973412,19.0655590746322,22.9516528668706,28.2679787182909,38.0853336513542,39.0799001277071,7,18,27,33,43,50,2.94090646879653,0.647673044915161,0.253944182233336,1.88501762115109,0.998200439363747,1.48276055573706,0.0175300400797879,1.02261646252047
12.0119789107584,19.0495515532122,23.0912642034341,28.419558125756,38.3915728301913,39.3898621297363,7,18,27,33,43,50,2.94755386057965,0.640423955086448,0.27921134784711,1.91509027841379,1.00179400664074,1.52597990549592,0.0177154251408244,1.05380896723824
12.0301600883408,21.0225671699325,24.9636848953867,30.3893857989724,40.4687477810824,41.4562443569815,7,19,28,34,44,51,2.95394758896753,0.934971835735435,0.262762547037774,2.18116532735423,1.03114805152001,1.55616351039278,0.0171810638157329,1.08976915632297
12.0475649914227,20.9994816547275,24.9513822022493,30.3880261538366,40.6100443527468,41.6056368222403,7,19,28,34,44,51,2.96007025334231,0.925762182419945,0.264505575884556,2.17842374624984,1.03445748779497,1.59650543329633,0.0175810195102951,1.12010342425492
12.0641436922423,20.9720001563748,24.9467859853554,30.4882278242029,41.9842806092068,43.0645776428984,7,19,28,35,45,52,2.96590402566921,0.915775013342884,0.268221049016646,2.17739980131685,0.869523696425843,1.96755226834492,0.0220846640471578,1.28345904397789
12.0798440964272,20.9368726670611,24.9415465594846,30.4908726113997,42.1692698519062,43.2657685356111,7,19,28,35,45,52,2.97143030820045,0.904298720197081,0.273106227427816,2.17623275770519,0.871686768003205,2.0221159976614,0.0230127708633194,1.32401848177734
12.0946185733111,20.9007811328481,24.9418562880326,30.5012766979661,42.3461840776815,43.4590930799015,7,19,28,35,45,52,2.97663206976161,0.892862376423292,0.279105792679379,2.17630174167317,0.874458255944386,2.07223530184516,0.0239747473434851,1.36236365571003
12.1429935689274,24.8528447213797,27.7318708014116,34.0812150684051,43.4743732435945,44.5632825964802,7,20,29,36,46,53,2.99367321446022,1.6920958988787,0.116981707530772,2.66026198271955,1.09800208258814,1.36590330928852,0.0225753432479681,1.04171210028399
12.2514063921793,24.3777437290234,27.3541299410107,34.1551679623025,46.4782540918154,47.8862653010619,7,20,29,36,48,57,3.03191582558704,1.53934543907022,0.128056216920488,2.57197706786842,1.23114957638482,1.78011514228959,0.0127161843967076,1.27587613240334
12.3707628625489,24.2956656783261,27.2245411816177,34.0967550487739,46.4129797910488,47.8095337154034,7,20,29,36,48,57,3.07410059595662,1.48758185924679,0.122590366417913,2.54190872555772,1.25244680139145,1.77822358838342,0.0123624453894254,1.28559860459714
12.4991541087623,24.2933903038658,27.1947329170371,34.0953955491755,46.4989185150578,47.9025197476283,7,20,29,36,48,57,3.11957262476378,1.45428030892654,0.119476533336008,2.53500834387401,1.26098229737049,1.80232923002161,0.0125792761950957,1.30829565645678
12.6344653779381,24.3167658649782,30.335231880379,37.4415307337599,50.025107288906,51.4934121615028,7,20,30,37,49,58,3.16759907194829,1.42592900434667,0.548839548466992,3.11740338971782,1.32306195051053,1.85231288320553,0.0146835004757245,1.3928480125274
12.774515880026,24.3467879252373,30.7779542667317,37.9064803701059,50.3129100301252,51.801349687521,7,20,30,37,49,58,3.21741742477701,1.39822207654588,0.635503126690345,3.22604511243707,1.32981161121737,1.8031333124923,0.0153806331632382,1.36733244090927
12.9171610155174,24.3794043717654,31.0577714721731,38.2016696635723,50.5379414087579,52.0408897907824,7,20,30,37,49,58,3.26827128794285,1.37067744455749,0.6895094030037,3.2952811774402,1.33448401214319,1.78375164507359,0.0158956083021195,1.35974272578962
13.0603570999082,24.4114601885167,31.269163004187,38.4278049385527,50.9505089831836,52.5117653566971,7,20,30,37,50,59,3.31943355284821,1.34302189245789,0.729616877766407,3.34787423734234,1.33896880745944,1.64266314017577,0.0180732454927891,1.29448572335374
14.6847498127042,25.9298315566285,32.9775811548662,40.1531675608728,52.4858518778424,54.0297878145729,8,21,31,38,51,60,3.5637379429261,1.31679924426886,0.772936420547201,3.59656433437115,1.34412710225088,1.5928947408508,0.0174081851390069,1.25997719134461
14.8508840473573,25.9795169837085,33.1277528756499,40.3255471119456,51.4006477269982,52.902704035776,8,21,32,39,50,59,3.62227742381501,1.28817939138419,0.663499428401453,3.45551477268432,1.35089425940138,1.63385553166281,0.015863638144509,1.24857835587704
15.0094146755441,26.0226981921048,33.256031135375,40.4779316062036,51.5845859239286,53.0977551873577,8,21,32,39,50,59,3.67826779056871,1.26002041526778,0.681441129257028,3.48722665147197,1.35824829630969,1.64260224360211,0.0162647825000065,1.26093642259922
15.1598395389426,26.0589780612496,33.3716726603535,40.619465852066,51.7373300873402,53.2617411198553,8,21,32,39,50,59,3.73151056850102,1.23234533219505,0.698325552247648,3.5158880664833,1.36615701927334,1.64571256252125,0.0166769616462458,1.26991321692425
15.3018013188286,26.0902126980025,33.4874372881166,40.7633301271231,51.8734500247929,53.4080610407347,8,21,32,39,50,59,3.78185890251376,1.20568232226462,0.71646839901153,3.54464933494324,1.37475111545337,1.64356364487574,0.0170565234520628,1.27559954327977
15.4351172642126,26.1160415210659,33.6212993893147,40.9282867858005,52.0069541349666,53.5498904520469,8,21,32,39,50,59,3.82922873454954,1.17997501163658,0.739890385652117,3.57799278710145,1.38427478991707,1.63484362387978,0.0173702738459606,1.27708386827475
15.5596917938121,26.1360807426471,33.8174308833341,41.1594914578791,52.1684400673359,53.7165965614074,8,21,32,39,50,59,3.87356824986906,1.1551420902852,0.778619420318867,3.62701194442542,1.39503407296393,1.61555773546287,0.017568819229244,1.27160517911882
15.6755862408226,26.1523771840234,35.6122807752913,42.9581854829725,53.4175959858889,55.0018023837982,8,21,33,40,51,60,3.91488297707556,1.1316388656123,1.04343685659059,3.89761342992117,1.39621441726262,1.46569570147145,0.0189783779633746,1.17817669023625
15.7830093379933,26.1649238898519,35.7644113697455,43.1396193501736,53.5421358027295,55.1379789454076,8,21,33,40,51,60,3.95323272171694,1.10939422723574,1.07655692247316,3.93621840382953,1.40521906757394,1.45040633346537,0.0194477956058171,1.17529720698822
15.8821844386001,26.172127265445,35.8934188817401,43.299307062751,53.6387199152915,55.2458152089684,8,21,33,40,51,60,3.98868428817139,1.08796695753168,1.10572389218611,3.96904103011196,1.41466014146035,1.43349955923017,0.0199084334738204,1.17148038451944
15.973468907481,26.1776991062527,36.0047768869714,43.4419987793597,53.711066375443,55.3289151303045,8,21,33,40,51,60,4.02135409986205,1.06812035431028,1.1312522830612,3.99743581735339,1.42431627115504,1.41471683652196,0.0203548651156291,1.16639357129426
16.0572134860674,26.1795758104912,36.0943724254261,43.5647359949375,53.7563736376978,55.3843527199062,8,21,33,40,51,60,4.05135788138361,1.04927570158624,1.15255732130239,4.02032335986659,1.43454480050181,1.3941216148405,0.020780996092005,1.16025640422039
16.1338104573043,26.1794448449536,36.1641320327915,43.6687323315007,53.7744552570503,55.5252127800804,8,21,33,40,51,61,4.07882774341792,1.0317144490886,1.16961974612963,4.03816948126297,1.44512762724996,1.37136786675463,0.014552457175386,1.06805276181772
16.2037403173487,32.4730944161093,42.5698117960586,51.0259093790496,61.8662420613124,63.5921396104785,8,22,34,41,52,62,4.10392884035364,2.4741578910216,1.1971293879243,5.546885207908,1.74542236863313,1.56916392248853,0.0138062875510075,1.36713105554075
16.2673684630891,32.427020421254,42.6283996052528,51.1208632505821,61.8597417791269,63.5889736699319,8,22,34,41,52,62,4.12678626495233,2.44277639167421,1.2230047503225,5.56309630317741,1.75711998256741,1.54142231386584,0.0139048937717831,1.35550160235485
16.3251656547158,32.3868813936242,42.6738835236378,51.2034275729521,61.8343284691883,63.5694430632264,8,22,34,41,52,62,4.14756401985662,2.41484465595372,1.24429701482756,5.57568990301373,1.7690629390256,1.51204244585436,0.0140799730308578,1.34329924407567
16.3775405409118,32.348384694416,42.7008190688414,51.8230494099021,62.5500793761936,64.3101152912357,8,22,34,42,53,63,4.16640474819859,2.38899940718022,1.2606425249701,5.58315124510643,1.71071051647808,1.53819104140008,0.0148374823986456,1.36196825157112
16.4248642736141,32.3139532600625,42.7089573339869,51.8773297149381,62.4783351576429,64.2395959152198,8,22,34,42,53,63,4.18343839970549,2.36580650382836,1.27131094661311,5.58540610379143,1.7249467532709,1.50393497476644,0.0148753755210324,1.34738096224984
16.4675684528436,32.2875396898583,42.7036322152993,51.9189922067918,62.3872809079933,64.1516649343612,8,22,34,42,53,63,4.19881737187494,2.34624302464258,1.27660584833998,5.58393065375773,1.73946972365169,1.4680855061329,0.0149722828253297,1.33212698057558
16.503554796311,32.2577509074011,42.6779059756857,51.9312474485124,62.2825765400367,64.0514297681743,8,22,34,42,53,63,4.21178298476408,2.32766369298517,1.27762662590318,5.57680398999213,1.75122798363916,1.4366880124837,0.0151116574189833,1.31842606365999
16.5276697431511,32.2252187077617,42.6763992397956,51.9323364728873,62.2571744301746,64.0296404145077,8,22,34,42,53,63,4.22047444061195,2.31169265301687,1.28543024665266,5.57638666703967,1.75203218982983,1.42960236532687,0.0152249320650808,1.31470598294577
16.5502222046748,32.1892517552188,42.6648407548637,51.9235020823495,62.2253080216568,64.0015928286548,8,22,34,42,53,63,4.22860493465975,2.29522303214941,1.29157943724413,5.57318556050101,1.75287624014206,1.42344975536601,0.0153452605142882,1.31168469781144
16.5712760144569,32.1607547352634,42.6580738014896,51.9192260602436,63.4273007028007,65.1730254218361,8,22,34,42,54,64,4.23619704453506,2.28130092626981,1.29706116746431,5.57131167953858,1.75364812122711,1.55926164273583,0.0143993438466673,1.41617615558306
16.5909594343694,32.1288092786235,42.6440251551809,51.9070929943774,63.3892606304446,65.1350978865238,8,22,34,42,54,64,4.24329664206508,2.26681792992198,1.3015810532151,5.56742189085664,1.75424176363415,1.55237295426389,0.0144027561341318,1.41173210841909
16.6093363895607,32.1001214438089,42.6281527348588,51.8937752791387,63.3528525530454,65.0993275435948,8,22,34,42,54,64,4.24992645416636,2.2536357938859,1.30482047055061,5.56302796945459,1.75503353841442,1.54624032884948,0.014422103048503,1.40803305995144
16.6264865882705,32.0713385877083,42.6079073138674,51.8754805706213,63.3126629498948,65.0596267662013,8,22,34,42,54,64,4.25611494601853,2.2407896274389,1.30697983936095,5.55742476615304,1.75563816994489,1.54043142612964,0.0144369438944294,1.40441990254353
16.6424890977807,32.0458932676896,42.5900286355278,51.8595806700684,63.2762240811971,65.0242024395749,8,22,34,42,54,64,4.26189039444849,2.22921402973162,1.30889454565645,5.55247779040531,1.75625154554471,1.53498777935022,0.0144677770832687,1.40116447839355
16.6574228499449,32.020089069214,42.5675012357575,51.8391998155356,63.2359296774457,64.9849453069185,8,22,34,42,54,64,4.26728106606294,2.21785171558242,1.30972398182413,5.54624612946816,1.75691697654731,1.5297150079583,0.0144993449967067,1.39806315533016
16.6713396313885,31.9933212916374,42.5419737929001,51.8156062709364,63.1948890640399,64.9451516763644,8,22,34,42,54,64,4.27230546122611,2.20651922974947,1.31003798060979,5.53918673993438,1.75751653253478,1.52509946874126,0.0145373540644084,1.3954206158019
16.684300997616,31.9702369191611,42.5166090129363,51.7918744858495,63.1538493836119,64.9052229157943,8,22,34,42,54,64,4.27698563349812,2.19649139043143,1.30946069774601,5.53217460967747,1.75802283483283,1.5205245867842,0.0145712699822746,1.39272490868561
16.6963910366096,31.94540340614,42.4860486845521,51.7634188725494,63.1096153605118,64.8624542959607,8,22,34,42,54,64,4.28135179952452,2.18623159919155,1.30801129081014,5.52372917985643,1.75867543731044,1.51635732391007,0.0146160862397214,1.39046677847362
16.7076326912633,31.9243401893912,42.4596093714001,51.7386861783671,63.0690185180576,64.8233643260671,8,22,34,42,54,64,4.28541211675139,2.17726539255447,1.30665107842964,5.51642526760766,1.75920464102835,1.51217063584748,0.0146622634702583,1.38812832059352
16.7181136869297,31.901552788449,42.4277689321269,51.7088764730723,63.0248118865329,64.7809861345261,8,22,34,42,54,64,4.28919815879786,2.16804175878719,1.30436150210336,5.5076325679297,1.75983439317113,1.50837396075248,0.0147184212913396,1.38618159318221
16.7284835561308,31.8804332818695,42.3983183939734,51.680981292979,62.9845069828905,70.2028612985967,8,22,34,42,54,65,4.29294449832909,2.1593207376406,1.30225557343511,5.4995030354399,1.76031675847882,1.50510348189173,0.678270764164464,2.36782392180582
16.7403413066915,31.8583925438884,42.3664968671881,51.6519244710897,62.9582227272556,70.1731575076762,8,22,34,42,54,65,4.2972289024175,2.14994274419562,1.29978445585768,5.49072247475152,1.76117424925618,1.50583399625727,0.677547721622862,2.36829271122267
16.751365009344,31.8368028115906,42.331374613923,51.6195051273154,62.9291335635032,70.1396344483442,8,22,34,42,54,65,4.30121246261147,2.14093031263981,1.29636775040077,5.48103531800171,1.76201265925163,1.5067115614991,0.676610604676343,2.36864673490037
16.7618850111738,31.8148852226226,42.2951470334735,51.5854987779344,62.8967656975521,70.1031449022674,8,22,34,42,54,65,4.30501446299131,2.13197628944502,1.29275764295376,5.47104789852255,1.76270172161403,1.50714338527292,0.675739887539018,2.36858874070321
16.771919520245,31.7938248829529,42.2561250989828,51.5492829994721,62.864167315338,70.0652256410864,8,22,34,42,54,65,4.30864142031253,2.12340213755702,1.28823053426287,5.46029535053385,1.76357231880687,1.50809687582211,0.674616423821736,2.36883285475771
16.7814760326311,31.7733275800571,42.215190245168,51.5105754688415,62.8284668030814,70.0234941622699,8,22,34,42,54,65,4.31209598489817,2.1151236521723,1.2830851058669,5.44902153945849,1.76426340047148,1.50888960838853,0.673343832056638,2.36865649401227
16.7905988399109,31.75117923394,42.1704976407981,51.4680372768804,62.789648536542,69.9784007466261,8,22,34,42,54,65,4.31539411434887,2.10651886048058,1.27741638177372,5.43671965757076,1.764931914267,1.50987044394621,0.672020620616054,2.36856776210529
16.7992874316935,31.7321341825657,42.1265472946067,51.4261393443515,62.7516961516641,69.9334064910424,8,22,34,42,54,65,4.31853557587318,2.09889519470934,1.27116266191077,5.42462906895489,1.76556882768599,1.51091096413456,0.670536834704002,2.36833666584904
16.8229140447703,31.7223074999337,42.0725249841961,51.3749585700136,62.7175999502607,69.8975547827664,8,22,34,42,54,65,4.32707959056615,2.08970895089096,1.26008768400155,5.40977722384651,1.76645070500697,1.51541881885681,0.670167114926104,2.3723602707584
16.8612894552321,32.3304161352135,42.23026829341,51.5055062626706,62.7137586275971,69.8894964509839,8,23,35,43,55,66,4.34096194402347,2.04800673920557,1.14891895471905,5.24463815697235,1.7580143072003,1.48006145563023,0.669279284802097,2.3357307100119
16.8961585211272,32.2212990598843,42.2515966277858,51.5226614915165,62.7120340041378,69.8855595631877,8,23,35,43,55,66,4.3535809849641,2.0096160245905,1.18079604055437,5.25040863881997,1.75672051842995,1.47511304550143,0.668813691918284,2.33016577961468
16.925870566116,32.1354652748662,42.285135870426,51.5516484064779,62.7211342129115,69.8912633730078,8,23,35,43,55,66,4.36433753735847,1.97895357462967,1.21019996361396,5.25948622104052,1.7553093896274,1.46990579597851,0.668099110401531,2.32403988884658
16.9497850156057,32.0681625728151,42.3250704353026,51.5866868305751,62.7359531702049,69.9028913022087,8,23,35,43,55,66,4.37299775472611,1.95483979664685,1.23680073083581,5.27030011665439,1.75379195419805,1.46461674896251,0.667427985186098,2.31781585017868
16.9680754243503,32.0147347461001,42.3744140289144,51.6316344868768,62.7616235746672,69.9237184464815,8,23,35,43,55,66,4.37962285029847,1.93593860912144,1.26245628175819,5.28366995557201,1.75242978144084,1.45957919128328,0.66640982717098,2.31155134877807
16.9813998231304,31.9686397005207,42.4224083762866,51.6749605653493,62.7874189343665,69.944319199564,8,23,35,43,55,66,4.38445000645761,1.920317696929,1.28608186163251,5.29668275068313,1.75098346700759,1.45500230861357,0.665318423490043,2.30553888571805
16.9905696344144,31.9313864087776,42.474902516796,51.7229326226754,62.8204760998108,69.9712925623511,8,23,35,43,55,66,4.38777244834471,1.90813814918622,1.30873781357263,5.31092520461984,1.74958268531643,1.45111156971041,0.664041006871365,2.29994221839519
16.9964486765056,31.8991932189873,42.5250005403877,51.7688277087289,62.8540057390592,69.997653655876,8,23,35,43,55,66,4.38990274047104,1.89816580866975,1.3296136474262,5.32452691004067,1.74828097716582,1.44788812788481,0.662536949438203,2.29474085822311
16.9997807465342,31.8720934325269,42.5713797713154,51.811202036519,62.8872563634215,70.0222935621534,8,23,35,43,55,66,4.39111018860648,1.890205320667,1.34833555702915,5.33712708251574,1.74704079454014,1.44551105355807,0.660731912829147,2.28998070572992
17.0012066158063,31.8474279202113,42.611518050927,51.8474993534335,62.9173273710576,70.0434023823055,8,23,35,43,55,66,4.39162689676223,1.88338775173644,1.36491025669642,5.34803802588863,1.74585155441468,1.44388949859217,0.658855065585404,2.28581665500851
17.0012101873998,31.8629274114472,42.8640887179794,52.1125988599504,63.1718803683164,70.3039070886293,8,24,36,44,56,67,4.3916281910505,1.71018192128906,1.42604064104862,5.21148838008787,1.74973137225413,1.44114398889876,0.660101250633039,2.28755248099529
17.0001882350266,31.8351568283389,42.9207508164815,52.1679372678647,63.2204233466203,70.3430563307002,8,24,36,44,56,67,4.39125785393961,1.70353371261658,1.44799652726694,5.22668053882153,1.74932137729259,1.43937576287436,0.65813474838417,2.28372157335488
16.9984343143927,31.8114749307651,42.974471781978,52.2198675702197,63.2665770772836,70.3778391202753,8,24,36,44,56,67,4.39062227432829,1.69808945563557,1.46820781574795,5.24109500830041,1.74876677647569,1.43787313782721,0.655757139774369,2.27958131842802
16.9961757455708,31.7919400210642,43.0213846892072,52.2659949619781,63.3098548359055,70.4096509667638,8,24,36,44,56,67,4.38980383994341,1.69380379656518,1.48562151377517,5.25369137685848,1.7485234998893,1.43713204438051,0.653362790513016,2.27628174978079
16.9935848328285,31.7783169361534,43.3961807173393,52.6555525255907,63.5650336354042,70.7012482518464,8,24,37,45,57,68,4.38886499934158,1.69106880502566,1.40968324823321,5.15281463737061,1.75309639409239,1.40230898637155,0.660978627371355,2.25813189095494
16.9907611241985,31.7676619226305,43.4279026040306,52.6860576682511,63.599789179108,70.7243431481417,8,24,37,45,57,68,4.38784183321063,1.68912815044979,1.42036109615609,5.16122944552069,1.75271936986465,1.40340668674038,0.658536720535171,2.25625272205838
16.9878081916965,31.7605412969112,43.45870019694,52.7158808602967,63.6341272429286,70.7459998799808,8,24,37,45,57,68,4.3867718766842,1.68809563947267,1.42993565018298,5.16940261958983,1.75241745127891,1.40457295899295,0.655884733868455,2.25426219782657
16.9847965715291,31.7560791821332,43.483815787463,52.7402111539407,63.6638274771822,70.7626366124829,8,24,37,45,57,68,4.38568069090547,1.68773633626878,1.43741734235735,5.17607047092036,1.75217413468731,1.40596047298965,0.653156829416593,2.25241636429189
16.9817625929208,31.7535999486394,43.5049219578968,52.7612501089385,63.6909694679656,70.7763780069616,8,24,37,45,57,68,4.38458144031822,1.68787374991083,1.44339151246454,5.18167567049846,1.752153308972,1.40753788538519,0.650362765154075,2.25081348046066
16.9787548605252,31.7548324668869,43.5207409696261,52.7769278099169,63.713861475751,70.7851738806903,8,24,37,45,57,68,4.38349173497372,1.68892419644918,1.44708990807377,5.1858778248605,1.75210952608331,1.40940317522507,0.64742831604953,2.24928531166138
16.979549949737,31.7600136987132,43.5436628894098,52.801397879627,63.7357914444444,70.795677893928,8,24,37,45,57,68,4.38377979334997,1.69001099237085,1.45159179212314,5.19196842356495,1.75258920837533,1.40874634043289,0.645053225826876,2.24658415321513
16.9846313255182,31.7669467130514,43.5683324334995,52.8298644421287,63.7529640971896,70.8043622965286,8,24,37,45,57,68,4.38562081915352,1.69046985355958,1.45609672013939,5.19852553966275,1.75376580312502,1.40582695639977,0.643290821822427,2.24310866632999
16.989695913369,31.7749040559856,43.5926368226525,52.8579378766721,63.7707093102426,70.8137043298466,8,24,37,45,57,68,4.38745586400993,1.69118679268699,1.46025235223705,5.20498778081996,1.75493389539579,1.40315871746076,0.641547789628396,2.2398572079374
16.9947314514352,31.7825777689317,43.6128471577368,52.8823081820495,63.7855179853308,70.8200837328236,8,24,37,45,57,68,4.38928048366972,1.69184071661535,1.46344167330251,5.21036311086289,1.75622333347096,1.4006898216797,0.63980105597816,2.23685304270872
16.9997586823079,31.7908919346331,43.6327336563487,52.906222061545,63.8005912160533,70.8264051980971,8,24,37,45,57,68,4.39110219300961,1.69265555508929,1.46638748496425,5.21565376966705,1.75747186491918,1.39840820197746,0.637989310378814,2.23390796265136
17.0047822906102,31.796445557718,43.6442619147391,52.9220916516059,63.8088195136433,70.8257711492267,8,24,37,45,57,68,4.39292268917925,1.69278695799967,1.46790904450016,5.21872144156975,1.75881793502762,1.39643697780369,0.636156561093071,2.23126854692269
17.0097957167353,31.8067676515311,43.6608029531507,52.9433748387281,63.8228337911287,70.8313739591598,8,24,37,45,57,68,4.39473959459063,1.69410326882961,1.46949331195713,5.22312386379656,1.76028853158961,1.39456256010397,0.634418814763926,2.22889568182697
17.0148278445674,31.8160737151079,43.6741595265885,52.9611444511943,63.8343720673668,70.8341492184649,8,24,37,45,57,68,4.39656337719113,1.69516323649794,1.47052544211885,5.22667946526958,1.76165730108336,1.39295627638373,0.632610267323053,2.22660106023919
17.0198332491307,31.8249933867086,43.6854114678528,52.976785248859,63.8436498019399,70.8343133459204,8,24,37,45,57,68,4.39837757341877,1.69613417873959,1.47111983512939,5.22967530625461,1.76301879328929,1.39131658714962,0.630731343958441,2.22419746371039
17.0248485667172,31.8354069827489,43.6964714661411,52.9925732361035,63.8535566744952,70.8360656712633,8,24,37,45,57,68,4.40019546145296,1.69747350762489,1.47128458706049,5.23262049246631,1.76448573871442,1.38980158556911,0.629051861304841,2.22218044489525
17.0298555582271,31.8442813442165,43.7023993968476,53.0034553398978,63.8596330251826,70.83335271822,8,24,37,45,57,68,4.40201043021174,1.69843320911777,1.47053365849262,5.23419923512536,1.76602313874541,1.3885639553134,0.627243462439983,2.22030848006996
17.0348699164023,31.8536647065761,43.7077022656629,53.0135799615793,63.8651098135261,70.8304608090981,8,24,37,45,57,68,4.40382816802617,1.6995175891821,1.46949388713436,5.23561161818233,1.76751971736629,1.38736729681515,0.625523357073436,2.21853365597492
17.0398881153055,31.8647235560641,43.7133054305663,53.0240779447397,63.8717571210403,72.0051250240799,8,24,37,45,57,69,4.40564739699798,1.70101721207928,1.46810403205866,5.23710409444964,1.76903924806364,1.38637610468786,0.746365820196935,2.32879740242284
17.0448881995057,31.8751990546023,43.7155039515365,53.0312272781234,63.8755409676013,71.9066293200739,8,24,37,45,57,69,4.40746015723168,1.70237685567794,1.4659961766071,5.23768973052839,1.770576441958,1.38550997113833,0.724907976114531,2.30690341040619
17.049893595252,31.8855291929884,43.7167268967455,53.0376196638516,63.8789199119252,71.8196005254004,8,24,37,45,57,69,4.40927494138771,1.70369939791237,1.46367791790862,5.23801550299524,1.77218181925564,1.38473457172673,0.70612815135011,2.28777257431532
17.0548957105459,31.8963462682782,43.7168750444692,53.0429447771094,63.8815667329413,71.7414930664289,8,24,37,45,57,69,4.41108863430983,1.70514405122086,1.46096348156245,5.23805496747958,1.77378984119348,1.38404551593527,0.689504532958423,2.27085404783876
17.0598885622719,31.9071368398686,43.7168000963744,53.0479598520518,63.88416900762,71.6709490538915,8,24,37,45,57,69,4.4128990661869,1.70658478756929,1.45820054403051,5.23803500234397,1.77537115780932,1.38342484920389,0.674571695493183,2.25565561889371
17.0648867217194,31.9183705385148,43.7135621929759,53.0501108874467,63.8845114015475,71.6050948053945,8,24,37,45,57,69,4.41471152046875,1.70813473002196,1.45452301482169,5.23717248921834,1.77704566236556,1.3829596485007,0.661161033819799,2.24218011483646
17.0698740687512,31.9303840739632,43.711579407659,53.0531886087287,63.885640786365,71.5452041972958,8,24,37,45,57,69,4.41652015138695,1.7098817069491,1.45096885580153,5.23664433347336,1.778618416165,1.38245856740583,0.648887111606486,2.22974254234577
17.0748611382375,31.9414640940379,43.7064995467682,53.0533995007905,63.8845586993126,71.4879848324204,8,24,37,45,57,69,4.41832877897013,1.71139707935239,1.44686846859407,5.23529127319178,1.78026304164627,1.38212606273493,0.637670669821223,2.21856421455166
17.0798238450505,31.952097063148,43.6994117865674,53.0516218981998,63.8818924788224,71.4318841947646,8,24,37,45,57,69,4.42012866765166,1.71280768704911,1.44237595513502,5.23340355059625,1.78191402094533,1.3818975576668,0.627061991287036,2.20807381901215
17.0847879885159,31.9653668382324,43.695881562609,53.0533583751961,63.8827903840681,71.3839571348708,8,24,37,45,57,69,4.42192917368424,1.71487453231263,1.43812065942528,5.23246339476153,1.78355180738594,1.38168193180594,0.617426726856001,2.19858618103084
17.0897540714258,31.9758467666173,43.6872277427612,53.0501181122285,75.9175365205711,83.3769464157949,8,24,37,45,58,70,4.42373047947809,1.71624705798538,1.43327875702066,5.23015893463721,1.78523559161509,4.80213506282161,0.609230809453619,4.96775845373329
17.0947013179095,31.9883252219628,43.6786333603331,53.0467631510431,75.8923598149497,83.3311469511938,8,24,37,45,58,70,4.4255250486327,1.71812228440924,1.4279517316592,5.22787057278404,1.7868655325092,4.7948231272337,0.605198265069692,4.95768113196479
17.0996391064715,31.9994632519963,43.6685306956698,53.0421286838528,75.8602608036591,83.2797454572204,8,24,37,45,58,70,4.42731628224476,1.719666568197,1.42258820351371,5.22518095665739,1.7885669773383,4.78562319004717,0.601433053068702,4.9465013062329
17.1067626586242,32.0139745577689,43.6663430706606,53.0458415348301,75.8514908313211,83.2459273586303,8,24,37,45,58,70,4.42990059162602,1.72150716603923,1.41837571612754,5.22459859786296,1.79040330856102,4.78144277526577,0.59656033876479,4.93794326556843
17.1151959219423,32.0277042885846,43.6635777576722,53.0497064484266,75.8425937266143,83.2101307117988,8,24,37,45,58,70,4.43296029863963,1.72282709994031,1.41421829274223,5.2238624801011,1.79246722319821,4.77716951965999,0.59134421256638,4.92901038338018
17.1236103336887,32.0409782966672,43.6601035684648,53.0527958874008,75.8324600470645,83.1732927019853,8,24,37,45,58,70,4.43601344201795,1.72403842738763,1.41000076527412,5.22293770127075,1.79451089821707,4.77274257282604,0.586183177160813,4.91999192608316
17.1320171603728,32.0543865641722,43.6555550667927,53.0547482738753,75.8196273996987,83.1342310111719,8,24,37,45,58,70,4.43906410822891,1.72528537767924,1.40548304764061,5.22172702267971,1.79653551993951,4.76779356463789,0.581130792849461,4.91066738549479
17.1403763968297,32.0684594699381,43.652355268043,53.0582388339488,75.8070979542017,83.095714581937,8,24,37,45,58,70,4.44209777726328,1.72671022948384,1.40114149682672,5.22087537479434,1.79861964989738,4.762432187143,0.576141523032691,4.90113062522733
17.1487349866816,32.0825458569014,43.6464442355358,53.0591123929982,75.7953210343248,83.0581307818014,8,24,37,45,58,70,4.4451314829343,1.72813895742878,1.39612007018086,5.21930221227181,1.80073365176925,4.75819922725716,0.571203144563037,4.89258201709337
17.1570547235752,32.0967660566227,43.6426385317888,53.0617549843218,75.7801744158848,83.0174902163114,8,24,37,45,58,70,4.44815135628671,1.72961112404503,1.39159829931431,5.21828942964237,1.80274334966541,4.75224791877735,0.566340680761342,4.88264511611652
17.165368777036,32.1111387834199,43.636114917078,53.0623732613458,75.7648165622533,82.9770403762051,8,24,37,45,58,70,4.451169434696,1.73112315400655,1.38636195759744,5.21655347347256,1.80496976410903,4.74690428105514,0.561570510037392,4.87349761740676
17.1736405774417,32.124308605428,43.6271044278537,53.0602784843566,75.7474778700154,82.9353064206171,8,24,37,45,58,70,4.45417244049866,1.73234581499275,1.38081031920893,5.2141560074182,1.80712621735974,4.74180653481747,0.556947718127167,4.86467873317796
17.1819089266568,32.139641733422,43.6227022860828,53.0625733137507,75.7315927638448,82.894991944711,8,24,37,45,58,70,4.45717445794099,1.73410980343412,1.37587626382221,5.21298481546877,1.80921497617144,4.73572820498837,0.552333272635634,4.85500534295201
17.1899194858397,32.1469953494912,43.6110737033621,53.0570697956625,75.7169285215255,82.8565964456109,8,24,37,45,58,70,4.46008313073189,1.73394575020383,1.3711354740428,5.20989136646528,1.81112580124903,4.73266590166003,0.547864942368669,4.84779870366234
17.1977184245172,32.1516156506272,43.6007604129805,53.051831920197,75.7035671013378,82.82044379995,8,24,37,45,58,70,4.46291520119834,1.73315203955306,1.3674092673757,5.20714822722234,1.81270948838823,4.72995060403853,0.543586882161466,4.84084449972019
17.2055155371123,32.1539871767154,43.5875303880427,53.0437218939753,75.6869780907947,82.7821301003576,8,24,37,45,58,70,4.46574684318584,1.73179751308358,1.36351964164846,5.20362986238698,1.81430738001091,4.72711679251741,0.539521170653025,4.8340962157111
17.2132915023178,32.1571856357612,43.5758845888663,53.0371111708551,75.6685589494261,82.7428617081154,8,24,37,45,58,70,4.46857103863092,1.73065496046289,1.35982190559844,5.20053333394809,1.8158790549591,4.72317072832904,0.535630490718396,4.82666778492443
17.2210485452297,32.1605789068321,43.5638669636615,53.0300486507626,75.6502396429229,82.7037598777988,8,24,37,45,58,70,4.47138859368176,1.7295659660649,1.35598621224984,5.19733846110147,1.81742604466682,4.71940954433379,0.531763215169546,4.81938709648203
17.2288009148117,32.1633233871753,43.5523883306623,53.0237979560757,75.6316595699548,82.6655392220087,8,24,37,45,58,70,4.47420468267226,1.72831648242913,1.35244904473438,5.19428737338081,1.8190585111781,4.71529058419101,0.528118520668018,4.81220126760371
17.2365234588291,32.1674754586273,43.5408024733518,53.0175807198889,75.6125795758028,82.6276127308833,8,24,37,45,58,70,4.47701016718694,1.72742580349577,1.34853839841656,5.19120827512387,1.82073522514995,4.71099410859108,0.524630429340363,4.80512609210477
17.2442261437417,32.1703107916758,43.5273533661476,53.0092875663991,75.591648049389,82.588503470886,8,24,37,45,58,70,4.47980866548691,1.72621183027042,1.34449554602665,5.18763461112006,1.82234582252275,4.70677325449745,0.521274717765655,4.79823636788642
17.2519120833961,32.1741007091987,43.5162974978203,53.0036336310997,75.5714348404725,82.5500372242374,8,24,37,45,58,70,4.48260130706479,1.72524030173392,1.34081305299486,5.18469737033586,1.82403357629116,4.70191170048954,0.517913634169524,4.79087962651665
17.2596108228776,32.1762847695553,43.5026225007472,52.995281882525,75.5480667254582,82.5094642881553,8,24,37,45,58,70,4.48539882659298,1.72386541779664,1.33688258902817,5.18106492043564,1.82569706458451,4.69689844381207,0.514753416302631,4.78366335251954
17.2672590701695,32.17961538663,43.4912781756457,52.9888294184334,75.5256379341638,82.4698829505098,8,24,37,45,58,70,4.48817822356568,1.72278920325755,1.33324870113048,5.17805208205037,1.8272260248331,4.69156573663848,0.511610405214857,4.77609095652594
17.2748956401447,32.1838550264955,43.4802664868436,52.9834413934425,75.5062689773119,82.4341507967025,8,24,37,45,58,70,4.49095360050629,1.7219426242592,1.32947525812804,5.17512803844964,1.82898404051908,4.68689994526167,0.508619131085999,4.7694642373508
17.2825404726499,32.1858830880997,43.4661773736071,52.9746396122288,75.4808985197855,82.3924928449897,8,24,37,45,58,70,4.49373220386781,1.72054309240924,1.32549111182023,5.17138746654061,1.83063723616081,4.68137161878897,0.505648597666898,4.76207687068996
17.2901375566424,32.1891977491206,43.453065779383,52.9670933005753,75.4606519447243,82.3570131952911,8,24,37,45,58,70,4.49649367387489,1.71947626924155,1.32143429351768,5.16790707662623,1.83237767438252,4.677134812072,0.502876619175194,4.75608536329076
17.2977154560558,32.191856286979,43.4404856085947,52.9597855053889,75.4361755291364,82.3172640433914,8,24,37,45,58,70,4.4992483901545,1.71825101864028,1.31767414198825,5.16456834524456,1.83402682850983,4.67140843926224,0.50010350268501,4.74881059854318
17.3052767128695,32.1945042492118,43.4273310965416,52.9519832977683,75.4132351347605,82.2792891774709,8,24,37,45,58,70,4.50199727503262,1.71702754032317,1.31377832131541,5.16107780989784,1.83570129896303,4.66636032030061,0.497379609494997,4.7421673116814
17.3128495401472,32.1991568530532,43.4164943798242,52.9467262772175,75.3930397564314,82.2445333191987,8,24,37,45,58,70,4.50475058493386,1.71630048803077,1.30996310961584,5.15820277856061,1.83744724685041,4.66137978449729,0.494747244066582,4.73576759908215
17.3203768779696,32.2016075913673,43.4032927727403,52.9387342466495,75.3681906629443,82.2053224474316,8,24,37,45,58,70,4.50748757251185,1.71503677933942,1.3061111761735,5.15470091648054,1.83907769127344,4.65576067157398,0.492156262960702,4.7288112936915
17.3278948912923,32.2050699401361,43.3919553405807,52.9328051011298,75.3462612331019,82.1695197426252,8,24,37,45,58,70,4.51022138503615,1.71402741065784,1.30247223413933,5.15169405967692,1.84077064357444,4.65042826642003,0.489658574574421,4.72227044272903
17.34673746859,32.1877754157273,43.3552352063494,52.9205822721533,75.2864201929298,82.1069050088864,8,24,37,45,58,70,4.51707414971204,1.70504153120933,1.29770060593757,5.14195859137412,1.84844305990588,4.63456498544042,0.489159819625566,4.71535010747404
17.3673537523625,32.1698307779645,43.3206824602194,52.9250504386878,75.2257627387523,82.0455839859658,8,24,37,45,58,70,4.52457352966009,1.69546860908229,1.2936253015499,5.13280231086738,1.86067780462983,4.61288497358733,0.489040529380963,4.70819914976935
17.3880870886115,32.1505987289998,43.2836481951928,52.9398186525807,75.1595072393471,81.9784964359395,8,24,37,45,58,70,4.53211711298991,1.6855641635357,1.28926134182658,5.12299335483348,1.87694579716938,4.58593784858066,0.488890967474832,4.70017410380736
17.4089029577965,32.1320270075097,43.2473520878447,52.968226253641,75.0915402509697,81.9106208996873,8,24,37,45,58,70,4.53969236005684,1.67582005551284,1.28492094892536,5.11338484816679,1.89730603832291,4.55392203540977,0.488907405187624,4.69174550621758
17.4298015732641,32.1145122872534,43.2126398839943,53.0103791482055,75.0256775516831,81.8443815109201,8,24,37,45,58,70,4.54729936436132,1.66633343412477,1.28071387609794,5.1042002228028,1.92155126616989,4.51808690071668,0.488839699996863,4.68333491720954
17.4508251887133,32.0969425627306,43.1794426027359,53.0661739993508,74.9595674312944,81.7780171205385,8,24,37,45,58,70,4.55495352695235,1.65681880275764,1.27689453302571,5.09542063282985,1.94969953039067,4.47770513483983,0.488794000288684,4.67449123162711
17.4719032982427,32.0783062882969,43.1434592993635,53.1305877842905,74.8862619435007,81.7052874178552,8,24,37,45,58,70,4.56262919598517,1.64704507629718,1.2726590606545,5.08590887239603,1.98155395457373,4.43216378696111,0.488897488056095,4.66469842819204
17.4931083061988,32.0607918890743,43.1104925168589,53.2093616052221,74.815194521891,81.63496255475,8,24,37,45,58,70,4.57035275555612,1.63753316359733,1.268889833922,5.07719873734834,2.0171285166996,4.38271022717208,0.489030963501238,4.6547482966082
17.5143420532059,32.0439798354238,43.0776297910403,53.2983952818835,74.7413685318076,81.5620813493359,8,24,37,45,58,70,4.57808846753356,1.62820310179556,1.26497831582766,5.06852013985782,2.05607901174201,4.3290753650794,0.489200810323993,4.64409594958525
17.5356907822945,32.0265814772785,43.0434217035016,53.3962363647392,74.6648573538959,81.4866050767725,8,24,37,45,58,70,4.58586776461377,1.61871781222081,1.26088580939571,5.05949054659829,2.09843824236912,4.27179059693021,0.489386885495304,4.63311786063496
17.55707694634,32.0099567039772,43.0113978914235,53.505589142063,74.587995343223,81.4118047055367,8,24,37,45,58,70,4.5936624036194,1.609429227163,1.25714034354139,5.05104149329672,2.14397509537482,4.21076477977756,0.489757651010069,4.62174593880381
17.5785371811748,31.9939535769957,42.9807081164765,53.6247793893444,74.5091704031637,81.3352924082417,8,24,37,45,58,70,4.60148574670613,1.60029050462188,1.25357135854185,5.0429480215868,2.19245555089839,4.14605197029434,0.490173690631823,4.60957266255394
17.5896978759955,31.9844694143133,42.95417970178,53.6546574786679,74.4502258347522,81.2749778480519,8,24,37,45,58,70,4.60555506029713,1.59526128318906,1.24943339024697,5.03595483264284,2.21075442523638,4.11708525846819,0.48992721490437,4.60060256233505
17.5946388071061,31.9805992786063,42.9354444593359,53.6318304889259,74.4078595658822,81.2291221109199,8,24,37,45,58,70,4.60735672604534,1.59311633261074,1.2458279293841,5.03101760772177,2.20942604465221,4.11071826835022,0.489299647374854,4.59340559812787
17.5995570546898,31.9756110440757,42.9145060490648,53.6071362646529,74.3635495921268,81.1811000270306,8,24,37,45,58,70,4.60915021013623,1.59070577681884,1.24196288258076,5.02550135553867,2.20820685813421,4.10432822792952,0.488632391862621,4.58622145751414
17.6044780935763,31.9706642693619,42.8935870313722,53.5824940600911,74.3194116254319,81.1331858254547,8,24,37,45,58,70,4.61094480160974,1.58830574774401,1.238096223283,5.01999186330536,2.20699838924885,4.09797913240555,0.487953983817259,4.57906382875632
17.609391684311,31.9663485189567,42.8725309857735,53.5576261246095,74.27563613235,81.0858620562154,8,24,37,45,58,70,4.61273676619527,1.58606201707687,1.23404764971595,5.01444794963596,2.2057612597131,4.09182336684538,0.487316872913476,4.57210199871747
17.6143407833646,31.9622843902023,42.853367743656,53.5346011138638,74.2318680250073,81.0386011782768,8,24,37,45,58,70,4.61454177064536,1.58387176902071,1.23039952701253,5.0094038540313,2.20450807700551,4.08507201251732,0.486690053939307,4.56465836882688
17.6192481060641,31.9568853044626,42.83158977391,53.5091387798141,74.186524828076,80.989673326425,8,24,37,45,58,70,4.61633162796015,1.58136841719157,1.22644599926451,5.00367320265038,2.20331259025797,4.07860327146975,0.486047081357658,4.55746895292242
17.6243760367633,31.9555852047197,42.8156098969056,53.4899007984389,74.1461634539531,80.9463323978999,8,24,37,45,58,70,4.61820204298931,1.57980771383815,1.22290597117844,4.99946940203406,2.20225551746334,4.07173236707688,0.485512903750129,4.55022673967629
17.6301850989898,31.9574803082643,42.8057814862306,53.4780897511748,74.1141415376747,80.9127847683473,8,24,37,45,58,70,4.62032101818831,1.57885765129031,1.22008113848369,4.99688433805197,2.2016123100036,4.06516033694505,0.485239463451589,4.54395102404318
17.6359858445653,31.9619574065726,42.7992503867309,53.469842861158,74.0883182475791,80.8855697417746,8,24,37,45,58,70,4.62243708381137,1.57853639305386,1.21743052110257,4.99516673370213,2.20105570172209,4.05944660050245,0.48499008851445,4.53848032342974
17.6417918085074,31.9637609628468,42.7900812981204,53.4585457429022,74.0541891914712,80.8497477774001,8,24,37,45,58,70,4.62455517714944,1.57756510414272,1.21479025675198,4.99275564121983,2.20036539894034,4.05202666954063,0.484686818135331,4.53143354276483
17.6475611967224,31.968541718109,42.7844306173348,53.4509863101714,74.0281683209164,80.8219478257689,8,24,37,45,58,70,4.62666005007946,1.57732521492388,1.21228188121032,4.99126990374688,2.19974626187351,4.04602894891835,0.484368192608929,4.52557974741248
11.0896650491697,31.9177060156985,42.5849995587287,50.5219813202694,63.6385165138276,82.5982760840618,8,29,48,56,75,94,2.33778354018522,2.33284288289589,0.496739119426297,3.11805400406723,1.35438106271334,0.907192914168898,2.21636872233592,2.85694278976942
11.08388297383,31.9428107181338,42.5935480628436,50.5391656114214,63.6579421926671,82.5929879620344,8,29,48,56,75,94,2.33588664788748,2.34056849345852,0.494328610428042,3.119847703275,1.35690681585964,0.907613586504622,2.2100916052469,2.85408611984406
11.0777159380084,31.9700113766093,42.603029910027,50.5578047247599,63.677864986817,82.5879471895408,8,29,48,56,75,94,2.33386377810206,2.34892314075174,0.491754701515757,3.12183765797199,1.35958630803039,0.907854546726551,2.20375632341339,2.85108889752397
11.0711431338554,31.9983941102641,42.6119672000973,50.5766996381252,63.6976828505242,82.5787135466141,8,29,48,56,75,94,2.33170816839001,2.35768478946015,0.488936973414685,3.12371372668774,1.36250141307896,0.908027809405065,2.19639028871407,2.84734027811599
11.064103323755,32.0287466736725,42.6215810443778,50.5970627202613,63.718228161051,82.5649789298741,8,29,48,56,75,94,2.32939980945451,2.36706789068731,0.485939929699299,3.12573224749108,1.36564992335686,0.908062020104252,2.18770786220903,2.84252608327294
11.0557822638437,32.0545410356938,42.6312090742816,50.6178278023112,63.7379205647185,82.5520451566142,8,29,48,56,75,94,2.32667187463616,2.37563826810088,0.483609460720118,3.12775419673624,1.36891383961258,0.907860647701497,2.17945365435587,2.83787680082305
11.0459243252754,32.073714096232,42.6403618561412,50.6386794284896,63.7569034166428,82.5313917788778,8,29,48,56,75,94,2.32344086494244,2.38293853246787,0.48216753460914,3.12967675818992,1.37234438194456,0.907509866671372,2.16943826536851,2.83173877444071
11.0353040997783,32.0958638111934,42.6516988323934,50.6632069556324,63.7783877793906,82.5105416439755,8,29,48,56,75,94,2.3199609434309,2.39118692012131,0.480613768171139,3.13205867818882,1.37621477941859,0.90693875741884,2.15875604391738,2.82511567192952
11.023402037571,32.1228018004646,42.6664459904322,50.6939486760803,63.8041682138364,82.4798313370677,8,29,48,56,75,94,2.31606215557244,2.40097402758394,0.478864708743451,3.1351580170216,1.38091138180262,0.906007973925088,2.14452598033833,2.81577122210907
11.0104607068647,32.1532518863791,42.684255782114,50.7303290121345,63.8331453130615,82.4448548080412,8,29,48,56,75,94,2.31182431641979,2.41192186989969,0.477054228871062,3.1389024206369,1.38636911265018,0.904619746693211,2.12844954829595,2.80493387460549
10.9963500320698,32.187263004717,42.7060411552837,50.7739637483156,63.8657021757155,82.4002282814154,8,29,48,56,75,94,2.30720520457065,2.42408025180258,0.475306097834606,3.14348475676035,1.39279693588163,0.902544007608746,2.10909518121752,2.79132000918221
10.980964843758,32.2256196132762,42.7327908626678,50.8268819946254,63.901328619676,82.3466609350051,8,29,48,56,75,94,2.30217084485722,2.43767968149318,0.473649161858111,3.14911443390224,1.400504580148,0.899307620999553,2.08679456223643,2.77488690254591
10.9642761072126,32.2677950291324,42.7655206142155,50.891440019635,63.9391522875787,82.2830800948894,8,29,48,56,75,94,2.29671225710441,2.45260077479237,0.472302700636719,3.1560073636452,1.40989263476709,0.894312831462702,2.06152691058856,2.75522665686856
10.9456305297679,32.3205366454662,42.8127516286907,50.9805366905498,63.9811840466557,82.1918625750883,8,29,48,56,75,94,2.29061648554818,2.47073177057326,0.471517983323351,3.16596339778877,1.42226355917435,0.885546007848549,2.02846469561813,2.7270513577136
10.9260610386098,32.378597142376,42.8758254928849,51.0974855633294,64.0198778858761,82.0685201858235,8,29,48,56,75,94,2.28422192060397,2.49049226050359,0.472231869289808,3.17927578276653,1.43822001769729,0.871044109755533,1.98847726726997,2.68927684240381
10.9068487515928,32.441405572092,42.9637474427287,51.2565991923649,64.0466334543266,81.9029750716866,8,29,48,56,75,94,2.27794733465003,2.511419831971,0.475815363882016,3.19786451881987,1.45936820747123,0.846730416115786,1.94133556048468,2.63821726391732
10.8912242476575,32.5092188513875,42.9560781779387,51.3824012036996,64.0523199663663,81.6271693458122,8,29,47,55,74,93,2.2728468783702,2.53276074807182,0.545446362691488,3.33900451075421,1.49920705367111,0.824901518227944,1.87295653535828,2.58458506970136
10.8857462484436,32.580787432211,43.219020497202,51.7705443754953,64.0330651894879,81.2947252546827,8,29,47,55,74,93,2.27105915076062,2.55251306146335,0.575616374002642,3.39603162067575,1.53679764412534,0.752574417400881,1.79777601693055,2.46692570798125
10.9041566223708,32.6541730994899,43.6336671701959,52.365522373751,64.2412312295422,80.3135737978247,8,29,47,55,73,91,2.27706836428679,2.56663388559059,0.631135021877643,3.48661314092608,1.59130506033889,0.78690320549622,1.6749860662467,2.44500075360373
11.0111726221729,32.8210199100216,44.2947102548574,53.2462161178804,64.6533614678195,79.1588612175934,8,29,47,55,73,91,2.31205740657401,2.58202720852095,0.715297994547634,3.63264348353626,1.65825905873504,0.703712919119163,1.31654949714069,2.09462031673912
11.2062853879157,32.6343982418827,44.1304925009434,53.3043469934662,64.3630604870674,77.5883933150041,8,29,47,55,73,91,2.37610297827131,2.48427047289188,0.719215714791738,3.59618242780922,1.72663982910598,0.644331167885673,1.04628257215543,1.837520734367
11.2505240982217,29.1045589359822,40.2080814162509,50.2195674747181,63.6151242240904,78.035680041168,8,29,47,55,73,91,2.39066894305433,1.62756492301534,0.651845886081869,2.76316544810958,1.98929782233591,1.08093432709817,1.29795028537193,2.67648030925587
11.2962477407952,29.7761408660074,40.8378375237456,50.6894926982613,64.1679024267781,78.5045671591314,8,29,47,55,73,91,2.405740923765,1.76919606643334,0.644830329370258,2.89177359014915,1.93859500028167,1.09794834330982,1.27967086376573,2.64358655345843
11.3416086222362,30.1107137544204,40.6693312893743,50.370842328534,63.9694255182461,78.4369762550242,8,28,46,54,72,90,2.42071037218375,1.99660436666656,0.562979603661788,2.99352693032193,1.89120834555572,1.122796080408,1.3082290440232,2.66420446646415
11.3850338270454,30.2901418877361,40.8107231667302,50.4463613303912,64.1164395658117,78.5148572820298,8,28,46,54,72,90,2.43505682811286,2.02963711357571,0.556985239420637,3.02325169204044,1.87049436956867,1.13767327324048,1.29311786277554,2.65122202074398
11.4251972776576,30.3897371756744,40.9067386920199,50.492208529196,64.2367082720574,78.6012103869628,8,28,46,54,72,90,2.44833935623328,2.04412412457466,0.556422515283933,3.04349456596146,1.85475033572587,1.15323357938824,1.28572659885476,2.64924886124355
11.4612369701286,30.4453877424378,40.9774349095667,50.5204037571457,64.3359931768588,78.6874104163452,8,28,46,54,72,90,2.46026921739778,2.048911343033,0.558789290646213,3.05842902633769,1.84143406806341,1.16816734354956,1.28287889376836,2.65241514120312
11.4926535806998,30.474052814909,40.4265934468688,50.0567137459602,64.1524872954178,78.5170850783712,8,28,45,53,71,89,2.47067727069981,2.04823945784404,0.554219973342399,3.08252888137775,1.8687613878419,1.22768222244463,1.28574742740902,2.7305431914307
11.5192439533413,30.4858536139181,40.5116007619369,50.0998623988332,64.2515022515686,78.6325616356928,8,28,45,53,71,89,2.47949260770294,2.04462921377076,0.566063994630541,3.10070131838713,1.85562574752831,1.23967244524132,1.28933312372127,2.73683359136175
11.5411257735326,30.486858903574,40.5851937097762,50.133634447432,64.3336541768864,78.7317453834815,8,28,45,53,71,89,2.48675117721014,2.03953641036967,0.577913055578603,3.11646292486484,1.84314738689724,1.25008862070334,1.29304663681443,2.7421207502809
11.5585319058236,30.4799315024607,40.6499510724093,50.1603721401005,64.402069478521,78.5004665876271,8,28,45,53,71,88,2.49252780284799,2.03360517722952,0.589716657196095,3.13035458972323,1.83124978415779,1.25908602113586,1.36966750300158,2.81744892444165
11.5718599609962,30.4682304126079,40.7079185883152,50.1820857585415,64.4595523608999,78.5902783329276,8,28,45,53,71,88,2.49695264812407,2.02750990701233,0.601284547585256,3.14280744283878,1.81991970025594,1.26682571982076,1.37701517074181,2.82414768631158
11.5815370197821,30.4524224447052,40.7601472668731,50.1998023177762,64.5080920572047,78.6698457506982,8,28,45,53,71,88,2.50016626197759,2.02130937789811,0.612672323151166,3.15404176620906,1.80914760599844,1.27350831933881,1.38407931392203,2.8299030510125
11.5880360833418,30.4341817560849,40.8082176366287,50.2148994550104,64.5495244449937,78.7382070718778,8,28,45,53,71,88,2.50232492389299,2.01529574711086,0.623856997714188,3.1643936068804,1.79886834930191,1.27922752602464,1.39021992965841,2.83417732459836
11.5917769690532,30.4146989787302,40.8529724702864,50.2281378745705,64.5853180865866,78.7976735876141,8,28,45,53,71,88,2.50356760902641,2.00965564684758,0.634772026170954,3.17404174254311,1.78905474598252,1.28413284099843,1.39562545075066,2.83727772006392
11.5931875166258,30.3936750978002,40.8943715257493,50.2393698402551,64.6160888097061,78.8497884730852,8,28,45,53,71,88,2.5040362075904,2.00421183334526,0.645453655545988,3.18297526361245,1.77967188195644,1.28838735339501,1.40050513693926,2.83953674995712
11.5926333364731,30.3723302428783,40.9335973969443,50.2495314961961,64.6429582597601,78.89349460415,8,28,45,53,71,88,2.50385210131316,1.99917093930302,0.65588844794327,3.19144763526972,1.77064189170831,1.29202926584252,1.40435827035747,2.84048142798001
11.5904608640812,30.3500254568526,40.9699643596416,50.2580824853791,64.6661164665712,78.9342742254071,8,28,45,53,71,88,2.50313039942299,1.99429339582698,0.66606147396682,3.19930928459896,1.76200881655749,1.29521619252809,1.40839471069731,2.84141195786712
11.5909018053133,30.3163713950323,41.0106062853224,50.2802683060126,64.697741908969,78.9930051767151,8,28,45,53,71,88,2.50327687842192,1.98604142800066,0.679035200005639,3.20810277317094,1.75628564005369,1.29727711276857,1.41461102688758,2.8452276215286
11.5900769306856,30.2814324000708,41.0489445093577,50.3007498513018,64.7293025540392,79.0546940333503,8,28,45,53,71,88,2.50300285945907,1.97779540407975,0.691930531852966,3.21640525549861,1.75075210373542,1.29969740767435,1.42153106864924,2.85015576504979
11.587472213129,30.2478132454361,41.0837427546713,50.3166683449878,64.7590537894151,79.116094848844,8,28,45,53,71,88,2.50213762137353,1.9703078351572,0.70405909454173,3.22394736238529,1.74490556676406,1.30272142162398,1.42881242204008,2.85577380524949
11.5833873711406,30.2157356271124,41.1143225039733,50.3274624621535,64.7865731190948,79.1782892763674,8,28,45,53,71,88,2.50078082164981,1.96355730848398,0.71524091000114,3.23058005365071,1.73878297005504,1.3063809798265,1.43680374829786,2.86245527019398
11.5780677556289,30.1853552717205,41.1393551569339,50.3321325011013,64.8112510112963,79.2374809561939,8,28,45,53,71,88,2.49901408350779,1.95751993933184,0.725188703420054,3.23601299296082,1.7324866183892,1.31076340822889,1.44477229637861,2.86968049003933
11.5717346077904,30.1598809321065,41.1595278834004,50.3314412622026,64.8337370654892,79.2957834110171,8,28,45,53,71,88,2.49691102496035,1.95291252885464,0.733424505121463,3.24039338926782,1.72604030186846,1.31584632443245,1.45305672171111,2.87775296837282
11.5645542301606,30.2404353859922,47.1883642476076,55.3587666654294,67.3419814499245,79.5954214784948,8,29,46,54,72,88,2.49452700917212,1.81433872515047,2.06249152191768,4.46049940461985,1.42303779956402,0.806511737995333,1.10235398346939,1.87125468751695
11.556694090458,30.1888210947886,46.566409877794,54.681838708398,66.880171878902,79.3662654608432,8,29,46,54,72,88,2.49191776803934,1.80422870827552,1.91706272507802,4.31266742630784,1.40679671929844,0.846316002984645,1.15293794269273,1.94350590177313
11.5482754957615,30.1363120997379,45.9014638807741,54.045660146814,66.5273990935499,79.2205252506114,8,29,46,54,72,88,2.48912368613213,1.79405952090038,1.76444843601035,4.15632808481062,1.4152901840478,0.899886237052035,1.1986013701235,2.04060027784295
11.5394161231969,30.0843649537521,45.5150696915948,53.6768579050609,66.3469669040525,79.1822027755515,8,29,46,54,72,88,2.48618392012838,1.78413961814188,1.68274081709779,4.06631092232038,1.42049000043108,0.936185906176882,1.23029147970981,2.10668608796404
11.5301996028936,30.0320218875541,45.3077671999494,53.4704106984151,66.2626622577567,79.2055784176188,8,29,46,54,72,88,2.48312630542976,1.77422870837546,1.64528968227506,4.01827195128701,1.42074291817268,0.960012812464078,1.25448820082023,2.15091536831267
11.5206902751889,29.9802136552512,45.2017559515793,53.3528596331813,66.2283759340177,79.2620881745302,8,29,46,54,72,88,2.47997225942425,1.76452547905926,1.63225164129218,3.99377521944477,1.41733134372866,0.976384346693336,1.2750127087059,2.18228088192615
11.5109619331904,29.9292933379571,45.1586893621937,53.2897500641428,66.2247621519399,79.3380248679537,8,29,46,54,72,88,2.47674631678445,1.75509287473183,1.63413878118755,3.9838370587449,1.4114104834569,0.988145722106269,1.2930857476914,2.20535404273752
11.5010428580285,29.8774024204608,45.1496865211385,53.2551343929203,66.2367332239512,79.4246517175673,8,29,46,54,72,88,2.47345790437078,1.74549869860531,1.64445615458627,3.98176052883099,1.40385267605283,0.997391760798714,1.31012300076807,2.22396010178247
11.4910012802308,29.8255517230408,45.1629613379273,53.2387410308984,66.2588098897786,79.5177079590776,8,29,46,54,72,88,2.47012968057591,1.7359588520821,1.66016162699512,3.98482252141429,1.39511010698562,1.00505097094075,1.32638915984046,2.23952659159262
11.4959326282085,29.7895581448847,45.1708003832629,53.220572152451,66.280259877055,79.5958835890535,8,29,46,54,72,88,2.47176404697999,1.72663737979807,1.67075820198802,3.986631038934,1.38745668756007,1.01296158363992,1.33943596911486,2.25328327214668
11.514794600873,29.7669273765501,45.1635781058135,53.191790334207,66.2950345469224,79.6496305061059,8,29,46,54,72,88,2.47801714889127,1.71720342622776,1.67448817179301,3.9849648042753,1.38111981744546,1.02168484679705,1.34842365674758,2.26523279176389
11.5324050885588,29.7446254197122,45.1592971012173,53.1635772510042,66.308613332376,79.6965901535277,8,29,46,54,72,88,2.483857921959,1.70814484192768,1.67885380669715,3.9839772477503,1.37409361450473,1.03008060887148,1.35613742133593,2.27529345279988
11.5487903111612,29.7211981368071,45.1471943437213,53.1256436373844,66.312698618433,79.7297765396109,8,29,46,54,72,88,2.48929453418531,1.699124691884,1.6815990059314,3.98118576181503,1.36651945770923,1.03854744108751,1.36287386385466,2.2841991361304
11.5639787427887,29.6990850564007,45.1239948491638,53.0735653829335,66.3016125585227,79.7340527795665,8,29,46,54,72,88,2.49433595457537,1.6906877714619,1.68133558621608,3.97583655811196,1.35806333835141,1.04683188200958,1.36643435932316,2.28960816476302
11.577987423561,27.7891991536425,43.7338050537839,51.9028043195644,65.8006193981653,79.3050228500219,8,28,45,53,70,86,2.49898740552433,1.40893579098563,1.80877315225666,3.81511042241746,1.42262272079821,1.32437215128941,1.38315315751791,2.61571393700387
11.5908603089934,27.8128912905737,43.4942125958307,51.6313043207078,65.5962024353658,79.045076756172,8,28,45,53,70,86,2.50326309343705,1.41127558822346,1.74385708159202,3.76034568825045,1.41319148892002,1.33946436085641,1.37024659703731,2.61147591138831
11.6025983579808,27.8397854589474,42.8387050716391,50.9259613451618,64.9501432180938,77.9615240042549,8,28,45,53,70,86,2.50716298812604,1.41455553943429,1.57904362896562,3.61181963531092,1.39849048890499,1.35284925857113,1.26995440649408,2.52290782566246
11.6139850230364,27.8606664342935,43.2761988377665,51.4177789227773,65.4188220096268,78.4910868993813,8,28,45,53,70,86,2.5109471740305,1.41661155036235,1.6790624072731,3.71073407211874,1.41451727466452,1.3476197908001,1.28376095428976,2.54186746490537
11.6252121706412,27.870279212788,43.3927808588108,51.579604127002,65.5035347295794,78.6577603061785,8,28,45,53,70,86,2.51467934426102,1.41626188301424,1.70504905163596,3.73723740296268,1.42789748706051,1.33024078260932,1.30242481724233,2.55220366262454
11.635694525732,27.8731636889909,43.4968981032287,51.740889559225,65.5892364462243,78.8240620332716,8,28,45,53,70,86,2.51816482041247,1.41461660571617,1.72975470568487,3.7609581231545,1.44484609955117,1.31327957712927,1.32086517025025,2.56505571960927
11.6451737904318,27.8698566909791,43.5958450315132,51.9093803640814,65.6806902913924,78.9920171560445,8,28,45,53,70,86,2.52131750114736,1.41184930305441,1.75481953640339,3.78354538115135,1.46552577743458,1.29606752943968,1.33844624084457,2.57934456546867
11.6532998447932,27.8598336750137,42.7771945358204,51.0798886967826,64.7730090632402,78.252730467417,8,28,44,52,69,85,2.52402068111739,1.40792455235126,1.72403665687863,3.75386932486378,1.4622975821085,1.27867632992124,1.37741151176269,2.59581198478046
11.6938696796162,27.8617187568132,42.7578584584891,51.014118750444,64.433450164891,76.5753110221037,8,28,44,52,69,85,2.53752417961009,1.39957155241517,1.71874883981808,3.74943165405823,1.4484894545456,1.2184115105683,1.07837463603139,2.25959253646139
11.7484956934484,28.0515957939077,42.9076672074898,50.1933534119139,65.4942721033572,77.6347952208625,8,28,44,51,69,85,2.55572638983704,1.42885032331074,1.70877804237094,3.783856675993,1.37774910042985,1.49498035021237,1.07808826212677,2.44199695182307
11.7932151145476,28.3270305250037,43.2296794164243,50.4633044081601,65.2213154855404,79.017361993607,8,28,44,51,69,85,2.57064468700619,1.47927295687663,1.72037026070479,3.85818963204987,1.36182821719021,1.37236813996649,1.45157403206228,2.660933960629
11.8241921763344,28.6149847461742,43.6396826078411,50.8590170530486,65.2774069854132,80.5115098021743,8,28,45,52,70,86,2.58098753780208,1.53613078597459,1.58517636993785,3.7935662780655,1.35746506996781,1.297477231667,1.80353247979811,2.8913969296569
11.838228435015,27.591150699715,41.9966321722658,49.1557358286849,63.8756431160156,80.2309575107949,8,27,44,51,69,85,2.58567647487018,1.44978847825786,1.43998016720618,3.57607083018563,1.33910930879133,1.36389494827885,2.0931002085068,3.19006483821741
11.8328847825989,27.5927076319088,42.1069706438939,49.3113456272887,63.9293845458997,80.8993132674486,8,27,44,51,69,85,2.58389120363334,1.45132339722458,1.46516205772924,3.60103543486308,1.35290096795559,1.34132960127119,2.25686052579301,3.31515814648055
11.8065871317505,27.5770484339992,42.1846552501174,49.4372821320776,63.9791267520858,81.347680913748,8,27,44,51,69,85,2.57510853685056,1.45369081315111,1.48688256931902,3.61864551919022,1.36763453770948,1.32453510213297,2.36484015527944,3.39911587018549
11.7584465845154,27.5488538806912,42.2294503962562,49.5262678279792,62.6536428651917,81.2286390472649,8,27,44,51,68,85,2.5590446560979,1.4581329693505,1.50393836198043,3.6288125623451,1.38115835509092,1.15525803174194,2.49333874162951,3.3619239774916
11.6881684237287,27.5097608810621,42.3366152746902,49.6511413486078,62.8762269931757,80.9834601013974,8,27,44,51,68,85,2.53562576714358,1.46508731413772,1.53830189012974,3.65317269687856,1.38658588604812,1.17626411060984,2.36718650390235,3.28239012398849
11.1376030541273,27.3319732331866,40.9542944438285,48.5183921982389,62.3169205371603,81.7198488762106,7,26,43,50,67,84,2.64260730143228,1.54906702514638,1.26299761567751,3.49503670371068,1.46355784878805,1.30214010471321,2.72081556848667,3.76968693431093
11.1107640585705,27.321985524113,41.332903853086,48.853345690144,62.711090770824,81.0854546530662,7,26,43,50,67,84,2.6333295880708,1.55289983455626,1.34985081571502,3.58093498913699,1.45002994627133,1.31538458972275,2.43901364368258,3.53402237574075
11.088372143862,27.3119268196362,41.1054020444558,48.6772301657086,62.8203262814103,80.5784815445976,7,26,43,50,67,84,2.62559309364079,1.55570698838452,1.30101200570211,3.52923911898258,1.46595606313498,1.37983007631174,2.27421491856101,3.46985892964122
11.0703294846508,27.3027213438125,40.7083123943592,48.3528735252033,62.8539971956872,79.936884494803,7,26,43,50,67,84,2.61936190785234,1.55771943999113,1.21541334059606,3.43959111370375,1.48856057147896,1.46211291581771,2.09735004204967,3.41403215375091
11.0563268278984,27.29467009291,40.1441671476732,47.8826081004661,62.819012738717,79.0366356550766,7,26,43,50,67,84,2.61452758976945,1.55907520890339,1.09624861474761,3.31352665328775,1.5178436977639,1.56420229045403,1.87683713804466,3.3377691192561
11.0459685353611,27.288106971165,39.3711200990503,47.2316432413852,62.716650876489,77.2738207940415,7,26,43,50,67,83,2.61095237485415,1.55993997604367,0.939326076304288,3.14331910782757,1.55609950977175,1.69592643462592,1.63495324704192,3.26824988646097
11.0388220924172,27.2831308439343,38.3388144883489,46.3573443547834,62.561905126948,76.4518535936781,7,26,43,50,67,83,2.60848619840728,1.56043457478817,0.743585418180866,2.92076702786698,1.60589999515033,1.87356366214412,1.47382701106157,3.31596731642818
11.034451138135,27.2794098209872,37.1325909965985,45.3262665382833,62.4405929246638,75.849392052149,7,26,43,50,67,83,2.60697800191441,1.56058269931859,0.538316660745214,2.6679001789756,1.66146928630382,2.10549438475639,1.36095635147486,3.45416475060558
11.0320732502287,27.2788595279981,36.627324350342,44.855810392854,62.6391831315396,76.639561806982,7,26,43,50,67,83,2.60615757061442,1.56099924754299,0.460669310664182,2.56437459991129,1.67255858397018,2.28089678797468,1.5001333210193,3.7566347845694
11.0275820914825,27.2955685788348,36.500215856808,44.7584984106164,62.7176982934982,76.7104175719413,7,26,43,50,67,83,2.60460811957206,1.5658339012701,0.439530338976921,2.53855996196466,1.68206222495036,2.32763536490789,1.49830400088997,3.80355025081287
11.0231489125686,27.313042865712,36.4456961192016,44.7274171845156,62.8132397560068,76.5931241108369,7,26,43,50,67,82,2.60307881530306,1.57083499954934,0.429116975800605,2.52751598195368,1.68954545217715,2.36145484681419,1.61095897616095,3.95738704251022
11.0187724902568,27.3312347031612,36.421811542062,44.7254780080347,62.9207089938477,76.6197714004415,7,26,43,50,67,82,2.60156923038861,1.57599241472655,0.423083536884193,2.52268312785895,1.69655791294726,2.39078340240092,1.59082675770325,3.96963151003599
11.0144515296629,27.350117985046,36.4183229827514,44.7434746857196,63.0399826137179,77.1744296432178,7,26,43,50,67,83,2.6000789129167,1.58130094226596,0.419891455747628,2.52197752177655,1.70342887237476,2.41801951395288,1.53226631976783,3.93384737357096
11.0101887021181,27.3696842789586,36.4361492991628,44.7823059288121,63.1752467100107,77.3213139116664,7,26,43,50,67,83,2.59860877897771,1.58675850524019,0.41964365345681,2.52558386320078,1.71015150477136,2.4440301888541,1.53506140783278,3.9648465832611
11.005981649085,27.3897929776528,36.4765633134811,44.8431969749756,63.3291473820486,77.4762425880372,7,26,43,50,67,83,2.59715800996133,1.59233385612547,0.422539634487826,2.53376659564578,1.71671018415204,2.46918828441895,1.53530875795227,3.9924144391798
11.0018305368115,27.4104415708481,36.5452045616987,44.9314231247739,63.5074234117859,77.6317560831846,7,26,43,50,67,82,2.59572665814632,1.59802674875829,0.429420519900029,2.54768615970816,1.72298771856192,2.49361142683408,1.69759719438033,4.18678860531608
10.9977331586741,27.4315773317111,36.6493568527656,45.0537624907432,65.1449122078897,77.8272256960892,7,26,43,50,68,82,2.59431395776614,1.60382593778375,0.441442004815738,2.56885864157891,1.72882121984211,2.7052735879916,1.50676823662616,4.20929945680876
10.9936923266889,27.4531860240149,35.2543779630367,43.6469756559124,63.9453784184652,76.7010780645782,7,26,42,49,67,81,2.59292087348774,1.60972783426057,0.317819878058468,2.41777652966228,1.7250333843332,2.76200113292107,1.52517396151687,4.27577620797615
10.9897133027964,27.4751864763342,35.2075948427883,43.625316836753,64.0287272011096,76.7632258515086,7,26,42,49,67,81,2.59154921421604,1.61571284033765,0.309012339865106,2.40838575555885,1.73309488002427,2.79086063296042,1.5198497869804,4.30279987975733
10.986078729992,27.5000292985969,35.1948342898348,43.6409545077805,64.1066349095511,76.8191031524386,7,26,41,48,66,80,2.59029639613598,1.62228159258946,0.372906764886933,2.53773356945487,1.74221567761388,2.80801145400531,1.51432319305424,4.31985326843421
10.9838535311718,27.5369162530871,35.3034469968763,43.7509752112349,64.2467255775741,76.9559867017214,7,26,41,48,66,80,2.58952942951583,1.63131750484355,0.383268207693154,2.56015131894768,1.74266813329717,2.81630332551089,1.51351914836464,4.32688303740375
10.9816943314121,27.5751330155404,35.4156386495225,43.8644165881399,64.3911596884453,77.0955532981776,7,26,41,48,66,80,2.58878524564118,1.64066243360569,0.394088983506125,2.58338033397889,1.74306974782456,2.82485631249295,1.51229907511876,4.33369322483641
10.9796246870511,27.6153618420182,35.5332736320473,43.983160626714,64.5425663897473,77.2392598080194,7,26,41,48,66,80,2.58807195971341,1.65047082140815,0.405556494280292,2.60781515126954,1.74342617194599,2.83387744216331,1.51036957220266,4.34018207073141
10.9776161553257,27.6566049826082,35.651527775673,44.1021563837669,64.6943892417449,77.3818814975291,7,26,41,48,66,80,2.58737976573885,1.66051973655513,0.417111064379094,2.63245940890205,1.74366451669777,2.84295151046795,1.50806492114688,4.34624938746966
10.975659847194,27.6986209613724,35.7684654174545,44.2193947219705,64.844703929162,77.5208897021714,7,26,41,48,66,80,2.58670559782055,1.67075619880265,0.428490207845955,2.65690855633606,1.74376115835923,2.85210208522701,1.50523437989301,4.35174691406781
10.9737610471169,27.7411184800089,35.8823780291536,44.3330897113153,64.9917499435905,77.6543813535838,7,26,41,48,66,80,2.5860512747012,1.68111186906749,0.439462341500354,2.68080059270629,1.74369121599988,2.861336358998,1.50184318135314,4.35662553123414
10.9719187685244,27.7840276150519,35.9913444974019,44.4412376097227,65.1335032801979,77.7802335387006,7,26,41,48,66,80,2.58541645403848,1.69157112036836,0.44971945968005,2.70372444905653,1.74342813805323,2.87064888335154,1.49786774730769,4.36083432137579
10.9652182834883,27.9286828496327,36.1711138959397,44.5984504475311,65.2351147380241,78.1224907170436,7,26,41,48,66,80,2.58310778055546,1.72709903379873,0.455213845896204,2.74169050924707,1.73618178978756,2.855245226859,1.55836479574247,4.40139520285008
10.9750988233259,28.0953137955871,36.3715020361036,44.7778968810132,65.343646981584,78.4572661870868,7,26,41,48,66,80,2.58651226724683,1.76413976270184,0.460523233208112,2.78422521783796,1.72945949136519,2.83563055710822,1.61588013100381,4.43502405381466
11.001248250637,28.2757869538719,36.5866272786106,44.9732688402208,65.4549649145044,78.7810779941874,7,26,41,48,66,80,2.59552588914942,1.80084851490798,0.4660011131338,2.83013695001522,1.72312335145512,2.81242702458626,1.67044836148468,4.46227591623465
11.0367709915054,28.4395330151501,36.7800554464231,45.1496998859251,65.5357647653055,79.0599244320058,7,26,41,48,66,80,2.60777844938003,1.83152850486766,0.470715582705709,2.87163608778123,1.71767493460166,2.78608811795789,1.72177228445342,4.4837274641546
11.0671661275746,28.5488540742933,36.9079417695667,45.2654963936113,65.5303094901676,79.2638302895462,7,26,41,48,66,80,2.61826965740666,1.85049328436807,0.473674743733347,2.89918591268715,1.71380161117808,2.75278623022862,1.77650477185094,4.50284367709736
11.1315467698808,28.7088828620171,37.1321363808236,45.4785408977917,65.5399226922077,79.5494169128355,7,26,41,48,66,80,2.64051331296005,1.87355728508868,0.483963637975616,2.9476969630667,1.71023087222632,2.69715134476143,1.84937919664302,4.51829873124609
11.2101409546558,28.8482314002484,37.3499032561926,45.6863029671788,65.4970489902996,79.8059677838811,7,26,41,48,66,80,2.66770789442364,1.88825303038826,0.496666237444366,2.99507591392626,1.70702815304723,2.62902325405244,1.92935347841412,4.52807023464455
11.2998273516551,28.9619728809518,37.5528556896514,45.879668980689,65.4077578880186,80.0292225650461,7,26,41,48,66,80,2.69879374078092,1.89408144653272,0.511287017020422,3.03945898842343,1.70396047438688,2.55275460684789,2.0138049953467,4.53318777354173
11.2921781097949,28.8746820318353,37.4766136032259,45.7301642785055,65.1530475651296,80.0589973128496,7,26,41,48,66,80,2.69614027331621,1.8748059400627,0.513110289474532,3.02276025312938,1.68055227303059,2.52452267979862,2.09150846617561,4.55993808686979
11.4456521853021,29.0963095245464,37.5656735215687,45.7409578697519,65.1010747082418,80.2601479577474,8,27,42,49,67,81,2.45510905554259,1.89129722984916,0.491415828976384,2.89748757202554,1.65561648762087,2.5077200037001,2.16129280607334,4.58827016073321
11.3656389504982,28.9962789584523,37.4117210463028,45.8361151955474,65.0776335332029,80.5366674713538,8,27,42,50,68,82,2.42864740840719,1.88644895338321,0.482706015284192,2.86460624018547,1.49862957728004,2.47605474586388,2.24475390414676,4.51425116921078
11.3107537270942,28.8890293029055,37.2655260356166,45.5923947973258,64.7838724658667,80.542516531305,8,27,42,50,68,82,2.41052617282024,1.87378426471583,0.476456863789596,2.8335006376204,1.46949833700381,2.46272719955614,2.32891892043639,4.55230142179677
11.258711215059,28.7762755945176,37.1180946180658,45.3417469313612,64.4796524125705,80.5324110081343,8,27,42,50,68,82,2.3933664063396,1.85913392604973,0.470921989912929,2.80225005547593,1.43881086186739,2.4484809954106,2.41229403436237,4.58674787957889
11.1991399286834,28.6680631899165,36.9671020980602,45.0789591956662,64.1618843572698,80.502185681279,8,27,42,50,68,82,2.3737518092885,1.84742199533178,0.46413237006653,2.77036839437944,1.40574301391328,2.43388399980607,2.49450553491703,4.61710283368931
11.1242903013482,28.5916449358719,36.8163608092402,44.8038619846555,63.8307139859604,80.4475797216577,8,27,42,50,68,82,2.34914880072844,1.84704468011803,0.45243828488266,2.73866556620042,1.36917253568609,2.41902167632614,2.57421084069492,4.64130784103301
11.0264652256297,28.5852774327153,36.6877749366471,44.5309154475701,63.4978809368386,80.3671375444193,8,27,42,50,68,82,2.31706545514571,1.86908364462009,0.433491845419276,2.71172229702356,1.32700734504102,2.40317643226502,2.64747533716203,4.65344319350997
10.8975874090035,28.6366681433449,36.6833335473549,44.3404499073334,63.2067012438498,80.2588459074307,8,27,42,50,68,82,2.27492380714905,1.91275949441737,0.424955292820842,2.71079332154031,1.27314411345941,2.37659390727069,2.70087034487486,4.62727756363507
10.7298103177204,28.6515257932962,37.9704354406593,45.2308751180435,63.3017024029747,80.2033831786532,8,27,42,50,68,82,2.22028163750518,1.95732305887066,0.637107383911096,2.98454319157024,1.16015077042856,2.16960905988865,2.65692315888332,4.29291696857444
10.5170887977368,27.8569006523125,34.4309552644306,41.9985253838855,62.0590606152346,78.7851352705195,8,26,42,50,65,80,2.151368066317,1.98425850333563,0.179208143538103,2.25443314606067,1.24741075326855,3.36171199011656,2.39122538398607,5.20817526193434
10.9785603421803,27.1412508965625,33.9499209763898,41.476510116039,59.2497879358633,76.3568876967769,8,24,39,47,61,75,2.30138422627987,2.04248590488047,0.255921310342556,2.55113450763456,1.23567699188632,2.91381653212902,2.71696412020122,5.08936007937099
12.0844654869972,27.2255786398392,34.2511496947292,41.9611564528327,58.9907071407394,74.750798517168,8,24,38,46,60,74,2.66817482066815,1.78008393236255,0.350754834301405,2.75714275331499,1.28840349515529,2.69426021034927,2.32932739322029,4.58843232014643
13.0926821425249,27.8115829440547,35.1619905465225,43.1675792358652,59.1242859055162,72.2009366627958,8,25,39,47,61,75,3.01043311353491,1.5129140160077,0.399127991517401,2.81004400018476,1.37447756920921,2.38498473701937,1.60644047434245,3.71843852710096
13.1330964273325,27.9540042859836,35.5268740957464,43.6162087590555,59.4854394624836,72.5342936392245,8,26,41,49,63,77,3.02429331459166,1.38639318428793,0.35558981508187,2.60648379027714,1.39910287548869,2.36018152738338,1.59935341970675,3.7107634507186
13.1690990513302,27.9929697416689,35.5362600397105,43.628154952327,60.1313038877178,73.3294753132987,8,26,41,49,65,79,3.03664921036452,1.38705503297379,0.351446008456316,2.6084365254284,1.39985732576166,2.13217879162452,1.63753026362904,3.56213046771454
13.2041895014577,28.120785999669,35.6022263429644,43.7047152668003,59.9314340677507,75.8675653477016,8,26,41,49,65,80,3.04869989049274,1.40782190177563,0.342853958180307,2.62217512967717,1.40298016437481,2.05927160229315,2.17386959647373,3.98597601197399
13.2279040244456,28.2181622637,35.7009374074255,43.8085386187216,59.9153999877529,75.9249292742431,8,26,41,49,65,80,3.05684823857658,1.42439254387876,0.343038345733731,2.64278031207268,1.40448771591483,2.02788125491005,2.19383376174947,3.97594382597807
13.2213994809238,28.298431197616,35.8024450790848,43.9244501504133,59.9665259954718,75.9384633202746,8,26,41,49,65,80,3.05461291766868,1.44399534495977,0.345978417631666,2.66402768723725,1.40873727406376,2.01097077873431,2.1836027101722,3.95462390647433
13.2142411348523,28.3820670422004,36.147376110667,44.2759336261241,60.5517354258432,76.4280164350296,8,26,42,50,66,81,3.05215321911607,1.46460127876456,0.313210356086455,2.59950897884258,1.41067142801217,2.07216528511468,2.15762657642496,3.98969055011347
13.2064385854854,28.4678302002228,36.2775593863119,44.4147482120771,60.6538827636497,76.4229105488563,8,26,42,50,66,81,3.04947252860757,1.48593672105805,0.318921324178824,2.626389590853,1.41322016781276,2.06253098356554,2.12860067357928,3.95688404671872
13.1980662442396,28.5591831844147,36.4108312021675,44.5554903324845,60.7628074952325,76.4161681483906,8,26,42,50,66,81,3.04659650026462,1.50878793523479,0.324355958270389,2.65400818258594,1.41542694023871,2.05418118170259,2.09741690289686,3.92301805760715
13.189239856086,28.6593965601725,36.54974142721,44.7008062418979,60.8789146885977,76.4141393482061,8,26,42,50,66,81,3.04356497481456,1.53390345471389,0.329411709817002,2.68290253063072,1.41731985653464,2.0465243444166,2.06569678027795,3.88901758675984
13.1801302603141,28.7744395313121,36.6987614181739,44.8569555645409,61.0074100137974,76.4324086145208,8,26,42,50,66,81,3.0404366902974,1.56266339619678,0.333881434184786,2.71402074015674,1.41942730748827,2.03928247420693,2.03621978352881,3.85755549051399
13.170936387515,28.9110263737138,36.8596203600625,45.0271550293728,61.1500193008812,76.4807426448106,8,26,42,50,66,82,3.03727999243949,1.59665278491652,0.337091936018494,2.74775069531147,1.42218949566091,2.03206452003884,1.82799202954453,3.66447732762254
13.1615417560963,31.3415561294187,38.1593276851331,46.3314711102068,62.2444206623337,77.9356393728283,8,27,43,51,67,83,3.03405491297318,2.0208789677908,0.203533460122589,2.88264137406412,1.42355286140324,1.9773858717489,1.92009330416408,3.7009589943643
13.1520640077794,31.387217093317,38.249384920823,46.4275432937122,62.3160404274726,77.9097130910027,8,27,43,51,67,83,3.03080186282086,2.03452536467291,0.208139711738425,2.90174942444754,1.42533266477796,1.97104408598335,1.8950423962489,3.67368314332379
13.1426231578968,31.4325335435497,38.340531831724,46.5246459552168,62.3882589457353,77.896380966713,8,27,43,51,67,83,3.02756203971735,2.04810463293341,0.212950942731711,2.92113264429325,1.42709546097854,1.96459629533198,1.87315051850106,3.64916674411876
13.1333060312876,31.4758958651729,38.4297602429282,46.6203338505493,62.4585335997608,77.8950336937556,8,27,43,51,67,83,3.02436522583152,2.06119413349096,0.217822866843259,2.94015054830456,1.429007925286,1.95801763443506,1.85487982464369,3.62795438606562
13.2793175481604,29.4151664889251,37.9888608511849,45.9811720044003,61.1528585542204,79.9578859640817,8,28,45,53,70,86,3.07452602994008,1.39267493554175,0.352202014605056,2.57741926166678,1.37058281989133,1.62028789710407,2.76459987155031,4.05573236865886
13.8527814944694,29.5604405801844,39.277757996893,47.1395422112935,61.7556059698152,79.6328778635217,8,28,45,53,69,84,3.27278682724307,1.30154362730744,0.51689480664761,2.84055937658439,1.33243512545416,1.64942097790338,2.71721078964189,4.00778602066937
13.8257932059863,30.5396919829773,39.5633635826487,47.9081448826673,63.420557392382,78.6412318140685,8,27,43,51,67,82,3.26341287460558,1.66864489004748,0.493316497740499,3.18536801149585,1.47483907469608,1.87424667003133,1.98188814419124,3.70094330493598
13.7458175022441,30.6083729300186,39.4921920197108,47.8634761857629,63.4192846091067,78.391760349573,8,27,43,51,67,82,3.23565926002316,1.70338631053317,0.471497133130458,3.16977912505425,1.4827492010743,1.88534408270326,1.91644182482673,3.65870885915739
13.6454382120954,30.661757475607,39.3633919586517,47.7787768539747,63.410256627711,78.129186530612,8,27,43,51,67,81,3.20087777242466,1.73956095668212,0.443725235803231,3.14163265522194,1.49593301376356,1.90474041612964,2.04033826934459,3.79431134251117
13.528772180519,27.9936499484853,36.6370845612351,44.8635057437627,60.4858464912957,74.9221941157192,8,26,42,50,66,79,3.16052758995104,1.30764366636596,0.435011153692069,2.7011263058688,1.43963212523744,1.90239482592308,2.16598971806306,3.84935344534857
13.4557260074473,27.9989164569125,36.412964376784,44.6785145002114,60.4029666300849,74.8818945180482,8,26,42,50,66,79,3.13530519021585,1.32483112044412,0.401423523602082,2.65445107244837,1.45124957231255,1.92864962316842,2.17805271600295,3.89429109073049
13.456131176159,27.3804564836339,36.2795374962707,44.6034931091665,60.3854932091741,74.7631888647255,8,25,41,49,64,77,3.13544500385607,1.33032954643667,0.473857285177298,2.76467677820449,1.46863018327261,2.13210573944672,2.14940122959227,4.07515371614616
13.4563982931736,27.4261795198021,36.208382407683,44.5221648995907,60.341865418643,74.760560298008,8,25,41,49,64,77,3.13553717983355,1.34056517959448,0.45591509373781,2.74958415510156,1.46559939358275,2.14230104440138,2.16099363095384,4.09231119580861
13.4563191214217,27.4632792182823,36.1153206555452,44.3824315295139,60.215362629192,74.6715476574352,8,25,41,49,64,77,3.13550985942625,1.34895642049725,0.436294968309037,2.72988784115658,1.4517134084853,2.14588208305367,2.17160756615104,4.09332565803242
13.4553170738356,27.4523038291483,35.8115986277465,42.7511868546187,58.3388491842253,71.9114241150378,8,25,40,47,62,75,3.13516407840839,1.34670373578687,0.473707799475233,2.80644008613631,1.27268227127316,2.07976033749681,1.92504587639213,3.66224481947677
13.4542844526914,27.2616141445752,35.4550235933655,42.4624267502272,57.9335210985005,71.5619266582615,8,25,40,47,62,75,3.13480775358668,1.3041057764066,0.447551376901065,2.73007052650612,1.29312325093802,2.04853275247662,1.94039507887516,3.66397532322881
13.4686577430677,26.7017752916925,34.5591207232939,41.7307481355461,56.9785059112572,70.754494072546,8,25,40,47,62,75,3.13976809963817,1.17799668080122,0.396571195007291,2.54141423318657,1.34292150227522,1.98906650121287,1.9811225064522,3.68562741055031
13.5575356820616,27.066269351748,34.7006447363069,41.9354541182836,57.4277233226539,71.3355926920072,8,25,40,47,62,75,3.17046823343851,1.23798098757832,0.364277587627082,2.57090362588447,1.36218996862783,2.05419572637524,2.0177026421945,3.79377039285682
13.6213361008332,27.3999623309771,34.9186493009561,42.214513519355,57.8857405666167,71.8563908588785,8,25,40,47,62,75,3.19253518691096,1.29769889734019,0.34801639227183,2.6165605260984,1.38086633497224,2.10222553253225,2.03517703178923,3.8687999138909
13.6717806415999,27.5365128905163,35.0370737768342,42.3785878544456,57.9997753430603,72.1270534450782,8,25,40,47,62,75,3.20999972589592,1.31695031170199,0.345499629406842,2.64147891142158,1.39486628809654,2.08876523115941,2.07894103813786,3.90668624932511
13.7174758844061,27.5893024184327,35.0819846602222,42.4580210175944,57.9627978808222,72.3002184447148,8,25,40,47,62,75,3.22583290077469,1.31854067533334,0.344408335561675,2.65095021555141,1.40547380173099,2.05754276387342,2.13802890144498,3.93868777672144
13.7560569799938,27.6375147391165,35.1248966342189,42.5316693068988,57.9329130571145,72.4583154878995,8,25,40,47,62,75,3.23921055239489,1.3207007867134,0.343675069336964,2.66001089614585,1.41493252286436,2.0298824063586,2.19123810982641,3.96749334465253
13.7883800454658,27.6814724740745,35.1665473825167,42.600744879397,57.9089879852287,72.6019004313171,8,25,40,47,62,75,3.25042494519149,1.32331181274386,0.343356140009182,2.66881546665703,1.42338362910164,2.00512382153455,2.23892689214079,3.99303613044563
13.815101583768,27.7234628817122,35.2087492404403,42.6674354552464,57.8919136482497,72.732855536908,8,25,40,47,62,75,3.25970046817733,1.32674103388869,0.343385366235112,2.67774675609699,1.43093903332221,1.98289588777749,2.28128060689571,4.01531483248785
13.8368539438663,27.7614549036264,35.2503902245954,42.7308527959989,57.8790788503617,72.8503273222051,8,25,40,47,62,75,3.26725413982752,1.33039153810436,0.343889900000326,2.68656940864043,1.43766475656807,1.96272136998065,2.31872445573854,4.03437826223997
13.8541586381782,27.7962958074636,35.292672101211,42.7924740048235,57.8709107964513,72.9553864613006,8,25,40,47,62,75,3.2732652683392,1.3343372519937,0.344919810261437,2.6955380559826,1.44364341231943,1.94430716957317,2.35138103257592,4.05017990507337
13.8674663728268,27.8278935874896,35.3348744077123,42.8517295261829,57.8660097443611,73.0479965111352,8,25,40,47,62,75,3.27788914185604,1.33845673292272,0.346390055001979,2.70450005961138,1.44891969288308,1.92742199927186,2.37959347993462,4.06288096265502
13.8771978236717,27.8571161156314,35.3782668064368,42.9101441748854,57.8651388309285,73.1297131165941,8,25,40,47,62,75,3.28127105016491,1.34285137873458,0.348359126100039,2.71372542842936,1.45357096833564,1.91185554434599,2.40355160443459,4.07254507023724
13.8836746004988,27.8832092530924,35.4223902210324,42.9673732417067,57.8671824718391,73.2007912929319,8,25,40,47,62,75,3.28352218272209,1.34727911181664,0.350872102381553,2.72311725212286,1.4576313910644,1.89739756706804,2.42362232339652,4.07934615122678
13.8872240165847,27.9065797282061,35.4672727413126,43.0235075905134,57.8717777801398,73.2617075365976,8,25,40,47,62,75,3.28475595450012,1.351757969406,0.353881252598389,2.73268204945678,1.4611193671052,1.88392286517988,2.44002636014661,4.0833932492104
13.8881198791064,27.4125854960952,34.9892758539916,42.5190943525425,57.3555958974417,72.8609322220025,8,24,39,46,61,74,3.28506736635619,1.38782578515067,0.356126668048714,2.77263150206316,1.45293330253124,1.88084979851514,2.47372201736055,4.10290108463898
13.8865926179291,27.4529680443066,35.0629552227288,42.6008470269474,57.3907010506201,72.9289862841853,8,24,39,46,61,74,3.28453647600151,1.39760326846256,0.360821198428156,2.78857080323432,1.45543407689416,1.86868301815436,2.48336237758725,4.10147910530578
13.88285048625,27.4914414380865,35.1380598946849,42.6826677510777,57.427976683349,72.9893740099745,8,24,39,46,61,74,3.28323573212143,1.40747437803794,0.366018408760981,2.8048501797862,1.45751512352257,1.85708550986245,2.49012993946059,4.09775959062243
13.8770944476875,27.5281926464553,35.2152436515274,42.7651981163365,57.4672653260697,73.0429700756408,8,24,39,46,61,74,3.2812351217301,1.41743620662052,0.371794364506588,2.82161346913124,1.4591722814156,1.84584697696281,2.49432155131506,4.09180014275031
13.8694952844877,27.5630653958449,35.2937744205434,42.847877390239,57.5079466971463,73.0898650930242,8,24,39,46,61,74,3.27859419172795,1.42741220042916,0.378077319787175,2.83870378287234,1.46045836644416,1.83495032315704,2.49614246867623,4.08381127787406
13.8601901042504,27.5962022916867,35.3743533021574,42.9314124681379,57.5502230749151,73.1314798132971,8,24,39,46,61,74,3.27536082133792,1.43740348975732,0.384958971388623,2.85627582164091,1.46137496787139,1.82426340335452,2.49594855408933,4.07397799533759
13.8493323953745,27.6275137842566,35.4566173136207,43.0155004410567,57.5934845905738,73.1678006088651,8,24,39,46,61,74,3.27158860442852,1.44735251557856,0.392412275652503,2.87425281244267,1.46194056791141,1.81370603117007,2.49391462479878,4.06239223535272
13.8370326951446,27.6569000538284,35.540129241267,43.0998378260943,57.6373376882621,73.1990408523372,8,24,39,46,61,74,3.26731622383673,1.45720895617411,0.400400135456382,2.89254107889084,1.46219655272592,1.80325449673203,2.49021952245487,4.04922220728184
13.8234076799979,27.6844940496737,35.6256316268826,43.1851597271311,57.6822979028443,73.2267875335144,8,24,39,46,61,74,3.26258450153007,1.46697583089017,0.409026011462353,2.9113053340113,1.46214058135892,1.79285189693215,2.48517868752481,4.0346848777357
13.8085818214755,27.7101314497338,35.7123773434336,43.2708133142165,57.7274388627878,73.2504412747858,8,24,39,46,61,74,3.2574369621981,1.47658369506977,0.418217318250504,2.93038373826951,1.46180190290894,1.78242782909086,2.47888974398582,4.01882173323044
13.792633321004,27.7338374927569,35.8006665816589,43.3571119746621,57.7728882659495,73.2708376707438,8,24,39,46,61,74,3.251901057089,1.48601873147417,0.42802961884832,2.94984414147355,1.46118465076612,1.7719349124799,2.47156193804374,4.00177180343289
13.7756508293914,27.7555289612691,35.8902076349473,43.4438534131014,57.8183251892181,73.2881217238754,8,24,39,46,61,74,3.24600785832975,1.49523868032188,0.438446166647799,2.96962409558676,1.46031661998468,1.76134327963113,2.46333360895108,3.98364908474793
13.7577416579815,27.7752397103086,35.9810391450355,43.5311105549946,57.8638053826373,73.3028580582639,8,24,39,46,61,74,3.23979489681182,1.5042245343977,0.449482676864245,2.98973381474256,1.45920853250045,1.75064923225685,2.45435547583317,3.96458964861234
13.7389517352653,27.7928745876986,36.0729973557085,43.6187758641602,57.9091926457824,73.3151895045201,8,24,39,46,61,74,3.23327839157361,1.51294100796239,0.461143800048015,3.01013863988121,1.45787792797185,1.7398461837185,2.44471091482777,3.94467424949489
13.7193841044439,27.8084614095059,36.1660281206637,43.7068218504903,57.9543716334556,73.325374285344,8,24,39,46,61,74,3.22649435519836,1.52136843155944,0.473432010042667,3.03082799788669,1.45633319503004,1.72891253169767,2.43451069595018,3.92398484646997
13.6990909474392,27.8220574584479,36.2602368314477,43.7953925384868,57.9995041711265,73.3340112950032,8,24,39,46,61,74,3.21946114168263,1.5295063843618,0.486370563141108,3.05182681364508,1.45458644582016,1.717853730467,2.42388375490635,3.90264823025774
13.6781481284153,27.8335701944214,36.355113965025,43.8840626913215,58.0444749775321,73.3407495877009,8,24,39,46,61,74,3.21220529481689,1.53731275754595,0.499907453127391,3.07302270129447,1.45266393758562,1.70674938790253,2.41276300199971,3.88070724404843
13.6566086638972,27.8430914740598,36.4509013694689,43.9730655140732,58.0893716058704,73.3461527461636,8,24,39,46,61,74,3.20474541902424,1.5447952269497,0.514081450361515,3.09447067395999,1.45056314323974,1.69556308337892,2.40128839129529,3.85824510632888
13.6345422168594,27.8506595704993,36.5473684069175,44.0622353280456,58.1343133213665,73.3502216923266,8,24,39,46,61,74,3.19710586188951,1.55194465097543,0.528862628117448,3.11612008121141,1.44830433257348,1.68436758162959,2.38942691888375,3.8353222422574
13.6120081825586,27.8563536865546,36.6443745857851,44.1514884446021,58.1795602651563,73.3531810568151,8,24,39,46,61,74,3.18930738865579,1.55876430263489,0.544227407427517,3.13794010107958,1.44590523792452,1.67324995389229,2.37716979763399,3.81203180673042
13.589063298565,27.8602097486338,36.7416035971383,44.2405392651998,58.2250069679865,73.3547846093001,8,24,39,46,61,74,3.18136981909215,1.56524772791835,0.560127814666458,3.15985994052491,1.44337550729395,1.66225535737823,2.36447790767679,3.78839350415474
13.5657520608308,27.8624051430278,36.8394316860368,44.329774380698,58.2715107381412,73.355822386956,8,24,39,46,61,74,3.17330871412896,1.57142577694975,0.576608560525574,3.18196482205849,1.44071848739474,1.6515016534356,2.35133364736786,3.76451169636357
13.5421346499688,27.8630208002056,36.9371408868896,44.4185633531136,58.3188034637413,73.3554647009767,8,24,39,46,61,74,3.16514503413684,1.57730231659832,0.593540953872562,3.20409265369213,1.43796137870277,1.64107860178525,2.3375770007784,3.74036072628225
13.5182574147209,27.8622521832312,37.0351110688269,44.5072936085518,58.3678066203575,73.3544061110079,8,24,39,46,61,74,3.15689493016239,1.58291248054023,0.610964189098236,3.22632934045135,1.43510664129262,1.63111832126568,2.32314541061525,3.71601989580762
13.4941689437407,27.8602919135639,37.133242840188,44.5958830631554,58.4188463836105,73.352552385278,8,24,39,46,61,74,3.14857530237196,1.58829037851884,0.628833371412135,3.24865241432673,1.43215974681914,1.62172057435337,2.30792124401919,3.69149208055156
13.4699156411738,27.857336737867,37.2320170812119,44.6848326541612,58.4727712549274,73.3499367708619,8,24,39,46,61,74,3.14020227043954,1.59347184324124,0.647205760386826,3.27117164598264,1.42912701057414,1.61296938721137,2.29167452109861,3.66666943169547
13.4455472159236,27.8535545276359,37.3326020450941,44.7752838670757,58.5299736401129,73.3449654135718,8,24,39,46,61,74,3.13179306826334,1.59848504387881,0.666272494855271,3.294155017774,1.42600029658989,1.60467503275825,2.2738416992549,3.64088014891982
13.4211000249195,27.8492466078287,36.3740362521314,44.0180942224519,58.4931199299157,73.2261117729535,8,24,38,45,60,73,3.12336029660214,1.60339408406704,0.595944267730707,3.23165822251449,1.48840394646277,1.78716009646957,2.25037490508346,3.84752867864434
13.3966207580354,27.8446469136382,36.4488458661325,44.0844392439476,58.5514909243046,73.2253749167522,8,24,38,45,60,73,3.11492009705996,1.60824435107358,0.610404530857032,3.2488227207219,1.48576958551741,1.78510884259491,2.23349680101911,3.82879889464495
13.372151636938,27.840021797272,37.5824947417105,44.9973659601746,58.7108742831369,73.339193344775,8,24,39,46,61,74,3.10648704408973,1.61309041817342,0.715359001774435,3.35147734175672,1.41742701220393,1.59441956423526,2.22050739900019,3.57864426739243
13.3805177755665,27.8849532055631,37.577127842223,44.9986117507074,58.7552061578211,73.4662401444867,8,24,39,46,61,74,3.10936994414176,1.6220316380865,0.705881547944256,3.35024292369118,1.41946453010142,1.60514982285731,2.24410121761158,3.61083706155471
13.4043516915266,27.994930139213,36.3666443990988,44.0392724318617,58.6850055615192,73.4784743039626,8,24,38,45,60,73,3.11758524960014,1.64315555083795,0.568461559729819,3.22996379869579,1.49730275877557,1.83123491446528,2.26767641140273,3.91213283807001
13.4242334151592,28.1246690889355,37.2486830797448,44.7602875214833,58.8890821050187,73.6910777643185,8,24,39,46,61,74,3.12444092028106,1.67021492627267,0.602319589418701,3.27497620535526,1.44729469360285,1.69872825014673,2.27011845938519,3.74628438632914
13.4420790906745,28.2709426065124,37.2067453074132,44.7442499419546,59.1448488457665,73.8266870708966,8,24,39,46,61,74,3.13059655870172,1.70201742362634,0.56948019310411,3.26540524969544,1.45531412705692,1.76804087148898,2.23576627799131,3.79006330865273
13.459219520996,28.7718714513138,37.8094695991606,45.1811874927175,59.6589712406631,73.9629458192341,8,25,40,47,62,75,3.13651074740895,1.65418567790159,0.587148329525832,3.24717114320789,1.40414594011566,1.78786973797354,2.12859648074238,3.67536880565971
13.4733055890104,28.913950806432,37.811080234157,45.1840196743707,60.1317524978574,74.088919970795,8,25,40,47,62,75,3.14137237804808,1.68515215258759,0.562826051851716,3.24753491830222,1.40452151967778,1.90995126113218,2.03142095651237,3.7058444523748
13.4838890943497,29.0376203985691,37.8271208814473,45.2000043404544,60.6178260282103,74.2298167635549,8,25,40,47,62,75,3.14502593017651,1.7126589637839,0.544477881653681,3.25115855112728,1.40450430709435,2.03430453774566,1.93587891523985,3.73651630432039
13.4905380938915,29.1244894492693,37.8715598635077,45.2392451207148,61.0012849197184,74.3738842192516,8,25,40,47,62,75,3.14732158905248,1.73225416678845,0.537314086627062,3.26120429830806,1.40290620976471,2.12671319296749,1.87033343066278,3.76104473394715
13.4931814595267,29.0938373530053,37.9234395704188,45.2887105006718,60.7607185895414,74.3180418680033,8,24,39,46,60,74,3.14823432142701,1.8968326092274,0.5512848107129,3.43019233452953,1.40216409974381,2.24838213969174,1.73040979148811,3.73452577090261
13.4908902869254,29.1520722493921,37.7932386244774,45.1271879938382,60.0822703957787,74.1614160146033,8,24,39,46,60,74,3.14744319597835,1.91236942987062,0.519606948976621,3.40006395024943,1.39254422720196,2.10500694694294,1.86789948991869,3.72802903891899
13.4805172636552,28.9166105581035,37.8046955528277,45.0707791478222,59.9482809814258,73.8156972981635,8,23,38,45,59,73,3.14386186079578,2.03918150863641,0.561274515857233,3.56484466765486,1.37174969119155,2.08370328575521,1.81175970708688,3.6405478374329
13.4658369844258,28.9150605577387,37.7941925285236,45.0049463119597,59.8357029953161,73.7058082764337,8,23,38,45,59,73,3.13879453320106,2.04268815641274,0.559740402380717,3.5623614880966,1.35484671659578,2.07089469293078,1.81246969542566,3.61631680008822
13.4466211928055,28.908298107486,37.7562560890223,44.9165861039638,59.7054350592112,73.6082823735127,8,23,38,45,59,73,3.13216360701782,2.04601554165977,0.554412244989818,3.5533968330835,1.33948250357245,2.05942938426982,1.82112104007539,3.60181183629264
13.4229805181506,28.896772643329,37.6917070353092,44.8113165000491,59.5649828867218,73.4885472182087,8,23,38,45,59,72,3.12400882198491,2.04925400445701,0.545398182927621,3.53815956338878,1.32710302167541,2.04981702210415,2.02206751457498,3.76323655768265
13.3953865923332,28.8502487083157,37.5529142335335,44.561700490599,59.2874811836324,73.2443270767778,8,22,37,44,58,71,3.11449466598154,2.24358756846337,0.529859328858395,3.67192746016409,1.29354090515215,2.04220676044257,2.03133139191688,3.73705152115495
13.4711353205676,29.4963562379751,39.2017253565152,45.9317217944295,60.5116434266809,74.4041565317121,8,23,39,46,61,74,3.14062325894634,2.1981081738163,0.605653570833552,3.73036971925977,1.20997584218697,1.81420665099622,2.01343432663285,3.44484335265394
13.5566574659271,29.4854616212356,39.5741594878043,46.2270750275482,60.6037676255467,74.3535457373362,8,23,39,46,60,73,3.17016464952861,2.17187930602564,0.672974542397345,3.81928412255352,1.18709790508804,1.94758316224087,1.97387335247071,3.51281741661685
13.6416659637562,29.4683498470334,40.0371122813311,46.610175574591,60.7492660014121,74.5478146627976,8,23,39,46,60,73,3.19957183879446,2.14419098764507,0.761239946781071,3.93069599997237,1.1635044889882,1.88387942318906,1.98736781260199,3.4475566683092
13.727078310036,29.4543871615829,40.5730445128999,47.0675785580398,60.9436305400589,74.758883131494,8,23,39,46,60,73,3.22916164593337,2.11733894422962,0.867442743127001,4.06087378648364,1.14041026310841,1.8140401246201,1.99199516928931,3.369148479097
13.8145829088126,29.4570880596487,41.0811546334383,47.5130377214047,61.1779166184041,74.9154421808186,8,23,39,46,60,73,3.25952038763037,2.09449666999389,0.969559713926009,4.18545932482595,1.12206399577783,1.75850676839917,1.97048693185675,3.28492348228852
13.8981024812854,29.4475506301343,41.7053314954431,48.0766892487186,61.4607872618648,75.1679842197479,8,23,39,46,60,73,3.28853774063004,2.06950888895261,1.10329057476298,4.34001909493269,1.10440735736741,1.68542919351993,1.96211109997729,3.19660539118555
13.9746198261465,29.4204549821163,42.5239777979671,48.8359188029207,61.807110303865,75.5528705089675,8,23,39,46,60,73,3.31515721555153,2.04178306817359,1.2908684261674,4.54519541860078,1.0871393027774,1.57960105867143,1.97276269615173,3.09447650620062
14.0399599853017,29.3611977998259,38.7761142046166,45.6826919239302,59.3394101583272,74.9503633030523,8,23,37,44,57,70,3.33791445410344,2.00857823447334,0.765599537470623,3.96973310785507,1.26275864401747,1.94819115475735,2.50465530739631,4.04075952714647
14.0888210991994,29.2512599651208,37.9215667972225,45.0072267239588,59.4507319031544,75.0441763521316,8,23,36,43,56,69,3.3549478552073,1.96647739864908,0.73471666176866,3.93522088648765,1.31680140539464,2.16801627823565,2.49952102696113,4.28561106536848
14.1134774595595,28.4962732016544,36.5120507215155,43.8937522399167,58.7750622101236,74.3279523204188,8,22,35,42,55,68,3.36354831920956,1.94922705662376,0.606547478005873,3.76344191104633,1.40721616099233,2.29286445979532,2.48763839294377,4.46712338857007
14.0061483171017,28.3773454972597,36.8775468191727,44.2420683010772,59.1959722784528,74.8882257770053,8,22,35,42,55,68,3.32613523619789,1.94610328183635,0.700523931831873,3.85384969880392,1.40193375329045,2.3137318750014,2.52852851510564,4.51848947670927
13.6952329468519,27.681883770072,35.5446463104207,43.1632358720593,58.047977096628,74.3657325132687,8,21,34,41,54,67,3.21812430614129,2.03963681660122,0.577952781132279,3.70068907676022,1.48048059608493,2.29384974219116,2.71394660268233,4.73390778688614
13.44432242361,27.7214163602985,35.5463035552582,43.1184798171229,58.4374376589817,75.0004984197408,8,21,34,41,54,67,3.13137050435583,2.12102327338416,0.570958454528046,3.70109908349647,1.4660640873017,2.41935942931156,2.78747678131087,4.90405609153252
13.3734488130238,27.8098813585919,35.4804895690998,42.9475143398403,58.673064774255,70.7975139519004,8,21,34,41,54,66,3.10693401189889,2.16601375948927,0.542817337055423,3.68482687967719,1.43351363928251,2.53832128321326,1.72556997613332,4.00809024705743
13.3368408944436,27.7262507307639,34.9798534474709,42.5895292081143,56.9315714217581,69.458299016783,8,21,33,40,51,64,3.09432398235423,2.15271177430103,0.569445244566361,3.73831405099278,1.47770956583508,2.59506272674533,1.64372160156799,3.98067424977559
13.1791369340315,27.4749684892953,34.4808570133563,42.2137702130397,56.3498860169491,68.4165252430331,8,20,33,40,51,63,3.04009560813985,2.34405609170626,0.428273588633846,3.61400410642331,1.51611618768886,2.53158329280034,1.70978025095736,4.03134778527872
12.6569589840175,27.4181863554185,33.6199793498273,41.749544060218,55.8557829495691,65.7048230217004,8,19,31,38,49,60,2.86167129249648,2.72530351165442,0.383172479511058,3.75960863303854,1.64108460402742,2.52240156428872,1.30401747178107,3.73989302781389
11.8098821298346,28.4626316146524,31.5599019107974,39.6044459574663,53.3386271893479,56.1249795896393,7,15,23,29,37,44,2.87662312210759,4.26559401225088,0.203807025779221,4.87422064810459,1.87668093741132,3.23162426730191,0.228832026628862,3.31747196372219
11.8088014333537,28.4526052713208,31.548042011942,39.5888846566983,53.3628843104555,56.1489511491973,7,15,23,29,37,44,2.87624452445081,4.2623649426146,0.203522308294756,4.87071186085966,1.87542467886234,3.24543496278836,0.228781535669995,3.32735514202628
11.811013329439,28.4885904099635,31.5874414694031,39.6231959041539,53.3830919915613,56.174647841585,7,15,23,29,37,44,2.87701942043969,4.27455763324316,0.20405262603313,4.88237055452711,1.8736979657257,3.24054220239265,0.229752831698879,3.32357468846455
11.8129223560694,28.5253126876046,31.6277267208894,39.6581589418335,53.401154620274,56.1998190500253,7,15,23,29,37,44,2.87768823712734,4.28713066011188,0.204606662737909,4.89429799370559,1.8718921261792,3.23468069212074,0.231013119947695,3.31940617199655
11.8144870326256,28.5644271895625,31.6699410409603,39.6945742806808,47.9043783196853,50.7559700512986,7,15,23,29,36,43,2.87823643017957,4.30069754570318,0.205089202070464,4.90680375709874,1.86992484942283,1.6666053872261,0.240481356657217,2.07383570487115
11.815653735018,28.6049542352915,31.4190058286386,39.4169102003286,47.8070226759431,50.6606046807923,7,15,22,28,35,42,2.87864520102908,4.31492471068157,0.233750394054866,5.0748777731922,1.86086168378822,1.724236365896,0.240840291862617,2.11207161265757
11.816335520033,28.6494981398956,31.4615397229279,39.4518325467109,47.8398280965464,50.6966139757658,7,15,22,28,35,42,2.87888407819663,4.33078644729927,0.233392108493222,5.08771820313228,1.85828212626939,1.72355751674519,0.241418531031477,2.11046375715322
11.8172263298729,28.7005288037976,31.5069967432514,39.4891378562611,47.8709228777318,50.7308365510674,7,15,22,28,35,42,2.87919619593804,4.34892784355615,0.232399730961439,5.10144903614364,1.8555201726427,1.72156624582826,0.241983559226803,2.10769612216289
11.8190827135771,28.751831284988,31.513978516575,39.4827656488903,47.8872605195027,50.7473968179795,7,15,22,28,35,42,2.87984664326316,4.36682805918407,0.224567865504923,5.10355868998853,1.85099708183995,1.72884985069355,0.242023795475729,2.11005574025485
11.8230507294159,24.5426403295588,27.354391456096,35.8013140520318,44.816994969555,47.5883016373113,7,14,21,27,33,40,2.88123704709462,3.19786603763564,0.233340352264141,4.10823320110409,2.0140618636168,2.21082158852129,0.226177734056594,2.54676384387194
11.8272501826132,24.5661280148801,27.3752296436347,35.809965793424,44.8434839545885,47.6146594148618,7,14,21,27,33,40,2.8827086572718,3.20472988952118,0.232868448036457,4.11429376268956,2.00987811279434,2.21703791115981,0.226154640865101,2.54822292452465
11.829306090234,25.2591212111586,27.8945955102605,36.1420942610574,45.1933353109543,47.9727779202897,7,15,22,28,34,41,2.88342914816172,3.12636605104659,0.202777064302408,4.03781192752872,1.94577559032695,2.2232170199523,0.227611519360219,2.5056935702514
11.7878491385563,24.6859773758278,27.4333190636896,34.8266298587904,43.4612061274402,46.0692435278566,7,15,22,27,33,39,2.86890584606444,2.94385641323825,0.221975268046156,3.90635941460294,1.94638148547735,2.07865997247204,0.287002240009606,2.50989944668618
11.7265234612225,23.5962704764348,26.538481390569,34.0034708821317,42.5519573961163,45.2563985897799,7,13,19,24,30,36,2.84744243586549,3.23424141976659,0.360253492567981,4.34128379269605,1.97200841867067,2.04898399230112,0.307560975922949,2.53223157691294
11.7503733183351,23.5887239374576,26.5331152905513,33.9811354247151,42.5363701147597,45.2254704271677,7,13,19,24,30,36,2.85578676388824,3.22271493052954,0.360749181824306,4.33966375030629,1.96593728121558,2.05130770198282,0.304257225795765,2.52526367193107
11.7606048630625,23.5101503045837,26.5135663059357,33.9525647730008,42.5029986077725,45.1618142672059,6,12,18,23,29,35,3.19419431102011,3.19013978364589,0.374250192016544,4.58529032673685,1.962710642363,2.0496545020059,0.297770773145184,2.51325260252777
11.7568867706459,23.5015693932656,26.5150401933618,33.9453129627107,42.4998221359678,45.1332045225603,6,12,18,23,29,35,3.19283113859028,3.18835721418891,0.376565817455702,4.58574643993971,1.95959055260915,2.05105785281349,0.292360208589408,2.5050691091799
11.7499454084475,23.4914692580749,26.5146823875569,33.9377219810652,42.4962730665547,45.105766092948,6,12,18,23,29,35,3.19028640553242,3.18719936542461,0.378813804962348,4.58563571150142,1.95700466967044,2.05244984427424,0.287309041445744,2.49770859458464
11.7423201975044,23.47695190239,26.5101428877411,33.9263682633691,42.4892234589688,45.0757649260374,6,12,18,23,29,35,3.18749126193137,3.18467323058285,0.381120532347524,4.58423094352078,1.95456899629839,2.05393229912957,0.28248469670342,2.49079338558372
11.7340217910442,23.4580786312929,26.501454595281,33.9112919873629,42.4787083818753,45.0433236949861,6,12,18,23,29,35,3.18444969469048,3.18079777707102,0.383479710150162,4.58154256777641,1.95228605623167,2.05550348834218,0.27790226380005,2.48434687379092
11.7250615840384,23.434920972911,26.4886590286781,33.8925410048628,42.4647684498355,45.008568549029,6,12,18,23,29,35,3.18116596809609,3.17559565210977,0.385884628473165,4.57758390668288,1.95015803920545,2.0571609505794,0.273576083186498,2.47839105185053
11.705075876614,23.4001968651216,26.4618463493749,33.8636266083043,42.4376695176441,44.9633872673003,6,12,18,23,29,35,3.17384315248059,3.17019644212511,0.38772396643195,4.56929101842045,1.94940712030828,2.05778645413994,0.269837092772565,2.47341210474523
11.6427867594821,23.3289071336888,26.3859478239658,33.7979975949431,42.3628890838014,44.8783463720062,6,12,18,23,29,35,3.15103382081958,3.16689975603045,0.386652126938022,4.54583369620446,1.95307667539317,2.0546337143336,0.267723473030199,2.47093499644743
11.5761666588452,23.2465473009942,26.2945143837938,33.7154880111961,42.2732598521091,44.7810253650434,6,12,18,23,29,35,3.12666145449683,3.16113574178866,0.384544668639619,4.51760926955656,1.95626616676811,2.05218146905459,0.266142809516219,2.46934012305981
11.5054124366614,23.1537481063755,26.1883843894258,33.6168073438034,42.1693666456498,44.6721879087932,6,12,18,23,29,35,3.10080285174248,3.15306491110918,0.381455030613908,4.48489527841279,1.95892919320973,2.05038639167762,0.26512849593393,2.46860679573531
11.4307422923515,23.0513150106577,26.0687617275617,33.5031304969161,42.0522402751433,44.5529320429513,6,12,18,23,29,35,3.07354268382962,3.14290437052093,0.377482724799833,4.44808334661311,1.96105509393985,2.04919859347006,0.264692048173915,2.46870614054728
11.3523076429285,22.9400866529185,25.9370766542069,33.3759057054544,41.9231590652718,44.4244817777257,6,12,18,23,29,35,3.04494130089867,3.13090801490421,0.372772663570702,4.40763491065382,1.96265005702906,2.04855940553589,0.26482133626343,2.46958231803577
11.3534691708782,22.9697248944303,25.9650200215848,33.4028724804259,41.9554678821626,44.4618383245393,6,12,18,23,29,35,3.04536460539506,3.14132482934941,0.372383272058231,4.4162113566698,1.96230081970487,2.05039882278095,0.265856473127326,2.47213243790614
11.3683568397954,23.0237450459982,26.020840460573,33.4571164099464,42.016296516742,44.5282553828585,6,12,18,23,29,35,3.05079089847128,3.15564661662567,0.372796886195193,4.43335463769369,1.96173706525235,2.05266648602142,0.267004139421286,2.47500400606247
11.3832541127103,23.0775111089659,26.076509458904,33.5114109143352,42.0772923033618,44.5948724885332,6,12,18,23,29,35,3.05622192728921,3.16987996609397,0.373234242622939,4.45046561395243,1.96124556906673,2.05497470601155,0.26816030580623,2.47797176067701
11.3981635623674,23.1310028375384,26.1320017020147,33.5657252431835,42.1383993214941,44.6616220686715,6,12,18,23,29,35,3.06165862957533,3.18401630340795,0.373694202010235,4.46753632367124,1.96082438000043,2.0573148316786,0.269322596656225,2.48102433167112
11.4130839154955,23.1842013629011,26.1872897799262,33.6200287477644,42.1995677994589,44.728446530355,6,12,18,23,29,35,3.0671005409875,3.19804895461343,0.374174825631134,4.48455813582789,1.96047233378093,2.05968028975759,0.270489412792331,2.48415361223246
11.4280130105096,23.2370869084726,26.3636392862001,33.7544695445424,42.3449613599019,44.8673008703238,6,12,19,24,30,36,3.07254687265694,3.21197122844423,0.291982027268643,4.2885679296043,1.94549546051601,2.06345516795521,0.269140546004601,2.47398679031068
11.4429527381896,23.2912366971729,26.4622374872591,33.8260929967182,42.4227489821262,44.9574693209602,6,13,20,25,31,37,3.07799831385954,2.89008120287462,0.300656180037107,4.07895419113837,1.93586393758416,2.06558013617287,0.271696368606332,2.47170259889691
11.457898863988,23.343714917084,26.5155878030944,33.8794987532209,42.4831842186253,45.0232722504842,6,13,20,25,31,37,3.08345331863345,2.90324359125123,0.300827306331036,4.09464129544714,1.93588372626666,2.06800382516557,0.27280705668352,2.47507705606189
11.4729531873351,23.3958715079681,26.5685614735982,33.9325110411689,42.543241014022,45.089012756648,6,13,20,25,31,37,3.08894905275527,2.91626404200209,0.300987669605899,4.11023155056574,1.93589751017834,2.0704331473955,0.273984853313033,2.47853794135804
11.4880256763823,23.4477053209802,26.6215077322501,33.985625847311,42.603383932732,45.1548052584739,6,13,20,25,31,37,3.09445266187141,2.92917342619826,0.301206053125753,4.12582752733434,1.93595767081083,2.07285726599489,0.275157324797227,2.48202165830925
11.5031012106413,25.0345448942757,28.3646396548154,35.8017437935639,44.4473800834647,47.0403762021515,6,14,21,26,32,39,3.09995862452774,3.1614506510092,0.33245665911245,4.40444807120941,1.96203322019109,2.08247736204938,0.195671553334805,2.32653548326884
11.5183358053162,25.0972690769078,28.4280400792782,35.8664242027371,44.5192390440019,47.1197462152388,6,14,21,26,32,39,3.10552393848918,3.17786642445505,0.332594284544313,4.42319710299369,1.96249094620112,2.08495564608694,0.196920447121886,2.33072009337131
11.5336988529678,25.1641938986829,28.4955315640581,35.9354819502995,44.7975521579081,47.284242005967,6,14,21,26,33,39,3.11113745535756,3.19570501477418,0.332709624741875,4.44317613722114,1.96305106601895,1.87684784341597,0.261828598951586,2.35618387398707
11.5490635724457,25.2278517847812,28.5597843859104,36.0013151509791,44.8682329104089,48.0156888936432,6,14,21,26,33,40,3.1167528636465,3.2124270201319,0.332830735069474,4.46221570590079,1.96361625624575,1.87842800866868,0.296049700295819,2.34346711412866
11.5644268111514,25.2891705414481,28.6215951031334,36.0647227687992,44.936483074059,48.086140699614,6,14,21,26,33,40,3.12236900811277,3.2283522987425,0.332930894789186,4.48054927294772,1.96418737788317,1.88000679133419,0.296479333001573,2.34569868681003
11.5797876622038,25.3476159412896,28.6806423286285,36.1253070433039,45.0023436180979,48.1545554940511,6,14,21,26,33,40,3.12798555369511,3.24329386890809,0.333053436949426,4.49807926568664,1.96473711554826,1.88172726131194,0.29697806263255,2.34811855842747
11.5951541266486,25.4033467883208,28.7370727312791,36.1833263674092,45.0659852939395,48.2210785167864,6,14,21,26,33,40,3.13360542324695,3.25730186294773,0.333195898923064,4.51484701965836,1.96530542804295,1.8835609055305,0.297541030807324,2.35072652466337
11.7657165574098,25.7082591318908,28.8642181426337,36.2834353539772,45.1765102415434,48.3387365722854,7,15,22,27,34,41,2.86115684084434,3.30399387858788,0.297710268511153,4.31753443747147,1.95563834625307,1.88695879656548,0.298936415181612,2.34827493742312
11.7666131983287,25.7283047535633,28.8731667075497,36.2885448608151,46.1317087746096,49.5865767386362,7,15,22,27,35,42,2.86147070901515,3.31065729446152,0.295543791948634,4.32013679855522,1.95426619446573,1.93590874438492,0.35819055451565,2.48382922031492
11.7673365513556,25.7468254348926,28.8783233402378,36.2895335393635,46.1471890634173,49.5892972672031,7,15,22,27,35,42,2.86172392174159,3.3168522246728,0.292942504547615,4.32163658495022,1.9527766394893,1.94049369783339,0.35552786072128,2.4831996048124
11.7679764845019,25.7654748113984,28.8819928528691,36.2887226687987,46.1565977311229,49.5841490953929,7,15,22,27,35,42,2.86194793581587,3.32312280721364,0.290036844073234,4.32270392370083,1.95117560262515,1.94372834384982,0.352498698745516,2.48092103848338
11.7685720564584,25.7832252659037,28.8836481917628,36.2856617575873,46.1591812776752,49.5707606421268,7,15,22,27,35,42,2.8621564232568,3.32909754379409,0.286926865558992,4.32318542705008,1.94949047615119,1.9455153713488,0.349185582001264,2.47703496782565
11.7691425804158,25.8548264446099,28.8902058105896,36.3225511465565,46.6551969924802,49.4721574937009,7,16,23,29,37,43,2.86235614448352,3.04916951753313,0.274486944724736,4.09987745492122,1.67089450705772,2.09195748584721,0.332154449089907,2.44991876067107
11.7696977651293,25.856349513998,28.8940143020423,36.3253509051193,46.6529363598576,49.4729674478667,7,16,23,29,37,43,2.86255049797921,3.04949350277959,0.274920530015819,4.10095870892998,1.67055889118939,2.09033206726088,0.332834353146342,2.44914682545352
11.7702446601471,25.8576674419787,28.8970729546836,36.3277440671708,46.6531787268345,49.4754912958329,7,16,23,29,37,43,2.86274195145096,3.04975159910753,0.275250949397258,4.10182713021213,1.67033748211137,2.0896412977626,0.333339826118495,2.44900915412104
11.7707850715243,25.8592170250232,28.8999614429028,36.3302295748791,46.6551802630772,49.4790472318889,7,16,23,29,37,43,2.86293113707223,3.05008941599854,0.275505198209871,4.10264727971238,1.6702034128005,2.08948586710271,0.333684355441574,2.44918097127351
11.771321605334,25.860867350054,28.9025738123439,36.3325587456198,46.6580704356943,49.4828531764843,7,16,23,29,37,43,2.86311896711483,3.05046226154753,0.275687938325142,4.10338906374151,1.6701091953513,2.08966603680059,0.333887389141174,2.44948823487338
11.7718522406997,25.8621773530907,28.9046756666469,36.3344835727483,46.6611818117643,49.7155203373024,7,16,23,29,37,44,2.86330473405825,3.05072316237695,0.275838384504108,4.10398591075115,1.670050300612,2.09004711533975,0.278091620291304,2.32854491127313
11.7723821426546,25.8637161384663,28.9069365089518,36.3366502866817,46.6647319687034,49.7023511888343,7,16,23,29,37,44,2.86349024606353,3.05106090161534,0.275975597169779,4.10462792830917,1.67001898542299,2.09049144659932,0.274911882452221,2.32469040479025
11.8401337395905,25.9497826296583,28.9898072459766,36.420512734358,46.5987471354506,49.6200764112679,7,16,23,29,37,44,2.88722413465243,3.05719323141377,0.275368501898619,4.1281780767357,1.67034891886281,2.04247199954544,0.271827066085708,2.28355528186504
11.8542087967819,25.951686067123,28.995682929419,36.4267172866906,46.5225788249314,49.5123540103214,7,16,23,29,37,44,2.89215842775274,3.05311759849708,0.276123182758817,4.12984908727226,1.67045833320382,2.01616936117884,0.265889205518325,2.25538744221955
11.8341954789366,25.9208426912513,28.9739053760093,36.4065194842716,46.5540013097965,49.5315288618546,7,16,23,29,37,44,2.8851427386673,3.04949198422039,0.277848492031476,4.12365651402913,1.67098393239185,2.03264443514325,0.263597865797621,2.26552995124696
11.8134340120428,25.8886615055742,28.9513948569047,36.3855042766028,46.5846185580276,49.5519187946675,7,16,23,29,37,44,2.87786749688548,3.04566978489735,0.27969335439669,4.11725793083351,1.67148146460865,2.04914989217807,0.261690283667373,2.27616953208522
11.7924546535134,25.852503657794,28.9254263044113,36.3609300104262,46.6097801410536,49.3372728525222,7,16,23,29,37,43,2.87051871528443,3.04059081991103,0.28164210349251,4.10987945824106,1.67194540650826,2.06507390173825,0.312547792602318,2.40623793846982
11.7712519747106,25.8154377764577,28.898652990338,36.3351500345471,46.6336339607325,49.3499808341008,7,16,23,29,37,43,2.86309459068386,3.03528432888794,0.283615741176239,4.10227575621689,1.6722759487757,2.08098933633996,0.310133207930407,2.41635609666785
11.7498356507203,25.7746328572507,28.8686558534596,36.3061894291801,46.650564981162,49.3570756651606,7,16,23,29,37,43,2.85559860989069,3.02880075012802,0.28569371071286,4.09376062052392,1.67262087631971,2.09572606450235,0.308007573166518,2.42587304165423
11.728211075528,25.7320867307778,28.8372292836031,36.2753562729717,46.6638012244902,49.3618951956549,7,16,23,29,37,43,2.84803275834215,3.02180728375789,0.287837522488336,4.0848444223908,1.67281835278263,2.10989670515143,0.306192604152404,2.43518332835954
11.7063760640444,25.6879394484977,28.8041906830553,36.2425502910828,46.6737220081273,49.3644934541207,7,16,23,29,37,43,2.84039636982582,3.0143520775489,0.28998518873826,4.07547606642883,1.67289576484925,2.12365332200879,0.304616529656912,2.44434708825934
11.6843364093819,25.6413543204017,28.7689976439966,36.2073275505709,46.6775386730637,49.3623381967596,7,16,23,29,37,43,2.8326915693813,3.00615444203144,0.292193800735411,4.06550267736316,1.67288588060744,2.13623786277282,0.303333189355224,2.45285131423441
11.6620959619719,25.592557093643,28.7316722700525,36.162844878529,45.4739443507487,48.4079971517744,7,16,23,28,35,42,2.82491980147584,2.9972895160066,0.294424149334078,4.05493164099433,1.95991228080338,2.02424906542681,0.25552565707445,2.40057925008188
11.6396596550106,25.4746413632513,28.6919472895863,36.1236546428205,45.439412057238,48.3962672573322,7,15,22,27,34,41,2.81708288790696,3.26660388477774,0.309791667851144,4.26750878037358,1.96010347671941,2.02578872405019,0.259747550198298,2.40786078565839
11.6170296043635,25.4222584054985,28.6389404698999,36.0778244453883,45.4092060183383,47.8908366676166,7,15,21,26,33,39,2.80918166552521,3.25627296896264,0.424312251795692,4.48569715170708,1.96266969863483,2.03095475382672,0.260796668125896,2.47882119202563
11.5942102074373,25.3704893398948,28.6006796312321,36.0393364451181,45.2093144682028,47.7857604730181,7,15,21,26,32,38,2.80121776740117,3.2462258598966,0.427548183325555,4.47434363895577,1.96258846293764,2.26468200587916,0.280371589908875,2.6604592936418
11.5344096287294,25.1245680755665,28.5813666244032,35.9972628950376,45.2314822862094,47.8227896690497,6,14,21,26,32,38,3.11139719732096,3.18174860450389,0.358594034405032,4.46861521239009,1.95445137163355,2.28716431045343,0.283484162795442,2.67603564434358
11.5110510135111,21.9660781400837,25.5471328233057,33.0299476633187,42.0713468121698,44.773439099437,6,13,20,25,31,37,3.10286259068127,2.40831448435689,0.384893409357915,3.81211677535618,1.97838856869668,2.21978530376213,0.307054345091957,2.67185414770094
11.4875041650663,21.8672523957313,25.4382283701257,32.9530760435381,42.0102521556158,44.7143377031673,6,12,19,24,30,36,3.09426221508205,2.69329129096591,0.382736251647832,4.01200212582983,1.98986102357755,2.22528687370732,0.307484249260996,2.68563673696533
11.4637845421727,21.7839288263356,25.3013096975068,32.8549461259218,41.9185553646908,44.6444809276788,6,12,18,23,29,35,3.08560179746593,2.67193187239228,0.49805876867601,4.21348946498729,2.00376518684894,2.22753075918395,0.312207912931154,2.70422455993212
11.4398856898255,21.6981435842809,25.2318699324639,32.7861239404744,41.8604555429484,44.5907344690222,6,12,18,23,29,35,3.07687906106407,2.64977942290555,0.502166378316112,4.19240091524396,2.00398667015616,2.23127150339846,0.313152366750986,2.70857912329964
11.4157753293918,21.6100762067613,25.1605346173225,32.7152350427161,41.7969316590148,44.532463189898,6,12,18,23,29,35,3.06808231347673,2.62691272234688,0.50638125280691,4.17076101678021,2.0041467714288,2.23384151214548,0.314293181367246,2.71220549943602
11.4137473063694,21.6037072484676,25.1568562018733,32.7102551099747,41.7933968813105,44.535817299948,6,12,18,23,29,35,3.0673425286294,2.62536169745944,0.507059962359525,4.1696458230298,2.00368000554229,2.23434584932121,0.315791484435816,2.71415813934916
11.4136334438386,21.6046232278194,25.1590690229584,32.7110309543132,41.7950984736685,44.5443961877411,6,12,18,23,29,35,3.06730099438293,2.625729650488,0.507387194232013,4.17031668123882,2.00316467673141,2.2346689304342,0.317289641083224,2.7159260441307
11.4134546453028,21.6054893296359,25.1611856869128,32.7117253890338,41.7967190248509,44.5528234840857,6,12,18,23,29,35,3.06723577322603,2.62610299110924,0.507702806159671,4.17095840992175,2.00265465443966,2.2349921472437,0.31877475871096,2.71767884754449
11.4132149840879,21.6063133775734,25.1632166101058,32.7123468853416,41.798273965876,44.5610977093386,6,12,18,23,29,35,3.06714835118945,2.62648305966655,0.508007446329953,4.17157416428616,2.00214924060821,2.23531792882833,0.320243060550643,2.71941323675001
11.4129160804582,21.6071011082148,25.1651603499059,32.7128956838785,41.7997586897003,44.5692035904143,6,12,18,23,29,35,3.06703931954071,2.62687132739087,0.508299296345084,4.17216350437459,2.00164903835253,2.2356445834096,0.321692116375872,2.72112535931079
11.4125479012466,21.6078340379045,25.1670006200725,32.7133584224744,41.8011562484203,44.5771145093789,6,12,18,23,29,35,3.0669050187844,2.62726477522929,0.50857890469336,4.17272148951341,2.00115509561696,2.23597085951739,0.323119702282654,2.7228123327856
11.4121145288997,21.6085115135395,25.1687293264358,32.7137245773318,41.8024551343742,44.5848059503589,6,12,18,23,29,35,3.06674693848392,2.62766171134568,0.508844386165207,4.17324566259653,2.00066654062726,2.23629641371953,0.324522850854275,2.72446958032724
11.4116099976983,21.6091192779061,25.1703216403586,32.7139968590516,41.8036346025525,44.592247485278,6,12,18,23,29,35,3.06656290302914,2.62805917308822,0.509093064014863,4.17372849204459,2.00019324680636,2.23661305890819,0.325899312295673,2.72609553104607
11.4110308457762,21.6096401740682,25.1717571073183,32.7141495526655,41.804676964329,44.5994052726439,6,12,18,23,29,35,3.06635165026309,2.62845226661102,0.50932409802833,4.17416377213949,1.99973332665661,2.23692359611701,0.327245402846882,2.72768644813543
11.410389416369,21.6101173922819,25.1730877445112,32.7142172090352,41.8056244000082,44.6063066553891,6,12,18,23,29,35,3.06611768318551,2.62885201492392,0.509539711481172,4.17456727340526,1.99928051691093,2.23723068808542,0.32855771311046,2.72923545411244
11.4096891564183,21.6105270083948,25.1742791616312,32.7141676131429,41.8064254512669,44.6128862328518,6,12,18,23,29,35,3.0658622597425,2.62924863708566,0.509737254004949,4.17492856500538,1.99883559677537,2.23752761740388,0.329833018358305,2.73073390575523
11.408930411407,21.6108656071639,25.1753134776539,32.714030799617,41.8070338155695,44.6190832750406,6,12,18,23,29,35,3.0655855066325,2.62964078893278,0.509913063789662,4.17524222204029,1.99841574319187,2.23778773622368,0.331067975864758,2.73216986263436
11.4081073171931,21.6111539571382,25.1762300424078,32.7137978759712,41.8075427203103,44.6249836565064,6,12,18,23,29,35,3.06528528567876,2.63003798806285,0.510071830529798,4.1755201752714,1.99800365971587,2.23804669042224,0.332260799068954,2.73355624210766
11.4245724836512,21.6351488473123,25.2031746573335,32.7352411033795,41.8353778932848,44.6507189558835,6,12,18,23,29,35,3.07129161376233,2.63272912090097,0.510817495758675,4.18369310011755,1.99603161154944,2.24027815140873,0.331796049832941,2.73321982260122
11.4441321670906,21.6625797636805,25.234024970623,32.7595253551437,41.8676739557406,44.6787552564072,6,12,18,23,29,35,3.07842873464335,2.63554271859802,0.511682283057754,4.19305504025192,1.99367826406215,2.2430755926437,0.330853927998148,2.73243703361641
11.4623889427519,21.687272765698,25.2620100874871,32.7809402958012,41.8973432198313,44.703774962845,6,12,18,23,29,35,3.08509233757064,2.63784367886939,0.512515278093255,4.20155148540085,1.99132382115569,2.24595826496347,0.329826605543361,2.73161219200396
11.4793191516241,21.7091258678075,25.2870272985703,32.7993940623632,41.9243058754648,44.7257112685734,6,12,18,23,29,35,3.09127338644594,2.63960380858596,0.513316251835376,4.20915006144766,1.98897217000571,2.24893042752266,0.328717218267297,2.73075529290024
11.4949060884078,21.7280610051191,25.3089947675735,32.8148157798496,41.9484746351934,44.7444865233922,6,12,18,23,29,35,3.09696540679442,2.640801016301,0.514084204807581,4.21582481714924,1.98662723645647,2.2519863982178,0.327528169904925,2.72986750825416
11.5091237518844,21.7439946097983,25.3278275458076,32.8271254980762,41.9697759224769,44.760041172947,6,12,18,23,29,35,3.10215855387441,2.64141461032779,0.514818743628138,4.22154895621907,1.98429080823213,2.25512845484706,0.32626284027538,2.72895590735997
11.5219641591958,21.7568840175389,25.3434805578884,32.8362878508425,41.988157475353,44.7723325840836,6,12,18,23,29,35,3.10684959010922,2.64143213241378,0.51551921515804,4.22630791787068,1.98196635876991,2.25835074437101,0.324923648170391,2.72802117546672
11.5334104390796,21.7666760513892,25.3558955985541,32.8422486226673,42.0035645861336,44.7813182908714,6,12,18,23,29,35,3.11103205976293,2.64084059873722,0.516184303597803,4.2300832811402,1.97965531153136,2.26165314505318,0.323513593439733,2.7270676946583
11.5434525181938,21.7733501273188,25.3650517037793,32.8449948569161,42.0159720420144,44.7869867071056,6,12,18,23,29,35,3.114702019935,2.63963630795301,0.516813872670709,4.23286808950682,1.97736052730263,2.26503142207602,0.322035982104936,2.72609807707139
11.5520874324802,21.7769051989686,25.3709421843217,32.8445289551859,42.0253667193501,44.7893367905887,6,12,18,23,29,35,3.1178581569722,2.63782006217296,0.517406452559989,4.23465987823356,1.97508525286536,2.26848019424701,0.32049378116769,2.72511389691864
11.5593025632229,21.7773289175935,25.3735549236166,32.8408450429973,42.0317450997353,44.7883799759184,6,12,18,23,29,35,3.1204956599634,2.63539213362299,0.517962065306284,4.23545468445743,1.97283171351589,2.27200033246432,0.318890583939207,2.72412170428748
11.5617488471466,21.7731115197189,25.3713199079875,32.8347050936741,42.0321138745108,44.7833145752889,6,12,18,23,29,35,3.12138996696695,2.63301017077906,0.51846537715917,4.234774781329,1.97143433514674,2.27427774773875,0.317704607744976,2.72333503714323
11.5576230153537,21.7650279633272,25.3650493655404,32.8287825662793,42.0259709297268,44.7756294835006,6,12,18,23,29,35,3.11988167333045,2.63159560623071,0.518925810452394,4.23286737828548,1.97155886662398,2.27420061763702,0.317368312136417,2.72294190427921
11.5534297218313,21.7554672614868,25.3576526357596,32.821814493492,42.0178823602838,44.7662293970884,6,12,18,23,29,35,3.11834881175689,2.62967736343653,0.519475526554006,4.23061764877452,1.97171225598126,2.27380853116233,0.317082403554149,2.7223851545832
11.5491806988185,21.7449499560206,25.3494992673489,32.8141299162347,42.0085142872445,44.7556990740164,6,12,18,23,29,35,3.11679567522226,2.62743740627877,0.52007623065336,4.22813809044704,1.97188000870368,2.27321945804587,0.316829106862778,2.72172461692063
11.5449153791531,21.7343137601601,25.3412032749588,32.8063018240604,41.9990015003024,44.7450468175565,6,12,18,23,29,35,3.11523668006962,2.62516105987499,0.520671099714685,4.22561548577041,1.97204744456553,2.27262998843056,0.316580840534547,2.72106986980958
11.54082691839,21.7227081525147,25.3312901420683,32.7980811901836,41.9865035157098,44.7308716025574,6,12,18,23,29,35,3.11374242018241,2.62247549872672,0.521101440473038,4.22260158266707,1.97265311356452,2.27113345991495,0.316215525806202,2.71988564652664
11.5367157639826,21.7109615702431,25.3211915266611,32.7896845111063,41.9737996892774,44.7165059064159,6,12,18,23,29,35,3.11223995750089,2.61974807309441,0.521520562171903,4.21953177297735,1.97326218549033,2.26962665666172,0.315853695848377,2.71870016757106
11.5325838602036,21.6990961504388,25.3109380384482,32.7811159204447,41.9609337231127,44.7020039854097,6,12,18,23,29,35,3.11073000408988,2.61698601331799,0.521930612476117,4.21641538667421,1.97386518516132,2.26812342239922,0.315497643511665,2.71752000183677
11.5284326513114,21.6871069977691,25.3005276145961,32.772371532668,41.9479114988204,44.6873744945141,6,12,18,23,29,35,3.10921308914197,2.61418707170384,0.522332305925099,4.21325182025628,1.97446145944394,2.26662717228562,0.315147965770426,2.71634812441939
11.5242583596665,21.6750027604284,25.289968652013,32.7634598568392,41.9347298066176,44.6726150819584,6,12,18,23,29,35,3.10768783374403,2.61135570181584,0.522725572927355,4.21004364878249,1.97505104763208,2.26513380613483,0.31480484233346,2.71518154761595
11.5222698369466,21.6616642265137,25.2764250506233,32.7557061872219,41.9127778344304,44.6473129974109,6,12,18,23,29,35,3.1069612754843,2.60730395124823,0.522673379100882,4.20592942995848,1.97712354095928,2.26016925950864,0.314076673179505,2.71191659174325
11.5258348110428,21.6443836576526,25.2538938281848,32.7495821027962,41.8670871977685,44.5937436619327,6,12,18,23,29,35,3.1082638463357,2.59986476020218,0.521337489653515,4.19908695158083,1.98299805635987,2.24634322063639,0.312366413715707,2.70330317432459
11.5292279117891,21.626040502465,25.2294717309088,32.7410052807518,41.8202822959625,44.5393917277195,6,12,18,23,29,35,3.10950368218865,2.59211087252858,0.519792087889802,4.19167300858751,1.98867366054253,2.23299714688484,0.310731090035411,2.69500403006449
11.5321716973191,21.6079901145199,25.2056066247835,32.7309749216805,41.7762993401158,44.4888402830186,6,12,18,23,29,35,3.11057938931338,2.58462479269289,0.518315089123762,4.18443094557273,1.99363092631538,2.22115388654655,0.309310149895941,2.68760983874488
11.5327693848579,21.6001420812545,25.1998409051842,32.7271457176691,41.762930789692,44.4741226092592,6,12,18,23,29,35,3.11079779980702,2.58161408501681,0.518843879848885,4.18268170482774,1.99432495282787,2.21782812612319,0.309018569524956,2.68513063055591
11.533320211325,21.5919063432181,25.1933404984303,32.7227377532993,41.7487863335462,44.4585998128286,6,12,18,23,29,35,3.1109990877685,2.57848239819591,0.519284674671337,4.18070976356799,1.99507489887566,2.21443441928691,0.308720770173326,2.68263251583286
11.5337916951829,21.5833519603862,25.1863113893841,32.7178215133548,41.7341900366451,44.4426831933462,6,12,18,23,29,35,3.1111713829476,2.57526597698752,0.519672201012422,4.17857766794359,1.99583220501886,2.21106117130596,0.308435596541711,2.68017233609396
11.5341893511626,21.5744824580697,25.1787558478205,32.7123876839317,41.7191265991669,44.426358329767,6,12,18,23,29,35,3.11131670001215,2.57196415848618,0.520006105490193,4.17628616059883,1.99659272016574,2.20770628468774,0.308163226706509,2.67774544655172
11.534514597469,21.5652983877002,25.1706730936906,32.7064421224343,41.7036077100424,44.40963765446,6,12,18,23,29,35,3.11143555674888,2.56857668153514,0.52028601997074,4.17383506315607,1.99735882413281,2.20437177958539,0.307903809820174,2.67535547982338
11.5348237147056,21.5554224299715,25.1612294691968,32.6996356183777,41.6863827883158,44.3910117351122,6,12,18,23,29,35,3.11154851987326,2.56494917968057,0.520395915133348,4.17097168403396,1.99830418880317,2.20074379786086,0.307601484157458,2.67281550176212
11.5351188482669,21.5447739250287,25.1502627972332,32.6918753026331,41.6672389110428,44.3702308996369,6,12,18,23,29,35,3.11165637331766,2.56105231561806,0.520315039334137,4.16764705016762,1.99945369731772,2.19678077510806,0.307248366582468,2.67010143106609
11.5353358872807,21.5337935233829,25.1387321357519,32.6835527889511,41.6476139744752,44.3490380657979,6,12,18,23,29,35,3.11173568823552,2.55706594306522,0.520175175690885,4.16415207037468,2.0006039382407,2.19284708548439,0.30691027470015,2.66743009299567
11.5354789707911,21.5224886856112,25.1266464337399,32.6746726054406,41.6275194294251,44.3274437855134,6,12,18,23,29,35,3.11178797693239,2.55299130552092,0.51997671610611,4.16048955198632,2.00175332642048,2.18894511642619,0.306586998290252,2.66480189836692
11.5355410552879,21.5108437352551,25.1139927529763,32.665229641704,41.6069530575636,44.3054482794588,6,12,18,23,29,35,3.11181066523774,2.54882539351982,0.51972037561434,4.1566556741207,2.0029046686859,2.1850758509574,0.306279047235799,2.66222045089134
11.5396491460975,21.5155686421342,25.129526044767,32.6536308952191,41.6557431853855,44.3616207451075,6,12,18,23,29,35,3.11331198210265,2.54904486156317,0.522468906427682,4.16136214066407,1.99317813836684,2.20609467913072,0.307870921401725,2.67345510121305
11.5435039424728,21.5194278915859,25.143642512416,32.6250352769127,41.7078782612483,44.4317421531489,6,12,18,23,29,35,3.11472081476593,2.54904644601278,0.525081110360119,4.16564034176784,1.97787946765483,2.23424157577183,0.311760971292431,2.68895770201173
11.5447622127935,21.5122657784688,25.1371136269231,32.574126770023,41.7199036099982,44.4692326351522,6,12,18,23,29,35,3.11518069884972,2.54605063780821,0.525242496319362,4.16366154713224,1.96200068045947,2.25622111977472,0.317296467334948,2.70115888738695
11.5434004082277,21.4934310407175,25.1068634807403,32.4978823710074,41.6865056827062,44.4682760039288,6,12,18,23,29,35,3.11468297450994,2.53983570314049,0.522335314565401,4.15449595468112,1.94556283614811,2.27120377617328,0.32439535051881,2.70928630694855
11.5394268656857,21.4626541131269,25.0507289021292,32.3942094381045,41.6038317871687,44.424402056328,6,12,18,23,29,35,3.11323074656919,2.53030622169697,0.515894008920266,4.1374994103807,1.92859331076667,2.27855222667082,0.332953788496412,2.71268986337288
11.5328065191573,21.4200264160577,25.0141291146591,32.3095095567249,41.5177166054503,44.3808821423421,6,12,19,24,30,36,3.11081136970492,2.51751246135313,0.387692276602231,3.88668503063989,1.91144435769568,2.27805684090898,0.34243351204275,2.71076869763204
11.523564214004,21.3661452018942,24.8982980051039,32.1428583731257,41.3261112745725,44.2392416234124,6,12,19,24,30,36,3.10743420721348,2.50166469231132,0.374466068852574,3.85261968063343,1.8933489778399,2.26932501773944,0.353663533688608,2.7036065911555
11.5117114861624,21.3020148428542,24.7593357414773,31.9520085363289,41.0878174506361,44.056179816595,6,12,19,24,30,36,3.10310386878098,2.48312326768223,0.358703229567534,3.81184456771588,1.87489851174242,2.25273766466358,0.366213035824628,2.69138032533319
11.4902995481356,21.2266034070786,24.6387529961905,31.8236836695449,40.9295730865836,43.9196670745578,6,12,19,24,30,36,3.09528305733242,2.46399200995981,0.349303675024127,3.77654543429032,1.8721477120819,2.24228671188237,0.371189138620475,2.68696738338268
11.4632716928118,21.2157767648954,24.5639595130458,31.7685214138499,40.8664534905275,43.8542489818696,6,13,19,24,30,36,3.08541458191499,2.17106973999516,0.456128164144259,3.75468960173537,1.8791238565054,2.23950843652581,0.37066181504154,2.68956433527136
11.4356664249216,21.139891786697,24.4681350413081,31.6960024604482,40.7865905031496,43.7725455419823,6,13,19,24,30,36,3.07533941645438,2.15492278944481,0.451259381300314,3.72673218824293,1.88741043557221,2.2369447595197,0.370239748995298,2.69347704022289
11.426294283991,21.0149877196836,24.4012991146345,31.6383515890463,40.7140655259964,43.7055044849506,6,12,19,24,30,36,3.07191979578053,2.41180560121229,0.343966818892681,3.70726180423088,1.89067770883854,2.23175383226639,0.371497814236845,2.69342019144262
11.4257527378054,20.9804114131998,24.3928949722491,31.6274575019928,40.6857399205121,43.6856727772303,6,12,19,24,30,36,3.07172221618663,2.39979605624498,0.349372846456414,3.70481526108097,1.8897919166437,2.22567273071335,0.373449082472903,2.69025370522828
11.4245802046501,20.9556435700065,24.3288149081407,31.5639496769745,40.6057714764148,43.6125613259326,6,12,18,23,29,35,3.07129443065679,2.39147534501325,0.462251842721679,3.92031791974167,1.88999548424663,2.21993265874459,0.375026684564258,2.68775186342437
11.4233719511818,20.9309416593278,24.3134053646937,31.5469824201863,40.5740300032885,43.5849459086695,6,12,18,23,29,35,3.07085362090988,2.38319469764315,0.464535224639976,3.91571099532548,1.88944135251492,2.2147825905525,0.375976993564134,2.68437159576707
11.4221357135547,20.9061479680523,24.2980309963685,31.5300437101575,40.5423358499948,43.5573817298442,6,12,18,23,29,35,3.07040260998126,2.37489580762323,0.46685321617975,3.9111158135619,1.88888488583173,2.2096408932545,0.376928970274311,2.68099687771315
11.4127675421165,20.8642334793374,24.2725360137494,31.4943284251873,40.5174084708214,43.513507024281,6,12,18,23,29,35,3.0669851371094,2.36343731865868,0.470902054682167,3.90349842699892,1.88524989345082,2.21339987859514,0.372567840323215,2.67591058114951
11.4272549871835,20.6919214114508,24.1451353567811,31.3739264071524,40.6729970634766,43.533743191641,6,12,18,23,29,35,3.07227030605567,2.29783138363192,0.482029252081465,3.86548444397411,1.88773895026727,2.30989379223079,0.341892731739528,2.71683722696356
14.1679948553171,23.0086007416083,26.427628132366,33.6336341947867,43.1222587901454,45.7325221806884,7,13,19,24,30,36,3.71873818518386,2.14995089447012,0.473552252008593,4.3078442396043,1.87963719757791,2.37652032142148,0.287471456170799,2.69361104937887
14.1252761887599,22.650930794421,26.1322994346394,33.3065844191113,42.915782411847,45.364450812827,7,13,19,24,30,36,3.70322737002729,2.04112502487312,0.489043679910866,4.21904018593709,1.86836619810736,2.41904508400014,0.254108619507333,2.67347077831654
14.0671092753063,22.2653849668355,25.826600938621,32.9550140824428,42.5909370973467,44.8673435669682,7,13,19,24,30,36,3.68212106944021,1.92898013993975,0.509096501710453,4.12755966788582,1.85208421714367,2.42848554840028,0.220183615352812,2.62066397395883
13.994589921228,21.8855573393599,25.5355255422327,32.6072653680027,42.1886956367538,44.2889971380761,7,13,19,24,30,36,3.65582909372404,1.82467605485662,0.531656125369622,4.04088154592333,1.83199637607401,2.40924197652169,0.187387451565832,2.54193173195567
13.9690460605249,21.5713674425331,25.3235429391544,32.3485659470782,41.7842313404881,43.7392294895998,7,13,19,24,30,36,3.6465740491339,1.72761534518069,0.557976891424756,3.97802297928777,1.81546122549963,2.35787741828947,0.161872176206735,2.45017627838407
14.0044745959427,21.3490370110994,25.2112486293117,32.2119257180594,41.4226944274173,43.2798301967281,7,13,19,24,30,36,3.65941133508146,1.64173313070146,0.586707066108019,3.94481715013825,1.80685267209575,2.27895348948273,0.145525471042032,2.35684213898339
14.0343733341346,21.1826086871854,25.1304674835123,32.1101964021765,41.0868407189313,42.873311058391,7,13,19,24,30,36,3.67024955124411,1.57684961079563,0.609341591608445,3.92096986764373,1.79945026171722,2.19722658049473,0.134161175950969,2.27016042978923
14.060069478779,21.0667798446294,25.0710696252345,32.0325119026324,40.7883906987425,42.5296601494441,7,13,19,24,30,36,3.67956769947637,1.53037521868528,0.624381337699361,3.90345659325473,1.79299193915689,2.12058784226124,0.127091591157176,2.19525800755104
13.9697717448557,20.8268831146829,24.9800806761901,31.9502169419497,40.4451748634675,42.1763417165049,7,13,19,24,30,36,3.64683693619653,1.48153126761207,0.664533348227728,3.87666428081484,1.79606199080651,2.03056653752726,0.1255331982095,2.12676180102962
13.8399126705051,20.5543534845877,24.8985942081982,31.8871460534664,40.1028546078426,41.8502206504539,7,13,19,24,30,36,3.59983408343014,1.43522879794362,0.716991986768275,3.85270670290463,1.80256746659123,1.93492569187239,0.128035887469656,2.06344434208807
10.9773801660619,17.7191518824527,22.3126194907592,29.3599344724568,37.357190829577,39.2358430595146,6,12,18,23,29,35,2.90870512511284,1.44407722598805,0.786921552726169,3.32854663918954,1.82334866297549,1.86064204797505,0.149059744873936,2.0561285200308
10.9743182980117,17.964647245909,22.7668588373045,29.7570107951211,37.7696997363354,39.7752121749489,6,12,18,23,29,35,2.90759590737623,1.52501240089973,0.846704525713166,3.45985653175646,1.80313288144136,1.86587389284609,0.170577623018547,2.07807794541578
11.0450935364796,18.459646567767,23.5383352551855,30.4605421457189,38.6595052067095,40.9454587315076,6,12,18,23,29,35,2.9332496913047,1.66497657444262,0.927459467499654,3.68561013577225,1.77914647689573,1.92921451325856,0.222017358602855,2.18177142863477
11.1189691036569,18.8723675093317,24.2787118618787,31.1766476604595,39.5199728130209,42.1546071512816,6,12,18,23,29,35,2.96005857552348,1.77830340220024,1.0252999159853,3.90534333595399,1.77058945760113,1.97854055652638,0.29262575097162,2.30545872395651
11.0447846578546,18.762199916662,24.1959947059379,31.0968467889442,39.4138118601983,42.0458147598219,6,12,18,23,29,35,2.93313766851106,1.76620776043137,1.03359560858232,3.88064975550396,1.77161730598498,1.96951863953773,0.292067710998236,2.29852920320937
10.9556924252394,18.6045653877545,24.0338784802666,30.9386560796445,39.2172798646033,41.8125550883278,6,12,18,23,29,35,2.90084954333137,1.74320690215853,1.03224020408097,3.83235712132793,1.77300099653613,1.95640807413135,0.284317190812787,2.27965204471979
10.8696896374134,18.4527595193506,23.8825354455075,30.791220157706,39.032062806881,41.5961693358423,6,12,18,23,29,35,2.86972586866414,1.72117455086089,1.03238016120029,3.78739922197812,1.77437835606091,1.94350306028139,0.277796238956583,2.26243135139924
10.7857245504999,18.3043790608659,23.7378477232128,30.6505125617379,38.8541304633886,41.3912729105362,6,12,18,23,29,35,2.83938268277251,1.69965431247687,1.03349696442038,3.74453299450553,1.77578161459652,1.9308018038886,0.272197358167169,2.24652281115214
10.7053200974335,18.1673894067388,23.6213075808023,30.537780625399,38.6964932531172,41.2206600503306,6,12,18,23,29,35,2.81036666611518,1.68078931839471,1.03968637185865,3.71008831731385,1.77712441071013,1.91549817843823,0.269517229521644,2.23226216226524
10.6252517324027,18.0304902713464,23.5059333631913,30.4264416583424,38.5398330301637,41.0538560299721,6,12,18,23,29,35,2.7815117814123,1.66187994688018,1.0462100372108,3.67606131364835,1.77854742490016,1.90007321711911,0.267428477647227,2.21872203224909
10.5451719484861,17.892460951036,23.3884835014086,30.3133364418158,38.3818437984301,40.8870798492462,6,12,18,23,29,35,2.75269309092808,1.64263752354453,1.0524555152904,3.64149749565772,1.78007973066633,1.88481749070944,0.265623720388507,2.20575732808087
10.4651725647568,17.7536176619496,23.269261510987,30.1987877875342,38.2227344818786,40.7205147547136,6,12,18,23,29,35,2.72394413350266,1.62313915972083,1.05841777358553,3.60649062342403,1.78172817560192,1.86969196505228,0.264095735135651,2.1933339001354
10.3881284707974,17.6249981981135,23.149516091928,30.0833040975777,38.0637850324143,40.554550179942,6,12,18,23,29,35,2.69629627088675,1.60608372748459,1.0611167132788,3.57141036056016,1.78323162560407,1.85495775736336,0.262660884793466,2.18122441212966
10.3311616947591,17.5715326369112,23.033765899158,29.9664175700792,37.9095608231577,40.3885082793657,6,12,18,23,29,35,2.67587826006334,1.60724051583336,1.04220540463811,3.5375777297418,1.78283073220323,1.8423165193015,0.260249956600833,2.16806933700545
10.2731072690033,17.510552181322,22.9118030430977,29.8434366587732,37.7487676001383,40.2163104575236,6,12,18,23,29,35,2.65509248139947,1.60627375616326,1.02376225880302,3.50201207916617,1.78247157833393,1.82952945178906,0.257930741188175,2.15495150510665
10.2140027384145,17.4417377123721,22.783428793069,29.7141312139238,37.5812766320301,40.0378670343134,6,12,18,23,29,35,2.63395383829596,1.60306634626758,1.00582009559613,3.46466955225778,1.7821430766454,1.81663147853515,0.255710383722155,2.14189935389214
10.1539031988306,17.3648770656634,22.6485224357424,29.5783404440789,37.4070043821722,39.8531349955182,6,12,18,23,29,35,2.61248349245165,1.59753250236545,0.988402471789167,3.42553046948398,1.78183108668693,1.80364922708131,0.253596254330871,2.12893297346788
10.0928832440973,17.2798537925915,22.5070402948721,29.4359660985445,37.2259156183455,39.6621332132044,6,12,18,23,29,35,2.59070951920285,1.58961360413996,0.971526924822428,3.38459885274213,1.78151635595944,1.79060441549972,0.251598391354356,2.11606838145035
10.0356719560497,17.1969074272096,22.3716658575492,29.2983042916191,37.0529446130286,39.4844759727089,6,12,18,23,29,35,2.57031790040542,1.58113131669351,0.955915354535906,3.3455458900988,1.78070950899982,1.7787211215997,0.250655886868878,2.10510138612589
9.97439315954531,17.1101282643249,22.2347313883394,29.1590118726058,36.8803286715601,39.3090654121018,6,12,18,23,29,35,2.54850178383156,1.57273453463152,0.941034726326279,3.30615521040654,1.77987782109894,1.76751856738138,0.250094427050413,2.09513586054446
9.91056847547119,17.0171097652546,22.0935315723237,29.0154425779799,36.7042368811697,39.1313570213446,6,12,18,23,29,35,2.52580738525064,1.5631315871734,0.926790410796521,3.2656571739586,1.77904212361289,1.75659705364388,0.24976984467034,2.08569241532178
9.84605064841617,16.9162208056235,21.9462182451758,28.8657252667283,36.5218103749691,38.9481063132703,6,12,18,23,29,35,2.50289598319766,1.55118281560801,0.913113157037793,3.22353664208555,1.77819431453444,1.74562464095843,0.249604418511593,2.07640863187608
9.78093596319433,16.8078730335793,21.7931731763171,28.7102233162922,36.3334263978218,38.759773689677,6,12,18,23,29,35,2.47980300705893,1.53700166170689,0.899989525250046,3.17992058831478,1.77732791083778,1.73460626292162,0.249614724580377,2.06730426250406
9.73730542646231,16.1831773018033,21.0053743854076,28.0035590661631,35.6015961240931,38.2155799135646,6,12,18,23,29,35,2.46434665693935,1.3488418209322,0.852483304240805,2.9577882688801,1.80597170576278,1.72618161689555,0.288256265486967,2.13038734728211
9.73521788275946,13.9201301432666,18.0564620287511,26.0138593010352,34.705488806193,38.4273872973867,7,13,19,24,30,36,2.16528568622035,0.67316989029893,0.659952445713621,1.99040149598931,2.14925596307861,2.09836385022834,0.550142549474579,2.99311442238966
9.58185767081035,19.4958592997513,23.1467989798105,31.1266931908178,41.3035043578292,45.406861894799,7,14,20,25,31,37,2.11409278059451,2.22523328744488,0.531904603988742,3.13401048479702,2.15740183911497,2.62066439288233,0.651020458417394,3.54221315955127
9.55250897386031,19.8160180682911,23.5019704419425,31.7470818356687,42.1423564398983,46.1474184474832,7,15,21,26,32,38,2.10432068087197,2.06977190808019,0.540881889679221,3.0278078432347,2.25373146090082,2.69885908889006,0.624587832905335,3.65684945799918
9.56857885495521,19.3873205011814,23.0066395544787,31.4092096673791,41.8578941169066,45.8565210582842,7,14,20,25,31,37,2.10967040044815,2.19325644339249,0.523833892394713,3.09547635346774,2.31117353296766,2.71802400554787,0.622867643282393,3.71799661988703
9.57423802535294,19.6327009589043,23.2843483418514,31.610604408076,42.0380863798473,46.0070871639108,7,15,21,26,32,38,2.11155493130474,2.00424994409274,0.532085636786893,2.96939145888652,2.28331079725032,2.71041375436306,0.614964653275973,3.6799404666396
9.57997488069607,19.5871704933296,23.219694411728,31.5638448062672,41.9980026835757,45.9640585232303,7,15,21,26,32,38,2.11346563589149,1.98793334607292,0.527199964220508,2.95209588652781,2.28984030234586,2.71280963686805,0.614180558791618,3.68640704106569
9.58584378887441,19.5723560276274,23.1904268892052,31.5465276308203,41.9825362346096,45.9440968122971,7,15,21,26,32,38,2.11542063838274,1.98135811337011,0.523516032843561,2.94427556535977,2.29420220323639,2.71347388612791,0.612984212669479,3.68919053593179
9.59189998520003,19.5613220474701,23.1656603199001,31.5326863439077,41.9692261951888,45.9260145997084,7,15,21,26,32,38,2.11743836417719,1.97592845350677,0.520022595107494,2.93766231599467,2.29819086851362,2.71366456171307,0.611714862070673,3.69119021232154
9.59823346884247,19.552974691622,23.1433904418779,31.5208383246591,41.9576256159894,45.9094936794106,7,15,21,26,32,38,2.11954883703791,1.97126664524944,0.516487694118869,2.93171920061953,2.30199655366778,2.71375337363044,0.610406846940911,3.69291025368456
9.60495243890217,19.5455101918416,23.1620812278886,31.5330094559621,41.9693320610937,45.9230229306982,7,15,22,27,33,39,2.12178816985801,1.96676487657802,0.392528126558455,2.74567082075073,2.29961571919275,2.71358658740745,0.610891330162104,3.69136595615945
9.61391686044046,13.5943183158465,17.4157500226492,27.2515013350253,37.8425248010703,42.1258086865157,7,14,21,26,32,38,2.12477652889035,0.473579344430614,0.437545199230586,1.53075825032899,2.84161237648929,2.76918892880272,0.700142064279034,4.2844447330048
9.62332872012074,13.6044667984219,17.408842652888,27.2453163740772,37.8630109881693,42.1328175261879,7,14,21,26,32,38,2.1279148440545,0.473748469710138,0.433735097709453,1.52924875386554,2.84188286237555,2.77879043441934,0.696430555872673,4.28874715909658
9.63241478860799,13.6163088476452,17.4102348329684,27.2406684823537,37.9019842961463,42.1462527089438,7,14,21,26,32,38,2.13094530188973,0.474381403476169,0.431406175166746,1.52955295188169,2.83962141354412,2.79450353065654,0.689411660216155,4.29247119223756
9.64151527880864,13.6284225608672,17.4107455005597,27.2351336315832,37.9390617894001,42.159037617257,7,14,21,26,32,38,2.13398133200454,0.475073727418048,0.42882513937539,1.52966454037747,2.83735812591391,2.80986470040801,0.682752236997579,4.29626743635952
9.65064366905255,13.6411028529689,17.3072538567113,27.1474490032656,37.896067860299,42.1244453696049,7,14,20,25,31,37,2.13702743499649,0.475890237827033,0.535799564120833,1.65254983957673,2.84327629190026,2.82598718987431,0.685053523228606,4.31759021057139
9.65984201269357,13.6543405442974,17.3064352367734,27.1415472058216,37.930533140772,42.137282114199,7,14,20,25,31,37,2.14009765494812,0.476819351972518,0.53220006911722,1.6523630924147,2.84137299454959,2.84056047582463,0.679133387248363,4.32181888403367
9.66914648864485,13.6682593774671,17.3051368300527,27.1351958217184,37.9632972713977,42.1496692413066,7,14,20,25,31,37,2.14320408867155,0.477881442475717,0.528311078041333,1.65206690839655,2.83948114543455,2.85469143227043,0.673568100716746,4.32605777856045
9.6786069974034,13.6832773503845,17.30368377878,27.1288572696368,37.9947205046705,42.1619965820902,7,14,20,25,31,37,2.14636342840419,0.479161619409298,0.524110843978613,1.65173546854003,2.8376521332314,2.8683421588842,0.668363597353322,4.33032694177521
9.69015830113781,13.6985795593646,17.3075283269093,27.1297955620628,38.012908543322,42.168935263376,7,14,20,25,31,37,2.15022209817548,0.480026273923586,0.521194713498551,1.65261245446944,2.83656416423751,2.8745807382114,0.665302594469428,4.33128562609204
9.70237525193773,13.7149567274528,17.3132894382429,27.1332671398524,38.0283685696146,42.1751147144923,7,14,20,25,31,37,2.15430444831969,0.480985869317739,0.518496946380613,1.65392691656205,2.83570710044816,2.87891756130765,0.662780088047459,4.33141524767575
9.70451734210379,13.6831155109113,17.3236377202776,27.1327890519558,38.043403751059,42.1401736383834,6,13,19,24,30,36,2.45274049390494,0.473165400399081,0.529241809610155,1.81257728891929,2.83165474854766,2.88453077071506,0.64923988062481,4.31738721377344
9.71502257371751,13.6913379291114,17.3276568960951,27.1334061754243,38.0562304165579,42.1420899929293,6,13,19,24,30,36,2.45645822149355,0.472641548998428,0.528168503431495,1.8135384443589,2.83038148051759,2.88894959802544,0.64629377635885,4.31673611487101
9.72541857712861,13.699244666647,17.331557661635,27.1338097642261,38.0686977569988,42.1436964237238,6,13,19,24,30,36,2.46013809475933,0.472070535642091,0.527146149063407,1.81447143521999,2.82907267727735,2.8933165374398,0.643364549684986,4.3160257411526
9.73569681494626,13.7068676943121,17.3353490086391,27.1340288959318,38.0808131409074,42.1450466641894,6,13,19,24,30,36,2.46377706416191,0.471461702531374,0.526168804175105,1.81537839895039,2.82773586081605,2.89762369495048,0.640464647903724,4.31526995101488
9.75346484198711,13.7875460162008,17.3832583859879,27.206830408755,38.2039657105112,42.2346252795033,6,13,19,24,30,36,2.47006959252926,0.485954792112603,0.517831679838412,1.82685143946081,2.83705261120573,2.91586311971673,0.631443036503239,4.32817498876549
9.77138845470606,13.8581733348327,17.4265030966369,27.2781973767261,38.3343260953061,42.3308231608114,6,13,19,24,30,36,2.47641956253019,0.498204379758109,0.510894350024971,1.83722675370029,2.84758244166235,2.93725225133736,0.622298576813432,4.34458642360118
9.7886379575443,13.891346594618,17.4394752856597,27.2860040898114,38.4054468196879,42.3771258807263,6,12,18,23,29,35,2.48253292242733,0.650845009714417,0.505793776069078,2.00924102985979,2.84564800529739,2.96023055332377,0.615677982060855,4.35492305897821
9.80521020810626,13.9199529755795,17.461378371468,27.3385625242604,38.5239960807057,42.4655012088407,6,12,18,23,29,35,2.48840829707864,0.654100817088312,0.504104532389133,2.01474384975714,2.85713036204485,2.98420505846912,0.607654467365821,4.37555321295083
9.82160278575423,13.9256071736525,17.472232404234,27.3823049803818,38.632729063419,42.5469700665389,6,12,18,23,29,35,2.49422193132664,0.651195365587505,0.505414758777024,2.01747241006506,2.86945482947566,3.00784055610996,0.600429339078238,4.39749148525151
9.83732071873855,13.907568377257,17.4706704624102,27.4151107401115,38.7297854523573,42.6192973975018,6,12,18,23,29,35,2.49979812710703,0.642084298733739,0.509572995710525,2.01707969132679,2.88233988454104,3.03123052731137,0.593896447160202,4.42047166735534
9.8523386094601,13.8665368830217,17.4571302341994,27.4373619578428,38.813937760592,42.6811873478929,6,12,18,23,29,35,2.50512763528695,0.627032282629204,0.516532743040456,2.01367622148244,2.89576547337791,3.05378709457495,0.588031976449077,4.44395691605186
9.8666441898537,13.804034640408,17.4325738132078,27.4498306011878,38.8843347285371,42.7316706587175,6,12,18,23,29,35,2.51020586881664,0.606562552402277,0.526183558257122,2.00750806179133,2.90966099735029,3.07491530169711,0.582799786065207,4.46734635390136
9.88024276186005,13.7223070139831,17.3983921951157,27.4536448415036,38.9406879120362,42.7703002245183,6,12,18,23,29,35,2.51503448728135,0.581416843078694,0.538347624312633,1.99893154786889,2.92392842014096,3.09409383268017,0.578153872941248,4.49006558895803
9.89313069923188,13.6240809283275,17.3562031555087,27.4500666646325,38.983157687614,42.7970400191015,6,12,18,23,29,35,2.51961199271713,0.552481478067724,0.552784520848301,1.98836091717927,2.93843456774065,3.11091533550285,0.574039174765982,4.51159546482896
9.89616352727461,13.5774377733347,17.3334934527823,27.4439138631248,38.9964245787538,42.803211650576,6,12,18,23,29,35,2.52068935743087,0.539679950983078,0.558983151046202,1.98267780667754,2.94465740807569,3.11801288105611,0.572185840375366,4.52062287928599
9.89249228150786,13.574643884982,17.3279385880792,27.4390326755324,38.9956332995941,42.8005747341844,6,12,18,23,29,35,2.51938521317185,0.539905310410097,0.558267086598458,1.98128843618986,2.9449106370347,3.11950792866877,0.571704018720802,4.52153514797764
9.88881436892003,13.571846815431,17.3223592539436,27.4341232640498,38.9948044278294,42.7979112591576,6,12,18,23,29,35,2.5180787971165,0.540131591941561,0.557545760831758,1.97989323707077,2.94516245707546,3.12099964169491,0.571225189218135,4.52244680160538
9.88489510636797,13.5688535962754,17.3163910800513,27.4288885515236,38.9938948306822,42.7950202954853,6,12,18,23,29,35,2.51668675848658,0.540369514010154,0.556774767347142,1.97840112622276,2.94543816363415,3.12258086184452,0.570708179747466,4.52340894352967
9.8926006255594,13.5902149320871,17.328367569583,27.4237902060362,39.0076630821756,42.8011898357713,6,12,18,23,29,35,2.51942369907687,0.543881446490543,0.55434453708263,1.98139572177581,2.93902049795714,3.12947948643297,0.568726609934281,4.52159333793961
9.90353454870375,13.617391219728,17.3436395781003,27.4156985066411,39.0224463885068,42.8048910489381,6,12,18,23,29,35,2.52330807093054,0.548066921435329,0.551266187724846,1.98521628041859,2.93024159847567,3.13784636610119,0.565840092248641,4.51797605390693
9.91349742422182,13.641373396497,17.3552524175237,27.4039361408427,39.0324629385557,42.8020270509729,6,12,18,23,29,35,2.52684821126384,0.551686791264803,0.548072687005654,1.98812289777063,2.921461248104,3.14581494231632,0.562490282655364,4.51345112295925
9.92248991265125,13.6620190736668,17.3630154483299,27.3884365267075,39.0376763164826,42.7926020315756,6,12,18,23,29,35,2.53004414699351,0.554700804915095,0.544752221397563,1.99006663764726,2.91272603951076,3.15339586541816,0.558690061618078,4.50807998740607
9.93050906445651,13.679227096721,17.3667772393303,27.3691712049447,39.038064846461,42.776669698589,6,12,18,23,29,35,2.53289464263155,0.557080684220994,0.541292573373282,1.99100873334356,2.90408209686068,3.160591258374,0.554461570885292,4.50192735507635
11.732163251141,15.0527270612389,17.8675093897741,27.6831863843695,39.3744430782156,42.9404090361365,7,13,19,24,30,36,2.84941529019185,0.449388419056413,0.331672425553219,1.94406386011914,2.83409725206531,3.16878100103481,0.510296749641132,4.39692016731941
11.7107503359539,22.8618905831789,25.0785555300098,34.9003704550936,45.3224006648707,48.5598244230813,7,14,20,25,31,37,2.84192594082183,2.64728879526665,0.208836845249567,3.67717788792463,2.83639484424161,2.70845741352355,0.429284065559911,3.90827416152724
11.6807642178261,22.8277564412296,24.9696988930202,34.853025649843,45.1946251726595,48.448071397976,7,14,20,25,31,37,2.8314430733472,2.64585416792184,0.194962233920241,3.645999991919,2.85943176945228,2.67961778388305,0.433136753310083,3.90739648079775
11.6488704642249,22.7522701436629,24.8122628292747,34.779069801044,44.9474963757563,48.2247503092688,7,14,20,25,31,37,2.82029978596034,2.63078476885775,0.180164685324307,3.60102385951789,2.89072896335554,2.61766967070911,0.438880735421849,3.88744341622261
11.5923113582932,22.6675686075367,24.6218535905978,34.6463298744328,44.6445253810437,47.952787173228,7,14,20,25,31,37,2.80055523077845,2.62106352038881,0.161750557452427,3.54681251628236,2.91237132617755,2.55697263352143,0.446396126710391,3.86277653560694
11.530605343761,22.5758847976872,24.4108819349441,34.4834097522141,44.2945410200402,47.6391164711946,7,14,20,25,31,37,2.77903817222113,2.61071456261139,0.141924811664179,3.4869859990407,2.93041775498671,2.4905079787948,0.455246182368682,3.83176388716505
11.38574885035,22.6122488452434,24.3700398527219,34.533285454772,44.0513166728464,47.4465942839948,7,14,20,25,31,37,2.72862714844121,2.67337382776447,0.129657301047416,3.47543352085106,2.96452106915551,2.38688147308453,0.467689425564435,3.78606260735646
11.2336552624549,22.6431115407983,24.3230689015639,34.5775769030915,43.7913520662239,47.2515481817759,7,15,21,26,32,38,2.67585263820422,2.44313206246948,0.117757631478509,3.25092126537456,2.99887203316292,2.28000589510584,0.48376600813324,3.74156663320025
11.078766354976,22.6544798522484,24.2730752274509,34.5993305362566,43.5202668345899,47.0516806850108,7,15,21,26,32,38,2.62227536079831,2.49823226414212,0.108717975291124,3.23721737919135,3.02590733261578,2.1778479040925,0.501584654292311,3.6966514437687
10.9216480748079,22.6596599138534,24.2199357427233,34.6167374551069,43.2469020620244,46.8623723014154,7,15,21,26,32,38,2.56810357899749,2.55223122418754,0.100414001513205,3.22266785270079,3.0525153238716,2.07713758722226,0.522853946004151,3.65595044391706
10.7629841413031,22.6487201688641,24.1576856330467,34.6241827990055,45.6709866862264,49.8736569219763,7,15,21,26,33,39,2.51358405386137,2.60155789650469,0.0933455688305941,3.20564577948899,3.07882660654339,2.61124067180623,0.67801846192711,4.33990007779518
10.6100416779044,22.6268152811448,24.0999661309677,38.6515984603539,45.5342947672943,49.3827390488203,7,15,21,27,33,39,2.4612112004871,2.64545062838269,0.0885463450367668,3.18988381721182,4.23537966679495,1.48986376067099,0.583090660040373,4.20785764841592
10.5347443170608,22.6466600046475,24.1412410580403,38.6356395145338,45.2972726574044,49.1932251339458,7,15,21,27,33,39,2.43549330208024,2.67739944817067,0.0914046154263984,3.201153032345,4.21371259598527,1.41816165113481,0.595596016897417,4.13787928570336
10.461303512094,22.6559689805396,24.169044751938,38.6034414001829,45.3419388571962,49.4972228706533,7,15,21,27,34,40,2.41045252741089,2.70524064978505,0.0939034808561561,3.20875012103538,4.19101023446851,1.21250511520361,0.66510063042439,3.97939500156742
10.3893225388159,22.6522846530755,24.1813811281017,38.5553821859641,45.080711960306,49.2722627385992,7,15,21,27,34,40,2.3859512362516,2.72825629268636,0.0960919372424594,3.21212243353645,4.16817197202304,1.1494538751976,0.674981382259178,3.90929606661854
10.3184147532847,24.3124780003152,26.5002586829571,40.6295206068154,46.8662840413799,51.0812619526674,7,16,23,29,36,42,2.36185613005762,3.01852826122324,0.133331536054932,3.43601569219903,4.07576177587428,1.06538479622547,0.6813842249246,3.75966741374628
10.2482817635336,24.3683201179728,26.5492347245243,40.6209046212271,46.6666716359356,50.9034157378278,7,16,23,29,36,42,2.3380647075152,3.06067286668781,0.132364553790033,3.44931075814885,4.05404814780035,1.01060082426835,0.687347196813596,3.69355015276705
10.178642770027,24.4121014327679,26.5890638401765,40.6028180868185,46.4679360030276,50.7236261469619,7,16,23,29,36,42,2.31448109943654,3.09870435090608,0.131809359268896,3.4601328218943,4.03222512835487,0.959450877859043,0.692548532792529,3.62980052845243
10.1092755043254,24.4408473419867,26.6156449808963,40.5712154843393,46.2684036457273,50.5408385001408,7,16,23,29,36,42,2.29102985101118,3.13166872537269,0.131505696384095,3.46736023860018,4.01031393265004,0.912510708537303,0.697153964576698,3.56927558497107
10.0399550961695,24.4624298463252,26.7444675144514,40.7771662186036,46.2210883395578,50.5161871614598,7,16,24,30,37,43,2.26763514661434,3.16226419312472,0.0952904766040728,3.3023804594073,4.03936213267704,0.842886170618616,0.70339994247328,3.52506580286785
9.97052667638389,24.4764716464577,26.7404571298222,40.7013820931595,46.0152560125954,50.3207026254909,7,16,24,30,37,43,2.244245267778,3.19040292476045,0.0933265885423551,3.30131686811898,4.01232980801632,0.807709063897767,0.706256460790139,3.47009834058907
9.90085904050433,24.4828774239242,26.731619877459,40.622068655514,45.8208206936559,50.1346094054013,7,16,24,30,37,43,2.22081682939605,3.2160851711908,0.0916840768848738,3.29897347790325,3.98580537718366,0.776909551649705,0.708561469888819,3.41940178858768
9.83082814741808,24.4813603606676,26.7188740026147,40.5384831182985,45.6392492287855,49.9597533176539,7,16,24,30,37,43,2.19730918674855,3.23924528028809,0.0904833799304372,3.29559443429238,3.95916349336942,0.75095436917603,0.710418398325205,3.37319848048383
9.75726514307755,24.5143499375683,26.7201235366089,40.4778411445094,45.496681506832,49.8193646748753,7,16,24,30,37,43,2.17266286711925,3.27531968334317,0.0871320746257553,3.29592565479675,3.93590291352562,0.729441867959288,0.711021222560998,3.33295775909257
9.68344217713079,24.5421304316769,26.7194864132924,40.4151515067417,45.3708919370933,49.6943672259095,7,16,24,30,37,43,2.14797845391742,3.30978111662778,0.0841852799442016,3.29575676805051,3.91259695006959,0.712992551139033,0.711240388700206,3.29772520300151
9.60941030337755,24.5528879449896,26.7077377070589,40.3428814104836,45.2555339021493,49.5793703092015,7,16,24,30,37,43,2.12327414044311,3.33858584968966,0.0818876621585506,3.29264288131605,3.88988076478349,0.701821084581708,0.711340309624808,3.26854519511087
9.54009295786001,24.5561155907282,26.7023560928642,40.2771352177002,45.1615792261381,49.4836154442285,7,16,24,30,37,43,2.10018899795132,3.36326394118653,0.0810172470873065,3.29121680337722,3.86723802784404,0.694534591865474,0.710842235525756,3.2430574154131
9.49423229131008,24.5716169763627,26.7573280102608,40.2723614099681,45.1178288829915,49.4293298628043,7,16,24,30,37,43,2.08494046566661,3.3841614353449,0.0850463828884258,3.30579181515028,3.84484188806208,0.684502360278286,0.707929153743949,3.21231097518659
9.44753284569549,24.5919520442743,26.8182789773767,40.2778209974357,45.0966069406322,49.3957186523921,7,16,24,30,37,43,2.06943345492351,3.40701524139824,0.0892950179790617,3.32197267322757,3.82405351497775,0.677658889732739,0.704507351390964,3.18575984672841
9.39979733915644,24.6132688902915,26.8842120720684,40.2886022309047,45.0933827254916,49.3786010622226,7,16,24,30,37,43,2.05360388110374,3.43058351490915,0.0940811179745295,3.33950043147748,3.80340482828437,0.674074581915336,0.700675207575757,3.16248707192465
9.35095388426866,24.6434978953609,26.9599023467534,40.3139780436141,45.11784902682,49.3875988885721,7,16,24,30,37,43,2.03742956640882,3.45760454308832,0.0990849481471171,3.3596530232772,3.78457819440017,0.673842006670103,0.6964149586301,3.14382971788598
9.30082221848962,24.6742017445148,30.6757351522264,44.4480273610625,49.2721538421136,53.6741593156067,7,16,25,31,38,44,2.02085272242106,3.48526391129801,0.671342235588188,4.16799964409879,3.94137910917187,0.679027090138013,0.733053514571817,3.30438810110618
9.24933203456955,24.7078858336375,30.7919172999586,44.5107405761878,49.3560772894613,53.7418234758307,7,16,25,31,38,44,2.00385226816363,3.51444671510036,0.69037043406176,4.20043116162217,3.92129302531325,0.684468774074691,0.728523466669333,3.29066091998843
9.34140787177454,24.8338105385514,27.7562785388035,41.4251005001503,46.2469364642029,50.3892214686156,8,17,26,33,40,46,1.77855583947366,3.52605515336926,0.121862182095163,3.18573843676563,3.53803181905856,0.678440182132603,0.661568425478831,2.99335128640273
9.3430594511312,24.8940157615401,27.480831037568,41.2197240329715,46.022600065675,50.1029117851224,8,17,26,33,40,46,1.77906919313894,3.54615071871478,0.0867599482039901,3.11530560140107,3.56332594843466,0.673587609854977,0.644797057393171,2.99039640682704
9.33792239588339,24.9439700737858,27.5376864548007,41.3228879981749,46.1021217336647,50.1619805623895,8,17,26,33,40,46,1.77747256573963,3.56507488497281,0.0874205132048147,3.12980667683194,3.58005552900645,0.667550712138914,0.639287195501814,2.99099845251032
9.33210307671574,24.9936466407278,27.5971102263234,41.4274869706307,46.184811476831,50.224712206163,8,17,26,33,40,46,1.77566425184657,3.58415441542152,0.0883579402260487,3.1449834802186,3.59638571952994,0.661970372496948,0.633922803266087,2.99189827127627
9.3260319278905,25.0382462579746,27.6531916573915,41.5282194322482,46.2652725429626,50.2858249886845,8,17,26,33,40,46,1.77377809751052,3.601589360212,0.0894688484580282,3.15932595278768,3.61253612184279,0.656819293185609,0.628733881009212,2.99326705445377
9.31981843502828,25.0774549394314,31.0522000033439,45.4395893674445,50.1404297732677,54.2877424535766,8,17,27,34,41,47,1.77184815857492,3.6172298844041,0.539927697909333,3.85747019999889,3.79853058764523,0.647646603882583,0.662934002951761,3.15847291140311
9.31350030468828,25.1060411729951,31.0270538501048,45.4221844197305,50.1019127767953,54.2253553170135,8,17,27,34,41,47,1.76988617375088,3.62925610901912,0.529048345286427,3.85074282436703,3.80135000400958,0.642316307365748,0.656457194276523,3.14820128848126
9.30710918661162,25.1214655112842,30.9832430649848,45.3857772165048,50.0471528213232,54.148476561214,8,17,27,34,41,47,1.76790199116044,3.63677581770897,0.517149383049775,3.83902965590138,3.80404670664213,0.637693155333724,0.650470604929056,3.1390879446502
9.30066235365503,25.1199198411006,30.9182645051479,45.3288095746281,49.9743924944147,54.0559850591497,8,17,27,34,41,47,1.76590098805956,3.63846557273693,0.504518495668694,3.82167488193385,3.80696490421995,0.633722748099557,0.645142526154033,3.13151078097532
9.29417299172523,25.0891438376828,30.8222922194753,45.2418445050908,49.8751022742893,53.940515832918,8,17,27,34,41,47,1.76388726866376,3.63009359035534,0.491658034542011,3.79608114701374,3.81024637442071,0.630629175605264,0.640782354174733,3.12614414382323
9.28764559004497,23.2888393325395,29.6487270899962,44.034558535378,48.7945755710526,53.0324830727675,8,16,26,33,40,46,1.7618622356477,3.32440971406043,0.620215634327733,3.68134555991488,3.79796321225808,0.662655436478552,0.687666296627774,3.19943824990455
9.28109144696839,23.3228547019349,29.6069340051671,43.9961673390503,48.7401611141261,52.9615679247325,8,16,26,33,40,46,1.75982940207054,3.33854285231939,0.604100338578999,3.67018944442922,3.79920215351446,0.658581642474273,0.68314405201939,3.19137829966801
9.27451907671291,23.3507573517688,29.5611986337523,43.9528008625548,48.6817889194266,52.8878420701695,8,16,26,33,40,46,1.75779141440527,3.3505601025021,0.588590478436245,3.65799151076826,3.80006491729147,0.654773166151849,0.678943149914008,3.18363649027862
9.26793799027007,23.3732383992144,29.5112740579884,43.904351429001,48.618219148194,52.8101007310185,8,16,26,33,40,46,1.75575122553095,3.3606956819057,0.573480745665769,3.64468887750191,3.80060218445213,0.650942100502914,0.675071684146941,3.17594755630072
9.26134953020973,23.3906441601445,29.4560856074182,43.8508962605091,48.5485965362676,52.7272037528412,8,16,26,33,40,46,1.75370925409755,3.3690673324783,0.558473715659674,3.62999899966812,3.80123348220941,0.646852980623351,0.671450575227237,3.16829333402349
9.25477022412169,23.401884443434,29.3940977600563,43.7929370880837,52.5481986278969,56.4862827485896,8,16,26,33,41,47,1.75167062292473,3.37528669887286,0.543481958668547,3.61351855258704,3.80270086241181,1.59841079458688,0.606746594759686,4.03215617303075
9.24820120976777,23.4041115134341,29.3232195699745,43.7299252370169,52.3481814519445,56.2825880770098,8,16,26,33,41,47,1.74963568292621,3.37835734154359,0.528664202404635,3.59469954938957,3.8055662601848,1.55691882403837,0.605771066333574,3.99375107127194
9.24164637869632,23.4006827144711,29.2457188378872,43.6645822371814,52.1471757482529,56.0778478325123,8,16,26,33,41,47,1.74760563741534,3.37944871712543,0.51380455349708,3.574152941344,3.80999538948748,1.51607577090705,0.604780842382105,3.95704187322171
9.23512293384067,23.8900968955016,29.5556072250223,43.6604725904318,52.0866836180348,56.010849935504,8,17,26,33,41,47,1.7455858095594,3.24074772327134,0.595679998532223,3.65650100000943,3.69581935195478,1.49917352173665,0.603056873209475,3.8487934902058
9.22862265307661,23.911042591625,29.4959506382375,43.5934480148806,51.8853556701573,55.7990318381057,8,17,26,33,41,47,1.74357364793805,3.25003407854235,0.577987748009122,3.64060852330004,3.69314564987279,1.45908728983595,0.600279904017882,3.80529863723879
9.22214283526632,23.9001183135508,29.4134947702014,43.5191190702815,51.6782796529812,55.5833918781151,8,17,26,33,41,47,1.74156831203164,3.24852998823684,0.56244028586826,3.61867335746287,3.69609476920106,1.41971304496336,0.598015437016106,3.76732840007305
9.21916927198309,23.8362734629952,29.3017154986361,43.4104642601078,51.4219943116282,55.3257993549594,8,17,26,33,41,47,1.74064823554982,3.22794188951894,0.552103881334762,3.58899527015516,3.69722866391975,1.37622121579952,0.597669999238078,3.7258657387734
9.26289858178039,25.0722058031093,30.8030544570442,44.6623699920341,52.4516587604205,56.3806264402027,8,18,27,34,42,48,1.75418930868866,3.33401761848616,0.610154272347733,3.79095646507186,3.60685186569218,1.31135928387566,0.604329061216604,3.59961275343588
9.30732138256824,25.1265825272866,30.5905831104892,44.4954592117352,51.4434549671454,55.4084894048529,8,19,28,36,44,50,1.76796786183797,3.059734924095,0.551794082981795,3.54193300291015,3.29089286069593,1.07305611208784,0.613908672674912,3.18264404304532
9.35256776518953,24.9443842447597,30.3678631297464,44.1977642142733,49.3519274587858,53.4348507690815,8,19,28,36,44,50,1.78202523047533,2.98718658548104,0.543109932174564,3.48445334054285,3.26483941076213,0.612523292306333,0.645501506059005,2.72112931749437
9.39875175598633,24.722695569872,30.0914428443501,43.8332580396372,48.5087702599031,52.6850783487595,8,19,28,36,44,50,1.79639802026177,2.9021934948609,0.531457127188717,3.4134873630664,3.23427133128785,0.503686818235636,0.670823915275946,2.59991331022046
9.44609627055576,24.4515670678517,29.7577731146179,43.3994961047711,47.8974923526956,52.1459319077369,8,19,28,36,44,50,1.81115705717829,2.801799876,0.518250781076192,3.32838256211292,3.1995915804252,0.465169369314607,0.690556798038138,2.547794669377
9.49484631584055,24.1262733391083,29.370538472458,42.8977452531433,47.2787691523447,51.595944690235,8,19,28,36,44,50,1.82638056195134,2.68483103557798,0.505287627150495,3.23039746517164,3.15998673091383,0.440374158784644,0.709497835371432,2.50673230910066
9.54534785618701,23.7482941603822,26.3313052288118,39.6962579107324,43.9984308598084,48.3920783796546,8,19,27,35,43,49,1.84217892551193,2.55214756965116,0.130948458257767,2.65562562312693,3.10400668799226,0.423931336965743,0.730723990759378,2.46539555555071
9.59800021452922,23.3205288667888,25.8962491066117,39.1349490290832,43.3523814280339,47.8249209506393,8,19,27,35,43,49,1.8586800965543,2.40513236135046,0.130021140180797,2.55174900576097,3.06055888818327,0.406510631471048,0.752786976019086,2.4323742438103
9.65328245065546,22.8511038138871,25.4322560101196,38.5264745554169,42.6730160619713,47.2289428538188,8,19,27,35,43,49,1.87603808389262,2.24680973853088,0.13071173618314,2.44240220973605,3.01095983825392,0.392140684057602,0.776284657620691,2.39951438883765
9.69874141879262,22.333667974276,24.9347286830989,37.8380086309486,41.9302951464118,46.6151696605004,8,19,27,35,43,49,1.89033648591892,2.07975400460042,0.133257425153358,2.32685470841721,2.94561618536726,0.381270693219887,0.812968851588816,2.37068374143748
9.74317020016551,21.7982947113926,24.4258406081382,37.1356443595698,41.1966189052983,46.0306210825785,8,19,27,35,43,49,1.90433230908346,1.91093172098719,0.136679492686812,2.21055214361555,2.87964650686183,0.375048503031498,0.85590113789464,2.35197501881927
9.64336229280316,21.8860281577673,24.6199547778088,37.1372644558042,41.1939016820185,46.4927698292494,8,19,27,35,42,48,1.87292082261711,1.96516169742837,0.150827027582036,2.25468664296805,2.81426044508005,0.491185424003758,0.992963730366866,2.59825598058708
9.5217755637645,21.962285159832,24.5823896068238,37.07559098773,41.1207563083887,46.9029042035042,8,19,26,34,41,47,1.83480130238776,2.02276481253829,0.200194190442341,2.40343691304425,2.80608920204151,0.488522908070125,1.14010988562811,2.71446860981324
9.37787948384043,22.0687346045901,24.7608774798295,37.0425112378699,41.0519935593365,47.3201753046348,8,19,26,33,39,45,1.78989941417242,2.096217311644,0.212415300958898,2.4456237448653,3.04259118828451,0.625770187753769,1.29227087320136,3.18067237331039
9.22695201991003,19.534281633239,22.2959869209335,34.9612436386861,38.9826639954724,45.665120374675,8,16,23,30,36,42,1.74305658324652,2.08382828210251,0.22449030418582,2.35086757261905,3.17854257435413,0.628966396921301,1.42488695141755,3.40973960000891
9.07336798845397,19.4074865652487,22.26170226105,34.6463478214504,38.6136424267537,45.7270333710268,8,16,23,30,36,42,1.69566264086462,2.09243057946316,0.240954618381425,2.34252410453054,3.07901272874902,0.614510348457031,1.56538373332615,3.43721105170503
8.91040000510006,19.2193956441537,22.2088753921191,34.3540431449072,38.2391057530209,45.7239867303331,8,16,24,31,37,43,1.64568327870334,2.08436306322748,0.187361437872906,2.16620383175607,2.9944394549378,0.592723103691851,1.6883900674717,3.45144819618799
8.74285501510979,18.9693517062741,22.0887962290903,34.0995264195688,37.858980263263,45.6326852316325,8,16,24,32,38,44,1.59464352850626,2.05791396089636,0.207263739442042,2.13814946874284,2.64342349574926,0.559864823598818,1.78513563850124,3.24385087831692
8.57509372392374,18.6466137441775,21.9170188032773,33.8680685601521,37.5170769793998,45.5153616439153,8,16,24,31,37,43,1.54389772895837,2.00840980652117,0.231447282430251,2.09822054475287,2.92614212483192,0.531410670098289,1.86099058094247,3.47528459899882
8.41022736006435,16.8225399202672,20.6763959455326,33.2864419331636,36.8490685698107,44.854854900991,8,15,23,30,36,42,1.49438980745069,1.73135856490216,0.334860229305697,1.96703578152759,3.15892405219775,0.509452869720346,1.86353351520515,3.64252130571182
8.24965925035605,16.3795938821474,20.4984435369044,33.0465159186235,36.537296511623,44.6870889749074,8,15,23,30,36,42,1.44652894508307,1.6412020798278,0.386578648968607,1.92620717480872,3.13692317607283,0.491395171152673,1.91246059730622,3.64547476528123
8.09362073622969,16.0432732989114,20.3927510067043,32.8298262237197,36.2619587172389,44.5234020740583,8,15,23,30,36,42,1.40036594251629,1.58415201288126,0.433769206488709,1.90209001865895,3.09757422557818,0.476796588663388,1.95053797372254,3.62866761208988
7.94303993957159,15.739207699118,20.2884237535236,32.60439197793,35.9928178159582,44.5521112861475,8,15,23,30,36,43,1.35615281231417,1.53590853542426,0.476174800236137,1.87838221844114,3.05472369225757,0.466002041375871,1.77865599807859,3.44539608188032
7.90501081066337,15.752039387633,20.3114426266214,32.6474807548888,36.0132648718276,44.270854791456,8,15,23,30,36,42,1.34504010231857,1.55186120896655,0.478374266823631,1.88360473392546,3.06181889641689,0.460439000071169,1.9492217515312,3.57915080484902
7.88041336767915,15.7581919083191,20.3241842659097,32.6576494961194,35.9869929987877,44.1811795867102,8,15,23,30,36,42,1.3378639562982,1.56152244511054,0.479798749975997,1.8864976017542,3.06090917974912,0.451527628690755,1.92758596940282,3.54961386839816
7.85736931300197,15.7777259096608,20.3118480759554,33.8716400970849,36.8943207918873,44.9256277106657,8,15,22,29,35,41,1.33114932694975,1.5749201414526,0.605910157618472,2.03939131094843,3.49872265800391,0.378690839018301,1.8721888932305,3.76924448838341
7.83131208251893,15.8200955823529,20.3786306709402,33.7601096408029,36.7523788600531,44.6677913852671,8,15,22,29,35,41,1.32356646333329,1.59650021279566,0.611970149036813,2.05519563187827,3.43456323064367,0.37168840277832,1.83293729260536,3.67464878417987
7.8164491803264,15.8691419865474,20.4718294764697,33.8279359950301,36.8020290353253,44.5901214825828,8,15,22,29,35,41,1.31924589523172,1.61670914527742,0.622975428267799,2.0773154871502,3.42544705270573,0.36752315855445,1.78997908178626,3.62508828704639
7.81208256523288,15.8601319984097,20.4702916594586,34.0286656488113,37.0200893619769,44.8231362573981,8,15,22,29,35,41,1.31797718782373,1.61523912347538,0.624843654848208,2.07694989789929,3.49821179769446,0.371494314815563,1.79501576484921,3.69316142456771
7.79620176012349,15.9415772054044,20.540052789261,34.3043730661033,37.3118629207688,45.129841167671,8,15,22,29,35,41,1.31336554095338,1.64610711342997,0.621923077285422,2.09355466147072,3.57251059848311,0.37518785516477,1.80004707496853,3.76223380877657
7.72833991289068,16.1280711578821,20.7036146876852,34.6035812792938,37.6267903615971,45.9657722934544,8,15,22,29,35,42,1.29370306737646,1.72732154106055,0.616202724232977,2.13264768229935,3.62156073402575,0.378812870217476,1.70785465566686,3.72991016814906
7.65591814098771,16.2259198835753,20.7686359531186,34.8319421849032,37.8814695800829,46.2988460226391,8,15,22,29,35,42,1.27279892888401,1.78211145605681,0.608041362071599,2.14825084425767,3.68074165738487,0.384906811836284,1.73298395509199,3.80722301567797
7.58101551230632,16.2174378319827,20.715244826761,34.9699257131507,38.0556671128445,46.4882967397888,8,15,22,29,35,42,1.25126640170774,1.8035734740594,0.596929094675104,2.13543597399415,3.75023909634987,0.39334203939826,1.73788167457731,3.87759271908342
7.50586445895465,16.1126337199609,20.5540630389609,35.0190686035707,38.1491378212634,46.558762705434,8,15,22,29,35,42,1.22975348388953,1.79398579322699,0.583066511581986,2.09689441218544,3.82681125085015,0.403744840951989,1.73049600347015,3.94500436886663
7.43259331710031,15.9314203296243,20.3074330651975,34.9877177161537,38.1671377340107,46.5260861002958,8,15,22,29,35,42,1.2088678899953,1.75916839905343,0.567105500039732,2.03834784052321,3.90539106615105,0.415425241904942,1.71424804950988,4.0075106568714
7.36250986516196,15.6904418932819,19.9959482685864,34.8768979168365,38.1067351640157,46.3948526899703,8,15,22,29,35,42,1.18897460370308,1.70431841714996,0.550054912224213,1.9651587060702,3.9788174868646,0.427463515036372,1.69158879324385,4.06035007110735
7.29509048279122,15.4539260385466,19.6846094885622,34.6834763574427,37.960219257659,46.1430819016315,8,15,22,29,35,42,1.16991589386628,1.65038532924809,0.532137035588146,1.89286416764848,4.02204487347019,0.438757199684324,1.65802769988364,4.07784764233827
7.23100171418276,15.1697905297634,19.3224017839599,34.4320204925861,37.7549813916121,45.8354403514646,8,15,22,29,35,42,1.15187100809272,1.58072729941371,0.513639463931152,1.80986986232691,4.06269825585791,0.449972176970806,1.62550510639532,4.09389139929817
7.17070008636942,15.9446398557707,20.0688737228017,35.0911756113931,38.4707227513079,46.4071639421613,8,16,23,30,36,43,1.13495767411167,1.60408617987496,0.506967207478559,1.8288118213207,4.03064286534985,0.463818186207989,1.5799874270377,4.04256330751167
7.11444358588161,15.2403990743184,19.2403282299034,34.4225294429265,37.8384455755733,45.7438583016635,8,16,23,30,36,43,1.11923669968988,1.40990328611326,0.478069402583025,1.64578816756919,4.08936830504434,0.472782982251185,1.57021520864537,4.0910946146961
7.08931800367133,15.2709830737453,19.2410844262147,34.3759941775566,37.8222399647747,45.7267880523084,8,16,23,30,36,43,1.11223352070588,1.42637052346022,0.471216534526792,1.64595220810379,4.07198886524896,0.480297813473944,1.56994307360534,4.08585243081621
7.06567633115753,15.4205190255627,19.369965639413,34.53106334657,37.9938490349619,45.8771626970394,8,16,23,30,36,43,1.10565429310586,1.47784088912128,0.466489957589689,1.67399186385554,4.08161171493673,0.484410608737166,1.56326281247009,4.09217315193137
7.04249526457072,15.5428037918208,19.4711699314111,34.612651544809,38.098272628018,45.9583780400064,8,16,23,30,36,43,1.09921303855723,1.52139519882852,0.461681942399447,1.69612314526081,4.07440345367371,0.490105705933154,1.55596827567643,4.08629478999795
7.01976943957952,15.6472089405863,19.5552462065896,34.621661338752,38.1348262664348,45.9683900594031,8,16,23,30,36,43,1.09290774028244,1.5596923583472,0.457060749776685,1.71458387867311,4.04683360063698,0.497000896246157,1.54763463092337,4.06453117531152
6.99745935781437,15.7372448667253,19.6266969288195,34.559837459274,38.1029552087228,45.9058649366793,8,16,23,30,36,43,1.08672694672574,1.59371177046251,0.452849245990725,1.73032552699537,3.99794299427853,0.504530854446312,1.53802122298207,4.02523204084343
6.98323650103748,15.7545309746712,19.6451955598256,34.5073813162556,38.0744049966664,45.8769444916262,8,16,23,30,36,43,1.08279139706995,1.6032821359751,0.453123620621096,1.73440896507287,3.97194421111096,0.510564130715229,1.5379051898843,4.01134413647726
6.99284168217933,15.6403588108073,19.57803732408,34.5883916633375,38.168252095466,46.0398601410281,8,16,23,30,36,43,1.08544880143434,1.56576003845926,0.463803901839447,1.71959981198896,4.02625918561289,0.513812340826272,1.55958277028874,4.07883231680889
7.01259531011002,15.5471981059263,19.5414766342742,34.6673925111035,38.2618080738024,46.1946290333001,8,16,23,30,36,43,1.09091922496302,1.53170494999577,0.476768732674187,1.71155583761623,4.06868468441771,0.517502530043618,1.57884662106923,4.1351554172758
7.04201713534808,15.473982955745,19.5349792946522,34.7422858457245,38.3510869956572,46.3356295347163,8,16,23,30,36,43,1.09908028460339,1.50089671126267,0.492198343359799,1.71012764960294,4.09859813007968,0.521157173208544,1.59516099055689,4.17869773851012
7.08033724888058,15.4217546164941,19.5583376377459,34.8148462509891,38.4359446583555,46.4608418863026,8,16,23,30,36,43,1.10973308712278,1.47383575819047,0.509867426236348,1.71526395872093,4.11669438521859,0.524287110993797,1.60791351651202,4.20882723029032
7.12278843319729,15.4233752504153,19.6358623104397,34.9300083091703,38.5494614402179,46.6191097829996,8,16,23,30,36,43,1.1215651300153,1.4616702645138,0.527807496228848,1.7323483121383,4.13054381383157,0.523868039383728,1.62207929941123,4.23274737878844
7.13634709972398,15.6481457662752,19.9109875373071,35.2883940513791,38.850391204105,47.0617561962622,8,16,23,30,36,43,1.12535099666812,1.5248476835007,0.539815458463965,1.79343665646457,4.16120137247631,0.509293837987129,1.66710263817679,4.2824746751873
7.14821255951268,15.8381125594056,20.1429474262982,35.5817595366301,39.0884020267167,47.4479182138344,8,16,23,30,36,43,1.12866676387315,1.57858582778041,0.549893291244391,1.84548731740239,4.18382936329483,0.495365564637467,1.71442993830681,4.32836559361011
7.15741005206525,15.9851373778946,20.3212494833559,35.8047777829967,39.2621430073461,47.7723525899014,8,16,23,30,36,43,1.1312386921313,1.62045427310506,0.557436695425769,1.88583115806553,4.20031667608225,0.48306162661383,1.76283368792225,4.3719575830528
7.16442628315386,16.0969186099589,20.4528154899393,35.9571831874523,39.3693990393998,48.0290256435586,8,16,23,30,36,43,1.13320167221603,1.65243953227293,0.562224624039442,1.91578348360959,4.20800305925228,0.471868556438377,1.81108289810399,4.40935625858143
7.14792772302551,16.135834705045,20.4245214355445,30.5170192528925,34.2083228668946,42.872622444397,8,16,23,29,35,42,1.12858713792251,1.66941284247637,0.546011118156658,1.90932901841447,2.59057206720095,0.542257696155225,1.81259589773095,3.14953492595933
7.12743619058106,16.1611816363771,20.3697044653614,30.4358860893272,34.1552245209543,42.8896709396425,8,16,23,29,35,42,1.12286251378944,1.6834813647749,0.526865736772536,1.89684442542595,2.58118953443989,0.549481547727639,1.83533667801123,3.16964987185599
7.10628555435358,16.1820467225793,20.3081062434537,30.3459046809377,34.0949006798422,42.8996228399586,8,16,23,29,35,42,1.1169615973724,1.69639898910722,0.507395635619675,1.88284748091998,2.57107542858204,0.557152720875066,1.85817302217931,3.18970882230225
7.08450292022568,16.1955847000867,20.2382507475667,30.2451115630242,34.0256350016274,42.9010992440743,8,16,23,29,35,42,1.11089271863991,1.70727463992603,0.487943466100485,1.86701552693714,2.56005745556898,0.565340093644457,1.88121452906121,3.2097384640341
7.06209756473186,16.2012693289007,20.1601546979764,30.115453511059,33.9320015091464,42.8819470910679,8,15,22,28,34,41,1.10465923773904,1.9675690742403,0.468647980643841,2.00363615957914,2.54170931156207,0.574735895642866,1.9055312957938,3.22631350061294
7.03908767248436,16.1995540384431,20.0732208765132,29.9905855882019,33.8428206696115,42.8643228490907,8,15,22,28,34,41,1.09826700135578,1.97457335519216,0.449282279961955,1.98323590357967,2.5282225771034,0.584085813722629,1.92894782447465,3.24583087398292
7.01550439230974,16.1820407285111,19.9711798911034,29.8492270589784,33.7391670078874,42.8323180713239,8,15,22,28,34,41,1.09172544718953,1.97657074216195,0.430340747231475,1.95937557378919,2.51425478007286,0.59400935037163,1.9524474615148,3.26558290420038
6.99134980091763,16.1502033779177,19.854548222345,29.692033321442,33.6216343233423,42.7863430595832,8,15,22,28,34,41,1.08503594107397,1.974042712396,0.411614313836767,1.93221691312524,2.49985645316799,0.604496923207397,1.97596931242873,3.2855403497605
6.9666421774358,16.0979266628665,19.7191772841219,29.5149379776216,33.4861497256348,42.7224425994842,8,15,22,28,34,41,1.07820434765509,1.96497592784679,0.393537890916846,1.90084785666915,2.48505790790114,0.615553502424234,1.99955129038024,3.30575859021554
6.94140976981258,16.0198733442897,19.5598224321795,29.3120810031728,33.3265533321744,42.6352672223583,8,15,22,28,34,41,1.07123927361786,1.94762593145072,0.376121832045143,1.86413442323701,2.46964231971089,0.627105647021851,2.02346060571394,3.32620879035463
6.9156286992664,15.908903946015,19.3712891429993,29.0798488233042,33.1390024630471,42.5209724139336,8,15,22,28,34,41,1.0641349456822,1.91970435918403,0.35976250556537,1.82100058937707,2.45417095258919,0.639097447408063,2.04769774531044,3.34727508152407
6.8893269118191,15.764659161186,19.1537076776283,28.8180941962912,32.9227714450029,42.379211575036,8,15,22,28,34,41,1.05689990503579,1.88117148775781,0.344530789091659,1.77163422399367,2.43854599422095,0.651377318979657,2.07238960858036,3.36882438760825
6.86246589836395,15.5758942824457,18.8983670396897,28.519666328803,32.6701975448019,42.2029583474384,8,15,22,28,34,41,1.04952443279173,1.82851721817529,0.330906878736196,1.71427620613149,2.42331913585369,0.663808584913025,2.09774975141497,3.3913386170322
6.83502779062191,15.3655033773196,18.6258337171945,28.2037377357778,32.3997234091022,42.0092684710088,8,15,22,28,34,41,1.04200456680519,1.7693631724768,0.318369068446096,1.65375625730487,2.40799748651379,0.676192267128926,2.1233190632921,3.41382022744758
6.80696221731027,15.1251311551624,18.3297800383198,27.8662387420836,32.106515977115,41.7931871325663,8,15,22,28,34,41,1.03432752987597,1.70119519063924,0.307284631070442,1.5888519160066,2.39337759750591,0.688316391059445,2.14905710192409,3.43666107352554
6.77820558711728,14.8693753280803,18.0228060901943,27.5191558873595,31.8022078402695,41.5643978351167,8,15,22,28,34,41,1.02647708142376,1.62890070870126,0.297216165073019,1.522499192092,2.37924158287968,0.7000781496743,2.17431135879848,3.45902747313843
6.74867325124531,14.6175850758026,17.722064426485,27.1773731642338,31.5017233759367,41.3352962803717,8,15,22,28,34,41,1.01843143113104,1.55873537727114,0.287709492068949,1.45845194048036,2.36478981674492,0.711482484872395,2.19822971651067,3.47955284818477
6.71826647267706,14.3599280181418,17.4183644166219,26.835135719516,31.1990882975153,41.0985951907456,8,15,22,28,34,41,1.01016520601216,1.48765802895127,0.278873063854153,1.39476305950048,2.35123150345222,0.72246269511377,2.22036253748803,3.49877532788231
6.68686934553108,14.121471258571,17.1327571654323,26.5096542377173,30.9121183225045,40.8671914694479,8,15,22,28,34,41,1.00164867722275,1.42350833258454,0.269931715980512,1.3357985238886,2.33721505036308,0.733181392809547,2.23904476873471,3.5143456047105
6.64906222160563,13.9366190267016,16.8877966092068,26.2260740901319,30.670234157359,40.6789769175229,8,15,22,28,34,41,0.991419139818635,1.37832189738062,0.258693857626514,1.28596167469622,2.32365151372151,0.744831320355936,2.25711481938646,3.53066424195948
6.60901316631682,13.7577413792693,16.6477055000746,25.9460883907021,30.4316096309183,40.4855275452211,8,15,22,28,34,41,0.980613901554727,1.33595285820539,0.247438170932776,1.23779020410421,2.30965256337809,0.756433220324344,2.27234411364687,3.54409090840274
6.56728384483947,13.5789353892941,16.4080959406023,25.6655432258507,30.1914032641701,39.7355529217981,8,15,22,28,34,40,0.969389459949314,1.29440623045728,0.236450458343921,1.19039572236809,2.29530149550901,0.767791422035364,2.39608960599978,3.62356850166724
6.52373704887031,13.3999820940991,16.1687860343898,25.3841463243764,29.9488444698673,39.5329450901277,8,15,22,28,34,40,0.957713653070353,1.25365548137943,0.22573740175784,1.14375358610059,2.28056079634965,0.778766744697311,2.41018446385904,3.63434872402824
6.4742578586171,13.2275112638723,15.9316190277862,25.1063099443526,29.7097589135914,39.3248430457434,8,15,22,28,34,40,0.944494218568768,1.21689826210094,0.214473247614559,1.09822721950041,2.26633021968512,0.789755695845292,2.42112386984331,3.64289108110336
6.42105699012291,12.7428458126875,15.4828249773071,24.6688146959071,29.2745764337206,38.9689888990766,8,14,21,27,33,39,0.930336839733768,1.30928702148981,0.220690465210365,1.12941163166149,2.27028242334767,0.790412749489184,2.44916521803594,3.67023810961136
6.07562632390642,12.3485274530127,14.9085098044411,24.1767407498746,28.8461650070888,38.4592989747963,7,13,20,26,32,38,1.0191185629893,1.29376713334697,0.19022082060294,1.13743127344535,2.29908069490429,0.808551604333575,2.42043510873823,3.68928183480135
6.03111383079617,12.2669926835609,14.7514102421452,23.9636293131669,28.6682788028188,38.2815178509257,7,13,20,26,32,38,1.00642728825115,1.28203869433215,0.177984619219273,1.10612571315599,2.27946117775246,0.81863107207569,2.42047222041503,3.68318490506598
5.98640905598407,12.1864019454393,14.5960880053605,23.7502772505004,28.4875161312568,38.0939729161379,7,13,20,26,32,38,0.993720934818891,1.27069072801515,0.166218727337535,1.07549454373195,2.25916160644767,0.827983227214881,2.41807707071185,3.67369033503225
5.94155315987549,12.1068095543617,14.4421815357906,23.5364975523606,28.3037169730804,37.8965967732027,7,13,20,26,32,38,0.981012122713785,1.25972564790964,0.154857805867569,1.04546147048956,2.23824607582285,0.83660933287003,2.41328341116717,3.66089086481521
5.89567431734175,12.0265172151339,14.2858260836237,23.3176206243088,28.1130195071796,37.6851431905327,7,13,20,26,32,38,0.968055936630894,1.24888151738991,0.143588798676783,1.01528056000098,2.21643710879537,0.844736792398529,2.40595768441031,3.64468247022717
5.84983597083689,11.9464807329685,14.1289659924107,23.0975866084921,27.9192610812016,37.4638002638132,7,13,20,26,32,38,0.955154570586135,1.23812414530779,0.132585481715775,0.985341682834835,2.19443381706677,0.852332072411534,2.396226973506,3.62573477357318
5.80416028168989,11.8654697487373,13.9697482796854,22.8757084088575,27.7227285398356,37.2328243569836,7,13,20,26,32,38,0.942342637595423,1.22702903642517,0.121784608328895,0.955305962068006,2.17264278995739,0.859673897653813,2.38408485542426,3.60467657953224
5.75873290627001,11.7816068612741,13.8061778111678,22.6514111972003,27.5238574730846,36.9923799394009,7,13,20,26,32,38,0.92964409662489,1.21498374002415,0.11120285183957,0.924825509445314,2.1515564099613,0.867054064670772,2.36944134326426,3.58214919701741
5.7136345931646,11.6931988230456,13.6376964644816,22.4252747679105,27.3232766358207,36.7427491917707,7,13,20,26,32,38,0.917081207820556,1.20144026905529,0.101016840058831,0.893835274090424,2.13156625972165,0.874486851389281,2.35218148749002,3.55840514553711
5.66895744410865,11.6001044710979,13.4669219000537,22.1998800014818,27.119889275371,36.4829099499399,7,13,20,26,32,38,0.904679057775918,1.18633688253496,0.0915711221563489,0.862850003670091,2.11265530322484,0.880899653623767,2.33234018747979,3.53238820875591
5.6642145567954,11.5745792513163,13.4223034033366,22.1246181903228,27.0680154081555,36.3991786348104,7,13,20,26,32,38,0.90336501484295,1.17986617449547,0.0893162941532817,0.854826134995348,2.10205736561451,0.887726815058636,2.32115420869973,3.52097718249303
5.66067754695896,11.5542069330398,13.3845983622299,22.0555410844426,27.0187470180743,36.3121541870584,7,13,20,26,32,38,0.902385388056347,1.17462980500595,0.087292476579679,0.848068881672899,2.09121608621554,0.893518836867494,2.30790747714613,3.50660094517794
5.65721138355048,11.5365991492643,13.3497315602207,21.9881365322538,26.9667343324777,36.2156744872084,7,13,20,26,32,38,0.901425649720564,1.1702350251262,0.0852992152449622,0.841839386804906,2.07998133219277,0.89802546914849,2.29232077808533,3.48866095259244
5.65382164454802,11.5211265530509,13.3170231930655,21.9220655073233,26.9108015396378,36.1086215234723,7,13,20,26,32,38,0.90048732774249,1.16648277465272,0.0833306025568514,0.836012278326158,2.06847170392556,0.900996767819959,2.27442164002185,3.46704312016013
5.65050489726451,11.5070316422114,13.2856860417494,21.8568954678478,26.8494880444337,35.989814771411,7,13,20,26,32,38,0.899569455430917,1.16313781751618,0.081383315789381,0.830444714482788,2.05681021364381,0.902127640053766,2.25431638739514,3.44165006137836
5.64740818731772,11.4941992853304,13.2556332217212,21.7924752050855,26.7815340072652,35.857663516084,7,13,20,26,32,38,0.898712694594169,1.1601181320887,0.0794606180426097,0.825119402586248,2.04497522843757,0.901091402411114,2.23189883812613,3.4120669423356
5.64447010999757,11.4813700718769,13.2256720992302,21.728232988097,26.7045814191761,35.7100171449923,7,13,20,26,32,38,0.897900017689321,1.15705190628247,0.077569853160722,0.819824092492459,2.0331808519547,0.897366538399054,2.20725232274848,3.37804405096988
5.64161753695224,11.4671251466058,13.1945075630932,21.6635416295107,26.6164670419913,35.5458318851401,7,13,20,26,32,38,0.897111173536328,1.15352242100206,0.0757241969924583,0.81433070610052,2.02165655880236,0.890511733364414,2.18077817202234,3.3396872537639
5.63893788896098,11.4518461750297,13.1637555127571,21.6001409363768,26.5169741446514,35.3419404277565,7,13,20,26,31,37,0.89637031326911,1.14962164475664,0.0740552736903357,0.808924680364589,2.01044424606283,1.09643374620462,2.14452609832758,3.51796653038561
5.63825936435551,11.4571259914236,13.1738436578452,21.5741241487637,26.4448480239228,35.2156219533644,7,13,20,26,31,37,0.896182742173913,1.15146601271655,0.074571956833223,0.810696508857658,1.99805667139335,1.08143716117747,2.12574533617499,3.47765828336721
5.63685760903055,11.4437190128587,13.1627217762912,21.5503948760465,26.4089061482938,35.1640997448333,7,13,20,26,31,37,0.895795273650053,1.14775050626851,0.0748181182929483,0.808743209066882,1.99373399824986,1.0774715802449,2.12035063658569,3.4657407381049
5.63345136280185,11.4292984590559,13.1447615653607,21.536734250543,26.39615625679,35.1365455341857,7,13,20,26,31,37,0.894853911426643,1.14434390695892,0.0744369779477142,0.805592948565051,1.99520801928931,1.0777672129878,2.1152266213672,3.46291204140904
5.63011612250981,11.4150343195635,13.1268015040933,21.5228240425424,26.383050611029,35.1065884347289,7,13,20,26,31,37,0.893932421303487,1.1409658372492,0.07404002518426,0.802447702992857,1.99659658591906,1.07802839396293,2.10939642595743,3.45937559099046
5.62818372553683,11.4103831105104,13.1320681964728,21.524006174909,26.370482709568,35.0881813853952,7,13,20,26,31,37,0.893398633979254,1.14012579342378,0.0751075753736035,0.803369512041695,1.99519612011798,1.0735664140012,2.1073768112119,3.45239959359573
5.62626192143045,11.405558804233,13.1375029858095,21.5255394935337,26.3580290075246,35.0695496433982,7,13,20,26,31,37,0.89286785475789,1.13922913838525,0.0762196852850796,0.804321192762066,1.99385857809938,1.06903108032884,2.10524031298502,3.44531122643889
5.62434858368058,11.4005505084284,13.1430884149107,21.5274116618866,26.345672059915,35.0506643353777,7,13,20,26,31,37,0.892339495147376,1.13827319330162,0.0773764084319606,0.805299728180001,1.99258569481595,1.06442093743944,2.10298303650481,3.43810730301844
5.62245652197862,11.3953881284515,13.1488551317221,21.5296510256895,26.3334424234689,35.0315607640285,7,13,20,26,31,37,0.891817090639812,1.13726326888161,0.078578605459605,0.806310530480451,1.99137666131827,1.05973690876584,2.10060668407846,3.43078937453845
5.6205769771065,11.3900476720881,13.1547718555334,21.5322334795364,26.3213148539495,35.0122211772769,7,13,20,26,31,37,0.891298220696305,1.1361946929971,0.0798262666128209,0.807348160658626,1.99023391798538,1.054978837446,2.09811390935661,3.4233616021555
5.61871513311632,11.3845368622051,13.1608444332221,21.5351549123764,26.3092867122549,34.9926372024454,7,13,20,26,31,37,0.890784314584805,1.13506828460533,0.0811199840143834,0.808413685746461,1.98915403406823,1.05014741650267,2.09550279730445,3.41581998805118
5.61686106015332,11.3788450611025,13.1670528742417,21.5384229235692,26.2973752821342,34.9728304946613,7,13,20,26,31,37,0.890272629923796,1.13388386208403,0.0824595170882124,0.809503638759836,1.9881464468457,1.04524599325687,2.09277492875192,3.40817695502107
5.61503105394285,11.3729908852938,13.1734144581663,21.5420416887337,26.28557410188,34.9527979996161,7,13,20,26,31,37,0.88976766206328,1.13264218037213,0.0838455226592374,0.810621094517477,1.98720664884466,1.04027135612862,2.08993155368288,3.40042670879066
5.61321841036638,11.36696665918,13.1799179597258,21.5460031420508,26.2738803284504,34.9325417432488,7,13,20,26,31,37,0.889267558590125,1.13134298021628,0.0852784151252045,0.811764124243132,1.9863357069932,1.03522542097419,2.08697442908918,3.39257332489871
5.61169728085716,11.361960790837,13.1887403480151,21.5531775902033,26.2652137331423,34.9171490377861,7,13,20,26,31,37,0.888847939445561,1.13026823787614,0.0868735220609778,0.81331575420207,1.98577113231917,1.03012434287628,2.08465197462715,3.38547042869797
5.61066083636084,11.3588232972563,13.201513447743,21.5657624120502,26.2617590286822,34.9104210016558,7,13,20,26,31,37,0.888562055107438,1.12962034960565,0.0887262399070595,0.81556433567558,1.98570663107038,1.02496424292853,2.08352187566359,3.37975280584159
5.60963666751585,11.355531882535,13.2145403130472,21.5789064866886,26.258575330202,34.9037513888156,7,13,20,26,31,37,0.888279580265847,1.12892130065266,0.0906457004344485,0.817860174573596,1.9857467852344,1.01971649494257,2.08231849018603,3.37398022391742
5.60861787669548,11.3520768885248,13.2278097202754,21.5925755175446,26.2556250926546,34.8971066116118,7,13,20,26,31,37,0.887998611895745,1.12817026031137,0.092633086303459,0.820201438516975,1.98588369129807,1.01438035714376,2.08104320431579,3.36814620559974
5.60760788012869,11.3484574443536,13.241307246671,21.6067736174911,26.2529189436799,34.8904898047934,7,13,20,26,31,37,0.887720091670351,1.12736592938454,0.094688147918925,0.822585722956119,1.98612370273535,1.00895823016887,2.07969345304284,3.36225597341664
5.61092901971282,11.3524490106161,13.2900906509852,21.696097027406,26.3264871034445,34.9604886840236,7,13,21,28,33,40,0.888636026308613,1.12757256873707,0.0613818163559858,0.73239462482538,1.72933484090072,1.00390968417331,1.80279041300218,2.93398737333091
5.61361476703913,11.3543010552385,13.3087656872715,21.7160950428024,26.340100046279,34.9571554539647,7,13,21,28,33,40,0.889376906086534,1.12731560555852,0.0628607843337027,0.735479163694784,1.72975936118481,1.00186506743891,1.79731048807976,2.92794564048391
5.61325770690953,13.5143042057063,15.368377897949,23.2523152020289,27.9244936813661,36.1891706054639,7,14,22,29,34,41,0.889278399625669,1.56884108742442,0.0543103715728366,0.992981177384555,1.56345892450448,1.01731081516273,1.68410310756734,2.70317723463493
5.61276719978341,13.4435323760179,15.308769082876,23.1964999428694,27.9130228453001,36.1050645202408,7,14,22,29,34,41,0.889143082163757,1.54675644648703,0.0552283701981796,0.982085588592852,1.56465196414053,1.03156866732522,1.66094915939855,2.69659771110351
5.5658293037324,13.335274681594,21.6135750960448,28.6776096107348,35.1147616894168,43.1683019567447,7,14,23,30,36,43,0.876219063347218,1.52754062173412,1.25080817038541,2.18652959464409,1.3102486781874,1.34605460088442,1.6169774677638,2.70392547477724
5.45527763165991,12.3606189731133,21.1161087110722,28.1933908621922,33.8369042527968,41.946529211514,7,14,23,30,36,43,0.845976652076748,1.26238730357626,1.38415435191898,2.06909878736465,1.31426199268812,1.09745105138505,1.63475483935616,2.51412413482819
5.3732412490643,11.3303221387493,20.6385897838342,27.7231133798153,32.8479778071296,40.8669110652424,7,14,23,30,36,43,0.823717745725085,0.985406902431805,1.54275134465025,1.95833844599619,1.3164569052099,0.941112113974364,1.60602754270151,2.35936595494251
5.29734338227292,12.4580026314575,21.9417917801164,28.8210763418612,33.7840501196931,41.8275923487694,7,15,24,31,37,44,0.803266604930507,1.13214763462343,1.59397130764725,2.1039640112637,1.25456700269835,0.893450903919378,1.61381246875917,2.27260870905682
5.22247038365017,12.2957213807583,21.7001794515054,28.5753470656772,33.3540587650016,41.4852407677627,7,15,24,31,37,44,0.783228451321494,1.10776114720866,1.57077178664793,2.04816419364979,1.25333240625989,0.839921631495131,1.64159821936811,2.2472745092366
5.15028506642691,12.1624823912963,21.334230912731,28.1975026128733,32.8178253790871,41.025705169927,7,15,24,31,37,44,0.764040967589292,1.09080893945639,1.50319278194298,1.96458199158554,1.24976658627622,0.794552596900829,1.66599244706406,2.22381426879904
5.07907371609746,12.0048984534314,20.9463711678688,27.7919107455021,32.2412718382387,40.5096822323032,7,15,24,31,37,44,0.745241359606352,1.06694312574035,1.43703986500025,1.87725359775295,1.24445562446952,0.746287740365026,1.68529494049576,2.19180531647227
5.00984250707392,11.8268302867434,20.5489699455991,27.3680872131589,31.6349335704632,39.9467961884474,7,15,24,31,37,44,0.727089817792209,1.03706819124831,1.37472376723271,1.78916048139854,1.23655138472825,0.695616038347374,1.69917838963595,2.15068059019852
4.94378601288135,11.6278786174348,13.2421260898505,20.4865843092655,25.5953708867815,33.9078158291714,7,15,24,31,37,44,0.709888116597955,1.00089641123107,0.020204680225038,0.482724455846437,1.36513781794752,0.936353217179255,1.6993646009195,2.47150411094982
4.88228993952093,11.411170214074,13.0870559646413,20.2586504409678,25.0618298612382,33.3757443962805,7,15,24,31,37,44,0.693979066898422,0.959090652339798,0.0228698476357789,0.462949648502597,1.34291147356209,0.846984155336297,1.69983455398553,2.37475415586911
4.82689212508971,10.7187402963607,12.5728636087593,19.6855826301859,24.1606391218715,32.4540960066723,7,14,23,30,36,43,0.679735935818764,0.966977388255201,0.0317295671267669,0.464939396567944,1.32501075951056,0.753493585415453,1.69329481772601,2.27145808292501
4.77927648185946,10.5917723438475,12.5344144440381,19.5626808688437,23.0635724811929,31.3660754210335,7,14,23,30,35,42,0.667561612977637,0.944677475884844,0.0367793981154837,0.459988193731412,1.29942651205519,0.656576199190425,1.69618597457356,2.18388910836176
4.74119367389897,10.4675066561865,12.492983679552,19.4403918341963,22.7241087132526,30.9754799172143,7,14,23,30,35,42,0.657870485653468,0.920608558291823,0.0419012710223227,0.454681406930964,1.27503565387796,0.593717882857018,1.6798568896935,2.09607788538357
4.71439480738738,10.3511022417577,12.4529490030441,19.3261178392811,22.3989583134039,30.5882223625046,7,14,23,30,35,42,0.651075539630535,0.895753765446909,0.0469648113018599,0.449581475150652,1.25273310876814,0.534170341624407,1.66006500141461,2.00982626473801
4.70051177341958,10.2460317396964,12.4099135083612,19.2218747187903,22.0947234544178,30.2149283051971,7,14,23,30,35,42,0.647563533409652,0.870642374430983,0.0513196535465689,0.444130093765024,1.23441261878432,0.479182165740622,1.63811275753972,1.928811430282
4.70096621919573,10.0665104261175,12.2662703024814,19.0669521438283,21.7539251188597,29.8051306912537,7,14,23,30,35,42,0.647678407340384,0.821637452010366,0.0539372506585509,0.426166949028541,1.2310432092176,0.429496535377389,1.61623828014795,1.8642688528765
4.71682794964123,9.10410173383923,11.5920882085954,18.5451715238489,21.0492103442186,28.9235296792218,7,13,22,29,34,40,0.651691623981522,0.728948771799329,0.0775871669836979,0.407387024124279,1.27674418595715,0.3820616147567,1.81905344259645,1.98216453570274
4.7487221060709,8.98596382175526,11.5216903217096,18.4628688148675,20.8188669305895,28.5932455866422,7,13,22,29,34,40,0.659783027931417,0.687483678693374,0.0819510182575754,0.398718648420753,1.27316077786815,0.344833430888606,1.78536238062761,1.91748021189331
4.79672945830069,8.88665895521205,11.3741572037966,18.2804947596198,20.5093361991626,28.1669266144255,7,13,21,27,32,38,0.672016618359751,0.647392358578806,0.119046328283608,0.44667149533455,1.49757098683415,0.31375243664223,1.74612934047863,2.02262326267852
4.85705049951939,8.78574690086737,11.2946139587993,18.2299510331426,20.3526408631545,27.8971393814661,7,13,21,27,32,38,0.687479379420493,0.604257162763321,0.121662638260446,0.436205197254621,1.50703515532854,0.288483803033089,1.70828273333267,1.9740485414458
4.84152748278979,8.15186814206325,10.5389270691613,17.5112530722738,19.5446688247232,27.0598368665049,7,13,21,27,32,38,0.683490563912969,0.446901358995575,0.107113605337267,0.342754367819492,1.51912275908386,0.267739310720023,1.69849088742038,1.95331541390889
4.82135958833505,7.13318293175277,9.13764198928166,16.3446492766209,17.005332186191,23.7883120544809,7,12,19,25,29,34,0.678318136845127,0.333938769488769,0.108602139503276,0.297461074772336,1.59622340336246,0.0666442256398982,1.73014290842938,1.83251414356902
4.77260459223033,6.73413951428838,8.65226879370038,15.8243249681275,16.4849871019597,23.3964544573364,7,12,19,25,29,34,0.665860823158032,0.251389962082893,0.0977618819926868,0.244701207423316,1.58469681980795,0.0666406360650504,1.77535940539955,1.8567933269398
4.76778689254753,6.77210000831546,8.60368965578336,15.7422215714338,16.4113572517538,23.8954100386327,7,13,19,25,30,36,0.664633480875339,0.170368870336962,0.141373860880885,0.239712772025483,1.57365507353443,0.0310760913605846,1.688114012458,1.64913849410667
4.76482224688152,6.77084287948058,8.60733021865419,15.7265578927079,16.39383061853,23.9586314393064,7,13,19,25,30,36,0.663878542373359,0.170666108725172,0.142166032880757,0.240084747471395,1.56730329967847,0.0308930702318587,1.71506632171785,1.66351767404404
4.76456266343384,6.77368550527664,8.60315870792001,15.6988285703127,16.3602870913965,24.0264157499376,7,13,19,25,30,36,0.663812452010106,0.171206647042288,0.141032094872224,0.239658547525915,1.5595583108632,0.0303250984244537,1.74899252088876,1.6809348729264
4.76667558974139,6.7838722729408,8.60742884354505,15.6805379025768,16.3347765417178,24.1010702160328,7,13,19,25,30,36,0.664350461737046,0.172616577439201,0.14007845415478,0.240094828696215,1.55214769006874,0.0296266389541816,1.78264155489505,1.69802576355369
4.77120668921509,6.80186905648601,8.62054305427711,15.6722750359142,16.3181179825066,24.1821098771765,7,13,19,25,30,36,0.665504630311066,0.17497807375814,0.139293465737138,0.241437308602663,1.54513186897932,0.0288239831923376,1.8155670002866,1.71456992108252
4.77821477865364,6.82784088474252,8.64257287640231,15.6742830999101,16.3107561487682,24.2691947972324,7,13,19,25,30,36,0.667290881096355,0.178324828553181,0.13866100667502,0.243701276337438,1.53856615663367,0.0279403778413818,1.84749325041557,1.73046099028174
4.78756993425335,6.86356095063,8.67562510825414,15.6890755778255,16.3152585328781,24.3617542915482,7,13,19,25,30,36,0.669677514507937,0.183018315850731,0.138233642731668,0.247118692018659,1.53258274838373,0.0269848865836434,1.87734340638644,1.7450360551792
4.79879102670701,6.91414305603347,8.72603292208737,15.7238928726895,16.3385159956794,24.4586022238234,7,13,19,25,30,36,0.67254341307027,0.190112069195114,0.138205741450892,0.2523782983133,1.52747740861366,0.0259301943074792,1.90235049296178,1.75643644168685
4.80947847852942,6.98272005051312,8.7034878836631,15.6525694950638,16.27419591712,24.50043365492,7,13,19,25,31,37,0.675276292038972,0.20073030157701,0.123937438156171,0.250018807626018,1.51152463683393,0.0111315091038546,1.93851816869116,1.60997244226805
4.82070191849892,7.08426283198481,8.71055550732235,15.5995087003502,16.1903865180275,24.4484525986913,7,13,19,25,31,37,0.678149655189323,0.217725150542976,0.109835068315115,0.250757243773613,1.4919028301572,0.00976050904860869,1.94938438644018,1.59613976352917
4.83257332429198,7.21985537033609,8.75419745101096,15.5749339075852,16.1335024390755,24.414470091526,7,13,19,25,31,37,0.681192715208359,0.241818828404476,0.0968132826355666,0.25534206207689,1.46969981732107,0.00842853381998247,1.95720913519048,1.57801388416687
4.84503844239929,7.38967480030223,8.83568678567836,15.5819979189475,16.1060407730249,24.4009798841748,7,13,19,25,31,37,0.684392163683952,0.273749434247597,0.0849845573178995,0.264018018814332,1.4455478693737,0.0071269186028842,1.96198525467289,1.55592632512119
4.85807486386138,7.59301229342318,8.95559694709631,15.6229836919718,16.1095794817283,24.4096830975746,7,13,19,25,31,37,0.687742834771251,0.314164078661392,0.074447898429774,0.277055664924299,1.42001928913111,0.00585528870139963,1.96375121200948,1.53019339172981
4.87162383027813,7.82815256178124,9.11324122802502,15.6987082785337,16.1444962436888,24.4411214194634,7,13,19,25,31,37,0.691230190997781,0.363512430081883,0.0652327172587795,0.294683445440296,1.39361439455833,0.00463220799398519,1.96256176130188,1.5011593355256
4.88564390516942,8.09230592132912,9.3064332429066,15.80837103917,16.2099747812166,24.4947067460217,7,13,19,25,31,37,0.694844094867974,0.421916791688805,0.0572931120512584,0.31703291382661,1.36678973893667,0.00349384827170935,1.95849577211307,1.46925519066434
4.9000627912316,8.38132736943781,9.53123204998121,15.9494358798619,16.3040448498598,24.5686998138982,7,13,19,25,31,37,0.698566387557561,0.489017699400658,0.0505294490421668,0.34405946615464,1.34000183304917,0.00248694231858905,1.95163507639127,1.43504650620801
4.91481395069053,8.6895223619838,9.7818744785587,16.1176988324173,16.423890692477,24.6605456996748,7,13,19,25,31,37,0.702380297884265,0.563827481641312,0.0448167511606256,0.375465030163906,1.31374952833665,0.00165762349329935,1.94207353609779,1.39931566968909
4.92430877181942,8.84135079227966,9.90967094192586,16.2053973137448,16.473638707555,24.6987832576348,7,13,19,25,31,37,0.704838295377213,0.60117053728583,0.0425304145955934,0.391985695025846,1.30100864807806,0.0011455285873593,1.93814513055545,1.37929725798296
4.93061409378867,8.88619107646219,9.94739326133749,16.2291630592671,16.4684481855251,24.6892508237353,7,13,19,25,31,37,0.70647194572712,0.61139274934702,0.0418645419359256,0.396926960270609,1.29657984099097,0.000830477059457205,1.93666361777241,1.3687739003181
4.93698758635006,8.91486089747075,9.96882011231373,16.2408390212783,16.4585403056674,24.6678591425715,7,13,19,25,31,37,0.708124345512975,0.617328606082084,0.0411923024626276,0.399746751915848,1.2934874030024,0.000635352031930374,1.93274610267439,1.35926195546002
4.94341069462906,8.9214175127498,9.96865572008237,16.2369622867863,16.4439781491004,24.6349899105029,7,13,19,25,31,37,0.709790712402446,0.617364195739295,0.0405733245332361,0.399725081753566,1.29231044283264,0.000550608376043045,1.92650363390141,1.35201183177142
4.94835460338826,8.91186403866875,9.95447008938452,16.224925185444,16.4289920843273,24.6065918974582,7,13,19,25,30,36,0.71107407928282,0.613502794197569,0.0401494254669567,0.397857230272762,1.29299158601691,0.00213214097991292,1.92193244849714,1.49727713081981
4.94969600794544,8.91401801133009,9.95463245267362,16.2268287543432,16.4303594798286,24.6124023711341,7,13,19,25,30,36,0.711422401293594,0.613719049669704,0.0399678480041365,0.397878585525575,1.29354364890313,0.00211893189577707,1.92344658182865,1.49859766691812
4.95102182510943,8.91618910780842,9.95486833174487,16.2288652236162,16.4318215711665,24.6182148300732,7,13,19,25,30,36,0.711766723041175,0.613944032727937,0.0397918034399599,0.397909611100594,1.29411458963074,0.00210483201838668,1.92492931099184,1.49990184572199
4.95233998001635,8.91838268353585,9.95517676935664,16.2310218954781,16.433368442033,24.6240214708858,7,13,19,25,30,36,0.712109101467893,0.61417706188828,0.0396206858404322,0.397950182154174,1.29470068989835,0.00208991960944163,1.9263813440673,1.50118805124357
4.95364614605851,8.92060233556037,9.95555646305832,16.2332838449476,16.4349854527697,24.629825348116,7,13,19,25,30,36,0.712448411722254,0.614420249153361,0.0394540228622323,0.398000128735066,1.29529763329356,0.00207421180712996,1.92780870195016,1.50245728779815
4.95263657429376,13.5734900158062,14.6777796607351,20.5809600633694,20.81875555359,29.2601431259798,7,14,20,26,31,37,0.712186145464497,1.79853838938893,0.0459742627699896,1.0915649996247,1.17763101495853,0.00305520911993996,2.01216145123638,1.48099843393417
4.9497642430497,15.0156234254068,21.5516790292587,26.4518218466178,28.9820838618954,36.4353664322908,7,15,23,29,35,41,0.711440121164126,2.00660610688913,0.961012608434678,2.17180764327293,0.875110222786041,0.270775048882821,1.67786322829436,1.40043975552932
4.94665499336705,15.1776945782015,23.5502672842266,28.5421871743153,31.3187161535834,38.4200635154058,7,15,24,30,37,45,0.710632811371339,2.05936868076449,1.27687448080799,2.48724978060919,0.901930361249718,0.227097643554043,1.11558501807453,1.01167693212152
4.94325293921501,15.2575682954194,23.663859646984,28.8428968475898,31.6602566761813,38.32244154205,7,15,24,30,37,45,0.709749772170827,2.08607083022315,1.28623156832975,2.5150573700438,0.957187291484732,0.234340557860362,0.994966558567709,0.972272105143784
4.99113906962647,15.3895217041836,23.7097018130208,29.0693386806201,31.8753516821582,38.1195556701891,7,15,24,30,37,45,0.722207535385235,2.11309476218801,1.26237059868687,2.52630605443385,1.01121876647362,0.232318803305827,0.883703411775154,0.926656715527563
5.16685078943233,15.6509235017788,23.7650761988857,29.2520619141821,32.0250819212423,37.8833933264118,7,15,24,30,37,46,0.768432738235538,2.14070967118722,1.20576052475127,2.53991391929379,1.04971200309033,0.226479376054515,0.63872510632481,0.774765913547102
5.41425422874273,15.9198019062511,23.7984290402732,29.3960508659163,32.1313063061392,37.6128056464191,7,15,24,30,37,46,0.834826038620923,2.14764115109216,1.14190165579266,2.54812076429807,1.08340709125076,0.219867708754169,0.555559014106951,0.725119693812213
5.71768093967542,16.1729295422488,23.7996453472806,29.5039302476545,32.1991509813377,37.347757289591,7,15,24,30,37,46,0.918206594936144,2.13141292070713,1.07465822024226,2.54842020099298,1.11610816935209,0.212943929811505,0.48549955846621,0.682784052623559
6.05660034929212,16.3923054662318,23.8824044238873,29.6597304877317,32.3101852859682,37.1898045986757,7,15,25,31,38,47,1.01368912841784,2.09294025605138,0.876849431068192,2.40022524247838,1.13862038847579,0.205307399098301,0.431416224771688,0.645463095085484
6.18873036401967,16.4514234669135,23.94491314866,29.7284023843136,32.3240577620198,36.3760001332475,7,14,24,30,36,44,1.05154108066152,2.34295020551716,0.87766192404642,2.58425883972192,1.1405243081971,0.284397046375193,0.373260685988215,0.684544117767198
6.19630368507651,16.4764738455012,24.011527427435,29.7726873956101,32.3805278084195,36.3900303283709,7,14,23,29,35,43,1.05372088418044,2.34887729112838,1.05047257123896,2.77943363681523,1.13362957834785,0.28696072969211,0.364902613377967,0.675952205688863
6.20379803084719,16.5011791378815,24.1513307564676,29.8607281995345,32.4764582329716,36.4446894176711,7,14,23,29,35,43,1.05587903550433,2.35471658362421,1.0808664321183,2.81527160043045,1.11768080322032,0.288624884483532,0.356842341990915,0.662138002878361
6.21119934006912,16.5257375910244,24.2659672607043,29.9291902010303,32.552505703142,36.4812085801276,7,14,23,29,35,43,1.0580114464897,2.36054003915817,1.10482005476675,2.84475597030634,1.10349458255576,0.290227992379527,0.349185776302095,0.649571021550499
6.21849266992055,16.5500350998475,24.3573832438578,29.9799787323377,32.6099444238497,36.5022136014575,7,14,23,29,35,43,1.0601137674825,2.3663139497307,1.12276173191667,2.86833069144459,1.09104481924299,0.291635937431398,0.342184086577837,0.638332310198338
6.22566552913722,16.573899780614,24.4274538399374,30.0147481755467,32.6502376440617,36.5101481305689,7,14,23,29,35,43,1.06218234848123,2.37198408896838,1.13515896835054,2.88643815957059,1.08025201281492,0.292807173762707,0.336010579593656,0.628484587344774
6.27463911502454,16.6337580622069,24.4918926690656,30.0443174820756,32.6913848158643,36.5244454720692,8,15,24,30,36,44,0.891680931179473,2.3756827930075,1.13638996555642,2.72053053216086,1.06961402926525,0.29526728434056,0.330920547329486,0.620586097336854
6.27878977117556,16.6545990145349,24.5241585680486,30.0516025943303,32.7027082737718,36.5129120441091,8,15,24,30,36,44,0.892770438408059,2.38135615138556,1.13946193714261,2.72863351198107,1.06200699172329,0.296127017043176,0.326610863362461,0.61372209302058
6.28348487049362,16.7285214332046,24.5597810985852,30.0789417844163,32.7425300497032,36.5299175091548,8,16,25,31,37,45,0.894003305428667,2.12812107238661,1.12917265950024,2.56352055375562,1.05948720003799,0.298789834520064,0.322330430942794,0.610814568092967
6.28591649671976,16.7399760499851,24.5337276855785,29.9909689570814,32.6689048249933,36.4377070964238,8,16,24,30,36,44,0.894642003323779,2.13102958029942,1.31265439249881,2.73103797830099,1.0406929341532,0.301860484193572,0.318859821328734,0.600531163608979
6.27229934324546,16.687537578174,24.5436696079015,30.0230356331887,32.7577234301641,36.5255928869469,8,16,24,30,36,44,0.891066927858654,2.11852123344193,1.3307890331142,2.73353677908837,1.04739994488972,0.314109836914141,0.318686008164323,0.612654688181391
6.26353086381125,16.6526784279023,24.5654559329761,30.062856489061,32.8537966321096,36.6212662822161,8,16,24,30,36,44,0.888766956492678,2.11012278274403,1.34730788454242,2.73901489392605,1.05287400471436,0.326411358151686,0.318611522587144,0.624244345621392
6.25826539613891,16.8593368550681,25.0010851187922,30.5377115915215,33.3689587477525,37.2141971688889,8,17,25,31,37,45,0.887386625877202,1.92876269819648,1.41456695744947,2.67165312391714,1.06480181525386,0.335321755000494,0.333225469973535,0.649229922441645
6.25535583389414,16.8890419046786,25.097844012414,31.0758954602687,34.1440426426436,37.9630959599345,8,17,25,32,38,46,0.886624148821602,1.93874652296842,1.43440805395902,2.69554103431206,0.991349923862252,0.389236683102982,0.328276890676822,0.663716818911538
6.25397494625357,16.9346899689593,25.2088431803507,31.2060136007063,35.157802803311,39.099854019178,8,17,25,32,39,47,0.886262339110545,1.95316250884882,1.45380673081446,2.72302275061887,0.996775952622911,0.467025252044316,0.351764357314387,0.737505912316115
6.25355067913797,17.7214665545364,26.9952927544771,32.9766023615009,37.0567061276723,41.0296523485394,8,18,27,34,41,49,0.886151184180468,1.95916324349598,1.53274800887178,2.81659595716602,0.992274079397417,0.496646150788266,0.357759784721095,0.760913438520189
6.2525987220515,17.6642744395952,26.9773839592365,33.0608347450918,37.3452154477529,41.3901512134533,8,18,27,34,41,49,0.885901792517648,1.94241999652018,1.54415889616865,2.8122166577038,1.02135349822112,0.544977341439657,0.371875982298437,0.82417044234108
6.25551874268403,17.3567173532233,26.6654091973509,32.9035468029108,37.2186192822869,41.4217599457062,8,18,27,34,41,49,0.886666835680481,1.85059398655095,1.54287464860449,2.73626107343503,1.06578149372426,0.552358903558353,0.403598558564239,0.883402027343068
6.26664334879918,17.3191854848353,26.6595834746105,32.7725619123056,37.2861454448616,41.5365627399358,8,18,28,35,43,51,0.889583170308763,1.83629843178186,1.35154774503243,2.56966115208445,1.02979843447994,0.468509124769695,0.413260369627583,0.805219857949954
6.2827942126179,17.5317556564038,26.7870593968347,32.6828021422462,37.2947452848187,43.5880914938318,8,18,28,35,43,52,0.893821918526757,1.89416660077675,1.32848039229863,2.59967850258073,0.968075228499946,0.489773066413021,0.739411406453444,1.03624184196957
6.29759350971531,17.4505067163,26.8832172946086,32.5799872704004,37.2989575025313,43.7366372179625,8,17,27,34,42,51,0.897710896625449,2.09916096773666,1.3766916588886,2.78922371425467,0.912394570415478,0.51327458050404,0.773844415319387,1.04568207713447
6.309954793479,17.6749008834654,27.0463674904985,32.5267950524631,37.3250723274301,43.8626965942984,8,17,27,34,42,51,0.900962822509196,2.16543322056678,1.35999632303601,2.82909673480523,0.852832022353356,0.53092749797688,0.797972910623085,1.03899483838963
6.31999300310676,17.865299506872,27.1909258702494,32.4669346819405,37.3512002747105,43.9654657522094,8,17,27,34,42,51,0.903606021139704,2.2221391666974,1.34753580562208,2.86456832387397,0.7975428943191,0.550291225274375,0.816629922603557,1.03148091052568
6.47788509003167,18.0980451021939,27.4503043355667,32.6934522735707,37.6212024844971,44.0066856063874,8,17,27,34,42,51,0.945461602772544,2.24576119279032,1.35477154363316,2.92854550196252,0.788748607707056,0.560170468426012,0.76133529793675,0.992608706412075
6.57038040026287,18.2591752187949,27.6330945374146,32.7798557746891,37.7746885408147,44.0388180185491,8,17,27,34,42,51,0.970221174220839,2.26746528551841,1.36066389544156,2.97388403753172,0.763107651631221,0.575523442389418,0.732501735654043,0.966114704031492
6.61871312635547,18.3671812261307,27.778421938925,32.8008634374527,37.8779732823958,44.0707377370985,8,17,27,34,42,51,0.983228018705144,2.28636979623476,1.37083271215104,3.01007745607123,0.730383804602065,0.594537214770994,0.715711247119401,0.946362861478461
6.63794880859932,18.4253266729227,27.9104380866972,32.7889416766153,37.9378448079238,44.0991126741035,8,17,27,34,42,51,0.98841754114011,2.29871345323144,1.39101924647989,3.04306752450277,0.693002890782228,0.611290012109363,0.708340567339212,0.928457337366532
6.64887420471904,18.4633574350983,28.0328871278202,32.8065371782699,38.0221778198148,44.1634263921567,8,17,27,34,42,51,0.991368338355388,2.30732020292638,1.41418345808949,3.07376116243321,0.666127247257091,0.626995665993895,0.703668508692929,0.918474833940179
6.65714517435483,18.4856453713226,28.1280114613896,32.8691759239757,38.1485898186892,44.2495357688597,8,17,27,34,42,51,0.993603785629303,2.31177353524136,1.43425030091214,3.09766766526893,0.657863067873548,0.642121017750262,0.694293059734647,0.916930820990757
6.66716523141708,18.491043543035,28.210842407449,32.9152891561623,38.2632724819625,44.3343599089911,8,17,27,34,42,51,0.996313782295881,2.31030492489571,1.45566435705567,3.11852863563493,0.648558405952802,0.658509585446104,0.687373460251309,0.917272108355923
6.67928551624612,18.4792348939787,28.2810908529556,32.9452273448242,37.8886616345022,43.7457398647191,8,17,27,34,41,50,0.999594448289962,2.30270447361032,1.47844707324323,3.13625265457887,0.63838801132492,0.70979683577907,0.638446603463257,0.904691075760051
6.6937296138992,18.4489958515782,28.3375433242619,32.9584169095174,37.9512183633456,43.801517067245,8,17,27,34,41,50,1.0035078889466,2.28852545789024,1.5026155310426,3.15051704234709,0.627525279816885,0.722641104812364,0.63691622210582,0.904574052095887
6.71068347727259,18.3982297550145,28.3784280790463,32.9537026817787,37.9976813320883,43.8588312592579,8,17,27,34,41,50,1.0081065380002,2.26707008691999,1.52827564421172,3.160859517523,0.616135733957444,0.736024283027141,0.639366317528954,0.907423012449371
6.73024210743509,18.3263808970674,28.4027422197221,32.9306640968903,38.0291640784496,43.9207749642464,8,17,27,34,41,50,1.01341869254743,2.23817510529542,1.55531775600296,3.16701484319386,0.604373933816152,0.750356985706062,0.646260753095436,0.91396192337939
6.67294693833331,18.2208800172735,28.3521038940727,32.7420284215356,37.9519633597374,44.0620682359299,8,17,27,34,41,50,0.997878388442234,2.22296718861446,1.57079946026017,3.15419925111328,0.570488555446767,0.77988709190759,0.6964200991825,0.947609176521948
6.53605038054344,18.0931798339287,28.2201593311759,32.3759360162685,37.7631843342585,44.3480228187675,8,17,27,34,41,50,0.961011208958263,2.22586682178726,1.56960035332806,3.12087765658789,0.514385443189285,0.827507068288106,0.809450738221314,1.0225466070788
6.54946185470708,17.8917569179399,28.174772868867,32.2579105764935,37.7200849968869,44.4446616602324,8,17,27,34,41,49,0.964606360217479,2.15833309523145,1.61383392091139,3.10943950134718,0.497353561062312,0.847855122699781,1.01187918201191,1.16337332919929
6.56582908680806,17.6735718841241,28.1169602598112,32.1277066337685,37.6698286921575,44.5904149261531,8,17,27,34,41,49,0.968998788427978,2.08509858117945,1.65961417881772,3.09488751378936,0.480562508920725,0.869710262403847,1.06550010173884,1.20325535246036
6.56956046821688,17.3002836061278,27.5667727448202,31.4840409935855,37.3444931049975,44.4652609970529,8,16,26,33,40,48,0.970000927064464,2.22057824639473,1.60913429855533,3.13723266754598,0.459157271396022,0.958138635347547,1.12100123234878,1.28812246947699
6.60684074236232,17.0371748476612,27.1541815878473,30.9074489234265,36.9276977824297,44.2419099077906,8,16,26,33,40,48,0.980028696030773,2.12338347180062,1.56678379594059,3.03237129630282,0.422384581332021,1.00333547680284,1.17531349509426,1.32658599228716
6.73934809976209,16.7710738657364,26.7317893307002,30.3490221211983,36.5181127187339,43.9280161629628,8,16,26,33,40,48,1.01589443515604,1.99573711277898,1.52281159590154,2.92610047160107,0.392670866578588,1.04589335452154,1.20241832062964,1.34882291877672
6.9853089272814,16.5149913382966,26.39995979081,29.9441179058076,36.2131000233478,42.4455036482506,8,16,26,33,40,47,1.08336461875028,1.83727529126004,1.50161575202914,2.84340168887445,0.377016789752351,1.07469510152828,1.06412643712506,1.24170503626335
7.3264787098899,16.2869676439304,25.6495694469722,29.1415455910933,35.5009566084222,41.5210511489072,8,16,25,32,38,45,1.17877936207737,1.66101008004577,1.55856413837855,2.83295187792598,0.365973728594218,1.32125552486903,1.00329157983517,1.33615437682408
7.70746114711259,16.0802380569915,24.8257827402081,28.4323540915868,35.3807126300293,41.4060879006423,8,16,24,31,37,44,1.28766805148993,1.48319501763423,1.59546008461025,2.80472075161354,0.390373363394316,1.51128839228425,1.00479399035855,1.48950526407468
8.07680647665606,15.8439147440312,24.7657409253777,28.5817114884649,31.3929843684177,38.8205931368316,8,16,24,31,36,43,1.39541246396316,1.30492715180234,1.64917686778742,2.78952605052665,0.436324033808555,0.462564625147193,1.42135229498264,1.08969598958336
8.3573604749213,15.629576481512,23.7172662101014,27.8587851061811,30.1237764231684,37.2583723189747,8,17,25,32,37,44,1.47859228676698,0.981990559556602,1.3986181989691,2.36092284237761,0.511028085691486,0.322500799409374,1.33165611538885,0.988206928118844
8.452205897141,15.4217209225063,23.7450193436169,27.8240870447634,29.8461204933822,36.4079018778261,8,16,24,31,36,42,1.50696087950325,1.07899810533591,1.46843434841224,2.53498254333278,0.496404649696107,0.265128983615157,1.38599771169237,0.934783296554021
8.54299026070847,14.9791413136533,21.5452062552297,25.7178912462285,27.7081684182405,34.4833392655616,8,15,23,30,35,41,1.53422882775999,1.12331156340102,0.969062123714884,2.17026989705194,0.518375893765539,0.257888618523261,1.45490422873504,0.988764127739204
8.61982007000272,15.0785425017997,18.7529454400855,23.1525809560103,24.4353791200339,30.9366668233213,8,15,22,29,33,39,1.55739106125052,1.12991484227378,0.405068995842371,1.68189226212673,0.572853692794841,0.198644649442192,1.36658136519193,0.959436481707964
8.62608298118302,15.7133594140049,19.0335812164184,23.4417597835558,24.5964621957418,31.8477517699305,8,14,21,28,32,38,1.55928259301769,1.55680053899619,0.33044968943873,1.89766840088228,0.574936834759733,0.168093588000969,1.61084895422076,1.08882532780046
8.53663938788257,11.9265025328174,16.0175691092811,20.6871471823584,21.7813262515692,26.6024797977612,8,13,20,27,31,36,1.53231769625419,0.624254992886883,0.499203811505731,1.36728630151084,0.639758189754693,0.15418211735864,1.06535799666688,0.764282714767061
8.64996647123681,12.1388785749218,17.3735061037586,21.5877865259818,22.7954670053039,27.3900487773812,8,14,20,27,31,37,1.5665006165705,0.490928083763014,0.973747288226206,1.66768650562523,0.52823370749831,0.180552750513209,0.787237787839947,0.564568938170748
8.89958081072975,12.1873430860007,14.4241844655986,18.9493655587416,20.4686640596138,24.7806707153748,8,14,19,26,31,36,1.64237676762637,0.441423325255095,0.315682305277447,1.16489361614832,0.603695230775375,0.158618513691237,0.902972047713072,0.620888707120658
9.04528509628575,12.3668052308912,14.5964962360295,19.4170070679438,21.0345567437748,25.1771008680433,8,14,19,26,31,36,1.68702707749441,0.449621283388604,0.31395721531887,1.2005943629323,0.678100704939826,0.177968222482385,0.850140724327075,0.659234264546667
9.0657159510448,12.3867078686708,15.3586289973555,20.1348747496206,21.9917976449759,26.0231188097445,8,14,20,27,32,37,1.69330867726691,0.449492658447787,0.367026448959608,1.22888684035245,0.666788867831845,0.228188553777603,0.81582858744449,0.673828807647572
8.92639998656251,12.194440126301,15.2498738221369,19.8026296978857,21.7453318445398,25.8678931121738,8,14,20,27,32,37,1.65057577574103,0.436655038898661,0.386278617818848,1.20655476199166,0.610533959347508,0.247160368141977,0.843954372340651,0.66572762109315
8.72164519137977,11.9680432113848,15.1137589643128,19.5004353683732,21.5369772116194,25.7609518379907,8,14,20,27,32,37,1.58820768604646,0.431440682692081,0.407436898568962,1.1788142475964,0.569698131425456,0.268457613969073,0.875446053074599,0.67080876894337
8.46681485111893,11.7238009224954,14.9459125314402,19.3615436446003,21.4348868963148,25.7545438020948,8,14,20,27,32,37,1.511341341379,0.433989340713163,0.425612009507609,1.14493205347516,0.576755942052483,0.276958339512706,0.905372264922139,0.69920965450509
8.15529725118722,11.0710008683721,14.6850902866605,19.2874934545443,21.2287939841163,26.1568066417908,8,17,24,31,39,46,1.41857088898013,0.121095760000394,0.391993001264241,0.68505947202127,0.622904373426362,0.0617019065634372,0.705797808063191,0.392620376002035
8.07817791058322,10.99383207853,15.7699834701181,20.8444124947646,22.7924006606857,27.9621618669464,8,17,26,33,41,49,1.39581633406026,0.121090166054042,0.411248811711803,0.680328765213772,0.744019686411541,0.0622892242597109,0.61618502651663,0.417042121680918
8.04839148951635,11.9987726935454,16.4844305056856,21.6391674138069,23.5002089793539,28.3111627395651,8,17,26,33,41,49,1.38705078560335,0.264259681413435,0.35662014773027,0.787803586306041,0.765220524001237,0.05488241512827,0.533767617677025,0.373454357453887
8.0415975223981,13.1275580729028,17.6658196842241,22.666420407204,24.5957972949962,28.9807537117353,8,17,26,33,41,49,1.38505327555021,0.472695683788522,0.366288567757707,0.980209418480858,0.724676220750038,0.0606620185192941,0.441199994708935,0.316457620704743
8.03811490537388,14.5314522722272,20.0994694567657,24.9328460214048,26.9530930783617,31.3172837531552,8,18,28,35,43,52,1.38402960584158,0.648942695480699,0.459647496179053,1.19738351970365,0.681398755122452,0.068821117950864,0.33468603938551,0.257052664685937
8.07521010560218,14.6537711159058,20.3615703832166,25.1020825856281,27.1729226958449,31.4962334651973,8,18,29,36,44,53,1.3949423872283,0.66752280533708,0.38813796091319,1.13793014799385,0.657697442391422,0.0735960273181854,0.327429022876947,0.24934095155282
8.10455154063783,14.4095136727459,19.1326482955762,23.8187363154311,25.9044299194056,30.2008664476808,8,18,28,35,43,52,1.40358835946093,0.608524676971322,0.309504411704515,1.02926322708808,0.643920617789474,0.0750291923776367,0.322693098970573,0.24326990518658
8.11631058409236,14.131826563539,18.8486784850017,23.5003625374886,25.5647944501019,29.6647386390404,8,17,27,34,42,50,1.40705687587704,0.674555107612359,0.308479680865752,1.08213307912929,0.635255758361416,0.0729820999904475,0.382798119344349,0.265565750397197
8.12043450930227,14.0073924708627,18.6659184788769,23.2891648160863,25.3439365551506,29.4948201954241,8,17,27,34,42,50,1.40827376682539,0.645206039659527,0.29903534562494,1.05042306089027,0.62811962215864,0.0720616185801898,0.393015448818147,0.266817032434228
8.11684127600039,13.913573334038,18.4967114985059,23.0965059007085,25.145353511632,29.336588265966,8,17,27,34,42,50,1.40721345906197,0.624867443555258,0.28701417536189,1.02140736405317,0.622252529417444,0.0715001058327238,0.401178404408577,0.267888918728889
8.10565056155709,13.8398107602031,18.3275963297915,22.9081365115929,24.9543450438194,29.176006359038,8,17,27,34,42,50,1.40391244828959,0.610890994328496,0.272114427970919,0.992740953061009,0.617447793281141,0.0712506922028479,0.407373760593163,0.268723902833085
8.08714615851806,13.7809373871002,18.1175137764117,22.6808644628347,24.7368658870694,28.884270228193,8,17,26,33,41,49,1.39845804585214,0.601930575312312,0.329776961950098,1.05833588099477,0.61316763756373,0.0721784566892173,0.392314453858807,0.26079066376757
8.06167754024042,13.7221338191146,17.8975072961708,22.4473337874828,24.5085767844139,28.6496599258819,8,17,26,33,41,49,1.39095900271372,0.59456529782076,0.301706264417975,1.01997878356337,0.609806363010608,0.0726775757031407,0.391042052051141,0.259385139836365
8.03031307603677,13.6636164033095,17.2290709440377,21.7592076900067,23.8251651393645,27.9744513030284,8,17,25,32,40,48,1.38173700697907,0.588588723614792,0.281849884584411,1.00668536959899,0.604922570356102,0.0731280120225959,0.392693539149788,0.258734728418287
7.99374013777855,11.8097044474427,15.6046819198822,20.1690784146918,22.2456405822735,26.4463041218684,8,16,25,32,40,48,1.37100186388833,0.327694981708688,0.239625119150432,0.739500388031859,0.613427789362137,0.0741464517724403,0.403094591434886,0.268059598195676
7.95154919210266,11.8255880794322,15.4080704083917,19.9885961944841,22.0735290514629,26.2413059132585,8,16,24,31,39,47,1.35864232100199,0.338700805451663,0.284879947227652,0.798179640021049,0.617444205078192,0.0749554462047236,0.396425496395673,0.267240022309377
7.90411860369032,11.838467100305,15.480279559039,20.0542843659091,22.1517144103344,26.2722667831215,8,16,24,31,39,47,1.34477964678445,0.350275505441103,0.295537415189215,0.809883649644536,0.615819454449326,0.0761716151729119,0.386919809424493,0.263228510991392
7.85175607439992,11.847656433135,15.5490563635789,20.1187046711073,22.2313231297354,26.2990986642774,8,16,24,31,39,47,1.32951495299141,0.36223870682845,0.306395190103032,0.821098293453626,0.614734708410757,0.0776631434163587,0.376396761507717,0.259182369508039
7.79662932309533,11.8497189084823,15.6048668562036,20.1707400750474,22.3009720366693,26.3173201203809,8,16,24,31,39,47,1.31348965056902,0.373487589161564,0.316319232939835,0.830246434846639,0.613795190144909,0.0794112698770273,0.366246022316813,0.255584832400411
7.65787722981061,11.6522950511869,15.6836977354233,20.1693946846452,23.0652835300361,26.9713853613368,7,16,24,30,39,47,1.49270689184359,0.271425709784704,0.369206856549312,0.843240459245255,0.756482602909085,0.118864434734747,0.344836092100715,0.313558079781779
7.33772648749349,19.945516567112,23.5470502503228,28.2853690264528,30.9705561975275,35.4193490832709,7,17,25,31,40,48,1.39370354610155,2.30526195792365,0.288285296844413,2.32062521495656,0.828293563639072,0.0964211722892419,0.454681626878724,0.378759339037968
7.47005703565191,20.7112060372685,24.5866149342802,29.9199631989815,32.968395677134,37.5719257300898,7,18,27,33,42,50,1.43445012339551,2.25979068882397,0.25224663658045,2.24708614149032,1.00331250450547,0.136566586482411,0.487941621213525,0.519626366580863
7.64656650838407,21.2325493703278,25.2892303752732,31.2686014647395,34.0415568907171,38.6710652569365,7,18,27,33,43,51,1.4891848445,2.36370005608359,0.281694555073914,2.40900257773272,1.20137994190458,0.0696300580750828,0.493604390144447,0.500877956078614
7.77838247825808,21.8832765011862,26.1003982132885,32.6856526835023,35.2532293355656,40.3261556480166,7,18,27,33,43,52,1.53033815578139,2.52198843174522,0.308878706019764,2.60033264906419,1.39354599853985,0.0545468808483699,0.470047314102989,0.541376080610249
7.84600052641344,20.8996952625987,25.0648940101569,31.3876525645859,33.2670066771787,38.521451138838,7,17,26,32,42,51,1.55153842171202,2.44388979753518,0.299968671591178,2.51800622978736,1.30959524454545,0.0188266276142365,0.507409954800851,0.443409126706651
7.89353702029091,21.0249946318088,25.1653034091183,31.6459601097668,33.4367823993173,38.5598738486788,7,17,26,32,42,50,1.56647831058619,2.46823814828467,0.295735446465441,2.5420561467295,1.35997174620887,0.0158089183346493,0.605249753430492,0.502548592729957
7.93878530445285,21.1535658275979,25.271337993041,31.8949648962469,33.7120799410738,39.1268207968765,7,17,26,32,42,50,1.5807261928015,2.49438274497063,0.291923842609831,2.56752997287736,1.40590248265395,0.0166701383420003,0.674588087133483,0.56476182411699
7.98178911579407,21.2810693274767,25.3797822498086,32.1240614797105,34.0788602982188,39.794540067324,7,17,26,32,42,50,1.59429162909028,2.5209544210049,0.288716297520367,2.59366348284776,1.44488955473427,0.0216674206417937,0.748520557158423,0.644714990688124
8.02261823228438,21.3975543113878,25.4869932321412,32.3236311849891,34.4593408097131,40.4639459324533,7,17,26,32,41,49,1.60719278161078,2.54479396849943,0.287160846598165,2.6195795110095,1.47486980985964,0.0493151007851737,0.821617617068281,0.821801866349152
8.06396542487885,21.4280582803166,25.3922418298716,32.2593150553451,34.7137474305197,40.9815570535461,7,17,25,31,40,48,1.62027900713783,2.54137439669854,0.356055463814432,2.76861083486786,1.48477460106406,0.0745954619517735,0.889889066551573,0.926400913353707
8.10720771421136,21.1640795402292,25.1182484862192,31.9677010464924,34.7868456321819,41.24009860372,7,17,25,31,40,48,1.63398783180707,2.44488359288221,0.354111376579811,2.70058662561647,1.47903865322213,0.110416775035337,0.938897551840366,1.0214522829134
8.14779294618602,13.0743680373029,17.6323662041426,24.277652307686,27.9931649248271,34.5840105463574,7,16,24,30,39,47,1.64687533814946,0.440687271389258,0.478070696832353,1.18996422935074,1.41288630295935,0.227430931711018,0.975722856072277,1.17672422385576
8.17010374150762,13.0679520258206,17.5774416634166,24.2229694509253,28.1913916016311,34.9558803433015,7,16,24,30,38,46,1.65396855906841,0.435006678201309,0.467631158522343,1.17955525962329,1.41296426927916,0.356879482676083,1.02273803472535,1.38646550960402
8.14790333678462,12.906241027103,17.3746183151152,23.9834400094283,27.8325830245637,34.7469116127081,7,15,23,29,37,44,1.6469104193864,0.52201234473218,0.458846075819573,1.25906165928459,1.40113250164614,0.333965794145289,1.26508714215527,1.52126994694757
8.12676006280215,12.7740074815196,17.2005168452869,23.7806921733489,27.5238982698977,34.6039339328224,7,15,23,29,37,44,1.64019398792985,0.497483951132505,0.449959399281643,1.22491764523787,1.39191201764103,0.314103710180041,1.31509649825263,1.52806343911238
8.07355294555326,12.6116876377834,17.0621070687332,23.5525702586474,27.1760427719223,35.6132590625412,7,15,24,30,38,46,1.62331647222161,0.473786247337897,0.350200309364452,1.08362201029209,1.36311270298556,0.292226544513643,1.50246928111712,1.63730047496538
8.03295558029678,12.5529833682419,16.9466066749971,23.3617414566675,26.9974909625332,37.0524598333568,7,15,24,30,38,47,1.61046250288358,0.469892298549774,0.339950177291134,1.06255784307618,1.33902197051541,0.294441261138622,1.76331342359071,1.83713037607573
7.99966097660729,12.5432771117325,16.8612371943275,23.2198651882571,26.9272383676888,37.0460402996274,7,15,24,30,38,47,1.59993617354438,0.474967237204546,0.326483886606166,1.04709364907401,1.32100620714514,0.307492025131538,1.78248012147312,1.85493200559756
7.96635859702579,15.3153281157549,19.3431968360959,25.8072312105235,29.7918869751564,39.4432311582835,7,16,25,31,39,48,1.58942140334604,1.00185279387769,0.276922844449038,1.4023847280957,1.35465095353474,0.360042009675176,1.64323375282772,1.83582059459846
7.93336534556389,17.4317740942256,21.4210304375597,28.158828491759,32.4145218701724,41.7599908518251,7,17,26,32,40,49,1.57901815707624,1.39466129380404,0.270581618043625,1.69752418869334,1.44279010438222,0.41434372574308,1.55357382313125,1.88985421083174
7.90646941913571,13.7571645887902,17.747702126939,23.9690385181051,27.9541186766807,37.9437694348064,7,16,25,31,39,48,1.57054780371473,0.637005684971067,0.270791037581338,1.09901743085649,1.2774375914404,0.360124827018531,1.74374967573293,1.85747647945926
8.10280663412765,12.8648191776273,16.8469666173206,23.0095865470264,27.0131950149668,37.2529768156731,8,17,26,32,40,49,1.40307384224534,0.408521254446772,0.269420858898416,0.844952544022183,1.25889419355807,0.363747404885461,1.81893358607283,1.90511007582571
8.0457856437473,17.6650705282589,21.4855872933251,27.8183558040107,32.2995879764623,41.5515383888992,8,18,27,33,41,50,1.38628455479675,1.42788326906786,0.243602647627538,1.57946885010147,1.31277768615485,0.461586741529762,1.52640245784116,1.82815490786408
7.99723877981421,17.0417874686104,20.8005110522213,26.9902838037523,31.5074859224986,40.9346455407722,8,18,27,33,41,50,1.37202795439128,1.27181537876485,0.234027527477734,1.44346562479765,1.26746260353413,0.469285632391582,1.57740233689762,1.84350072006443
7.89658936376178,16.8346374444364,20.789885779839,26.9091196646479,32.2424499791473,41.8727750258469,8,18,28,34,43,52,1.34258216896783,1.24343965892924,0.195465865178329,1.32355627397376,1.24522766369311,0.523963998616997,1.63703465730141,1.90784123555604
7.82718351172316,16.5521786389805,20.5231524902444,26.615392436552,32.1008211394711,41.9044659887557,8,18,28,34,43,52,1.32236596937692,1.18721225848828,0.19756325267907,1.27422669326571,1.23673994375383,0.556405654075851,1.6883137008795,1.97527170566859
7.78730600608435,17.2751983990142,21.6406662743496,28.0061368866309,33.5624349935008,43.1927675283422,8,19,29,35,44,53,1.31078399186417,1.21091613960139,0.253509818298053,1.36780282012936,1.32318523816034,0.571751849764779,1.63703686477303,2.01420661477812
7.76947296719753,17.3307482438805,21.7247161676619,28.104298187945,33.7955822053546,43.5186413773005,8,19,29,35,44,53,1.30561252884386,1.2296720339624,0.257792961352946,1.38348269174431,1.32768125314517,0.601375544601641,1.66442551124875,2.06975708676839
7.76765903859828,17.3943664661577,21.7948510516891,28.1905926195948,34.0073498933513,43.8170638431786,8,19,29,35,44,53,1.30508677781923,1.24646619439218,0.258776761801694,1.396619150129,1.33283351476297,0.629362738516692,1.69011596873867,2.12264382549586
7.77716159289494,17.4765996336393,21.866523218548,28.2809446743898,34.2139513759518,44.1012804070029,8,19,29,35,44,53,1.30784157513613,1.26521059885168,0.257183229797044,1.41009262791129,1.33879424541059,0.65566928547705,1.71320343049188,2.17226588929344
7.79439005471377,17.5717046442689,21.9382201472465,28.3749794876456,34.4122629710166,44.3683123252252,8,19,29,35,44,53,1.3128396846706,1.28537004094073,0.253666700541685,1.42362015880702,1.34592909153005,0.679566731888042,1.73370498009045,2.2181902112989
7.81662901924065,17.6819252125604,22.0129572394508,28.5989163007764,33.9617698726022,44.0063889089163,8,19,29,36,44,53,1.31929815319415,1.30825439787776,0.24837698249822,1.43777362955653,1.16730725372695,0.662080644336147,1.76021018551969,2.11595260023774
7.84187031381474,17.8077942189074,22.0963901638337,28.7326009116837,35.0526688551739,45.0460306482986,8,19,29,36,45,54,1.32663774298572,1.33456791414286,0.242115893895276,1.45363666215682,1.18215317013813,0.745748990001531,1.74485985263924,2.18094407296565
7.86861626785434,17.9508509927724,22.1893726828805,28.8772321010344,35.2173605414013,45.2597859696605,8,19,29,36,45,54,1.33442548167271,1.36516540194189,0.234819815896596,1.47139293321839,1.19745693074276,0.75051795023658,1.75955262555606,2.20895873392068
7.89577247925369,18.1111984446481,22.2940620345815,29.0354176156367,35.3921021222488,45.4746624500585,8,19,29,36,45,54,1.34234380523613,1.40044007027865,0.226828094139935,1.49148203185359,1.2133557528509,0.754461019583423,1.77159235231549,2.23461755411225
7.92252366885403,18.2840376390624,22.4062099809712,29.2034278921369,35.5702748271096,45.6846495872289,8,19,29,36,45,54,1.35015493402343,1.43941473912336,0.218256737322995,1.51311585348582,1.23000887371613,0.756884570268292,1.78114929358418,2.25748001007549
7.94830305373569,18.4710395892271,22.5289557830834,29.3852262404032,35.7548173146086,45.8945208299351,8,19,29,36,45,54,1.35769248702074,1.48276466306427,0.209346438344731,1.53692755163519,1.24766902687039,0.757539415640313,1.78876626254762,2.27790108788185
7.97266821063655,18.6723333367635,22.6621835657593,29.5800142099858,35.945699936089,46.1051093873462,8,19,29,36,45,54,1.36482567784101,1.53073517849011,0.200094645685244,1.56292926322636,1.26613953832544,0.756607519781832,1.79469738242956,2.29608221550987
7.9953246521977,18.8856454551061,22.8044434061041,29.7869064541518,36.1403233540136,46.3158368153168,8,19,29,36,45,54,1.37146655177841,1.58288074575774,0.190644540249924,1.59087207481199,1.28559726488574,0.753682275837518,1.79954767221674,2.31221133650055
8.01606916340864,19.111633999087,22.9579813354673,30.0075200605594,36.3401186253421,46.53000638861,8,19,29,36,45,54,1.37755368704242,1.63952684600645,0.1812296105124,1.62123480514589,1.30586036089482,0.748726756304799,1.8038794863243,2.32652420013705
8.03473260955416,19.3473907739895,23.120239022677,30.2391123853017,36.5437494060508,47.4938215535251,8,19,29,36,45,55,1.38303559477065,1.7000019921246,0.171909549145838,1.6535504331288,1.3268794717892,0.742087155482414,1.80627830572452,2.3543786061103
8.05123926817049,19.5928249197191,23.291932736808,30.4809697104308,36.8212436083167,47.6914418858169,8,19,29,36,46,56,1.3878882689173,1.76437632587394,0.162795773334652,1.68799828737998,1.34822486307029,0.616031839279688,1.78296004000323,2.20458733339494
8.06553229133412,19.8462891320044,23.472148168345,30.7310480096254,37.0230424204661,47.8918071058397,8,19,29,36,46,56,1.39209339737799,1.83227026509061,0.15398056890709,1.72443243234809,1.3695525165253,0.605775931047436,1.78254218148141,2.20915134836338
8.07761830108095,20.1072877279437,24.4361697234749,31.7593992191418,37.9548793261213,48.8466570475004,8,19,30,37,47,57,1.3956515327678,1.90359961882286,0.184788350932804,1.79062075799092,1.3892550882094,0.585456860059621,1.78925277278333,2.20707355432719
8.08756379895263,20.3692439186813,24.6327504024241,32.0210585448756,38.1581982443773,49.0662927427144,8,19,30,37,47,57,1.39858109569063,1.97648918545714,0.176877647621505,1.83072965848033,1.40924865901866,0.573294657218405,1.79401438829047,2.21229779875405
8.09561004964899,20.6383287056563,24.8370294118503,32.2843288370067,38.3583743556179,49.292369972471,8,19,30,37,47,57,1.40095226591592,2.05267843923374,0.169203083657543,1.8727448239661,1.42742485179983,0.560244890086757,1.80157913724653,2.21724097331113
8.10267355314036,20.9041286800548,25.0404426463008,32.5397127927437,38.5451876505871,49.5152035401315,8,19,30,37,47,57,1.40303460272299,2.12886322251511,0.161973660698001,1.91491733902358,1.44347895185396,0.546185952747907,1.81211190748359,2.22164795551696
8.11757434757781,21.1826517312471,25.2591370586777,32.7981862218621,38.7273242219122,49.7433610695247,8,19,30,37,47,57,1.40742976203295,2.20714634093501,0.155188108444813,1.96062637816121,1.4557926531346,0.530688291990152,1.82559020315597,2.22379642150998
7.87119045344113,21.3149408465122,25.3356715555052,32.8996138453611,38.7053417480636,49.7167051274671,7,18,29,36,46,56,1.55945151943501,2.32071369484063,0.148995559170067,2.11699314910582,1.4635096270627,0.505982693512443,1.82422038969434,2.20040525512751
7.90536698995677,21.9677219174409,25.9823283014712,33.5217755336513,39.3069951074363,50.3278201442416,7,18,29,36,46,56,1.57020081348199,2.50892832284862,0.14832308274726,2.25956646610209,1.4559159883193,0.501919512306124,1.82699389457503,2.19236746333634
7.92724201561912,22.6555015877544,26.6657008822548,34.1601732665249,39.9548602889497,50.9925319015665,7,18,29,36,46,56,1.5770889153249,2.71501195827387,0.147840116399781,2.41355149747354,1.44199529247079,0.503793720115139,1.83193461767382,2.18815117139148
7.94880826103761,23.354912576021,27.3437657987835,34.7880359601559,40.5976545078907,51.6613421944163,7,18,29,36,46,56,1.58388579914981,2.92820948535068,0.14551210441834,2.56956813926656,1.42649027350601,0.506754896834804,1.83957074680102,2.18606113885881
7.9689024794579,24.0496288664578,27.1760024229509,34.5300289547689,40.4734749313944,51.5840989347342,7,18,28,35,45,55,1.59022410262498,3.14355670976805,0.100398180057188,2.69193618297305,1.39870893724542,0.533580616912436,1.85336624245638,2.20653203022846
7.986620592552,24.7267751419259,27.8242997789708,35.1085825613295,41.0905201997347,52.2541874656086,7,18,28,35,45,55,1.59581717551008,3.35687973760887,0.0976606811441725,2.8479062496889,1.3773193922127,0.541390138808706,1.86898584225293,2.21146938792568
8.00134339443728,25.3797017602832,28.4402966646361,35.6500829872007,41.6720397747898,52.8945726107015,7,18,28,35,45,55,1.60046774675906,3.56581155432757,0.0942145538345366,2.99855909557603,1.35455156918093,0.549553376117765,1.88635585651781,2.2169994671781
7.99669099953915,25.8950460784339,28.9178189390684,36.0537920143399,42.1132261870748,53.3777571290873,7,18,28,35,45,55,1.59899787314782,3.73773256599246,0.0907530733770314,3.11693245704124,1.33207469454339,0.557238302238457,1.89877155326472,2.21828403715076
7.9420544759953,26.100951286091,29.1070592259846,36.1836635889107,42.2649174818024,53.5084993926492,7,18,28,35,45,55,1.58175661528693,3.82441508273156,0.0892497658752076,3.16421687905644,1.31405659371255,0.561730315083291,1.8925761160311,2.20502458326058
7.88700815515267,17.4580134494614,20.7921821986139,28.3712768490162,33.9746530283728,44.6379397668264,7,17,27,34,44,54,1.56442466552293,1.41458925662964,0.121282431401889,1.44184012068163,1.46821113437061,0.466432965076339,1.72289537363636,2.08038669929633
7.83122967231091,17.686330500078,21.0539458286491,28.5750326006353,34.1676863402504,44.7599344955525,7,17,27,34,44,54,1.54690219468926,1.49327908072907,0.124833367340863,1.49325189773649,1.45022960223325,0.464371302791515,1.70238899853791,2.04941830282531
7.77416327003076,17.9138985862175,21.3119765514695,28.7736041274448,34.355780377847,44.8782929561908,7,17,27,34,44,53,1.52901730702449,1.573204777856,0.128112695359952,1.54457862482574,1.43184709308763,0.462360100630774,1.90476099887475,2.16778802675953
7.73579756452083,18.1037825939949,21.5225054662077,28.985447929722,34.5301586085239,45.0126506138382,7,17,27,34,43,52,1.51701754625832,1.6380498015735,0.130359535393508,1.58692474092237,1.43225306609998,0.569232844637028,1.89255911037375,2.30720200605846
7.72246894705079,18.247758392993,21.6792764345133,29.2219771127363,34.7293012976813,45.1679478051786,7,17,27,34,43,52,1.51285330989243,1.68311538331092,0.131761933154596,1.61872716340015,1.45692409833113,0.561131535759165,1.87921088989958,2.30685468656414
7.70876033797238,18.3885800673333,21.8371221989078,29.4647243582043,34.9319950378586,45.3247598203139,7,17,27,34,43,52,1.5085728377028,1.72767642954479,0.133639513838273,1.65097692089837,1.48328344662683,0.552496982230951,1.86526514629261,2.30661107659323
7.69235692401488,18.5232885346497,21.999723304388,29.5323532454548,35.1014338625323,45.4154867126837,7,17,27,33,42,51,1.50345424176124,1.77152322005195,0.136744524566039,1.68443609550786,1.70431927595289,0.574535089009369,1.84139447183031,2.45444464554221
7.66545662792297,18.6422196371958,21.729484720134,29.3372619897623,34.4207705260465,44.6373563551461,7,17,26,32,40,49,1.4950680151576,1.81408647183762,0.141263460439757,1.76270121919694,1.72944143101526,0.59602426272076,1.81193137280451,2.50127385446937
7.59889651172355,18.7002577283124,21.7945520574239,29.4671107694392,34.5704200136544,44.748667385765,7,16,25,31,39,48,1.47436008246444,2.08311348162529,0.1421218228324,1.91897735061173,1.75114928425412,0.600633480634001,1.80037137826707,2.5127543111805
6.49602776952417,17.7583158454791,20.9846165363463,28.7022273312794,33.8254455575585,43.9409051493531,6,14,23,29,37,46,1.36489563072327,2.394545072897,0.158700931999645,2.03840433150363,1.76627345104945,0.605279373930315,1.78147537811293,2.51329423624001
6.47536931975248,17.8510578189252,21.0585527046608,28.8434393091539,33.9727670942987,44.0616954529012,6,14,23,29,37,46,1.35827881829529,2.43196809736792,0.156286181128251,2.05564535836653,1.78889966326958,0.606707377353346,1.77350435383363,2.52494294943417
6.47484056165295,17.889854685821,21.0958286165307,28.9250774144296,34.0844818692308,44.1587432356151,6,14,23,29,37,46,1.35810954174293,2.44497042913095,0.156091645684687,2.06435522363555,1.8038464189985,0.613752928550765,1.7691012904934,2.53982645784096
6.48643662147653,17.8987569939013,21.2117758901968,29.0674769486665,34.2515511610614,44.2747539002806,6,14,24,30,38,47,1.36182284747166,2.4440793865747,0.119063908904584,1.93686904971871,1.81276891671172,0.619551213079018,1.75379278837682,2.53984225632132
6.4975639292586,17.9074339983421,21.2333973798906,29.1149072225066,34.3280391955837,44.3408140207653,6,14,24,30,38,47,1.36538790632217,2.44326892325732,0.120419247024885,1.94175280394632,1.82148155614094,0.626403005402229,1.75066999415756,2.55092454614688
6.50812921298848,17.9158506125915,21.2545457611123,29.1582240164829,34.3939496289033,44.3957774333563,6,14,24,30,38,47,1.36877457824417,2.44255826853236,0.121759940977677,1.94653361550208,1.82897090260818,0.63174702490436,1.74739311037004,2.55936705559372
6.51835404133354,17.9235906565031,21.2748693132973,29.1953930480408,34.4506532810206,44.4406294047063,6,14,24,30,38,47,1.37205367125479,2.44173649324194,0.123092444141712,1.95113161339554,1.83466542477051,0.636379038351749,1.74384700421478,2.56549616721413
6.53070808838243,17.9283037952755,21.2906643253816,29.2180646646404,34.4990998105047,44.4737521716441,6,14,24,30,38,47,1.37601763504466,2.43920978328453,0.12427203508398,1.95470754015665,1.8369908813448,0.642507013177253,1.73926446517851,2.56982860472351
6.54512693595866,17.9301221128216,21.3000412570371,29.2259018481525,34.5370528793077,44.4934531433349,6,14,24,30,38,47,1.38064692198117,2.43504405235004,0.125079871568909,1.95683145826596,1.83647014263052,0.649690355852986,1.73380981137539,2.57241093921423
6.56380640236296,17.952416079967,21.3285635972483,29.2586211899405,34.5795900022243,44.5213458499203,6,14,24,30,38,48,1.3866485883322,2.43623887300766,0.125747529312964,1.96329655859333,1.83788961589387,0.652037523320867,1.5174990994928,2.40035402135051
6.58171776615837,17.9715202683492,21.3461053858775,29.2765247501345,34.6025421336047,44.5218382084143,6,14,24,30,38,48,1.39240818719562,2.43663320015334,0.125579876980201,1.96727619769569,1.83801197976996,0.653245530123972,1.51121201269517,2.39623340774076
6.60176086044011,17.9683024596443,21.344619055055,29.2760842456156,34.6159005747073,44.560045388386,6,14,24,30,38,48,1.39885872282551,2.42894563843117,0.125765678923591,1.96693889686236,1.83836572275527,0.656550857502228,1.51816822765055,2.40583014586777
6.62393284170576,17.954854414435,21.3339958639079,29.2695512924154,34.632162132213,44.6271795378697,6,14,24,30,38,48,1.40600108357362,2.41718203919298,0.126069107563538,1.96452867345976,1.83974932551852,0.662022304534724,1.53243505935034,2.42466367436352
6.65014504375102,17.9396535396447,21.3185351478466,29.2556109551062,34.6530929000683,44.6970020823476,6,14,24,30,38,48,1.41445393673625,2.40351836544672,0.1260411815478,1.96102263173073,1.84026366798464,0.670419778682864,1.54617837712848,2.44537165185749
6.67652847014127,17.9254101565775,21.3048034855654,29.2457239060493,34.6800147849146,44.7740672190274,6,14,24,30,38,48,1.42297179005258,2.39012787388479,0.126096180889429,1.95791041530995,1.84156440443625,0.67931936257537,1.56030578489134,2.46747736144902
6.70301396689698,17.91221056544,21.2926786390803,29.2397577053379,34.7126848122919,44.8576715200369,6,14,24,30,38,48,1.43153240537943,2.37706101656129,0.126211733095936,1.95516372748402,1.84364836291057,0.688699543953265,1.5746892747343,2.49084934276756
6.72478290000788,17.8998352677111,21.2707975066174,29.208490025994,34.7272821264117,44.8869774913867,6,14,24,30,38,48,1.43857585103747,2.36582910076069,0.125191561874064,1.95021012226705,1.84047230792133,0.699885793934665,1.57884908963839,2.50337391474787
6.76786140441083,17.9799535307518,21.2697122631745,29.142128879923,34.7707311515497,45.0144398855355,6,14,24,30,38,48,1.45253341703367,2.37801396416454,0.116648170397394,1.94996454486171,1.81841101844625,0.726889472665988,1.60266200342719,2.53491083918289
6.83534121748072,18.081480552505,21.2351533156191,29.0046422221038,34.8033703368102,45.0027390237973,6,14,23,29,37,46,1.47444807952284,2.38922449524851,0.149471872480476,2.09701334103584,1.78371675631901,0.769325955750017,1.80673792163922,2.71721797650613
6.92662342786271,18.056343955711,21.1742354819099,28.9205750157443,34.8339978734922,44.9501232650857,6,14,23,29,37,46,1.50419023796574,2.35093212072567,0.145021565174589,2.08271397246203,1.77592946425672,0.798334130923558,1.78167551447278,2.71932866332963
6.97015232158518,18.1063815873999,21.2092575142431,28.917001133528,34.6651737567954,44.6579530122973,6,14,23,29,37,46,1.51841192731488,2.35306995957752,0.143173127776332,2.09093097052949,1.76295908512141,0.756640549072535,1.74468557258069,2.63650689058046
6.97326719394011,18.5462776200584,21.6562613473448,29.2862681091749,34.8572385464815,44.6811648141215,7,15,24,30,38,47,1.28282478042359,2.49733466249177,0.144046692098817,2.03807358520374,1.73688510322346,0.712678449297738,1.69433816891585,2.53035847207752
6.98901132556508,18.5997461780997,21.7121289866758,29.3412269581519,34.8811611013583,44.7022690605793,7,16,25,31,39,48,1.28757233893236,2.24278403155321,0.144342118455345,1.9007115427656,1.73658068086984,0.705060730648021,1.69350071136549,2.52170866204341
7.00047539702059,18.5847284311633,21.6954332721475,29.3187559436416,34.847719725468,44.6618341087579,7,16,25,31,39,48,1.29103173073645,2.23442342747175,0.144135460651665,1.89701874829822,1.73464631417687,0.702374066005144,1.69142299067658,2.51580694468105
7.0087234818059,18.5785159921538,21.6885569548698,29.3148210934678,34.8299404543213,44.6451134023544,7,17,26,32,40,49,1.29352194828094,1.98957668388797,0.144053736781157,1.75400379229678,1.73563147618119,0.698988003221182,1.6917374416838,2.51336077871761
6.97408336377985,18.5588496117587,21.6818865771599,29.3284627644973,34.8536001379083,44.6649910430602,7,17,26,33,41,50,1.283070795681,1.99405584568581,0.145657582160253,1.75258771246881,1.4891878576862,0.701437705764934,1.6906140324313,2.34982964835297
7.20771982794079,18.5877425639537,21.7002705864913,29.3695701704893,35.4499345580168,45.2531304661606,8,17,26,33,42,51,1.14533338624606,2.17016177627378,0.144360009605903,1.756491487839,1.49626546528629,0.689520954626609,1.68818040189773,2.3219970139812
7.19861522157771,18.6637309334264,21.7676624533525,29.4996557292847,35.6110932077084,45.422493914581,8,17,26,33,42,51,1.14277936183002,2.19688968581527,0.143302701624554,1.77082772962423,1.51582873665278,0.696729753676701,1.69061694368864,2.34611650548129
7.18859288723207,19.6307692531649,22.5341342994629,30.2705274872321,36.3267329580295,46.1406786129719,8,18,27,34,43,52,1.13996957601529,2.25421691168891,0.119703914463637,1.79607024999514,1.51720369125478,0.683933029021706,1.69137287047638,2.33468531205982
7.17723532525712,19.6512790421936,22.5827977945072,30.3683863883389,36.4366818059491,46.2606594295337,8,18,27,34,43,52,1.13678758827582,2.26401985288716,0.122891382326333,1.80636032833118,1.53259461916653,0.686727572456484,1.69435343017133,2.35157468948033
7.16473504957472,19.6749521256155,22.6357511438616,30.4724096703324,36.5565181810105,46.392321579466,8,18,27,34,43,52,1.13328807793358,2.27515849505939,0.126250112081735,1.81758079859223,1.54860585390123,0.690388285036429,1.6978684969215,2.37025874493574
7.15061514460359,19.7030466050491,22.6978303249947,30.5972742490086,36.7130819238041,46.5648091933549,8,18,27,34,43,52,1.12933846297156,2.28817216017139,0.130204079479745,1.83076575700659,1.56833679334351,0.69774556075484,1.70260432718258,2.39654544411818
7.11292048074301,18.406575021099,21.5168501283943,29.2728324153062,35.275968244331,45.1083504641732,7,17,26,33,42,51,1.32507192168803,1.90739235723083,0.144082557608307,1.71767895201546,1.52332834211514,0.671710180563466,1.69685142055152,2.33112748057248
7.2211455375289,19.3844659010721,22.2526851781033,30.144838941441,36.0785074698507,45.9193455941649,8,18,27,34,43,52,1.14910221081593,2.16883317372626,0.115782969387214,1.7369625250761,1.56604316309144,0.655820071138012,1.6993655178006,2.34891948787704
7.25107884604709,19.3931593824909,22.276187756176,30.1556259200153,36.0720753204035,45.93473705297,8,18,27,34,43,52,1.15751630082987,2.16235936039322,0.117427214891767,1.74187168248697,1.56204422649253,0.651900717481912,1.70585804566033,2.34699736856869
7.23619024258333,19.3579076811934,22.8117310619505,30.8289407339505,37.2070939648989,47.0930163553139,8,18,28,35,45,54,1.15332924890766,2.15615677405655,0.134224686250599,1.71993232840988,1.60548258002456,0.624120724714591,1.71278436833055,2.33279616751111
7.22403481535507,19.4168348927076,23.4288765664572,31.2798486633062,36.9971551261261,47.3875795887953,8,19,29,37,46,56,1.14991369144334,1.95070647807651,0.203089734732699,1.71565855518161,1.32928672506789,0.607144651942771,1.64445988863062,2.10552498213993
7.21696537617411,19.797024285642,23.6721086788423,31.4554390058443,37.9706128427379,47.3873869778114,8,20,30,38,48,57,1.14792843118102,1.85133298489844,0.184937076322975,1.63781227072192,1.30963064472131,0.653686167263941,1.57436817245664,2.05147176255139
7.21486776637716,19.9405513016593,23.8681946856138,31.7683019383183,38.2039326360463,47.6073199820283,8,21,31,39,49,58,1.1473395421013,1.69629649168768,0.191809353956818,1.5545737895713,1.34360879057044,0.636464934307403,1.57045921948908,2.05674626397442
7.21746137489739,20.0177121801631,23.9053385146682,31.8429536389364,38.3047121045808,47.6690538339168,8,21,31,39,49,58,1.14806769053367,1.71611907449559,0.186566263214758,1.56165880890676,1.35456626760058,0.642104065307632,1.55907114495795,2.06218986080167
7.22450879279972,20.0917352377092,23.9703878645117,32.0042099220194,38.5908530643194,47.8762359652537,8,21,32,40,50,59,1.15004682632187,1.73397753032662,0.133792420755836,1.45799556274957,1.38276802454277,0.66929417794036,1.53610284424203,2.0937485269257
7.23630178356318,20.1640587253997,22.854560574332,30.6362541109119,37.8693303536315,47.3352742818718,8,21,31,39,50,59,1.15336060274485,1.75016102478379,0.063326393290718,1.36603024888887,1.30915588180188,0.681386752185292,1.58874561953759,2.07440854710691
7.25537855917604,20.232438214291,22.9185876469004,30.6232865047734,37.9294166982531,47.4365586433941,8,21,31,38,49,58,1.15872620413424,1.7633729923691,0.0630028960860535,1.37765974604076,1.50730513751355,0.696923445955007,1.60081594215419,2.23146371821808
7.29410701959921,20.295367763833,22.9812722070997,30.6893752901153,38.0608928599879,47.5547021867213,8,21,31,38,49,58,1.1696384541821,1.76986822647414,0.0629847146222686,1.38908267793649,1.50836767522008,0.710933656697252,1.5969073404443,2.24408266836577
7.4283836054581,20.2359471619741,22.9233129676308,30.5765948025639,37.9629328120361,47.4932970860785,8,21,31,38,49,58,1.20767063519562,1.71806647805656,0.0630932106626865,1.37851955197837,1.49127572112982,0.714122683369066,1.60762921448638,2.24329793260118
7.28763523208452,19.856293192859,23.0213986451664,30.5805064820957,37.6841553018817,47.449697753431,8,20,31,38,49,58,1.16781314609577,1.84815798255911,0.070352059283583,1.39641416426083,1.46201025224017,0.654166972003771,1.67700907691985,2.21110933199521
7.39947745815129,20.0214397731373,23.3092209904325,30.8431016703762,37.9104411764796,48.0840294507862,8,20,30,37,48,58,1.19945763397197,1.86301455269373,0.116443959804912,1.5670058035759,1.45419148363411,0.646602122130691,1.58278073649252,2.1392022174671
7.65681562978499,19.9317778508679,23.405434962506,30.7097403745817,37.8119742203479,47.9000080411442,8,19,29,36,47,57,1.27305747654731,1.97453757726854,0.136433718238621,1.71091222117574,1.38345278800616,0.653871579766653,1.55860837616445,2.07744689528923
7.80458437460466,20.1227323415805,23.5443618435977,30.8533222890934,37.9199677071958,47.9882447934696,8,19,29,36,47,57,1.31579929462497,1.98709150133974,0.130677450743747,1.7391105969268,1.38487957751433,0.646457820231371,1.55303974414283,2.06634155760268
7.97061069431038,20.3248143691857,23.6871712614068,31.0016530693775,38.0258097011955,48.0694955999937,8,19,29,36,47,57,1.36422297313105,1.99758737581072,0.124271646919119,1.76826951674967,1.38657231321661,0.637646422817697,1.54611554199046,2.05288222436842
8.14939184529268,20.5290073637842,23.8273631580832,31.1486725381069,38.124053698833,48.1393093473505,8,19,29,36,47,57,1.41682542765394,2.00499276097722,0.117538087245946,1.79706248270987,1.38866612368098,0.627585164792073,1.53812017436553,2.03753113478726
8.33359667231949,20.7239808147566,23.9571528169638,31.2869727814015,38.2076479100562,48.1917471835381,8,19,29,36,47,57,1.47150378566951,2.00813287453684,0.11087727698426,1.82386645830768,1.39127701842701,0.6163697178413,1.52937028176887,2.02070414471868
8.51496246102152,20.89972592217,24.0691591784314,31.4094884316876,37.2010681771852,47.1851640765008,8,19,29,36,46,56,1.52579863070055,2.0064937461439,0.10455803263008,1.84711084615702,1.39450253961429,0.503178306283255,1.52936933486444,1.92043651286364
8.6855490692974,21.0472524226619,24.1574477712041,31.5103117619713,37.2779717668594,47.136235764364,8,19,29,36,46,56,1.5772680886516,1.99977220955795,0.0988581151667803,1.8655063865569,1.39835181801672,0.498450262375974,1.49416142094024,1.8908497822117
8.838948698386,21.1608682737493,24.2178234508965,31.5849782235863,37.3353476245598,47.0962360211313,8,19,29,36,46,56,1.62387365322316,1.98818880070474,0.0938784531889084,1.87812303698413,1.40274314346827,0.495042941651603,1.46706117252348,1.86930709165972
8.971109985081,21.233678860525,24.2458056643207,31.6278611455386,37.3705154330252,47.0511008051631,8,19,29,36,46,56,1.66426400281471,1.97093842168788,0.0897911696201945,1.88398059532629,1.40732504008145,0.49352540862298,1.44480950086541,1.85366827213177
9.08071217833771,21.0431597790016,24.1118526652435,31.5041859884233,37.2549823975444,46.8546058437577,8,18,28,35,45,55,1.6979225647496,2.10777978633498,0.0949646227167535,1.9941008927687,1.41048729626751,0.495126983432279,1.42246545692428,1.84032753663641
9.16906113763853,21.1247998378892,24.6486643571731,32.0622016774422,37.3774314962915,47.2380855416411,8,18,29,36,45,55,1.72515944694048,2.10574736958568,0.0995207702192896,1.96901581200594,1.41701608423798,0.520149009819157,1.49482819417653,1.94883391818075
9.23966885677549,21.2759586804789,24.6963063258832,32.1406540377885,37.5713344195467,47.3186980036154,8,18,29,36,45,55,1.74699329287329,2.13017854492196,0.0905329506715051,1.9791582192998,1.42651419750645,0.544649764379451,1.46330730818017,1.95609630534647
9.29765340353119,21.1262299140821,24.1485809039851,31.6823998240997,37.1498544993906,46.8860727005939,8,18,29,36,45,55,1.76496721777562,2.06730753170521,0.0602985815383673,1.86365600908618,1.45417235301145,0.552536540884001,1.46021574205435,1.98152047205379
9.77528249190266,20.7721792850323,24.189600449352,31.6487006892196,37.253608362135,46.9945935699975,8,18,29,36,45,55,1.91446133603463,1.81998171820217,0.0902855734402985,1.87222157565905,1.43106684410004,0.582360674700532,1.46153783201629,1.99648185190928
10.224110815715,20.799183263751,24.6132663416831,32.039912429819,37.8265292597533,46.9315558512179,8,18,29,36,45,54,2.05715003984102,1.69743996941675,0.12715989712629,1.96149170153264,1.4210555483312,0.62260085997165,1.48395016595219,2.03639342940273
10.6031437976624,20.917255609431,24.3085558769765,31.7375692010533,37.7652738567417,46.9011367171022,8,18,28,35,44,53,2.17919645598196,1.6226857096526,0.127379353870353,2.03679261786448,1.42178527369338,0.677359867428128,1.49283583960373,2.09879749278571
10.7521043769091,20.5200562589967,24.3566452295806,31.7996893504434,37.8295839367149,47.070808384039,8,17,27,34,43,52,2.22752794688856,1.67772341057306,0.179978734544648,2.19488877134389,1.42611205674931,0.677864198804524,1.52329348102261,2.12665452015683
10.8395353236725,20.5333853176819,24.3663403175382,31.8523137125373,36.2477732396423,45.4618023494031,8,17,27,34,42,51,2.25598889852939,1.65578655815421,0.179513963964384,2.19708119267241,1.43936786216426,0.443408338903181,1.51541764955671,1.9106664851705
10.9303467261962,20.5430616791577,24.3438534398137,31.8931610763692,36.2678004395194,45.5594415467031,8,17,27,34,42,51,2.28562203412353,1.63184521130218,0.175425315665912,2.19199717005268,1.45897177866785,0.439034557385511,1.53792029827834,1.93772983962298
11.0181502490493,20.5894071214808,24.2942635762349,31.9183012297012,36.29939177525,45.6528680550673,8,18,28,35,43,52,2.31434220203455,1.41465844505303,0.163497667074616,2.03368030444429,1.48217477897164,0.440388150094282,1.55590564950634,1.97011343321009
11.0958420602987,20.5785843976811,24.2024623522555,31.8867892623121,36.2924419377607,45.6843331822984,8,18,28,34,42,51,2.33981031156344,1.3903706378183,0.153745471899066,2.0137281755542,1.75509775165958,0.445555220515248,1.56710420086394,2.15524125577538
11.1564587230397,20.6744179150465,24.1412247139315,31.877132908167,36.3277681833784,45.7435999549129,8,18,28,34,43,52,2.35971674744696,1.40002059738193,0.135668710559215,2.00045608165359,1.77242234288339,0.350239492677726,1.57409292573968,2.02571485128343
11.1941083182809,20.8138336109433,24.1482595851177,31.8967414547785,36.4969389131899,45.8909253602728,8,18,28,34,43,52,2.37209644572927,1.42800468769886,0.121309541596695,2.00197923244446,1.77664988627245,0.377800960390898,1.56771553641857,2.05794118884477
11.2052458726084,20.9726903071251,24.2307040212993,31.9610407957876,36.6480552292797,46.0653689259841,8,17,27,33,42,51,2.37576090564932,1.67757295966368,0.113392162123625,2.16647425177072,1.77054966316736,0.394168799022971,1.57452577345569,2.07916362804969
11.0146904950922,21.0818836204102,24.4117580485929,32.1511789968364,36.8313216174374,46.3123749286563,7,16,26,32,41,50,2.60016132954773,1.76698027538058,0.120830287746242,2.36332384925574,1.77360323329215,0.392863538150104,1.59316989706225,2.094420634295
10.8496618526854,21.2901997363386,24.693690019937,32.3679569604181,36.9978380616708,46.5371566911315,7,16,26,32,41,50,2.54334458740126,1.87978626574508,0.12869982897296,2.42971648019613,1.75172233403995,0.383367233409547,1.61025818725353,2.0811977073544
10.6086676779251,21.4003306096242,24.8705478733545,32.5002656140666,37.0737280954939,46.6680270635837,7,16,26,32,41,50,2.46074151254454,1.9872631671293,0.13604930528126,2.47165893840948,1.73678828727406,0.372814605958367,1.62642242282986,2.07057713059704
10.2684049377887,21.3795250950142,24.9068946249778,32.521621870607,37.0470829644016,46.6932057075152,7,16,26,32,41,50,2.34488701311984,2.08614932773561,0.142506274892244,2.48030644938253,1.73176807360826,0.363926566956171,1.64169330066723,2.06800055972846
6.68046777148076,15.8033387443622,19.3579651211693,27.6084437710561,32.4487531163714,42.1530026334447,6,15,25,31,40,49,1.42424442642793,1.48909056349657,0.145637992866496,1.40532152571504,1.94679313003294,0.423711466218405,1.65886113614958,2.30479658676692
6.67846576906662,16.099067564985,19.6283355751336,27.8234099577024,32.7068855471114,42.4197840634319,6,15,25,31,40,49,1.42359762948361,1.5754862783331,0.142723312900794,1.45948409658553,1.92788864687168,0.432174847573671,1.66141919125218,2.30393982355213
6.6764581926313,16.5483519772333,20.0608094723513,28.1856293646969,33.082628205444,42.8057747329961,6,15,25,31,40,49,1.42294908807205,1.70860629917577,0.140807193562944,1.54765729086454,1.90396093583093,0.434839122083312,1.66445136338534,2.29285243344119
6.67446655673518,17.1273169613444,20.6297925239442,28.6707691442672,33.5457377356689,43.2803256183479,6,15,25,31,40,49,1.42230575199802,1.88353280955463,0.139675499195686,1.6664498991993,1.87547014782137,0.430501977280949,1.66783814100636,2.2703795400337
6.67629518105317,17.7997847228417,21.2974783405832,29.2434219378102,34.0700158466914,43.8149588443404,6,15,25,31,40,49,1.42289643015981,2.08999857716778,0.139134957194272,1.80972003814085,1.8432641138291,0.421035493509492,1.67090475853215,2.23883371595547
6.72070731238073,18.4828018637264,21.9789750778856,29.8239198167087,34.6345678371106,44.3719743835533,6,15,25,31,40,49,1.43725667434609,2.29069110049813,0.138963312003736,1.96005850932832,1.80913984664558,0.417932358869813,1.66867274496049,2.20944611221239
6.7645296209517,19.2322062110117,22.7275210559454,30.4556755414875,35.2276648076281,44.9585168065753,6,15,25,31,40,49,1.45145299861056,2.51662234051533,0.138866453391509,2.12972235214328,1.7698162393581,0.410445173510614,1.66673209870737,2.17138454758841
6.80770068597311,20.0229204609926,23.5183665033213,31.1172556785303,35.8291276712748,45.5551559530578,6,15,25,31,40,49,1.46546409717208,2.7603296005429,0.138881255565513,2.31385600705266,1.7264667573192,0.39890414795375,1.66530424604508,2.12603528317039
12.8019947640145,22.6112918902838,26.6889946369104,34.3090152771862,38.1723921438061,47.9113866980679,7,16,27,34,43,52,3.22720505159611,1.68999217543024,0.155324737460578,2.74198121876968,1.480925576538,0.250340887467469,1.66914299549545,1.79340578642438
12.8462486524923,22.4255237138447,26.4451044955444,34.0537058715921,37.7936273427102,47.313848779545,7,16,27,34,43,52,3.24297654016358,1.62200161487536,0.148869175261401,2.68300772544976,1.47737564592119,0.231147103746342,1.60465253369863,1.71725317482848
12.949820600153,22.3850199114565,26.1100623791732,33.6954450394195,37.3648006205032,46.6273022156728,7,17,27,34,43,52,3.27993037457492,1.37737124333432,0.165973870341691,2.60263959603607,1.47016312436145,0.220475761441578,1.52946226619318,1.64270546409146
13.0546133656773,22.4389493649288,26.1305451870364,33.7150483340976,37.7568098158107,46.4524259498715,7,18,29,36,46,55,3.31737925272149,1.18459210715462,0.115058923866604,2.29267980351666,1.46989006379221,0.20713314606832,1.36723518760681,1.47248000455424
13.1569091411805,22.1383705361682,25.7460743231624,33.2964825017752,37.074178514811,47.0959140496383,7,18,29,36,45,55,3.35399266762455,1.08383603061975,0.107137342607284,2.2071169273955,1.45931292634108,0.236949723038858,1.53994156855237,1.68260416914744
13.2555025413776,21.8353882007647,25.352935547032,32.8713865873494,36.4491473373588,46.3159145274369,7,18,29,36,45,55,3.3893333597829,0.986162037635494,0.0989590749994772,2.12075868959447,1.4494136814032,0.206956549815999,1.49653398182234,1.60234664111697
13.3496757847986,21.5306573833302,24.9593010179715,32.447061798116,35.8533081799341,46.0911542674999,7,18,29,36,46,57,3.42313705268064,0.892057235277839,0.0912362255912355,2.0354695105772,1.43992034092626,0.128999333264729,1.40640234219254,1.38785003439627
13.4389286668279,21.2269485968801,24.5756263468364,32.0342099840394,35.4569289056142,45.4161531566792,7,18,29,36,46,57,3.45521677300695,0.802404691271234,0.0845811411650474,1.95350201819848,1.43090736768475,0.130796707334296,1.33281140432982,1.33300347387557
13.5228821887328,20.9308798729711,24.2171330536526,31.6553678871847,35.2867031024049,44.106999963547,7,18,30,37,48,58,3.48542880421898,0.71879229680695,0.0532901312297741,1.74630818645561,1.42462866407127,0.109338463404979,1.21227377825397,1.16006921709552
13.601218590135,20.6467604661666,23.8844714777856,31.2967319806812,34.8225287105856,44.4599087773688,7,18,30,37,48,59,3.51365143721894,0.642075892406613,0.0504888925646886,1.6797832874774,1.41662276480012,0.0996929160384406,1.24921173366043,1.1751917439943
13.655112375727,20.3398931542242,23.6538894889916,31.0848249361097,34.8156853079321,45.1669551782579,7,18,30,37,48,60,3.53308578332091,0.568863614214342,0.0549318272305863,1.6342297168984,1.42237784723446,0.118869112410077,1.26035106499589,1.23444034077537
13.7476270864129,20.2362572174631,23.5717932487461,30.9614016362533,34.7476863239739,45.2012777217092,7,18,30,37,48,60,3.56648045458991,0.530451501377223,0.0562269117849168,1.61812265025167,1.40964874768253,0.124358185328406,1.28603722535306,1.25505151455893
13.8432572745051,20.1758313732345,23.5450748831351,30.8896496921531,34.7380870354122,45.2746946744693,7,18,30,37,48,60,3.60104365690463,0.500624658091371,0.0582895884209881,1.61289333322889,1.39580604642008,0.130667067545646,1.30698968398937,1.27288820877856
13.9351581031461,20.1321271069829,23.5485197526059,30.8505287331523,34.7800831886485,45.3633028583642,7,18,30,37,48,60,3.63430055424368,0.475250850364637,0.0612486727636017,1.61356721030747,1.38274903825037,0.139143343271391,1.31879778854147,1.28813636064791
14.0237700265325,20.1031057411171,23.5760410458597,30.8389259981504,34.8731796989075,45.4375595297878,7,18,30,37,48,60,3.66640539716476,0.453660462929502,0.0649112021737637,1.61895460697973,1.37077128129906,0.150485875664063,1.31402137783801,1.29653459569424
14.1066146848912,20.089242035768,23.6235537242245,30.8493850766115,34.9984460105992,45.522016209289,7,18,30,37,48,60,3.6964541836972,0.436209818682948,0.069027812051494,1.62827104211801,1.35944830783726,0.163438071088883,1.303692547969,1.30318855851918
14.183315485277,20.5890076217864,24.2362683711766,31.4113992465311,35.7455218195285,46.170203431037,7,19,31,38,49,61,3.72430304503715,0.416916994641016,0.0769879878567365,1.62531536509161,1.34398837115605,0.185429769484294,1.27876427644949,1.30959011264297
14.2535542871055,20.5558320752076,24.2283994046986,31.3708767141629,35.8261595270351,46.1660537067251,7,19,31,38,49,61,3.74982947923777,0.399652450443416,0.0788399040265258,1.62379067499946,1.33405197883901,0.20055790580734,1.25750493956884,1.31026201953037
14.3170570044137,20.5182748450479,24.2276566612473,31.3444074414863,35.927715460055,46.1486096615774,7,19,31,38,49,61,3.77292728960034,0.383078999483363,0.0815787011206587,1.62364678870106,1.32623490247874,0.217157683455114,1.22784789763493,1.30724587549529
14.3736420831464,20.4785790313141,24.2351934266864,31.3329175621901,36.050966308334,46.1220047158434,7,19,31,38,49,61,3.79352436909026,0.367567934285013,0.085170206141777,1.62510705246429,1.32046012690575,0.235296688733433,1.19080654130226,1.30108862030043
14.4239180270137,20.4303355281563,24.2483043177001,31.3334323249343,36.1939523488102,46.0812285408143,7,19,31,38,49,61,3.81183701326598,0.351982295019429,0.0899657917502864,1.62764848180438,1.31664014144392,0.255205965137567,1.14585997150294,1.29139371913071
14.4679565632378,20.3760405159404,24.2661159321115,31.3453271739361,36.3585736059764,46.0231067069108,7,19,31,38,49,61,3.8278870237542,0.336719244640221,0.0957897719810156,1.63110347751559,1.31484662903186,0.277361403589038,1.0921021408447,1.27778104179804
13.9353907959688,18.742146713182,23.1923296110085,28.6737367229651,33.7110763708966,43.1303992218636,7,19,31,38,49,61,3.63438481198105,0.187203121954076,0.14787627737378,1.427812628265,0.853099323827149,0.280931954600137,1.03386994771347,0.969458460896576
14.1251459355599,18.6653988566399,23.2405227747286,28.5361321413343,33.5398007683006,42.873087778983,7,19,32,39,51,63,3.70318008905717,0.157366292962391,0.118328015085988,1.32631882342315,0.802800984487416,0.210901134886477,1.0136806439314,0.834267808244725
14.4434862436592,19.2155571463267,23.6748054944396,29.094785123652,35.4377017733209,42.7153225553789,7,19,32,39,51,64,3.81896765498847,0.183172959624561,0.108423031133441,1.4040803252557,0.83637990392006,0.406400413997197,0.473745827081073,0.673316692100447
14.759123017248,19.2611561656616,23.9387662490099,29.4111776748422,35.885492185894,42.969626143379,7,20,33,40,52,65,3.93421867383483,0.112024858012649,0.127483908852839,1.34274723722332,0.850645395455974,0.428540880030347,0.441169808830016,0.672042460951336
14.8307938945079,19.1723945594428,24.0699014092768,29.57251917812,36.2058085239327,43.161469357423,7,20,33,40,52,65,3.96044860450192,0.0988541181180491,0.148371889552854,1.36587680897489,0.858892741757221,0.455974032079897,0.420080763363803,0.680071440601213
14.6673469423219,18.9818580901942,24.0942573595571,29.6457911558429,36.4429743409649,43.3289706647046,7,20,33,40,53,66,3.90066289939337,0.0967205327472987,0.17040256879726,1.37018998724831,0.872292725400408,0.394675928458958,0.40882940794469,0.627739899113382
14.3244103273126,18.7165782970552,24.0090692774672,29.6374420550396,36.598173646075,43.4546020966141,7,20,33,40,53,66,3.77560309460539,0.102906718606677,0.190076526749902,1.35512770703369,0.893450852301796,0.420904817732363,0.404093568267986,0.654557209300766
13.8962049797766,18.4289999695605,23.8518830095535,29.522306437251,36.6901043576795,43.7359156968562,7,20,33,40,53,66,3.62019932819205,0.114654634932404,0.20499880142333,1.32750968216505,0.905085316302628,0.455136825782551,0.434833371074387,0.71202897842289
13.4349224668303,18.1684149109658,23.6888532806218,29.4452783543779,36.8910446373434,44.3059194908196,8,21,34,41,54,67,3.12812774061808,0.132631990586988,0.216530127554561,1.19772907902026,0.929000150586583,0.502831080237284,0.497434401543661,0.813082907547172
12.9703382118746,17.9247054131036,23.4696822815761,29.2416620411286,37.0224884964202,45.0050311494811,8,21,34,41,54,67,2.96853834226963,0.15404667645852,0.21947962484666,1.16161323531983,0.933342519350441,0.562864162013509,0.600291033715206,0.948130972304017
12.5582440508332,17.7315766067228,23.2728641923166,29.0804171026186,37.2973316295316,46.0236693363974,8,21,34,41,54,67,2.8281438544313,0.176936606301956,0.219034925903961,1.12957436417123,0.943292753008128,0.644942423054416,0.746110200677837,1.14056574345685
12.2431392395981,17.7513895358365,23.2697713689087,29.203467341634,37.9789364102628,47.4894991434443,8,22,35,42,55,68,2.72157263527967,0.164474788131542,0.216283825205654,1.03677603202756,0.978790192422694,0.756153363183773,0.912040786275057,1.39249476643325
11.9526759416726,17.6459315279805,23.132544354941,29.3049847847978,38.6894357903591,49.0551373026924,8,22,35,42,55,68,2.62396426139026,0.183466275302164,0.212496532562652,1.0157108061373,1.04685612791501,0.884572492715771,1.1056071690307,1.70882448844321
11.6738813058222,17.5824732412819,22.9385831410529,29.3356931854203,39.3481850642289,50.5114674710743,8,22,35,42,55,68,2.53086953185123,0.206921268208394,0.197286661229473,0.986256761885948,1.11191176229198,1.02415918284093,1.2966751891337,2.03795662738334
11.533525317233,17.0468332513763,22.0917698264251,28.426307071976,39.120711949528,49.315142516333,8,21,33,40,53,65,2.48422954555017,0.215676736606534,0.216041936951723,1.03434655865412,1.09369868766917,1.18318954831879,1.22128166996818,2.1001308788743
11.6559377204152,16.9454880129605,22.4638970125262,28.8325662394878,39.5778642944078,49.659094391232,8,22,34,41,53,65,2.5248982969482,0.143429159059818,0.279207469382512,1.00189341078713,1.10362459934758,1.36009779607937,1.19331478602848,2.23423916858429
11.6599704214226,17.5733185765314,22.4284690294179,29.6109373516983,39.8300670688892,50.3805474072524,8,22,35,43,55,68,2.52624007335007,0.207455528499013,0.144217391388687,0.910612000788598,1.13825340744166,1.22740975863333,1.14901333577567,2.1164943808973
11.5975199625779,17.9808341809886,22.2421064634783,29.3978004944615,39.6181331246996,50.1128257861284,8,21,34,42,54,67,2.50547558921773,0.331618413209999,0.0926035782015276,0.968040465500991,1.13075872132839,1.22770844878684,1.13585194721526,2.09955529652223
11.5380221607643,18.2173392081803,22.1527461546006,29.2783589727653,39.6253752368165,49.9603305345444,8,21,34,42,54,67,2.48572142458002,0.376226835113526,0.0696045421293314,0.954544218297682,1.12235348831746,1.25928661470858,1.09843692881724,2.08644355136177
11.4562051270011,18.3716106752529,22.1333767322913,29.2164978539975,39.6962223007017,49.8847180670686,8,21,34,42,54,67,2.45860294757319,0.413563293590941,0.0588872118879748,0.951629738193481,1.11050802167323,1.29262213541919,1.06449002952873,2.07478752289908
11.3572527954801,18.5070928198129,22.1949191494336,29.2253072714984,39.816195381222,49.8970092956748,8,21,34,42,54,67,2.42587698829741,0.452123533075022,0.0546449671884165,0.960903376225287,1.09585273346399,1.3207434044399,1.03975411317589,2.06459947433956
11.2321401328437,18.6171582507935,22.3754247289129,29.2940105106135,40.0314750959943,50.0645202648828,8,21,35,43,55,68,2.38461388761822,0.492241105916719,0.0395460720812467,0.902899469641501,1.06494918216005,1.35809318265855,1.02884241111246,2.06191438162241
11.0594569687859,18.6882033997126,22.7626415276694,29.4464375353393,40.7726112735664,50.7260919126276,8,21,36,44,57,69,2.32787649849707,0.535279452207225,0.037310933869452,0.877024295340031,1.00081606708832,1.33684196369074,1.1619917478255,2.11886585963458
10.8826019027074,18.7095386998734,23.0046074996595,29.5540651742341,40.9255984303174,50.8197363256552,8,21,36,44,57,69,2.27003312284999,0.571336090692067,0.0467454279281862,0.91156869979586,0.964605239100053,1.34809289209245,1.14752870290642,2.08800884409788
11.2832516659319,19.1255100413173,24.6229961372819,31.1560334987443,42.3296304577504,52.5857484272941,8,22,37,45,58,71,2.40145524017993,0.477532685306183,0.123233457271718,1.06637626849862,0.960204025926926,1.29920753739528,1.08012067635439,1.9863277064236
12.2213045414415,20.1453061319996,25.5320095626834,32.1584673380432,41.6238228638495,51.731125332378,8,22,36,44,57,70,2.71421390890039,0.491141183393627,0.152589057836897,1.30653184535482,0.985316532283291,0.902160934277677,1.04582115944151,1.64249406383059
12.2363995644481,20.4114026355447,26.1165947014401,32.6608859317199,40.0467577143858,50.9371005220192,8,22,36,44,58,71,2.7193008664888,0.533918178471804,0.184728619305949,1.40623058374965,0.963219862409469,0.40457670795124,1.23022068891412,1.28742141227491
12.3111380483344,20.2574463375239,26.6946485754266,33.1984957099831,40.8000654004747,51.9126221508695,8,22,36,44,58,71,2.74451139446385,0.494882597703755,0.270481928601488,1.50769185694472,0.952393597411782,0.438408701312455,1.28424343826663,1.3552462301688
12.4949288025618,20.0525752793783,27.1926700976603,33.6810094714506,41.7460330774197,53.0564650120133,8,22,36,44,58,70,2.80667455937734,0.431423901718531,0.36748987608092,1.59732920068612,0.948251281700699,0.514992866426731,1.50692331989803,1.5799234662626
12.7015932992793,19.9892441119732,27.3957369139959,33.85933153749,42.272483343181,53.6676141314573,8,22,36,44,58,70,2.87685248081568,0.389565921160383,0.407759828998588,1.63445528388334,0.941651902282706,0.575849715965396,1.52929181911758,1.65619345926317
12.95663937722,20.2277249985737,27.6468176743658,34.0626517922469,42.378534398316,53.8364368920069,8,22,36,44,58,70,2.96385337648216,0.387059047631009,0.409710161205744,1.68081338061071,0.928950147845701,0.558567956934077,1.54592849582989,1.64070926350395
13.1998275462968,20.4641696799897,27.8209646304506,34.1839204533242,42.3869799268817,53.9170662675868,8,22,36,44,58,70,3.04720149826743,0.386040585407304,0.400106944251474,1.71325812396992,0.914943022530472,0.538790993578301,1.56512117808806,1.62317290876067
13.4287945202096,20.6992463927872,27.8188524756992,34.1199299077892,42.1963438286628,53.8236296443509,8,22,36,44,58,70,3.12601403165726,0.386963282511131,0.364470110736782,1.71286319746416,0.898627091937952,0.516939831357486,1.59106791077831,1.60611731875479
13.6413131915497,20.9334473084271,25.910698106416,32.1713183547931,39.8825238339034,51.57850278173,8,22,35,43,57,69,3.19944971509903,0.390245629162142,0.156362004752752,1.47677500337278,0.888003870771155,0.456053217282061,1.60947539311988,1.54378541087451
13.8353974826988,21.1718161354012,26.3938981106658,32.6089729539964,40.3107327126739,48.8534868987433,8,22,35,43,57,68,3.26674828763974,0.396987674949358,0.182254602108792,1.56396978437777,0.876087110141381,0.454521325072131,0.977276478527155,1.09309061803479
13.9995990297437,21.2040634929189,25.3176831459009,31.5104246028812,37.937943724909,46.1264982052573,8,20,32,40,52,63,3.3238543552566,0.56009854922201,0.115131154024459,1.713466616072,0.870260274329963,0.420599841310466,0.893815377364478,1.01569047159463
14.0981099295041,21.4444981712478,25.4818616477702,31.6735827602564,38.1512686032905,47.5527039189915,8,20,32,40,52,64,3.35818752543397,0.587255463763929,0.108315505306402,1.74564731004929,0.8699943262781,0.429115361174881,1.02966191959777,1.12582968607178
14.1556688140069,22.1203640610365,26.6433207306031,32.9221386953039,39.2792720608578,49.7082820452901,8,20,33,41,53,65,3.37827303373743,0.711099247814833,0.113809928226305,1.84996442661955,0.892777840210022,0.408772247557425,1.27985240247925,1.29538346529959
14.522271544465,23.2798280825999,28.0828673544595,34.5823491390087,40.5844405573578,49.3532442709994,8,20,33,41,53,65,3.50662439427749,0.881979909179782,0.139191657004737,2.14382483581345,0.951227058945401,0.351304618974199,0.884494058736923,0.996536619477177
15.3620518830432,24.4709226657961,29.8263720434501,36.8456661412119,43.1671758031766,51.8003543849194,8,20,33,41,53,65,3.80325668551406,0.961628985944642,0.197211110196104,2.51949821968964,1.0927759566572,0.40283992777729,0.85433888092179,1.10983376562387
15.9497170966909,25.1478689813195,30.9565430280285,38.4445141538304,45.0617134908064,53.6380439680698,8,20,33,41,53,65,4.01284999820532,0.982230147234079,0.252399557336297,2.77365926706369,1.22464489461753,0.453165814825272,0.841805236425275,1.22883710954772
16.2358191241538,26.1471456419036,31.6174003093995,39.28240265013,45.8086050153707,54.5324322652667,8,21,34,42,54,66,4.11545048230429,1.00121142024692,0.210559295851755,2.76953124285804,1.27541648643811,0.437417837780314,0.87445468691845,1.26919632874507
16.4158052944827,26.5585920814957,32.2545314562366,39.875203810963,45.8907024101527,55.147480156634,8,21,34,42,54,66,4.18017699115791,1.05396678902266,0.238053664937789,2.91477742281497,1.26265550464368,0.353406682451381,0.995834924105903,1.26535735902571
16.5505429039141,26.8685786432793,32.8161531202064,40.4087502297072,45.9632380576902,55.7444556430313,8,21,34,42,54,66,4.22872056665909,1.09449760407302,0.270624695969021,3.04476891852634,1.2545899213807,0.284328111669785,1.1201629878304,1.27150554361689
16.6337121960911,27.0655446891828,33.2678959930845,40.7509748966176,45.9024313727328,55.9087460660118,8,21,33,41,53,64,4.25872260219255,1.12108026199551,0.383263231111206,3.31711714249046,1.22324907030401,0.229586191493553,1.34517131416565,1.32749378343957
16.6608789871593,27.1441551131862,33.5997418215805,41.0006812257816,45.82789274456,56.2503020979735,8,21,33,41,53,64,4.26852876618511,1.13316454281694,0.425355433492037,3.3975781368968,1.1998726756655,0.18960030560183,1.45574726681401,1.32923531582711
16.6302106868602,27.1098450683725,33.8107888868042,41.1205293544477,45.7054659707829,56.4854901902892,8,21,33,41,53,64,4.25745891257159,1.13230772010542,0.467858963800612,3.44905187767276,1.17405068796429,0.162186522715646,1.55265733801047,1.33356892865957
16.5429895174285,26.9778225276877,33.9141828668789,41.1248746796281,45.5524804277146,56.6249890622825,8,21,33,41,53,64,4.225997214767,1.12178395144409,0.510168180461614,3.47435414302116,1.14616740148446,0.145545145221247,1.63313757302056,1.34006057155157
16.4761937742931,26.9124751685485,33.9646642648558,41.1111237973729,45.5135164056317,52.9095863617202,8,21,32,40,52,62,4.20192451871548,1.12212368114163,0.643454961454386,3.6639379047036,1.12817672853025,0.142964520831219,0.854412597110423,0.816450100543202
16.6520513908869,27.3023035788891,34.4622310661744,41.5249221919624,46.0637318749936,52.6684026966957,8,21,32,40,52,62,4.26534201265046,1.17267136883128,0.665954375245941,3.78952694688386,1.1048242579754,0.157211841589896,0.673251115745181,0.710219616320834
16.8264261398112,27.7337525837203,34.8085595864887,41.7579459462964,46.4691288317596,51.9377364405509,8,22,32,40,52,62,4.32834984969516,1.08352593356332,0.779170458684146,3.87765864783432,1.07343983298708,0.176203832201878,0.44077535829983,0.56763672695089
17.0050786429064,28.0437227604476,34.9956615395446,41.8143304706135,46.7227336461527,51.1014024255857,8,22,32,40,52,62,4.39303008684936,1.11328262813549,0.750994057171402,3.92551150879514,1.03752795095546,0.199263424694735,0.255489786190877,0.446411344088444
17.1974242477593,28.1036458167944,34.736077737234,41.4574860180349,46.5713976798291,50.1534807924985,8,21,32,40,52,62,4.46280837095204,1.23405710162929,0.558513568047771,3.85916589221584,1.01101848791804,0.224767279375817,0.148826625890595,0.373084457476487
17.4162690452316,28.2747406622502,34.5630047989349,41.2038266867214,46.638459002411,49.5921267915589,8,21,32,40,52,62,4.54237339570714,1.22253163375674,0.492277208600261,3.81511126282669,0.989193290198069,0.267481779547889,0.08460677905161,0.334725381377955
17.6719901502709,28.4573183943299,34.2762689938958,40.9166811295368,46.8320328696157,49.4663378262721,8,21,32,40,52,62,4.63557393561703,1.2049425182526,0.407304904153932,3.74244562005583,0.989082644574566,0.337837202203565,0.0592208759045925,0.350359630801637
17.9440129023722,28.7261588703136,34.0121229725384,40.7346090101197,47.1922059811141,49.719052939194,8,21,32,40,52,61,4.73497904190797,1.20417907444676,0.318948683087673,3.67586371104528,1.01131123960673,0.425696890838201,0.0811298328036839,0.460698572143039
18.1792528096088,28.9807799368586,34.095022367072,40.7332506228981,47.3894592670743,50.0571167773364,8,21,32,40,52,61,4.82115569232686,1.20883105962808,0.292464267030857,3.69672236139865,0.988492986412272,0.459986371134754,0.0946610695727443,0.490514077736301
18.4049531168832,29.2308275736521,34.1177362867913,40.6261221133973,47.6704770744985,50.5115500580479,8,21,32,40,52,61,4.90401879600927,1.21468300626396,0.258974521403368,3.70244348470663,0.95360687163165,0.530061197599955,0.112798881976753,0.543046143966368
18.4778546022193,29.4468742615929,33.8971808296107,40.2281687625109,48.1349165834229,50.7337774258831,8,21,32,40,52,61,4.93082090371975,1.24926581024416,0.199925357591749,3.64699958718201,0.906503611473364,0.699125466109329,0.0879146291902891,0.599592753097329
17.7346225283617,25.8160529432542,28.5495656638965,34.4454954766639,40.668006495905,44.2554497999328,7,18,28,35,45,53,5.03965876631196,0.869050238938187,0.0665730995830959,3.02552540177468,0.96812796873789,0.591122822906508,0.285765158403657,0.755118867870594
17.8423918879945,25.9788099640565,28.2494626306924,34.2870119491413,40.4280862274104,42.584088309667,8,20,29,37,48,55,4.69781245538273,0.747009152094799,0.0593225336069008,2.78274332221181,0.830077374253084,0.464942631360801,0.128882218621346,0.486335443590483
17.7770463299514,25.9959861907935,28.7875286286173,34.8256367510113,40.7238586331887,43.8716294251234,8,20,30,38,49,57,4.67393279084693,0.764488696874815,0.0710969986240303,2.74668925607066,0.830221084727712,0.421204001649185,0.211715492732312,0.513357967234734
17.7047929044673,26.0386168716506,28.7448089613177,34.7696525947865,40.5565943863654,43.6807038598829,8,20,29,37,48,56,4.64754678199243,0.789059235339335,0.0985520846868481,2.90155022774463,0.826811719673186,0.401746512011911,0.207994111210749,0.494924278129643
17.6489286203539,26.0964734020153,28.7053189074386,34.727216512406,40.4861779654178,43.5541133737293,8,20,29,37,48,56,4.62715895160121,0.813646981930905,0.0888777649639442,2.89202278021821,0.826055051445369,0.396913292229189,0.199272356432382,0.48424320623696
17.6094628915841,26.1593727051731,28.6568728137758,34.6838526267167,40.4569019869068,43.4512882205639,8,20,29,37,48,56,4.61276273582518,0.836001700050952,0.0784467533439629,2.8803477032934,0.827360508149081,0.399343789066225,0.188096981113476,0.477632265978328
17.5819906506778,26.2158227086944,29.0198399504218,34.9809896676315,40.8609414633704,43.7298898762122,8,20,29,37,48,56,4.60274487084908,0.854483323780576,0.108788317554739,2.96816924798914,0.810497032341412,0.417983833745108,0.169690918609577,0.467463747020983
17.562400465153,26.2546510877313,29.1131336785161,35.0626877993654,41.0219767647736,43.7846078325659,8,20,29,37,48,56,4.59560293662791,0.867429517394641,0.114708189402452,2.99087141263287,0.807537053812906,0.432039543958853,0.154753343255094,0.462849974318247
17.5474675832108,26.2672542809266,29.1652863946817,35.1123702166418,41.169089556347,43.8129451217146,8,20,29,37,48,56,4.59015985797529,0.873554675258044,0.119104796972077,3.00358510452733,0.806906873040501,0.449555027526228,0.138806832889977,0.460012810353039
17.5345794236706,26.2498234739917,29.1951467212983,35.1441296848499,41.3113319971539,43.8297051114133,8,20,29,37,48,56,4.58546275299952,0.872543198839438,0.124469351370844,3.01087173808149,0.807391337154018,0.469750163670553,0.122835182098455,0.458455809561178
17.6609457930192,26.5016944489342,29.4226963836658,35.3274470516648,41.4228136912656,43.9321864933944,8,21,30,37,48,57,4.63154368645525,0.769572825425152,0.12169587072645,2.89707327477975,0.970615667671257,0.456579432644733,0.0795265057428679,0.443722378248561
17.7678489099983,26.4800285379692,30.5501396905,36.5374090720449,43.8829565819566,46.2495023821765,7,20,31,38,51,60,5.0521732951357,0.743225186350052,0.154473728600048,3.00023565496315,0.993965084795815,0.485409877538966,0.0670561226509307,0.459828510385112
17.8103872009043,26.5213997210065,30.7999567419889,36.7800660249602,44.0322744862219,46.4149522495491,7,20,31,38,51,60,5.06820000253933,0.742987545209229,0.17868386939,3.06008599602517,0.991933590392205,0.469412300965658,0.0684077299698795,0.450183805357021
17.7695837555228,26.5898982209666,30.0354366435371,35.9762347718475,42.2625393324387,44.861404535195,7,20,30,37,49,58,5.0528268072529,0.765362985628422,0.13330726833147,3.04447571992699,0.980798552968807,0.397013168905734,0.0879150486023049,0.420163745946647
17.726256265604,26.645339497619,29.7832168167131,35.7834016924867,41.715809079397,44.0298295806806,7,20,29,36,47,55,5.03650819141366,0.785788397927231,0.147499405688911,3.15544946516862,0.997632136800673,0.427256105762946,0.098819383112798,0.475442575575776
17.6882999389343,26.2429280512516,29.6110816861613,35.6549407020948,41.577915559723,43.9090582120174,7,19,28,35,46,54,5.02221725201119,0.837037107719208,0.177471104357008,3.29116428254185,1.01005714420213,0.425582719351696,0.100734494504914,0.481785059186936
17.6560911569863,26.14689725307,29.1054496893396,35.2540327427543,41.1460942126669,43.5017303220531,7,19,27,34,45,53,5.01009378680252,0.823069024697906,0.182754034595879,3.34638977402097,1.04000400687602,0.420117089822684,0.103505322311358,0.494037181547128
17.6309078320418,26.0877016161265,29.1065780000278,35.2790497178983,41.2403265059876,43.588338628507,7,19,27,34,45,53,5.00061694490852,0.815658207439729,0.191787086557809,3.34668005401729,1.04686512140236,0.432394116385502,0.102638925104176,0.504811431080353
17.6040364620347,26.0294063857587,29.1100297394682,35.3092186819163,41.3485402183769,43.6923700231765,7,19,27,34,45,53,4.99050702645485,0.808831988204103,0.201228320337567,3.34756812594035,1.0545516265485,0.446406993432065,0.102165150747573,0.517631542654782
17.574213510922,25.9668390915387,29.1140569576353,35.3411717334811,41.4635488604588,43.8120190149626,7,19,27,34,45,53,4.97928924025816,0.801740094134141,0.211628210218703,3.34860434306291,1.06260041534158,0.461514340714157,0.102690876075649,0.53255827328145
17.5414359714056,25.8998659884277,29.118042192432,35.3743126745868,41.5843902588892,43.9468352957029,7,19,27,34,45,53,4.96696328308993,0.794357082806074,0.222953425380861,3.34962984742264,1.07101945634539,0.47768118162041,0.104282093222264,0.54969088956144
17.5057094235778,25.8283728850487,29.1212270265485,35.4079133990686,41.7098614777379,44.0958672688169,7,19,27,34,45,53,4.95353216789226,0.786660384556411,0.235138723428313,3.35044945204662,1.0798194428164,0.494849292771608,0.106991702358388,0.569090634073396
17.4670555625133,25.7522018231329,29.1226727259264,35.4410840695284,41.8386344552166,44.2577092349612,7,19,27,34,45,53,4.9390050489436,0.778615144673798,0.248087162354409,3.35082151593496,1.08901658887039,0.512963099972115,0.110851523173748,0.590788163714337
17.4255011987165,25.6710485972513,29.1212447556919,35.4727644883954,41.9692604470892,44.4304870614097,7,19,27,34,45,53,4.92339308058586,0.770155010988056,0.261681851585309,3.3504540147319,1.09863468277425,0.531972301440332,0.115866832934608,0.614779356755582
17.3810866765899,25.5840475039113,29.1154990946588,35.5016928147013,42.100697676433,44.6123328634225,7,19,27,34,45,53,4.90671257436258,0.761092910687453,0.275837743975134,3.34897543205153,1.10872918950293,0.55194189659601,0.122003529394546,0.641103638800237
17.3338576281526,25.4880916499076,29.104295414175,35.5274597386201,42.2377741031049,44.8066362492503,7,19,27,34,45,53,4.88898189293646,0.750770756985677,0.290918397437104,3.34609282156064,1.11951643727864,0.573937617785124,0.12915167745313,0.670517167666165
17.2783453545392,25.7973773219776,29.5050637679785,35.9385302125942,42.7213975943304,45.3302683645913,7,19,27,34,44,52,4.86815061915437,0.829236572677064,0.307549590612243,3.44964227178083,1.12252678801898,0.712787733570938,0.134262343180733,0.773715341343262
17.2200833546931,25.9561382279935,29.6510030716153,36.0851196348736,43.3547968703626,45.9440035474525,7,19,27,34,45,53,4.84629811933264,0.87718023288795,0.305196935574045,3.48756968834608,1.12271682137396,0.689155415971276,0.131738896534493,0.75832763169736
16.8612478556179,26.3784320834286,30.4480150291652,36.6956696244215,44.2368500561886,46.7283213756001,7,19,29,36,47,55,4.7119526399333,1.05698848670333,0.210951585791523,3.32129235873622,1.06852985027168,0.747736022902194,0.119530731115086,0.756390373402062
16.8228639789092,26.6180199869158,30.5878423701287,36.7791090629771,44.319446926945,46.8408109342311,7,19,29,36,47,55,4.69760725994685,1.12352979611864,0.197409321898161,3.35648980808218,1.05227098145407,0.747551676792951,0.123205199970789,0.752225710196132
16.5789277424798,26.5638003212399,30.5335518955125,36.6247098198119,44.1607997893777,46.6512670410927,7,19,29,36,47,55,4.60655673915177,1.16966510807035,0.197399857827229,3.34281092840202,1.02355609878826,0.746622514347538,0.119408225378183,0.731769835208218
16.338772546712,26.4777609872591,30.4864607483614,36.4949561123534,43.9922667460966,46.6772470712444,7,19,29,36,47,57,4.51711868660959,1.20755979302481,0.202637370920294,3.33095916038246,0.999993477669658,0.738158529647935,0.0629161592436077,0.586261089658155
15.9519528312415,26.8339809396663,31.2341471378927,36.4000144191646,43.4282060554257,46.140185527164,7,18,29,35,46,57,4.37349385827739,1.58060303646514,0.193605249587008,3.52056399810515,0.953273543678457,0.638481336967521,0.0414786062442097,0.429157188481636
15.7056022161678,26.4723009534779,30.8974743052017,36.0486574479242,43.1232137426789,45.6902912014406,7,18,29,35,46,55,4.28231313417312,1.54901637614279,0.196745192563449,3.43481265153989,0.948914130296174,0.648103187906602,0.0848850668764246,0.544954190915418
14.2752949539204,25.0186115266354,29.7139716002024,34.8109700401382,41.8584960841282,44.3553555629057,7,18,29,35,46,55,3.7577351319236,1.54263309714404,0.232194915491949,3.13832036218235,0.932867563343204,0.642487427409563,0.0783887132803002,0.525228848004649
12.4842191754858,23.7513038905474,28.8039153529417,33.8462576619976,40.8821951681505,43.3595809826834,7,18,29,35,46,55,3.11427820031467,1.68725995905318,0.283205724871291,2.91582824854221,0.916745523301891,0.640085198201553,0.0766352638264834,0.514216555061186
12.5236139683622,27.0335700314398,31.8557300086833,36.988008196028,43.9731767005078,46.4497368228605,7,20,30,36,47,56,3.12824642603735,2.18685357653208,0.325844131253027,3.4950799549994,0.943308382805039,0.629599426331483,0.0765613806957998,0.519128524750722
12.5419137608553,26.1964247069359,31.0976474945602,36.6676421525724,43.2111688352981,45.8624680423285,7,20,30,37,48,57,3.13473804771665,1.94758306898563,0.339140992372608,3.30518327447384,0.8773639670557,0.54109975188509,0.0930335946152417,0.474053022127886
12.5149073356105,26.3159468992406,31.0581816036423,36.6689995191651,42.673968142024,45.2747206608126,7,21,31,38,49,58,3.12515853733941,1.79425836935024,0.312628506721623,3.1223304652972,0.888605380996718,0.440216942626971,0.0880966849882421,0.41014883729325
13.0598439301634,26.6727600995122,31.2983796156162,36.7918374471269,42.4885711058757,45.2656864163602,8,23,35,42,54,66,2.99917878283681,1.56945228111241,0.166639512290503,2.54963735969291,0.856389554704362,0.304927439252784,0.0283217815763939,0.204440719448738
12.8842655918144,26.4404599856495,31.0242333672653,36.1271248771008,42.0711943919158,45.0063372843632,8,23,35,42,54,66,2.93912193389004,1.5554262957613,0.162060100077054,2.49015028615123,0.751514773923579,0.342270541562346,0.035043494894854,0.205503463570352
12.7117801251993,24.9297737929368,29.5827143763611,33.9328758351387,40.1692547443678,43.296917359842,8,22,34,41,53,65,2.88031913648512,1.3918887356576,0.169664251221631,2.32246827551638,0.56083535726038,0.388811548574334,0.0444719864129742,0.18675656459519
12.3612862564939,22.6603403529685,27.6154265500339,31.7454261676359,38.0281649106512,41.3443583363612,7,20,32,39,51,63,3.07074813093225,1.09008362946713,0.204926065516192,2.18309141464433,0.508320652347789,0.396424990233319,0.0550631079499691,0.187760087179431
12.3731282890001,22.6568067459614,27.6472233272744,31.7166078589468,38.7181692233247,42.0425352290619,7,20,32,39,52,64,3.07493747731173,1.08651243363856,0.209263019821437,2.18986846172973,0.494149366654788,0.427565124421274,0.0555530720695856,0.200814285055711
12.4236286029995,22.6734793935638,27.8843142226329,31.9866379436082,38.9574288088948,42.5051795994552,7,20,33,40,53,65,3.09281222500195,1.07866891994654,0.181020555139052,2.10238244372498,0.501834484441377,0.422541596089825,0.0699488112748774,0.216908748748413
12.4921342802695,22.6718297491529,27.8995516190746,32.0483555072022,38.8942862536836,42.5526133307937,7,20,33,40,53,65,3.11708393848757,1.06246134382953,0.18287501986441,2.10555274954394,0.512742655519873,0.40241787540157,0.0777947304235788,0.219264820187166
12.5630945658933,22.6327746118275,27.8682794521476,32.0918415660784,38.8032219512027,42.5592392879881,7,20,33,40,53,65,3.14225408512422,1.0372074375819,0.183732944492711,2.09904805145867,0.530441313930475,0.381207488079751,0.0851242619605246,0.222056926705311
12.6281670313567,22.5471438850231,27.7885840977111,32.1084208650766,38.6724877657906,42.5223769109386,7,20,33,40,53,65,3.16536125076602,1.00294072735952,0.184388575363718,2.08250328074595,0.553507485357041,0.358561878236844,0.0925189284688298,0.225237059253442
12.6826026529377,22.4126505919206,28.0030967825076,32.4355321746822,38.8596793331557,42.6893541300191,7,20,34,41,54,66,3.18470983507345,0.960528352985222,0.172779025862291,1.99447112453303,0.58086412183,0.337622764801177,0.0908974707509642,0.221709371535545
12.7137781385275,22.2969778641898,28.0142645394056,32.5355383945644,38.8688351866258,42.7560204259842,7,20,34,41,54,66,3.19579839859115,0.927992481564537,0.186012237554625,1.99672742430628,0.602728071746618,0.324329706386672,0.0955524318718218,0.225831137797826
12.7854262062759,22.3234338434606,28.9363818246869,33.5971958323406,40.1247287796663,44.4308631027474,7,20,35,42,55,68,3.22130303968151,0.918056776721112,0.23295202722502,2.0533533690024,0.637551840551564,0.353040499780714,0.0960660597627032,0.245990582258571
12.8567897168972,22.4321244483613,29.1238843315143,33.962947182014,40.8312756671214,45.1696936447957,7,20,35,42,55,68,3.24673483182876,0.926260694910943,0.242071925777899,2.09135884231583,0.682857859944731,0.405996728014508,0.0986020932343209,0.290592433138846
12.7149587013908,22.8162370322636,27.9111576742736,33.0248117320742,39.9838198354824,44.3064790024133,7,20,34,41,54,66,3.19621841142223,1.04444034647582,0.125996029032724,1.97593100457818,0.754354312924487,0.420624654699093,0.134961721093278,0.368494705121411
12.4796954880453,22.8374369681129,27.4659483209274,32.8499383061386,39.8779437179246,44.3732660701945,7,20,34,41,54,66,3.11267481195996,1.1037493864441,0.0892467111709211,1.88704346605501,0.826625179044604,0.431902436514071,0.152594370064724,0.420333079300793
12.2186659931489,22.3469236293158,26.769199528505,32.4376438463171,39.7703917384396,44.1824578184152,7,20,34,41,54,66,3.02035914419758,1.05062903083904,0.0752671266132804,1.75097441042856,0.904536869535908,0.483203055335638,0.143951790873161,0.475017044829149
11.9468223373637,21.8368908554715,26.097456563299,32.0772673396022,39.733116162969,44.0490407660931,7,20,34,41,54,66,2.92465738864317,0.99641142092197,0.0652739216851292,1.62342647032717,0.991848919242971,0.540154862561255,0.134296815939415,0.536894969614186
11.6653550804383,21.3209443529532,25.4786083442782,31.7917051906634,39.7690697654236,43.9801822748175,7,20,34,41,54,66,2.82605847434691,0.943983589913581,0.0593541601098123,1.50920781810012,1.08747459841618,0.599318532028598,0.124171507852934,0.603949683453066
11.3755118469509,20.8162254475705,24.9443986769943,31.6044939146525,39.8822199022575,43.9849471118252,7,20,34,41,54,66,2.72507001409314,0.8967911711869,0.0577201149043116,1.41323731312278,1.18922461164869,0.656727405565395,0.114143847411504,0.673320833622546
11.0786344485286,20.3452987548333,24.5308306637092,31.5402062555772,38.2227745202058,42.0441296355911,7,20,34,41,53,65,2.6222298064011,0.859181717449439,0.0609238202928566,1.34066387370967,1.29371887547892,0.464618637253891,0.0902347584794985,0.548599702703288
10.7760607020723,19.9339749215737,24.1856852438518,31.5064570506553,38.3082899808829,41.9158711165411,7,20,33,40,52,64,2.51807022209268,0.835969611608345,0.0918748517528971,1.38642896052339,1.38850124142676,0.485811195911507,0.0741347025532303,0.575250413540961
10.4692523688562,19.6110203302319,24.1445333296412,31.7686598076706,38.691435010088,42.1449772683489,7,20,33,40,52,64,2.41316074653054,0.832542398557833,0.114716416578992,1.37911037757971,1.48220240394767,0.50768703801853,0.0636410076243369,0.60930926195736
10.1832155377073,19.3758821530201,24.0303435706343,31.9891861414439,39.0309450029194,42.259241723661,7,20,33,40,52,64,2.31602845164353,0.843363004004739,0.125383505392326,1.3588830566713,1.58705027009617,0.529579482819488,0.0499560876361022,0.638825956635038
9.91907346382667,19.3043335742905,24.095133066994,32.3621630566376,39.5075397525988,42.4751522636556,7,20,33,40,52,64,2.22693804042591,0.884747796224571,0.138024944887763,1.37034516619392,1.68485425555742,0.54893855444772,0.0365370645048734,0.658712274308808
9.69130837030533,19.4496226626036,24.5155613613683,32.9677904712498,40.1450950682393,42.8625054090521,7,20,33,40,52,64,2.15060634109702,0.966834578784828,0.165505313087054,1.44564540276699,1.74417891841833,0.554958035766428,0.0260141758000602,0.654335423463279
9.54452812635584,19.901906794864,25.3695211409752,33.8701909280272,40.8780803627222,43.263009817937,7,20,33,40,52,64,2.10166472526424,1.10366473431617,0.210247434270475,1.60337474855512,1.75976168859178,0.523310649102144,0.0153704114364459,0.595718396435737
9.56760122781065,20.9110125238276,26.6820580443181,35.0889631804665,41.7248272261135,43.7881116835081,7,20,33,40,52,64,2.10934487614467,1.34111419670539,0.247566424031682,1.85766659435904,1.72962323457152,0.456424055104185,0.00831213752511386,0.500224886843164
9.6205988107596,21.4512089771157,27.6596333630873,35.7256487274201,42.1468556386297,44.3551984441044,7,20,33,40,52,64,2.12700449171295,1.46352839565362,0.306454271462563,2.05583115921157,1.62092836129508,0.41953340240613,0.0111329844085302,0.453704411772079
9.48599613675257,19.5167521526173,26.0997720200894,33.9197163243202,40.199281865353,42.2062661747266,7,19,32,39,50,61,2.08220406849037,1.18090854292639,0.361441171810955,1.86871984167774,1.5433619057024,0.490644892716734,0.0134492187680803,0.507794969158221
9.35463054492059,18.9895027316579,25.6342345752424,33.4095579434681,39.5461038561986,41.5160063527587,7,19,32,39,50,61,2.03864627540488,1.08500479257673,0.370886593397261,1.77571105050772,1.52938045929391,0.464111396984417,0.0124924429756757,0.481028810778395
9.26812338665345,18.5179964013055,25.3116845780795,33.0754280960315,39.0650320730046,40.998536168454,7,19,32,39,50,61,2.01005356477613,0.994229451238548,0.394123358037098,1.71229503278141,1.52575635190762,0.437459569554028,0.0115984874845796,0.458391820469485
9.18664139301509,18.0110048743493,24.4956065011787,30.5927626773689,36.2920343484947,38.562561321278,7,19,31,37,48,59,1.98318915860238,0.896948933100189,0.430294819708673,1.67586192642475,1.23828487624178,0.386683174985826,0.0216621565687611,0.339733870575185
9.1135238808626,17.4803301676282,24.1355095850212,30.2715664349366,35.8746251278747,38.0971432968402,7,19,31,37,48,59,1.95913897286267,0.796163367337251,0.459805884178511,1.60583280779133,1.25052327824507,0.370426740219188,0.0199747583945126,0.329272342130613
9.05298145637463,16.9348373795514,23.7497137424833,29.9247917980446,35.4401179049757,37.6230455726381,7,19,31,37,48,59,1.93926602346699,0.694004627159791,0.488151950568306,1.53205563053078,1.26282405291042,0.355858021540359,0.0186488188624715,0.320634320239907
9.0100509029927,14.83547021854,21.0814239216479,27.0927851877063,32.5014429526726,34.8217858531132,7,18,29,35,46,57,1.92519688530845,0.408431992823309,0.484357359240839,1.26524890180773,1.21138053528173,0.338478238270754,0.0235066649671376,0.307856477503543
8.99003531204342,14.7365839657702,21.1757462337666,27.2394850756557,32.6018603619333,34.8741780794919,7,18,29,35,46,57,1.91864390641759,0.394776839172101,0.520925296099185,1.28232661853148,1.22779119462151,0.331052794078026,0.021726800841336,0.30388462083985
8.94685587780616,14.4369764232953,21.2973009064351,27.4051944416071,32.7940331570785,34.9757229514918,7,17,28,34,44,55,1.90452140634606,0.444833602845737,0.604082738931101,1.41937200962947,1.24166047208944,0.425853655142959,0.0186083062260715,0.351957476925541
8.85463069985297,14.3446379195396,21.3849951681002,27.5589288302906,32.9860257783504,35.1559120491128,6,16,27,33,43,54,2.15481738941203,0.44481218726232,0.641001000168217,1.55921841696041,1.26246295602566,0.432985413353396,0.0182248655676488,0.361635168909494
8.80291937727533,14.2640551256692,21.4602641916645,27.6868794209485,33.1727556717633,35.3411517088461,6,16,27,33,43,54,2.13688247289392,0.439369213282149,0.673593116383105,1.57436204568429,1.27910738402625,0.444031814556685,0.0181768223705443,0.373317614382138
8.72742356238038,14.5553349844213,22.4340106180398,28.5183567393192,34.1477388683282,36.2352937797417,6,17,28,34,45,56,2.11074057366168,0.408866548185362,0.822807428905778,1.6430003581883,1.23426012050853,0.374845579727586,0.0156925159145003,0.313676406419784
8.56555211979005,14.4147056235461,22.4161843877378,28.5138462232609,34.5590831792718,37.3098230354015,6,17,29,35,46,58,2.05486128138327,0.412578217255665,0.71873785979771,1.51504561422902,1.23844380271739,0.44747636753483,0.027286920468177,0.371938939940858
8.45473044339603,14.6425315104529,23.156962908083,29.2009989506951,35.5087199012152,38.0632160150146,6,17,30,36,47,60,2.0167431246708,0.473554000671242,0.703361149596056,1.53764624387056,1.22161270846226,0.495935940361115,0.0120144962079039,0.323045030799854
8.4625198336592,15.2754301492302,24.34742530513,30.3274561565902,36.8714874652687,39.3896119938493,6,17,30,36,47,60,2.01941861822126,0.594493233611624,0.817789780327045,1.77261885338689,1.20158602026386,0.541198005310816,0.0112687544915413,0.33598036705108
8.46966109384115,15.6893583191186,24.9443475379024,30.8906511785301,37.538726179411,40.1306330969932,6,17,30,36,47,60,2.02187199274041,0.678554789899814,0.856679052260866,1.89495305279303,1.19106061763409,0.56159896256067,0.012816299122688,0.349987791762195
8.47642571099731,16.005890188536,25.2929726178104,31.2067288883271,37.9239953474856,40.6149733506293,6,17,30,36,47,60,2.0241964124552,0.745174081657686,0.863564670643399,1.9677320683713,1.18092165994479,0.57532203104421,0.0151151322073069,0.363456645314535
8.48312485707401,16.272632796388,25.5289522955424,31.4075631177527,38.1785111740746,40.9738769080338,6,17,30,36,47,60,2.02649875725763,0.802738191281688,0.856964081353349,2.01753832970727,1.1699936747571,0.586053566859239,0.0178239848660075,0.375886309235168
8.49002689597003,16.5100229671532,25.7067982072563,31.5477646394872,38.3614180936744,41.2587699130531,6,17,30,36,47,60,2.02887127022598,0.854950761655735,0.844238607679588,2.05535983609069,1.15831229507084,0.594643097991061,0.0207675363484968,0.386888033237629
8.49743116520228,16.7282825444199,25.8514392272912,31.6528630273811,38.4997185822587,41.4919102497208,6,17,30,36,47,60,2.03141691438288,0.90365575135727,0.828598136028364,2.08629836721072,1.14606845077307,0.601352925323524,0.0237786916233185,0.396107749002579
8.50559364699971,16.9331598748915,25.9756745971337,31.736275631396,38.607725284773,41.6840041737191,6,17,30,36,47,60,2.03422382956322,0.949874129435757,0.811584676612225,2.11299879609373,1.13345710688811,0.606340945669937,0.0266763614271779,0.403253037598661
8.51477041843641,17.1282414601979,26.086813369955,31.8058698896192,38.6941661019804,41.8410620554778,6,17,30,36,47,60,2.03738027859633,0.994220727930824,0.794008768034177,2.13698290823917,1.12065325244257,0.60976635462356,0.0292795733942182,0.408125438297944
8.52518289760654,17.3157739119815,26.1893333470513,31.8665998791815,38.7648750978836,41.9671523534465,6,17,30,36,47,60,2.04096270914872,1.03705633894616,0.776349939092173,2.15918884679688,1.10780510046267,0.611798708523856,0.0314316449889762,0.410638105918755
8.50296953407865,17.482458154827,26.3319136759768,32.0232458902841,38.813435128193,41.9615579220211,6,17,30,36,47,60,2.03332138168364,1.0833493167242,0.771369147054708,2.19020141504064,1.11212600022311,0.589917927760442,0.0293261886964968,0.394973811181948
8.47312522583744,17.6464887373104,26.4825435093635,32.2153063230783,38.8316851684328,41.8471494601207,6,17,30,36,47,60,2.02306226478484,1.13149528782309,0.768605054582922,2.22312715238784,1.12487406000305,0.555353932956619,0.0245589648054159,0.367740017796152
8.45027574693734,17.8170103208746,26.6144075366831,32.3937309756775,38.8160741830928,41.6517173357394,6,17,30,36,47,60,2.01521328528929,1.18013475217927,0.760651553498068,2.25208661999751,1.13923734157667,0.517701413160757,0.0189507183077639,0.335511604306172
8.60092499406039,18.2396724584966,26.9738628919578,32.933197431707,39.1616756766088,41.7859860452186,7,18,31,37,48,61,1.79209733213727,1.24956362308778,0.747712122806084,2.18637025741181,1.19512495704211,0.481100837154716,0.0135398118285692,0.314246698930966
8.6118313279495,18.5581390495308,27.1782290481955,33.1772181081435,39.2069197245152,41.6001748558031,7,19,32,38,49,62,1.79562181010515,1.16024059869061,0.724560123757078,2.09065024129789,1.20751077837614,0.444670106075889,0.00895259206060132,0.279172607180505
8.62844486622744,18.7692703309603,27.2196402207911,33.2594753410374,39.0940315822545,41.2666109319223,7,19,32,38,49,62,1.80099317259367,1.2080137021276,0.69062215646713,2.09934645307648,1.22029619204617,0.410026142946659,0.00571138631117427,0.24759929568881
8.6531552002681,19.2334857905261,27.6302493007519,33.7243563193082,40.5845799831279,42.62454135332,7,20,33,39,51,64,1.80898800751317,1.15607540527554,0.68002917927627,2.04977040975774,1.23732662767133,0.496324876444161,0.00422834148256834,0.285765664999569
8.67784066228811,19.2819310755443,27.9025298657604,34.0923077065458,40.9344393809289,42.9413890140357,7,20,33,39,51,64,1.81698154649953,1.16170640523508,0.724662767760224,2.10617260244025,1.26746421061005,0.493057667313621,0.0039076610165559,0.28964114087006
8.6989632015566,19.3190027679812,28.1564454577301,34.4391021481923,41.3184185558715,43.3659264136675,7,20,33,39,51,64,1.82382668787848,1.16549117032999,0.768891165378639,2.15925404340072,1.29686118691527,0.499782130833076,0.00430425684933157,0.304742451639313
8.71438087649751,19.3461195301717,28.3886181270368,34.760065954496,41.6685308597945,43.7790054834941,7,20,33,39,51,64,1.82882615709592,1.16826986673601,0.811581287112701,2.20819248617812,1.32508926220205,0.505078640393004,0.00497679182998881,0.32121040886503
9.38939715645578,21.0566659635645,27.4233471016893,34.1779992002126,39.5275688963657,42.5173388427818,7,22,36,42,56,70,2.05015797427892,1.11187280396715,0.261522201734467,1.63952862087611,1.44825084702501,0.149052145945062,0.0145714955338824,0.183712660473574
12.0079278291501,23.724126170316,31.4588310475478,37.7361129048547,48.3841039455992,53.0994349715504,7,21,35,42,56,70,2.94612950771935,1.2709354894368,0.459873842549653,2.58467307440531,1.07709665761171,1.02555918702341,0.0955478700069237,0.799102238638391
11.7227629537995,23.5769124282229,32.236578133651,37.8863903065998,52.2765777223144,57.3130553476565,7,21,36,43,57,71,2.84612708824154,1.3038442192466,0.522682078937787,2.60894775252203,0.899377782376751,1.95121852209886,0.121001441764754,1.33093914938967
11.5179101591161,23.3699355598344,32.2853689959371,37.6814561890595,53.7003572630667,59.062159751776,7,22,37,44,58,72,2.77461448747987,1.15308989781839,0.565971432835668,2.47738742231851,0.829900631703594,2.40265888620545,0.150212404590808,1.63443687579989
11.6315555106912,23.5831898842714,32.8281879833634,38.415930814965,54.3023680089244,59.8183527710208,7,22,37,44,58,72,2.81425295829936,1.17551970268334,0.623822191029382,2.59321507036406,0.882246661239159,2.36505517358067,0.165247062092318,1.67422195550586
11.775383473082,23.9126932747638,33.5608121510646,39.3291537141356,54.9565706208706,60.2915450425881,7,22,37,44,58,72,2.86454100833637,1.21771146903141,0.697620718292973,2.75237196053459,0.932326388831274,2.2919583414341,0.147674102212544,1.62589721271028
11.9262121912554,24.2013337448687,34.3809856104044,40.3111658849302,55.6014524418359,60.7291109744798,7,22,37,44,58,72,2.91742039477363,1.24934251157762,0.799756214176929,2.93426757887564,0.977796398159365,2.19770110072885,0.128842423914945,1.55562638335496
12.0393189831534,24.3276472128392,35.0850904211679,41.094329016025,56.0205622806515,61.0662030495531,7,22,37,44,58,72,2.95716925333093,1.25238767296656,0.916607373678725,3.09343891268784,1.0002047266608,2.09707829615656,0.121777174009472,1.48935930705405
12.036872977241,24.1678431156179,35.4450772958884,41.3756008633825,55.9993263809411,61.1557622605134,7,22,37,44,58,72,2.95630881354972,1.21626278653232,1.02655636352845,3.17586167389813,0.977893426805885,2.01441941954418,0.13137323908869,1.44125954996239
11.9535691637505,23.9146542779218,35.603679565507,41.4078490875775,55.8150011513897,61.2518601978685,7,22,37,44,58,72,2.92702703363417,1.17765528802086,1.11670007188089,3.21239486317466,0.942345225060317,1.95579122057348,0.157436445557454,1.43023126841686
11.7800412938943,23.5721960483281,35.515473021991,41.1636180269599,55.4550930568927,61.2522739729237,7,22,37,44,58,72,2.86617182124228,1.13967811372741,1.17363225581371,3.19206049822005,0.898916529378035,1.92466903120984,0.194606271857264,1.44587741597571
11.4978043958355,23.1454015598428,35.1385060490725,40.6277913493991,54.9052443236147,61.0462997100817,7,22,37,44,58,72,2.76761077689571,1.10751422346182,1.18490029198871,3.10562493311243,0.855249942496707,1.92090571759521,0.233841264210731,1.47625683190647
11.0970928519823,22.7417385699915,34.4008937625336,39.7161895860488,54.324014352174,60.418529223188,7,23,38,45,59,73,2.62860570436034,0.973805151043217,1.11007439347649,2.78979130827201,0.808091498483672,2.01009916781634,0.228320493840089,1.49590311223588
10.6181761644709,22.4503350443672,33.8446524125304,39.1177506397003,53.7940003658412,59.7630633882681,7,24,39,46,60,74,2.46399219282469,0.889927374785226,1.05192071032335,2.52905670682333,0.796762891895631,2.02870790435259,0.21376560759741,1.47815137603517
10.2870239509814,22.2233128645252,33.3497859493647,38.6302009579995,54.1586660330148,60.4800809906677,7,24,39,46,61,76,2.35120233883083,0.910311420764561,0.994214997716017,2.42617067822757,0.798724096347277,2.0638857821674,0.200753201921491,1.47714864127709
10.0721236087554,22.0909929990012,32.9592731859882,38.2762097480081,53.8901814694224,59.9329015568326,7,24,39,46,61,76,2.27848649548837,0.926599877876281,0.939680153278413,2.34604747677277,0.808532851269802,2.08682617565231,0.172274972505249,1.44988872471192
9.94672839181272,22.0276497452203,32.6781706656571,38.0500016196525,53.7469674282354,59.59050604652,7,24,39,46,61,76,2.23623741328213,0.938910047071399,0.894545904179216,2.28896654079757,0.823336477363175,2.109158201012,0.153326623035817,1.43927918742983
9.88430242491185,22.0057129392219,32.4932447141006,37.9315761562556,53.6979159873072,59.4150849035854,7,24,39,46,61,76,2.21525527511252,0.946975014220237,0.861293383727806,2.25169042796977,0.841365730685259,2.12787459391064,0.14191936638347,1.44092237710393
9.86258809847274,22.0014706123421,32.3504769935648,37.8668259854494,53.6788642414869,59.3265980686393,7,24,39,46,61,76,2.20796484787789,0.950463130280013,0.83339661012556,2.2230631759066,0.862648748960426,2.14022788307589,0.135855860781978,1.45032086178098
9.86466035217667,22.0028088547727,32.1175533505729,37.7294097811763,53.556508007822,59.1681563828429,7,24,39,46,61,76,2.20866041232625,0.950316496407164,0.787000897621868,2.17664311768076,0.888891840121286,2.14430313756978,0.132762053071244,1.4632568957886
10.0334038694608,22.255630250812,31.8921426454112,37.5461403454985,53.0609265848358,58.7263736675061,7,24,39,46,62,77,2.26542631791344,0.967167103517803,0.695450708464523,2.13206016866775,0.900536055887785,1.8748532001238,0.137388891209405,1.32449836197976
10.1390057471565,22.3612358586101,31.9862268050655,37.6367550776278,53.147630844626,58.7269779043605,7,24,39,46,62,77,2.30107590364117,0.967167853515834,0.693299204950969,2.15062774900298,0.89957592343308,1.87385403534579,0.130026031481736,1.30907930328867
10.2826951905813,22.5585590673358,32.4012384785321,37.9870663142843,53.5705122051232,59.1431530294797,7,24,39,46,62,77,2.34973382558133,0.977973908197759,0.734385614706646,2.23322654616037,0.881719487313829,1.89242155454551,0.129461945110431,1.30927075015406
10.4334076500323,22.8218192602265,32.942367184872,38.4460118885471,54.0947034134995,59.6569842087384,7,24,39,46,62,77,2.40095224523878,1.00079269774535,0.788138222130046,2.34260037736675,0.859173497888471,1.90916018684602,0.128593197328032,1.30478197506732
10.5744904888305,23.1138527819253,33.7122819986365,39.123080784874,54.8254757012131,60.3599248263319,7,24,40,47,63,78,2.44906312253295,1.03169766509251,0.766833583709649,2.36747656721483,0.833888608825721,1.92296952366931,0.126275427191192,1.29379588607071
10.70185845978,23.5756308298129,32.5280860533405,37.8455132911618,53.5699392367948,58.937925236092,7,24,39,46,62,75,2.49263094627195,1.10136004696225,0.572355339473961,2.258696692717,0.808664853914038,1.92864287743726,0.198647529510975,1.45734987804194
10.7555397389497,24.018686535145,33.104383810608,38.3710488274756,54.1314429689978,60.0575662383036,7,24,40,47,63,77,2.51103068612525,1.18448215350933,0.503130609123102,2.24534772658023,0.795039601001459,1.93791558791496,0.208893982609509,1.44634614999252
10.8965149962283,25.5136352647233,35.6154488208143,41.0612648851469,57.3234026466645,62.8757596298484,7,24,41,48,65,80,2.55945491608199,1.48910206968535,0.578483534294053,2.6249319621896,0.843401412169454,1.88800563306915,0.127764072510979,1.29684161995297
10.8819896901315,23.4768179373711,35.4682699402496,40.9811056117399,56.0258331113118,62.5330652764846,7,24,41,48,65,80,2.55445868018458,1.04313883667944,0.921180001005425,2.59430281956929,0.861687312999525,1.58994666224448,0.220994991516025,1.2652889417
10.9804390534244,25.1428701754792,35.3484355303373,41.010271460438,55.3469101082648,62.3787716298548,7,25,41,48,65,80,2.58835262065267,1.241993177836,0.694065265560921,2.56945725282005,0.90270618903175,1.42411721892726,0.283410909939214,1.25976160606783
11.0592869585428,24.9888517249116,34.9278509438271,40.607786037339,54.6912384023251,62.149016328066,7,25,40,47,64,79,2.61554943582778,1.19225166470816,0.752854536737498,2.61849376604929,0.907722365113305,1.36627527455913,0.339592902728816,1.29049825812336
10.9520296352102,24.3228838092081,32.9417813959725,38.3813967940712,52.3600473087168,59.1853933558763,7,25,40,47,64,79,2.57856455255945,1.07588025959744,0.515915362361682,2.21307768880386,0.84171485066819,1.34256538760142,0.257927799304365,1.13637055955956
10.7503226775033,23.2756188453811,32.5350977314465,38.1616931357068,51.5703595905134,58.0157420459238,7,25,40,47,64,79,2.50924152845381,0.908231263267654,0.626416193936089,2.13311604583038,0.892959952844057,1.21608417836241,0.21414722515047,1.02197293989071
10.6769716486861,21.7827729387263,31.2357815809126,37.2213769180739,50.2047245675721,56.6283762415023,7,25,40,47,64,79,2.48410824644053,0.652229027093849,0.661494975623204,1.88504212843897,0.993490025000303,1.12453677638289,0.211767314270394,1.0091141408931
10.7733015619934,21.9115204641589,31.2676770382799,37.2868265368734,50.2029008627435,56.8408583167154,7,25,41,48,65,81,2.51712353767008,0.657689625158284,0.54689033792817,1.77685038746408,1.00302276652867,1.11028729490686,0.185428247375524,0.953237547806565
10.8750285942107,22.2919121248579,31.4756569119532,37.5207115667345,50.3865092568777,56.9721167467057,7,25,41,48,65,81,2.55206484417323,0.705403450267247,0.518814076531516,1.81456586065449,1.01039783041234,1.09967996120706,0.180324308941739,0.942488891057351
15.2503761923218,26.072882847576,35.0369431048837,41.0289006665084,53.5428095164472,60.0009707108455,8,26,42,49,66,82,3.76360917964503,0.605325320769394,0.483963509164558,2.37424245495877,0.995295795586411,1.02646256243041,0.168215998204776,0.869423838048919
14.9232271930412,26.6861794473163,35.3857550434555,41.4198366334607,53.8243814641847,60.1997020486003,8,26,42,49,66,82,3.64781220451298,0.766543422288448,0.443415652079004,2.44421786882621,1.00727222365994,1.00407941357535,0.160587840335866,0.849317005926724
14.6137053381937,27.3083722259219,35.7224399962271,41.7939228053839,54.0587240172695,60.3306178527874,8,26,42,49,66,82,3.53874782575603,0.94095837261667,0.401426377301893,2.5124477339855,1.01793552117012,0.97574140455752,0.151333321844001,0.822103462030202
14.3475861868375,27.2004964302467,36.2997343555183,42.4437373758064,54.1984544705527,61.8885556406752,8,26,44,51,68,85,3.44537498727448,0.971929288137073,0.353938196843967,2.36999611175849,1.03868982465883,0.874880901890981,0.245562571537956,0.877844313012416
14.0956223805574,27.3387133673127,36.4440345127221,42.6909536209027,54.0862119318016,62.0501758219287,8,27,45,52,69,86,3.35731989466115,0.931063200437532,0.354715975227962,2.27433092973467,1.06831739222682,0.806331407727451,0.276585484344676,0.880164068730466
14.292311028264,28.6414582047409,38.2696053553024,45.4508874250216,56.289930067285,64.6751991326728,8,29,48,56,76,94,3.42602805439912,0.915654974464385,0.356045311469041,2.26077110049714,1.13792108301817,0.445836885511334,0.268466883519813,0.642711891087347
14.2566262646564,28.6207658251443,38.2127216241831,45.4650946141852,56.114038350113,64.5857952414516,8,29,48,56,76,94,3.41354677011914,0.918367168261294,0.351546019142484,2.25015349050239,1.15788042843375,0.420457159590933,0.278196086870808,0.639157321225569
14.2127360950876,28.5714884538087,38.1187352313901,45.4522320798332,55.8934257877644,64.4257548476389,8,29,48,56,76,94,3.3982050314068,0.917392231475143,0.346026268914127,2.23265190406306,1.18076345861618,0.393528258537012,0.28511401861298,0.631967782210602
14.1625458768081,28.503607176328,37.9988887060611,45.4204477982651,55.6437553976302,64.2312994751885,8,29,48,56,76,94,3.3806740493975,0.914193522406534,0.339664272522283,2.21040991892798,1.20573035080816,0.366206820361371,0.29149440051517,0.623896195765865
14.1061981025224,28.4140715524968,37.8516323092816,45.3670730170088,55.36928899495,64.0084800549665,8,29,48,56,76,94,3.36100883221821,0.908204825470984,0.33266547309327,2.18319690036105,1.2324896843064,0.339464156974438,0.297526333349063,0.615774585657158
14.0437325768115,28.3052794568798,38.0064939365082,45.6933271893404,55.5979804346937,64.1742422463402,8,29,49,57,77,95,3.33922913670794,0.899871473994919,0.304673398370651,2.0976140216963,1.28171228010352,0.327981658216434,0.290184931949313,0.616942882396111
13.9751781718408,28.1770163824989,37.88561066855,45.6161309047975,55.2217599604229,63.9272776847136,8,29,50,58,78,96,3.31535157924463,0.889176154703954,0.253057072347698,1.96652526630518,1.29433368473656,0.294021233099907,0.305362851290381,0.603498117328274
13.9006310710393,28.0583568072024,37.6401569954411,45.4608425845423,54.8422329457361,63.5964217043293,8,30,51,59,79,97,3.28941687546879,0.781304231206259,0.240599592841555,1.81993386405354,1.32047705165202,0.269791111779033,0.311177527830254,0.59447634659121
13.8202331054402,27.8873408363724,37.4185636102084,45.3309495494744,54.4934384166261,63.2986903491477,8,30,51,59,79,97,3.26148218242161,0.766304179265542,0.235723602969708,1.7829070211113,1.34719353022253,0.247176057553286,0.317336122462248,0.586491415227188
13.7341532154918,27.8205254729642,37.3609261973625,45.3659164199103,54.3098216258879,63.1825796188192,8,31,52,60,80,98,3.23161455329078,0.679189878524197,0.236604458421135,1.67478810247682,1.37430196255527,0.225630049348077,0.325568793212701,0.580396365911561
13.6426392315517,27.6294014545491,37.1450590111865,45.2477320588167,55.4715313119084,64.3540481184352,8,31,52,60,81,99,3.19990877123933,0.663971869332209,0.234233744463305,1.64019128224254,1.40303445367157,0.307074029445736,0.326767461257621,0.671687218035803
13.5459389288763,27.4333067335326,36.9435796482016,45.1442909489196,55.1709575495627,64.085082828572,8,31,52,60,81,99,3.16645981009783,0.648938252373729,0.233719518594651,1.60817184587604,1.43201059786709,0.285766388629792,0.33066466488208,0.66423089389678
13.4443831494612,27.2352419317094,36.8567715959004,45.1592974916746,55.03652632212,63.9657772003724,8,31,53,61,82,100,3.13139145508411,0.634486992177552,0.200469773970649,1.50238571959229,1.46224749037396,0.270140277836907,0.332537558722294,0.660655126362452
13.3382996258452,27.0410315788142,36.6845426111875,45.0806740236243,54.7802096092013,63.7371129578767,8,31,53,61,82,100,3.09482630242158,0.621417447621469,0.202355751038749,1.47619760762599,1.49017395585296,0.252156003128738,0.335974865827054,0.654468345026168
13.2280506127887,26.8525938187762,36.5264093396658,45.0141982434982,54.5513700956791,63.5341279352889,8,31,53,61,82,100,3.05689861747806,0.609923629107834,0.204971859342533,1.45232654530159,1.51763539580638,0.236294366590433,0.339204201930804,0.649572171054616
13.1140204164774,26.6730803967441,36.3835686352441,44.9605056930631,54.3521761381665,63.3589019311395,8,31,53,61,82,100,3.0177498505312,0.600371694779391,0.208162530573349,1.43090783024774,1.54445331724517,0.222546844919633,0.342211272264838,0.646048321168437
12.9966032482848,26.5050904704523,36.2567052202987,44.9199820914883,54.1846556367986,63.2133606303864,8,31,53,61,82,100,2.97752430303648,0.593041232622882,0.211772987676979,1.41200000264217,1.57052648606249,0.210910454778486,0.344980113479111,0.644020344848292
12.9416967076143,26.5720592580565,36.2734329468326,44.9203204395985,54.0866314525308,63.0772760471731,8,31,53,61,82,100,2.95874440675334,0.610775764770494,0.207366992883339,1.41448689794783,1.56556967570243,0.202131150985668,0.340192272261251,0.62754881271124
12.9266196666637,26.8474578605857,36.4440526360615,44.9501096515513,54.1078336689215,63.0810841688414,8,31,53,61,82,100,2.95359096181628,0.653983748572991,0.198342220750712,1.43996058149814,1.52312224741991,0.201374416561915,0.33801495277852,0.609813877960576
12.8987398553438,27.1199051691979,36.6151057947585,44.9102551470595,54.1707452500337,63.2133012626356,8,31,53,61,82,100,2.94406532672169,0.700022724325663,0.189820532258801,1.46569520277212,1.4600519168647,0.210532909106116,0.346730538391486,0.605721859424752
12.8581327212967,27.3453719863179,36.7278281160542,44.7482377725807,54.242107945332,63.4031483514658,8,31,53,61,82,100,2.93020024780834,0.741943737173275,0.180589752151215,1.48276082945291,1.37882813743265,0.232156809471761,0.361878120977758,0.613861892884281
12.7487406558596,27.4711548759406,36.725623841373,44.347162166032,53.9889236392173,63.3765015918281,8,31,53,61,82,100,2.8929029159102,0.779863130321162,0.170424037802807,1.48242630251002,1.26290448539091,0.246449195315881,0.391698232120811,0.61127618245609
12.3312801591968,27.05396409991,36.0345620815011,43.6359332878526,52.4781298414053,61.7006152753814,8,31,53,61,82,101,2.75131245193924,0.779907080178265,0.149791025244056,1.37915411410109,1.25710922348516,0.174651959178813,0.307220999626198,0.462824011050802
11.8138847330488,26.5852477368676,35.0746847491661,42.5976187844683,50.4021378445405,59.4150287049202,8,31,52,60,80,99,2.5775451996477,0.787856266848715,0.147284603490344,1.32404091458857,1.2346317832338,0.130437742391353,0.283398485301686,0.392348916147985
11.2068027858628,25.9734300282402,34.3694556807116,41.8625446491327,49.6495023403068,58.6915682133377,8,31,52,60,80,99,2.37627324144547,0.787081432458979,0.140482169195337,1.22308959746768,1.2261055135219,0.129197616923599,0.286656387672826,0.390825936627934
10.5331526105038,24.4850339160834,33.2048647379662,40.6960347358382,48.6733622144839,57.8050300299466,8,30,51,59,79,98,2.15655754327731,0.747407696429092,0.164858181484598,1.1410646053382,1.22555779384032,0.143009416498082,0.29677979968743,0.414406149211708
9.82642372296315,24.1991703963078,32.6010881408733,39.9993730111084,48.1574571618214,57.2781566315516,8,29,50,58,78,97,1.93061510823039,0.919925673246816,0.140905745984867,1.13680237290069,1.19911908872742,0.15687557553732,0.295531052452103,0.421060970762782
9.12466489084562,23.6717565536036,31.8364165638875,39.3172964026395,47.6472921968846,56.8120677270328,8,28,49,57,77,96,1.71146101781697,1.06589879928191,0.124434250532126,1.11026609988064,1.22262177265586,0.170742189300477,0.300565178065361,0.447443203345575
8.46333774804764,23.8624858557936,31.6330576590342,38.9546272451836,47.3100150500248,56.7723209850658,8,28,48,56,76,95,1.51029847847765,1.23724484119956,0.128046726885282,1.16221640878893,1.17739200358901,0.172846362916431,0.335657130269488,0.462265569437153
7.88346783331905,24.2162660358821,31.6231290411697,38.7655668688087,46.7541045159699,55.1356217921913,8,27,46,54,73,90,1.33875457890872,1.58064444390629,0.134090564685973,1.33285097213308,1.12705272035962,0.181241783400071,0.327413444347921,0.456292126580601
7.77120995540192,24.6696916031161,31.9293795086081,38.9906504545844,46.8575779637746,55.2904649670478,8,27,46,54,73,90,1.30611602724339,1.71181666170579,0.123426247895989,1.38022592836603,1.10442943403156,0.170725189916855,0.333954646895318,0.442224930762045
7.84252075429784,25.1581052950002,32.4714616157891,39.4531892488882,47.2509341587779,55.792991405952,8,27,46,54,73,90,1.32682700512782,1.81065191170231,0.127255808079725,1.465791447793,1.08237410215711,0.164897442652616,0.348061804279254,0.43858844853899
7.85605874135525,25.6777312609551,34.1124732161923,41.0038685717691,48.9034057233017,57.1702393656359,8,27,47,55,74,93,1.33076769245314,1.93287332264634,0.179515038002802,1.63544019112121,1.05746841890386,0.173511148953272,0.206609080715748,0.330233473936629
7.7815498815905,26.187620327951,34.4702349043121,41.3934415141627,49.3315315778866,57.8401372339066,8,27,47,55,74,93,1.30911421561102,2.0770005234075,0.166854354972815,1.69520206060998,1.06622185953106,0.176837070642333,0.230104678547275,0.35469553206063
7.7029707802266,26.6600470022194,34.7407819624241,41.7146195948674,49.6275722341318,58.2822211300104,8,27,47,55,74,93,1.28637100350451,2.21568692128442,0.150852347641369,1.74097044912229,1.08019271293019,0.174664532534591,0.244946991811932,0.36855502042972
7.62126478736726,27.0583845377546,35.0359387987407,42.0607175457194,49.9223706382331,58.600302887189,8,27,47,55,74,93,1.26282583757658,2.33861801805309,0.143026354500544,1.79145947288218,1.09429676948613,0.170276924848935,0.247358163676244,0.37042957972105
7.53752733656159,27.3896890172635,35.3448887385287,42.4211581192034,50.2274362335005,58.9540278505408,8,27,47,55,74,93,1.23880616640602,2.4464174137575,0.141362275068419,1.84492307101436,1.108600983021,0.165610168455946,0.252436915608302,0.374105970074583
7.45285744069485,27.7225755757765,35.6493813397157,42.7973853185186,50.5659340730386,59.3637403824384,8,28,47,55,74,93,1.21463519480172,2.36991531129293,0.175859974841178,1.89822285701133,1.12860845506025,0.162471834206651,0.259966375432889,0.382824237392223
7.36837963052981,27.9749322625646,35.9917507160501,43.2032260224536,50.8924476110238,59.7295682833679,8,28,48,56,75,94,1.19063757490376,2.45625458843203,0.145976313656128,1.85082968417539,1.14638729563514,0.155982763235849,0.264172019248835,0.384783024537016
7.2851309217188,28.1866389581654,36.2478916800168,43.5199769149042,51.1424743269542,60.027629955216,8,28,47,55,74,93,1.16710702153383,2.53258001710063,0.187695577299817,2.00471590167835,1.16343035727706,0.1506395399816,0.269357678022457,0.388297076161356
7.20531374764115,28.3586485813786,36.497634749654,43.8256830532426,51.3693733066526,60.2942615965203,8,28,47,55,74,93,1.14465829148731,2.59826481309554,0.194731385379725,2.04981840219213,1.1792230287627,0.144464084282153,0.273686120235738,0.389717732522339
7.22019503614613,28.4963731338186,36.6535999284788,43.9934040554914,51.6581382321165,60.5711493942421,8,28,47,55,74,93,1.14883528545282,2.63047697097864,0.196402789039528,2.07818096911974,1.18254730325904,0.154009627753641,0.272388535968185,0.399972683647396
7.23462715547196,28.6318224235861,36.7962239363609,44.1467759007801,51.904859314581,60.798309664087,8,28,47,55,74,93,1.15288989252636,2.6623181734449,0.197062337404284,2.10424824285787,1.1855885980339,0.161607263839655,0.270258380209406,0.407228272942602
7.24893680905964,28.76604605434,36.9284427882537,44.287226547567,52.0816525118618,60.9460474697251,8,28,47,55,74,93,1.15691366904568,2.69397369085206,0.196877924007115,2.12852471332735,1.18791925789038,0.164620694579183,0.267110088886854,0.408567951481698
7.27779137309824,28.5836659839522,36.9095134345936,44.2357940156814,52.0360073574239,60.9747212545633,8,27,46,54,73,92,1.16503815684958,2.83434278012218,0.212219683190906,2.24234538523376,1.17872336130168,0.165103439330972,0.275200546789452,0.412692225418967
7.31122499063389,28.4840204936394,36.9077996818255,44.2243776359434,52.0244405495719,61.0436971651812,8,27,46,54,73,92,1.17446988299522,2.7981930742273,0.221707850683369,2.24202123633895,1.17598174918803,0.165090881633181,0.284107722524373,0.418858167623588
7.34533445602617,28.3871990306932,36.9150483510627,44.2206351116379,52.0127973432698,61.1053603317537,8,27,46,54,73,92,1.18411196486858,2.76274811638703,0.23203254012269,2.24339241050293,1.17287797729045,0.164432083475841,0.292339842742268,0.423638233779605
7.37995435874081,28.2977351523975,36.9320773453279,44.2258809009937,52.0027031924926,61.1619095006501,8,27,46,54,73,92,1.19391853141063,2.72926894367105,0.242854130875993,2.24661488699637,1.16955284890202,0.163157159405957,0.299926733217715,0.427128278079408
7.41495468206683,28.2192215853379,36.9579741790121,44.2393139434288,51.9935814584455,61.2159632044227,8,27,46,54,73,92,1.2038533846735,2.6987382263457,0.253714573414382,2.25151878359993,1.16603825811245,0.161292663862746,0.30720897560224,0.429624249337785
7.45017970255288,28.1540801084737,36.9906233002148,44.2587423657439,51.9837957708172,61.2707183317141,8,27,46,54,73,92,1.21387270144458,2.67182123441222,0.264109991870005,2.25770700986757,1.16231315367805,0.158895488286445,0.314738780098114,0.431589333162576
7.48546802366958,28.1038073152728,37.0265422992031,44.2802651682835,51.9707354537406,61.3339062223578,8,27,46,54,73,92,1.22393067281952,2.64893284567823,0.27345063612167,2.26452233110999,1.15826026889167,0.15608375916503,0.323751295948233,0.43402001703318
7.52072018242927,28.0689799107648,37.0617772352395,44.2999167448783,51.951925490542,61.4132040998178,8,27,46,54,73,92,1.23399881904502,2.63022596317487,0.2811656806611,2.27121530867079,1.15387721319583,0.152989829612061,0.335532666144581,0.437963201849571
7.55580204347056,28.0496488173549,37.0899259953428,44.3144141047651,51.9279211059302,61.4740625901637,8,27,46,54,73,92,1.24403849961789,2.61572611020136,0.286456105188767,2.27656754173032,1.15004101651448,0.149927626579686,0.345890349604284,0.440902780449772
7.5654840826819,28.0677074359081,36.8017051980757,44.0383123041904,51.6038473115541,61.3799217083594,8,27,46,54,73,92,1.24681281602587,2.61795685496318,0.253214622592559,2.22198815057621,1.1534464291106,0.146161181798847,0.374723313552539,0.45856123903715
7.53728769663855,28.1185945005895,36.7797682758493,43.9967831817682,51.4990204149446,60.8296895667558,8,27,46,54,73,91,1.23873758986,2.63904296689067,0.245621452139652,2.21785437384503,1.14794233723392,0.141274630473497,0.384101979393419,0.457851163346548
7.50909214446306,28.1574287610356,36.5864732233789,43.884249077962,51.2956816014013,60.621740109403,8,27,45,53,72,90,1.23067555544914,2.65695130464582,0.273369379387239,2.30169277353111,1.17067353465001,0.134429861714653,0.383489617764531,0.456491697514734
7.48093417834874,28.7940400932583,36.968764349207,44.2647116040333,51.5029533305597,60.8852135585366,8,28,46,54,73,91,1.22263727242143,2.6401818606928,0.245519007264647,2.25356322064841,1.17015760689491,0.121914946697946,0.390985449540009,0.445548584895647
7.45281405813781,28.7822296167202,36.9023210301591,44.2340367623227,51.4023972960182,60.7973468100252,8,28,46,54,73,91,1.21462284055032,2.64447131584744,0.239736488913389,2.24098509090007,1.1802598401718,0.117065719840648,0.392687318375933,0.443590548955804
7.42475090721013,28.7652127358058,36.8454313818731,44.2077272467526,51.3097704968406,60.7086171143413,8,28,46,54,73,91,1.2066377222749,2.64737759763832,0.235561283059814,2.23023649469014,1.18891398599688,0.112570218349692,0.393210689593876,0.440688979395527
7.39673578351189,28.7439371210079,36.80165807026,44.1885735207245,51.2285671472648,60.6217776126921,8,28,46,54,73,91,1.19867937821764,2.64915120333975,0.233222296913787,2.22197926674929,1.19589280021982,0.108457715051995,0.392453874213762,0.436780581870353
7.36974453293135,28.8273431810511,36.8698920683956,44.2647701929332,51.3647625893338,60.6897695665996,8,28,46,54,73,91,1.19102435067813,2.6782508249061,0.231651786630999,2.23485566559396,1.19815213215086,0.112432845858411,0.383350023563968,0.436758668253325
7.34458744752275,29.1201934746016,37.1324972317972,44.5058910545303,51.9055788267214,61.0803341030658,8,28,46,54,73,91,1.18390058805622,2.76256235859644,0.22853752863833,2.28467099969901,1.19205861343141,0.133558782987534,0.363651536180002,0.44842563713885
7.31954797713974,29.4074297790196,37.9316434724068,45.1483128338192,53.1194275438631,62.1787484144093,8,28,47,55,74,92,1.17682079986428,2.84604543081003,0.231667667576978,2.31613438846638,1.14784532248053,0.179713797923379,0.3488549164137,0.476352206172914
7.29458517395368,29.7084896610664,37.8700153408818,45.0775299414613,53.3387159387729,62.3414503889867,8,29,48,56,75,93,1.16977334174599,2.73889028842766,0.196797827593407,2.1865870842465,1.1452757998801,0.20607637240173,0.341709618338367,0.497870900335027
7.26969221082325,29.883288033279,37.8170657550665,44.9983819949915,53.5663205704303,62.5679796357115,8,29,48,56,75,93,1.1627562499309,2.79131428891097,0.176463316779569,2.17682759004529,1.13793065533325,0.236075952003027,0.341574518935131,0.525376224791828
7.24484230900247,29.935152289827,37.7711138842456,44.9237232185508,53.7896733674507,62.844868375366,8,29,48,56,75,93,1.1557619607397,2.811526979097,0.168102792160003,2.16837137971529,1.12989606318066,0.267278121961183,0.348331522746074,0.558103709454536
7.22004774560429,29.8306769074965,37.729024215768,44.8510287213595,53.9884092960408,63.1434749763779,8,29,48,56,75,93,1.14879392387049,2.79053344442688,0.173409057329938,2.16063692403405,1.12134634090422,0.297431247471473,0.361106849131652,0.593740927517143
7.19532220459017,29.5592238504091,37.6885777825084,44.7779217585587,54.1410380090443,63.4231004192189,8,29,48,56,75,93,1.1418559621639,2.72580680636766,0.193851902834021,2.15321437707916,1.11224075407055,0.323744806869507,0.37766952650777,0.62823912117749
7.18090918436291,29.3608852041241,37.6648966337966,44.6465800379336,53.9474233607375,62.6661395463749,8,29,48,56,75,93,1.13781662562858,2.67783346553389,0.210134279316848,2.14887305065633,1.0823618707564,0.316374785105845,0.306934300601001,0.550664294292578
7.17713038497362,30.7075197630924,38.9030306876776,45.8150322500145,54.5559698470611,63.3346497550115,8,30,49,57,76,94,1.13675819829445,2.841308564708,0.199935980005366,2.26152652480913,1.06313643159967,0.25394448888224,0.314123927230035,0.494015137855357
7.17297910722111,30.7788699392023,38.9667142576556,45.9070873086087,54.6119032780827,63.401523784821,8,30,49,57,76,94,1.13559573098382,2.86102731907734,0.199225709168979,2.27334790441025,1.07095335312655,0.250157481729889,0.315444550084322,0.494323521879022
7.16847528156243,30.7173219353349,38.9078225213802,45.7938809994976,54.496673012858,63.2942828911653,8,29,48,56,75,93,1.13433488442057,3.04043093686917,0.199471643706985,2.38117832716651,1.05600173639123,0.249946163222535,0.316410656382516,0.489661002306672
7.16665892220108,30.712383189511,38.6263609407798,45.4472639565967,54.1410168779568,62.9877616622451,8,29,47,55,74,92,1.13382649561305,3.03958968394767,0.218565599306393,2.44949750565702,1.03813900973963,0.24900353693949,0.322384132183738,0.487253514749439
7.2381354183879,30.5672665220487,38.5163742372185,45.4489100554363,54.2491653215634,63.0751976052198,8,29,47,55,74,92,1.15387606302294,2.98138734463151,0.222101557630394,2.42820016633302,1.06879253944968,0.260227335982263,0.319859370539671,0.506388542666999
7.34729357994639,30.2655159875881,38.4115456679642,45.5117223015946,54.482334503872,63.3754066538695,8,29,47,55,74,92,1.18466637218409,2.8718143617999,0.24247299251013,2.40796542699398,1.11525872780483,0.278710888646965,0.328066388021663,0.546849072900591
7.465778793783,29.9171042141529,38.2544606189011,45.4181522295781,54.5217758040595,63.2941526559095,8,29,47,55,74,92,1.21831625641848,2.74869310596776,0.263152655098552,2.3777609694762,1.13299608699436,0.293592238782214,0.313364333072843,0.554602650945625
7.59058940374083,29.1754909140249,37.4531551260849,44.6762732705323,53.8402795926181,62.4589099480597,8,28,46,54,73,91,1.25401362402952,2.71191552526844,0.256607631850685,2.34605155635023,1.14965622010883,0.300476956969096,0.295117637730628,0.551125704379836
7.65162415450354,28.92299402423,37.109759972767,44.3415802572936,53.5245549112571,62.0718951819882,8,28,46,54,73,91,1.27156209877393,2.62921406784212,0.246803117619322,2.2803416147433,1.15210103695498,0.302656241312027,0.286841642722939,0.546673268453791
7.65150748037851,28.7887993899964,36.8067970503084,44.0399023223205,53.2346559175347,61.8157771088112,8,28,46,54,73,91,1.27152849631541,2.59406621514379,0.229122132128154,2.22294806850585,1.15246215858273,0.304013506129227,0.290748571312769,0.551455654620497
7.65008827666983,28.6572317252668,36.514082543764,43.7514482666935,52.9546400759787,61.5618028492571,8,28,46,54,73,91,1.27111977920699,2.56007559421307,0.212879417695658,2.16801918975584,1.1536596837987,0.304987695660671,0.293778443177955,0.555426807016048
7.64739150083295,28.5291317753637,36.2335764744413,43.4778542279266,52.6870136254794,61.3078276177973,8,28,46,54,73,91,1.27034322184236,2.52744403890143,0.198098124083288,2.11587001016871,1.15560318436199,0.305677593999735,0.295372988914192,0.558154840650124
7.64345422136053,28.405270956254,35.9672872330184,43.2207903744683,52.4339075146823,61.0549259789107,8,28,46,54,73,91,1.26920965983312,2.49634943208302,0.184798499822899,2.06681199991679,1.15819843791184,0.306135569175149,0.295396905183909,0.559534021417465
7.63831968569879,28.2859363110631,35.7169054411136,42.9816454545807,52.1970796329467,60.8058522044336,8,28,46,54,73,91,1.26773177301265,2.46684078775504,0.173003023013408,2.02108743679378,1.16136154539393,0.30640384733511,0.293966253616069,0.559668865886265
7.62075166389517,28.2479768269405,35.6486594278987,42.917478289211,52.1353180141445,60.7360808478194,8,28,46,54,73,91,1.2626783068484,2.46158229174103,0.170337365018378,2.00869269677556,1.16251025473058,0.306682497785759,0.293032373194929,0.559511618737004
7.61699668178839,28.2529800755446,35.8731123149771,43.1779745259494,52.3879018788284,60.9878074645051,8,28,47,55,74,92,1.26159882123799,2.46384044833391,0.150452066807481,1.93776546451664,1.17267344639985,0.305766432095142,0.29293251179633,0.562326672872643
7.61645605559463,28.2571769347683,35.8786270173258,43.1825904574213,52.3976797769725,60.9933954583566,8,28,47,55,74,92,1.26144342013602,2.4650621725097,0.150556508108188,1.93874417310199,1.1724197476105,0.306363910427542,0.292444671448705,0.562334247386989
7.61325560471074,28.3636875964691,36.2375709946672,43.5804178057011,52.8720227282625,61.2628576322334,8,28,47,55,74,92,1.26052355770373,2.49340320102846,0.171317360491919,2.00286039306711,1.18340808665695,0.315288592963332,0.269087717975603,0.553125413280358
7.60690070222072,28.3017651280456,36.0385030325623,43.4954468905393,52.6652899238567,61.0135838096418,8,28,47,55,74,92,1.25869754071655,2.47903721984199,0.159851851256563,1.96720160628069,1.21579904267823,0.301146699029125,0.264361024620974,0.547992739210856
7.63006477902713,28.6098221758923,36.2533537793277,43.729530091366,52.7340892322563,61.3846529119186,8,28,47,55,74,92,1.26535662329575,2.55293930962888,0.152312603906247,2.00569817694702,1.22128032853881,0.282471571145579,0.298862826173131,0.564043991254532
7.62814326464052,29.0407702488515,36.7500791836458,44.2554039050042,53.0744935643821,62.030570777677,8,28,47,55,74,92,1.26480391015402,2.6663861036205,0.157611910986393,2.09580077748607,1.22959931060603,0.262238839454699,0.335871925162269,0.579594658039352
7.62057058875706,29.4652320015259,37.2698544924932,44.8193453652913,53.4535310403789,62.6789570521798,8,28,47,55,74,92,1.26262624602452,2.7809650962965,0.165471750482113,2.19169998016112,1.24223089941069,0.242838036161176,0.370239435712211,0.593172834109898
7.61306526650574,29.8808965103896,37.7942437514511,45.3972548339887,53.8540344094129,63.2873870998659,8,28,47,55,74,92,1.26046885653365,2.89445706603481,0.174698522005046,2.29008769808829,1.25758021764855,0.224954867759051,0.397859040522137,0.602131576303751
7.60564595778608,30.2833866085256,38.3106224753467,45.9735097744844,54.2579756027212,63.822114604972,8,28,47,55,74,92,1.25833707921015,3.00554594780993,0.184661029854173,2.38854363033128,1.27480693292904,0.208276974446937,0.415708991323626,0.604096582690585
7.59833484522201,30.6683724224169,38.8096267238649,46.5360900383824,54.6515575263145,64.2675638191212,8,28,47,55,74,92,1.25623725447444,3.1128909908233,0.194938794381701,2.4851356863197,1.29316035631526,0.192587790985937,0.422888717931562,0.598370325967624
7.59114850006671,31.033129632881,39.2872398799492,47.0789624879207,55.0282354020672,64.6264599673155,8,28,47,55,74,92,1.25417410204478,3.21556863128488,0.205410003084617,2.57889267474608,1.31206553755735,0.177808328608345,0.420420869598406,0.585775150138535
7.58410061182482,31.3753101278374,40.1712634280459,47.9828609617365,55.7285015512235,65.0569573761945,8,28,48,56,75,93,1.25215150769978,3.31275234106969,0.211639566010567,2.62629135598118,1.31783628140488,0.160582685501738,0.383807959301461,0.538915406160773
7.57721705133299,31.7230165377682,40.6262826332245,48.4908857145965,56.0696663466831,65.3052311768083,8,29,49,57,76,94,1.25017684546655,3.20239825345553,0.221739276570347,2.58944539928154,1.33325624920632,0.147195710165575,0.37156438602724,0.51822006064653
7.57052697314942,32.0211402130562,40.9320804337019,48.8597314463296,56.2845380314735,65.4284384584109,8,29,49,57,76,94,1.24825842035302,3.28595122160571,0.222471220515414,2.64933297727566,1.35165330735479,0.135425751011289,0.359667647324428,0.500292417507896
7.56403352133534,32.2961809368144,41.2435450709967,49.2355134292587,56.5207931428239,65.5580051714809,8,29,49,57,76,94,1.24639707167955,3.36361875955851,0.225962877384607,2.71083947069863,1.37048230114689,0.125243894144516,0.346054684874014,0.482760694826097
7.55778053934582,32.5482032886179,41.559719002657,49.6171123121923,56.7781193972936,65.7001951799329,8,29,49,57,76,94,1.24460529933559,3.43528005536609,0.232183182290416,2.77379478342687,1.38969847361527,0.11656214009875,0.33164847630972,0.466299421219939
7.55177435433303,32.7788272358881,42.3721646804988,50.4977442845967,57.5706584960127,66.2913928070643,8,29,50,58,77,95,1.24288484311694,3.50127387422444,0.241719318931129,2.80664920371879,1.40979232973403,0.110628342227304,0.307174936486381,0.445802906916506
7.54605805874915,32.9899553367131,42.7302301390633,50.9105385395466,57.8802955326981,66.4751115287977,8,29,50,58,77,95,1.24124796918471,3.56202886083829,0.256221678644608,2.87836190353524,1.42596897629199,0.103911697521034,0.292339971924928,0.429997236512534
7.54081862297271,33.2276065352428,43.2078932781001,51.3960786415201,58.2955650989044,66.8908130403077,8,29,50,58,77,95,1.23974811185661,3.63039331605948,0.280867836128645,2.97502552566484,1.42830076673765,0.0994791589623711,0.292390236574951,0.424453687009469
7.53595065334665,33.4624277368848,43.7060281076142,51.8961549741161,58.7341596367524,67.337882886128,8,29,50,58,77,95,1.23835499211126,3.69817449311191,0.309257630091963,3.07702603283475,1.42887563916603,0.0956956456849219,0.293377364629024,0.419914133421693
7.53145459493191,33.6916164686944,43.5552129444162,51.762200831156,58.5472158785105,67.2540851266932,8,29,49,57,76,94,1.2370686493011,3.76455661028379,0.323208350549683,3.18277208943893,1.43387038578104,0.0925054075261543,0.305523584440186,0.425877210620884
7.52730306080478,33.9180723332243,44.0071228441826,52.2156411645635,58.9583812962546,67.6738113355463,8,29,49,57,76,94,1.23588116927885,3.83034917718635,0.34984856773368,3.27808101517748,1.434323946773,0.0900070483139054,0.306542668848214,0.423007914036294
7.52343425258465,34.1505812046522,44.370342966672,52.6229599095442,59.3598157623761,68.1012512920718,8,29,48,56,75,93,1.23477481179394,3.89807677496027,0.433469748725864,3.50019989445937,1.44740730399831,0.0896625868133727,0.309648675371759,0.42874372333
7.51998869508756,34.3768890074119,44.8107447195004,53.0652080307588,59.7757992365289,68.5298178589466,8,29,48,56,75,93,1.23378969661017,3.96418209327628,0.463244184816674,3.59672648611438,1.44795569052362,0.0881348534031361,0.311157107520002,0.42768353624226
7.51699860917385,34.5273053543058,45.2453060245738,53.5008373449491,60.192818107248,68.9598377431481,8,28,47,55,74,92,1.2329349620906,4.24077065832407,0.504154736889401,3.84604086391949,1.44827291986585,0.0870620049348381,0.312719436037506,0.42727709388241
7.51447633009322,34.7330280555199,45.6736620432629,53.9275054755936,60.6066016573728,69.3851828873362,8,28,47,55,74,92,1.23221406679277,4.30263330206909,0.537294834827892,3.94347846874109,1.44777157605987,0.0863239290331976,0.314112028368355,0.427007745014835
7.51245761162089,34.9312164877553,46.0929711682466,54.3435402621289,61.0163148746444,69.8065461704496,8,28,47,55,74,92,1.23163716973187,4.362300582297,0.571132119900064,4.03960854527073,1.4467991321915,0.0859632085170186,0.31551835782171,0.427191497392493
7.51094670983577,35.1216473768196,46.5020833489457,54.747698663147,61.4205694198809,70.222751406917,8,28,47,55,74,92,1.23120543710061,4.41967929324927,0.605480643073559,4.13410477513924,1.4453281989666,0.0859686877760171,0.31696418711586,0.42782632556345
7.50996877602034,35.3042144715922,46.8997814142013,55.1388226416522,61.8180543633675,70.6326615627664,8,28,47,55,74,92,1.23092601734011,4.47470584888514,0.640111266345857,4.22662050494328,1.44337667952003,0.0863316732985256,0.318470869049676,0.42892049492312
7.5095466899487,35.4786778558837,47.2857242578021,55.516509936776,62.2084470293367,71.0360688718237,8,28,47,55,74,92,1.23080542180257,4.52727820937503,0.674948397234975,4.31701048758349,1.44092688145472,0.0870594968941381,0.320052785971255,0.430487873057374
7.50970583467699,35.6446977120058,47.54704789311,55.7586562762655,62.4178691111567,71.2933605445301,8,28,46,54,73,91,1.23085089119997,4.57726413085338,0.791744631048597,4.54644335417278,1.43523982248956,0.085192460024619,0.325904322756317,0.430125744970454
7.50655653215177,35.8077120208416,47.9117873229514,56.1114068614663,62.7917690982279,71.6829657681404,8,28,46,54,73,91,1.22995117804941,4.62746345866461,0.828782652904572,4.63434609630418,1.43168715972029,0.0863962833964555,0.327835410149615,0.432361658230522
7.50332218989634,35.9664689363954,48.2630230998794,56.4487104641731,63.155320556077,72.0631340524597,8,28,46,54,73,91,1.22902733949688,4.67651869323026,0.86473817031814,4.71947181193676,1.42756119676477,0.0879046780164404,0.32988464596794,0.434971081180222
7.50070923252291,36.1251834393552,48.6025996224896,56.7725742397718,63.5100112044254,72.4354479034305,8,28,46,54,73,91,1.22828111503914,4.72548592906284,0.899059655733984,4.80221119018471,1.4229112451334,0.0896965689720556,0.332064790858457,0.437933815750289
7.49874742661682,36.2946044299854,48.9356692984117,57.0883095293575,63.8600739609887,72.8047248804173,8,28,46,54,73,91,1.22772092410591,4.77762746811762,0.930553462300157,4.8837794328814,1.41778549133123,0.0917178598466558,0.334449722519338,0.441223130694305
7.49345922085522,34.9878901575173,47.7653750457477,55.8953218112125,62.7880788160941,71.6675720736893,8,27,45,53,72,90,1.22621119931362,4.63198893852601,0.957120236333757,4.7725311877153,1.4110815871656,0.0990607364253251,0.32639585085159,0.444245466179015
7.48510451916951,34.9708001051581,47.7365665832561,55.9066171575017,62.823439502717,71.694752533073,8,27,45,53,72,90,1.22382696096761,4.62931399830425,0.954827105856282,4.76546236356666,1.42293371497061,0.100561941199719,0.325391492439738,0.449376419093647
7.47557108932448,34.948946048611,47.6935868579249,55.8981384135493,62.8438922280005,71.7077370351872,8,27,45,53,72,90,1.22110774574815,4.62554174262312,0.950698335945743,4.75492206674119,1.4331484206377,0.102384624707043,0.324475874083677,0.454536513744405
7.46496625986277,34.923983661533,47.636035825238,55.8678997623197,62.8507859615281,71.7099449920292,8,27,45,53,72,90,1.21808469862854,4.62114667128887,0.944342486415198,4.74081916703613,1.44124679520311,0.104752683421074,0.32390203309979,0.460081116531914
7.45406055002284,34.8944721510374,47.5657860452904,55.8184768442637,62.8420763813328,71.6967921640359,8,27,45,53,72,90,1.2149778222462,4.61545249260037,0.936419845861494,4.72362130424042,1.44742923894403,0.107386262479849,0.323358352276465,0.465412082813448
7.49389260201433,34.9098062149013,47.421780221712,55.75081311929,62.8722388170331,71.8920589599794,8,28,46,54,74,92,1.22633490759208,4.36145130570063,0.905675778372618,4.51637143089284,1.4701433519613,0.0872613629578051,0.343859541259652,0.448694715667046
7.55858330686421,35.0630743815383,47.3836580252577,55.8792808629269,63.1065995840153,72.2749343623626,8,28,46,54,74,92,1.24483529437479,4.38790819754456,0.869268472592616,4.50723179731688,1.51998778005572,0.0932786076881419,0.362820811379666,0.487823889955678
7.62982814058245,35.2881463717391,47.4432585884632,56.1172952516554,63.4607819349423,72.7396817860677,8,28,46,54,74,92,1.2652885523511,4.43394021987029,0.838258487357877,4.52152325341945,1.57378257971754,0.100163036515089,0.377252785968685,0.527111078448685
7.70712502911691,35.5778673267435,47.6055328281079,56.456655036255,63.9109308351316,73.237204399782,8,28,46,54,74,92,1.28757095241502,4.49768456596324,0.814674925616545,4.56050402488961,1.62758495753194,0.1070064649816,0.38351817020621,0.560817818704627
7.78992586936952,35.9179002277296,47.8682858392819,56.8815337396971,64.4225449012419,73.7243614097236,8,28,46,54,74,92,1.31154414954705,4.57514676419628,0.800503625864281,4.62383551436445,1.67718719750062,0.11255420896562,0.380277518717536,0.583980479158756
7.87760155380447,36.2887714838209,48.22101029794,57.370934132869,64.9567430787516,74.1756753296834,8,28,46,54,74,92,1.3370442113105,4.66076629240819,0.797190176271043,4.70926511225687,1.71925178002781,0.115485128004723,0.369392008128861,0.594308016823222
7.97432182849255,36.6921702586413,48.6846526692195,57.9431683998504,65.5313815248766,74.6486360011687,8,28,46,54,74,92,1.36531011494402,4.75387859337536,0.808211025954824,4.82226796700122,1.75283112532716,0.1156436873746,0.356244108329229,0.59528889692343
8.08194835864106,37.1211487961699,49.2549793177826,58.5978651577705,66.1465121271305,75.1761526075445,8,28,46,54,74,92,1.39692682496034,4.85187601967635,0.834302077120903,4.96235841530728,1.77901522882794,0.113050624710222,0.345098201111514,0.590789330973234
8.19317421421497,37.5283795322247,49.8504268596778,59.2574613498019,66.7189646300422,75.6808304584806,8,28,46,54,74,92,1.42977805670069,4.94252551521916,0.869544717907983,5.10987158823132,1.79897822817852,0.10746236098557,0.33659353832405,0.581306388054037
8.30517470842777,37.9060621033363,50.4612165009711,59.9176756274015,67.25614458094,76.1749206108809,8,28,46,54,74,92,1.4630360748834,5.02419484057536,0.913968701567362,5.2624857810847,1.81439090931995,0.0998595224573136,0.331239985441193,0.569229483885436
8.4163659063523,38.2475849321552,51.0743240604732,60.5716530712143,67.7638679113175,76.6646419852591,8,28,46,54,74,92,1.4962265869547,5.09522800892623,0.966781180622221,5.41697428100521,1.82715656001658,0.091256658735452,0.329015763457891,0.556601753368395
8.49306476854232,38.5721093130065,51.7128383656073,61.2260373527972,68.2621076811363,77.1397767975374,8,28,46,54,74,92,1.51921954901147,5.17189149885126,1.02921418070183,5.57921326941767,1.8321185440551,0.0825893044702864,0.326171753988832,0.54010512405058
8.48472788873271,38.2575621199056,51.3824633157174,60.8284509509391,67.5836484977019,76.3496354799495,8,28,47,55,75,94,1.51671645401828,5.0772023584677,0.908763463165178,5.31127944241042,1.81112316261917,0.0683245869104842,0.256588000287193,0.446682098685037
8.47638479151742,37.5742176596747,51.0716099427039,60.4241724154057,67.0058000041666,75.4061218279857,8,28,47,55,75,94,1.51421242771269,4.86980296440632,0.979743946468935,5.23371906497801,1.7820235848077,0.0603459502799016,0.219415035447953,0.391861374872545
8.45368649992843,36.8301332486545,51.0986650463801,60.3002659789427,66.8316861964514,75.0600345761483,8,28,47,55,75,94,1.50740470355672,4.650249422457,1.13297959890424,5.24045635009938,1.73521437448809,0.0581549812409192,0.202993652202142,0.361360687358814
8.43713165495678,38.0601203310447,51.4583451071841,60.455236229557,66.9983567850387,75.0890547145925,8,29,48,56,76,95,1.50244392889821,4.77992549593068,0.960647781239553,5.1507579938286,1.67216819645609,0.0586609165814292,0.190344132023773,0.33547596854787
8.42956544066042,38.0562042539187,51.492296098078,60.4765678135286,67.0217059357654,75.1061032991598,8,29,49,57,77,96,1.50017789753244,4.78102467209185,0.857302556450328,4.98399763963732,1.66829821944697,0.0587484434664461,0.189775702522209,0.334181753823528
8.42196982318757,38.0500410011834,51.4872452467347,60.4720554783191,67.0269862876509,75.0872770898613,8,29,49,57,77,96,1.49790384258748,4.7814560195604,0.857502469749056,4.98277326225096,1.66846332575485,0.0591744663373044,0.187609395571939,0.333129060716552
8.4009345498402,37.9138098404526,51.4281862085872,60.4575132452316,66.9954799449739,75.8169358847096,8,29,49,57,78,98,1.49161018542748,4.74679332271804,0.871416599913523,4.96846344666062,1.68212417598701,0.0429000932438878,0.214016785597572,0.316877232765962
8.30836369283896,37.7898509086488,51.5430569610077,60.6640963849969,67.026806614712,75.6898538628967,8,29,49,57,78,97,1.46398560486742,4.73735837387016,0.91503730581236,4.99630758587488,1.71034341688415,0.0371873190639004,0.245815287012683,0.336322641173006
8.22151868810361,37.6105989856447,51.4994157278177,60.7011815925716,66.9149620255102,75.884986318535,8,29,49,57,78,97,1.43817808973749,4.7096062245084,0.940176760643998,4.98572366281891,1.73526537093256,0.0327564657966851,0.278645985305032,0.354734571846262
8.14222694212059,37.305249213447,51.1017085818635,60.3891941013646,66.9292990657087,76.2158373366068,8,30,50,58,80,99,1.4147083692246,4.40463111295842,0.923026669227438,4.72043804709744,1.76181258223579,0.0310969303381299,0.314693677145494,0.372092597467468
8.07659369391522,36.9437871541979,50.4317700444338,59.8055775350498,66.0703840499445,75.5217304520111,8,30,49,57,79,98,1.39534980457009,4.31839965781697,0.977925900567255,4.72891745515792,1.78863217137346,0.0243584587789279,0.334330513885782,0.370172562237882
8.0289171358441,36.512043990702,49.5477917569634,59.0187511489269,65.3032940004122,74.8622281769749,8,30,49,57,79,98,1.38132689875929,4.20705710442178,0.892081005039733,4.5194478406802,1.81891791006747,0.0248038331224053,0.347465077590024,0.388218438932188
8.00190581002655,36.0544683125295,48.5246226918158,58.1118710477,64.5329910722443,74.1374229130521,8,30,49,57,79,98,1.3733969949077,4.08307285687349,0.789102718262387,4.28069852454888,1.85530800778845,0.0280436721849228,0.353093894204733,0.412940109490021
7.99138102309096,35.6041975121571,47.4362117333803,57.176256036638,63.846513099237,73.4470559384793,8,30,49,57,79,98,1.37031007922522,3.95738431270256,0.679112543721996,4.03125103890287,1.90334690835019,0.0346913571113257,0.352611039570651,0.447222755698101
7.99731273867719,35.1937196324021,46.3736270768293,56.3088101138167,63.3337495031221,72.9134760752247,8,30,49,57,79,98,1.37204964718915,3.83926598830843,0.573950183036729,3.79240520315144,1.96505950727532,0.0459025354734681,0.350031977236557,0.495071189475894
8.01938729890255,36.1760759563202,47.4997499388728,57.6109040695554,65.2231700124769,74.4895902530595,8,31,50,58,80,99,1.37852792899824,3.89296396770244,0.596481516559836,3.89145689418417,2.02104735296109,0.0693447071775403,0.312336977975599,0.537807327896361
8.06981358660278,35.8343900698295,46.6590347969864,57.0503457641901,65.1801855048267,74.2326902776529,8,31,50,58,80,99,1.39335357191979,3.78347270420524,0.519911689848723,3.70548915887527,2.11081892422784,0.0953969670034788,0.287826659038097,0.596005677326132
8.14188229389419,35.4764257976259,46.0292666835265,56.8298777142952,66.8676642943342,75.6148507098132,8,31,50,58,81,100,1.41460655247897,3.6643180892599,0.480183920788312,3.56816836740933,2.24330964233452,0.195622946840729,0.254602612097844,0.755395630212949
8.23355970567772,35.0397824317604,46.0410601316199,57.1384464053973,66.9632976785928,75.3246424940053,8,31,51,59,82,101,1.44174995443342,3.51929471723766,0.468046179140732,3.42709138235719,2.3403170422799,0.178525805254814,0.215633302545768,0.721303896615354
8.27525933915264,34.9569849907056,45.6934340371947,56.6623704209172,66.72354494467,74.7805783645096,8,31,51,59,82,101,1.45413558849992,3.48534484769336,0.432052845351451,3.35354459933188,2.29823630697038,0.197554522886316,0.187317715918492,0.699546514837147
8.26678132530835,34.9447920839048,45.8106929214331,56.694893224233,66.9752208774222,74.9494577255775,8,31,51,59,82,101,1.4516154677649,3.48433314525821,0.449478915326118,3.37829197367407,2.27055468410267,0.21616909437314,0.17998708532551,0.705231929678239
8.31655125992239,34.9205460711123,45.88568205653,56.9025222078172,67.2891779014736,75.4307111110319,8,31,51,59,82,101,1.46642412624316,3.46419206418508,0.463055109518448,3.39415094013542,2.31391318385394,0.22553491451364,0.194964307355214,0.75077253542775
8.3651705325449,34.8979091135597,45.9818655687009,57.1277018759315,67.6370855207639,75.9647028338929,8,31,51,59,82,101,1.480923648827,3.44483118407294,0.47955682120131,3.41452924128261,2.356226111866,0.236615911299658,0.212389193257577,0.801413427738649
8.41234988027855,34.8789119277279,46.1850329476116,57.4936350316687,68.1721432521584,76.6990356916195,8,31,52,60,83,102,1.49502485111784,3.42687630288471,0.437712021291207,3.31763216733926,2.40981627718398,0.252359170373972,0.231936477955524,0.864998196967217
8.45288874743407,35.6288035305895,47.530075399972,58.9010538953377,69.5375446751395,77.9217280841518,8,32,53,61,84,103,1.50716556635943,3.41734711022441,0.518953259057974,3.46053354563814,2.43041166047236,0.248396853478085,0.217844961762871,0.850145455622375
8.52999693446616,36.9564876222406,49.8287276083369,60.9475742114921,71.578146404341,78.9502322062981,8,32,53,61,84,103,1.53031939542134,3.75644395163069,0.664823039205992,3.95528656907383,2.34736130740044,0.247841428486671,0.131524443668099,0.703328365576805
8.5613145372791,37.6425369465012,50.9795365260247,62.0021432790805,72.7584066335019,80.1741172249554,8,32,53,61,84,103,1.5397460493578,3.93728068743085,0.740152868752547,4.21109529518819,2.3158016857187,0.259780360689416,0.134747965068381,0.71140515171492
8.53876124511165,36.5039316811331,50.1399444591255,61.2073009708117,71.9842376492274,79.4421801265934,8,31,52,60,83,102,1.5329561548241,3.83938627384241,0.79040582095788,4.17653507963392,2.33046647950834,0.261772842410845,0.137911397170808,0.723387096120646
8.51679228992326,36.5535620193076,50.3187754657898,61.4451077249223,72.3347425565531,79.8150025627468,8,31,52,60,83,102,1.52634868661803,3.85939431367782,0.812540910404125,4.21688890643234,2.34981936299619,0.272777185439278,0.139600138746808,0.745227787873804
8.49549954612405,36.8183702086615,50.6650307436912,61.8467689298677,72.8569631039181,80.3376139607501,8,32,53,61,84,103,1.51995075152387,3.72802721768785,0.826623278899723,4.14066740030119,2.36802766407192,0.284814899628206,0.139629818817788,0.765360075615053
8.47497506619716,36.8559429473529,50.9277201230412,62.1681234171154,73.2849102550984,80.7373357399416,8,32,53,61,84,103,1.51378941725893,3.7439528500444,0.866056642830637,4.19946550364821,2.38733514502293,0.295685723835297,0.137495746936511,0.781184454543322
8.45529566541641,36.8626741292337,51.2113185580547,62.5098164999915,73.7334734596445,81.12073357535,8,32,53,61,84,103,1.50788709906328,3.75119838553836,0.915564080175792,4.26324386398099,2.4064831086622,0.306798213128499,0.132640603679947,0.792808452152118
8.43654262953041,36.8380171234412,51.5068512390058,62.8628073782651,74.2038281651761,81.4810956689897,8,32,53,61,84,103,1.50226749176401,3.74957836071651,0.974170714101115,4.33003444746532,2.42544868088642,0.319246635561165,0.124673168353378,0.80040403382595
8.41878614626154,36.7753781418318,51.7857598733459,63.1972796872082,74.6846864611088,81.8024978792592,8,32,53,61,84,103,1.49695091373394,3.73726876361584,1.0382393702556,4.39337227497015,2.4438145881505,0.335130138718298,0.113629724541055,0.805401731804247
8.40210141820129,36.6648900001145,52.0014199709403,63.4626987463636,75.1578041413913,82.0675006479307,8,32,53,61,84,103,1.49195914890324,3.71157618210135,1.10086978658982,4.44254760168959,2.46028306186644,0.358340026111059,0.100116018086608,0.811223841821625
8.36893692377404,36.487753420728,52.1019620448153,63.6131707578655,75.6134183458427,82.5471580308138,8,32,53,61,84,104,1.48204824556794,3.67223303219922,1.15527673079521,4.46553285849733,2.47682814027175,0.393854094338501,0.0771962275801268,0.791212045916847
8.34098942929065,36.2954449041622,52.1152226628211,63.6203445275305,74.6190869936112,81.5504744337722,8,32,53,61,83,103,1.47370813379058,3.62745339670113,1.19618120288296,4.46856722190653,2.4748100982155,0.337205506695746,0.077074913838454,0.738328330505496
8.35435176472929,36.5357244274614,52.8658947304969,64.1639335261895,74.9329137639735,81.180418614718,8,32,53,61,83,103,1.47769438796182,3.68931419122592,1.29997377302994,4.64139696783306,2.4063316648494,0.311813200569057,0.04673059066541,0.617208311773509
8.37875688060139,36.0883598561621,52.4229266787508,63.9910020827854,75.6171100920598,81.0414319046682,8,31,52,60,82,101,1.48498127733656,3.76818601231252,1.3008813716866,4.70083738657601,2.4956960518741,0.41160851170208,0.0320662565329394,0.707778405211741
8.42337699959751,36.2004872496881,52.9126197369368,64.4564385680169,75.8681902659176,81.2546803243202,8,32,53,61,83,102,1.49832507847302,3.57929959806205,1.37966310768898,4.65222266374836,2.48764477308876,0.385363725216325,0.0309389709952811,0.677267750631344
8.46574582555274,36.243824382653,53.305864007245,64.8930583087409,76.4942135244514,81.821911238072,8,32,53,61,84,103,1.51102069874168,3.57956205465052,1.45412129123357,4.74364492721874,2.50204530752625,0.34774387879368,0.0292410120501125,0.638183233410532
8.50596343073821,36.2431279177898,53.656052861223,65.2763259826516,76.6939806888287,81.7754547832506,8,32,53,61,84,102,1.52309412771634,3.56847688217542,1.53014081245217,4.8255223600684,2.51303736520672,0.327512518721297,0.0331744079142271,0.653181319209369
8.54427825876253,35.9327407459213,53.8481965885405,65.515234477276,76.7714173725814,81.7922599213331,8,31,52,60,83,101,1.5346164829935,3.67920411936358,1.64129039211526,5.03781149392506,2.5285918953735,0.310222534568886,0.0312662168102586,0.634522388518617
8.5275676212644,35.8618499975768,53.9428403229422,65.6424525350188,76.5929556037007,81.545243764609,8,31,52,60,83,100,1.52958871306976,3.66424603484042,1.67847245571384,5.06043927910555,2.53943659150602,0.278820559855851,0.0421226947250587,0.655574622054915
8.51751568999409,35.7937190054236,54.4003145520773,66.1741090835236,77.0729790364617,82.0026067440192,8,31,53,61,84,101,1.52656615671457,3.64822906529795,1.64951188843762,5.00096762376913,2.56416413970734,0.273689602784665,0.041241050894342,0.655562561462776
8.52561538840089,35.8065098985993,54.3642869218716,66.2118273955259,77.1503033395324,82.0751381835064,8,31,52,60,83,101,1.52900158268995,3.64952212165828,1.78709112705606,5.16157203593676,2.58878807028732,0.277620889227575,0.028398291994275,0.610128772330777
8.53196929655237,35.8153567382616,55.0643990461562,66.8907550544296,77.6983983425799,85.3877806464626,8,31,53,61,84,103,1.53091269508169,3.65020930859413,1.79320940839164,5.15912231531342,2.58171028739849,0.264747307335591,0.15599575999895,0.841911158413014
8.44352241016476,35.584310216135,62.8264707877963,74.3849574877455,83.8363250010714,91.8036053089916,8,32,54,62,86,105,1.5043585231957,3.40794704523291,3.85220084142485,6.91471445887781,2.49251279712563,0.120814233477634,0.179378477060907,0.630311980446581
8.3564488642974,35.3139095609868,67.2478517949466,78.5517542670365,87.1552859173354,92.9330143869918,8,32,55,63,87,106,1.47832021877567,3.35900241701983,4.98517813454658,7.88000334311169,2.40826585795883,0.0758771927892921,0.0439572170737424,0.338058636672517
8.3566085202416,35.3797094656291,67.5676363584031,78.8224119735705,87.1908201301995,92.9413195650838,8,32,55,63,87,106,1.4783678668796,3.37650494168583,5.0608452480578,7.9655264610474,2.39206964885679,0.0656694572857666,0.0429513023418985,0.315485785917744
8.35434781420541,35.4089017160276,67.6030229434111,78.8152672472323,87.0028670577964,92.8408617321999,8,32,55,63,87,106,1.47769320907666,3.38490040860489,5.06269389435523,7.97500522854072,2.37806404925758,0.0584589506873515,0.0462383781842523,0.305919874328136
8.34957278143804,35.3998626068589,66.0427846920782,77.1799785007728,85.2401810989467,91.4261765411156,8,32,54,62,86,104,1.47626843767098,3.38376190387119,4.84187265788376,7.76136291404683,2.35338680068635,0.053704488132653,0.0822584850189798,0.353428939033305
8.39256060824925,35.2149120946807,65.8114398868314,76.9533454709523,84.9237200911851,91.0345568439064,8,32,54,62,85,104,1.48910642186795,3.32305458542926,4.82802209789601,7.69959383887063,2.35493467716052,0.0666172941878026,0.057529307862964,0.341282777489025
8.42147284140934,34.918376608432,54.8465986690359,66.5996069911046,76.3704807096334,80.0802207340532,8,32,52,60,83,101,1.49775507836919,3.2369010970111,2.28330196655106,5.27804691832545,2.55723109566702,0.174331937275103,0.00608511184467327,0.381666825890422
8.41692557032182,34.5615105608698,54.453708195082,66.1849373327675,75.9632783580989,79.6165031266438,8,32,51,59,82,100,1.49639407548946,3.14434276071894,2.45688825312742,5.35674774694043,2.54997042102382,0.174908740173807,0.0055607487285416,0.375975609452263
8.36890320306224,34.0300599045663,54.1753127238956,65.8922596278792,75.65542363216,79.3042332248687,8,31,51,59,82,99,1.48203817612463,3.21039027134767,2.33823850727227,5.28873399138175,2.5452110430497,0.173737549094543,0.00905878644668719,0.415572612141008
8.26968496743269,33.6463297742486,53.631624040632,65.2761605813133,74.9902576308396,78.7258355294385,8,31,50,58,81,98,1.45247847257329,3.13483889833192,2.48128473668774,5.33140788368993,2.52110553808415,0.169981808233439,0.0102885711092099,0.412613872970648
8.17454550077263,33.3766617173072,53.3813194169144,65.0419526732042,74.6230654319897,78.4100909172192,8,31,50,58,81,98,1.42426356573315,3.08873878551303,2.48636749206349,5.2699753482408,2.52646062656271,0.160038541014828,0.0110723278032212,0.407066852776639
8.10549670313246,33.0447835079404,53.1212004320255,64.8124190076805,74.248438857659,78.0929457024022,8,31,50,58,81,98,1.40386707612809,3.01967303185854,2.50522902131562,5.20635778796642,2.53664137976,0.14958280250585,0.0119978229687325,0.402266464386629
7.99892415519802,32.0998716340261,52.5725388526436,64.2586857761354,73.0046400498351,76.9256527307098,8,30,49,57,79,96,1.37252231021785,2.99125600884924,2.61008816330777,5.24790371447514,2.53495270570012,0.133327460003472,0.0133138732296719,0.393417599769857
8.09336838824202,31.0289533828206,51.4575266645959,62.8861565633999,71.2519314239249,75.3201246765453,8,28,46,54,74,91,1.40029157044563,3.07598901029058,2.79778786469561,5.51417844135621,2.44947517096811,0.17371126349243,0.0161289943896198,0.440635516393054
8.23243021298369,30.9786706426316,51.2242819605036,62.6655609916443,70.8179289694045,75.0548165541417,8,28,46,54,74,91,1.44141481298952,3.02421804438398,2.74752210083783,5.4549543288557,2.45366144473615,0.15642586648781,0.0198419015276165,0.437724072695715
8.37046949559941,30.7788460470556,50.809100051987,62.2225668454376,70.105781906317,74.5128572657541,8,27,45,53,72,89,1.48250590795964,3.13843016684171,2.68866498471265,5.53621643095721,2.44445859396284,0.172113571606425,0.0241490940480192,0.474396508124013
8.42313285424888,30.8810136653397,50.6801912759324,62.1366968209021,70.3557085377764,74.7340424507619,8,28,47,55,75,92,1.49825199204275,2.94582324078008,2.43257951570645,5.13653115028871,2.45870242377001,0.161714405644388,0.0233806222016007,0.458216097762508
8.4391525534657,30.8856515673022,50.4651130506495,62.3290293385726,70.3943592142286,74.5501703935243,8,28,46,54,74,91,1.50304930618942,2.94274019547045,2.56657128727867,5.26346355227043,2.59426160453632,0.149668755475409,0.0179904619165399,0.461119428008599
8.48150958769442,32.7425540747324,52.0465707695668,64.1906157566525,71.9852232832396,76.05891568678,8,28,48,56,76,95,1.51575042954436,3.44465043044715,2.12747187738917,5.29623103189211,2.68820346599383,0.129736974003887,0.00650847258772244,0.365446849557599
8.52981589602148,33.7312542927372,52.6285247942605,64.7093288461351,73.7775907813304,78.1080028083864,8,30,50,58,79,99,1.5302649404479,3.2863278784534,2.02772899627767,5.08649584138997,2.66694481377604,0.193583282089449,0.0058971204323553,0.401789754633808
8.55064635723335,33.9020650838171,52.4802115660376,64.5562806260976,73.6831177695898,77.9718326661446,8,30,50,58,79,99,1.5365334453746,3.32711306250909,1.95050684097198,5.05057680473771,2.66535430652691,0.198665378580136,0.00554866098696053,0.402798414064053
8.56607453265644,34.0033335606943,52.3508611570143,64.465635091446,73.5788249133052,77.871919704279,8,30,50,58,79,99,1.54117995566586,3.35051594017382,1.89528336363858,5.0193126738544,2.67836027711825,0.197474821425695,0.0055845098519653,0.405249382585924
8.53101137691491,34.0313127641885,51.9277693126862,64.1279335272622,73.0983120513127,77.5307166141751,8,30,50,58,79,99,1.53062453999715,3.36773085475554,1.78872550780039,4.91746049044394,2.70709246087907,0.185253019407135,0.00681920494855717,0.412110343632594
8.44060352626953,33.9027131312883,51.4774320586363,63.648847373087,72.3988869713333,77.1038112325132,8,30,51,59,80,100,1.50348399156617,3.35729908878932,1.56563827074354,4.64342075953258,2.69741311339777,0.167246341914662,0.00981406389919174,0.41408515908859
8.35999439668233,33.585403606877,51.9141476132373,63.4788109461591,72.1194406572059,78.5596268405597,8,30,53,61,82,104,1.47937843871067,3.29283746928745,1.4522230967824,4.42262656592336,2.49456323021749,0.158689298972319,0.0285182632242966,0.413239239071837
8.28010468884225,33.5778840474531,51.4583402964699,62.6398090562099,71.3760743461306,78.690677076964,8,31,54,62,83,106,1.45557633873973,3.11398400629366,1.36021938403295,4.1652263278012,2.36793905866931,0.166154998881017,0.0421874514131682,0.419199939623887
8.20177355955499,33.2326831083589,51.586519685932,62.5267602135561,71.6340715129863,79.1670398198496,8,31,55,63,85,108,1.43232531180981,3.04370018340056,1.32987555697513,4.04341359380816,2.28885490435302,0.15914758798411,0.0495111130307651,0.405691279067244
8.12572453477427,32.9113162560183,51.2379464655853,61.7998388172995,71.0964977438573,78.5828491857307,8,31,55,63,85,108,1.40983511122461,2.97948763972925,1.32449441616102,3.96732681879968,2.16584802504439,0.173738277845093,0.0478814216849479,0.387014971927132
8.05255831562731,32.6311312821052,50.8818442270597,61.0915110272595,70.6134377825645,78.0101682756934,8,31,55,63,85,108,1.38827621862603,2.92559958815919,1.30952160301279,3.89009407716762,2.05252647917788,0.192046513293935,0.0448498369470404,0.370279293812394
8.68823214299156,31.9877343549121,49.8180871994688,59.7158675564225,69.8450176457196,77.3716493797652,8,32,55,63,85,107,1.57808066547094,2.42619605653304,1.35007219180323,3.66243929072077,1.95320009421495,0.246504084592142,0.0655308170713743,0.446169803200404
8.65146999838479,31.6880846322179,49.4779859886528,59.5505864988162,69.9507720089028,77.8202725415557,8,32,55,63,86,108,1.56695525859292,2.36269203405239,1.34189996590072,3.59064057410397,2.00875411719721,0.226742304362739,0.0816421278836893,0.469404470750412
8.61192940397551,31.5320376228893,49.4052157258293,59.6111594644898,69.9101642910779,78.1466874963828,8,32,55,63,86,108,1.55500864447515,2.3347149463807,1.35874366169429,3.57534121122281,2.05133505159123,0.217798468121048,0.101419983423396,0.504809774247491
8.56950424002264,31.3232062637995,49.3233584087166,59.6376993857392,69.6459290816273,78.207962928042,8,32,55,63,86,108,1.54221331039806,2.29493509285814,1.38457227593515,3.55815813125146,2.08607905583149,0.193197076248089,0.121204180812126,0.51784019420713
8.52414405923803,31.1356748870162,49.2460536298171,59.6477968811291,69.3424345411047,78.1815433662539,8,32,55,63,86,108,1.52855911678818,2.26111804031939,1.40713649601421,3.54195678482838,2.11417645912779,0.168505309927803,0.13972958303437,0.522515140873289
8.4757741032587,30.9563550641062,48.7332411442674,59.3189064537285,68.7238661936756,77.7281983622967,8,31,54,62,85,107,1.51402917772369,2.39594494842623,1.33927440117674,3.57395522894227,2.17353872413385,0.147397788437195,0.151518686973186,0.528006756922052
8.44172742037917,30.8563198393293,48.764573288718,59.3432012004756,68.7397901927747,77.9085531336516,8,31,54,62,85,107,1.50382070966453,2.37980084686089,1.36586092047008,3.58057934228866,2.17126153727987,0.146812134426328,0.16380291771425,0.54190173021275
8.4533384322713,30.895839503946,48.7685719096887,59.3758913684677,68.8864260693523,77.9693873015985,8,31,54,62,85,107,1.50730036446778,2.38662465925078,1.35865331072482,3.58142501513941,2.18054852130094,0.154901319873095,0.15732419435587,0.547251198074065
8.46290000165075,30.9105248327415,48.6747994422425,59.3058449200863,68.9392056199378,77.8815434668293,8,31,54,62,85,107,1.51016719986571,2.38787808955102,1.33673208780539,3.56161090850187,2.18823397288003,0.16390404854954,0.147030128574416,0.547810802366849
8.46973809549975,30.9093059579412,48.4907367979931,59.1462320113594,68.9148467181354,77.647881143898,8,31,54,62,85,107,1.51221821557266,2.38590719528438,1.30007240606617,3.52282783147615,2.1961592564009,0.174157656609873,0.132453447557702,0.543138339685428
8.47318053155314,30.8966594209654,48.2533338095637,58.936569732715,68.8504182023207,77.4723033119572,8,31,54,62,85,108,1.51325097738668,2.38197299186529,1.25552640997526,3.47302087358992,2.2051579086178,0.185564396554884,0.0984761508572579,0.500674085469415
8.47261786840843,30.8737624928355,48.0433543202213,58.7564641390852,68.8212032365767,76.9543072904041,8,31,54,62,85,108,1.51308216245771,2.37651490959759,1.21888954095276,3.42917097579092,2.21485635925491,0.197849848040445,0.0738438730587603,0.473595185517145
8.46746848686736,30.8384542371869,47.9921844947687,58.7340203370401,68.9523784760969,76.4094004767489,8,31,54,62,85,108,1.51153739993595,2.36915067938336,1.21580203262869,3.41851435153584,2.22418977592875,0.210811224341348,0.0468746677722799,0.431882549336978
8.4543676382151,30.677466281626,47.3101755826387,58.0205863158664,68.3640363693014,74.6348770521038,8,30,53,61,83,106,1.50760889086597,2.50615151752235,1.11604296284687,3.41438614673349,2.21397977848294,0.267482715252215,0.0171685663022129,0.385436467133275
8.36795562571621,30.9251931288165,47.0816101081391,57.7796638822817,67.8995612719586,74.0652074233103,8,30,53,61,83,106,1.48175522359329,2.59065871050479,1.02774912270181,3.3666465766617,2.20996745747236,0.245618821807642,0.015456318821707,0.359326646913449
8.27681265025481,31.1869004426121,46.9027665089256,57.5832621299308,67.5633296927213,73.4454785197556,8,30,53,61,83,105,1.45459742511079,2.6807748330437,0.948651569144595,3.32945437963721,2.20426868541292,0.232448266336746,0.0167990116286079,0.36441243743452
8.18181003813346,31.4534789692907,46.7531461233753,57.4118951955454,67.3520009342221,73.1728093597109,8,30,53,61,83,105,1.42641343267091,2.77403040520242,0.876283942776522,3.29844955338992,2.19721439392189,0.22875606798053,0.0157675412598611,0.355085258336536
8.08401174652578,31.7144800493515,46.6116238288105,57.2459702381445,67.24182799903,73.056358134678,8,30,53,61,83,105,1.39753463174546,2.86745446228503,0.808553028122547,3.26921571230051,2.18930363686,0.233915983439262,0.0156646241683913,0.356974619285704
7.98461620541117,31.9614984221852,46.4627195867848,57.0708059938965,67.20401262199,73.0581572720641,8,30,53,61,83,105,1.36832682795836,2.95846901853538,0.744175606664677,3.23855501366965,2.18079687410209,0.246892735811113,0.0163222365861177,0.368450726456552
7.88493451851324,32.1896903258524,46.2980258549756,56.8777982407639,67.2133684401619,73.1489804978504,8,30,53,61,83,105,1.33918228597351,3.04533182103937,0.682565657764823,3.20476083420702,2.17163183918251,0.266695242197837,0.0177370319600976,0.388374415725172
7.78636249883256,32.397782370459,46.1152655461226,56.6639707151729,67.252192759265,73.3126128812003,8,30,53,61,83,105,1.31051025765808,3.12719388879851,0.62359665221433,3.16740512700232,2.16158414932695,0.29255115111578,0.0200725665410382,0.416317747937966
7.69032153025413,32.5858012478416,45.9162245767409,56.430068155499,67.3094072848373,73.5434298929574,8,30,53,61,83,105,1.2827189588664,3.20354335763369,0.567556193150587,3.12689716696605,2.15031997835989,0.323883401020937,0.023675065650665,0.452482032304388
7.59818672260431,32.7520675533983,45.7046721149719,56.1785576461239,67.3780468136159,73.8435335823705,8,30,53,61,83,105,1.25619472105665,3.273423128575,0.515185690568,3.0840449781997,2.13742306668166,0.360213320621559,0.0291566226752735,0.497661818526958
7.51127604853333,32.8890079519152,45.4865553733559,55.9134020687348,67.4542327454395,74.2201825451876,8,30,53,61,83,105,1.23129954079949,3.33428229342038,0.468131320746524,3.040082852933,2.12226001764672,0.401066485470382,0.0375086626158219,0.553067212697094
7.43080431248801,32.9798443374676,45.270469457614,55.640204252075,67.5356872706157,74.6781205800867,8,30,53,61,83,105,1.20835905555111,3.38105575655174,0.429187341167524,2.99675181618337,2.10387812817392,0.445775891166473,0.0500925199439199,0.619558870289561
7.35678197031277,32.9938539859716,45.0726758938924,55.371644097126,67.6329525736249,75.2077385704457,8,30,53,61,83,105,1.1873523877552,3.40515822028938,0.403268303815496,2.95728392666665,2.08114474120304,0.494248877861862,0.0676584334372338,0.695657523624898
7.15541061107666,33.2778256869305,45.8925285132578,56.1060380814077,70.1806609902684,77.2558537077213,8,30,53,61,83,105,1.13067945384038,3.53883765107956,0.470355852698518,3.12208689494831,2.0537563573567,0.767543527017309,0.0476648986477321,0.834126531226903
6.9652057863428,33.305699604825,46.7693314225475,57.0602558042606,73.0492506394998,79.0013123982147,8,30,53,61,83,104,1.07780753497099,3.59933473916125,0.58657355639489,3.30179866564715,2.078563767698,1.10917649984757,0.0258707199334862,1.01093222839874
6.79235393734956,32.2980974967483,43.9873502010736,55.3500110073305,74.0888288224304,80.4668336505569,8,30,51,59,81,102,1.03033754406571,3.3692180314694,0.489275384203084,3.00068131197274,2.4276634935797,1.6787572394857,0.0376641413749618,1.62946323384644
6.4802936612759,29.1606021340494,39.0812296874797,50.5083783506458,68.0665253254175,75.8496425010301,8,30,51,59,79,99,0.946104119666576,2.62198931752668,0.274631277364047,2.06809310783059,2.44898503549886,1.71010848098273,0.128927332642027,1.98702126081102
6.31987524844543,26.4312839534197,48.5810494920783,59.351471368963,82.5313443371742,95.1750485850556,8,32,55,63,85,106,0.903575002209321,1.69383728194875,2.31534658425977,3.40364379886203,2.23348508860744,2.75026941964674,0.629059884743932,3.54518804856761
6.39495670487238,23.2648789902107,48.41005993293,58.8166376806732,79.4657863525568,95.3922514790272,8,33,57,65,87,109,0.923412824401776,0.944672693659193,2.88595101618988,3.10494100026142,2.11573274908501,2.11960470461735,1.09724570817594,3.48537627072107
6.48968968984756,23.1040885855586,49.1661677623029,59.4732695452635,79.3125935301721,95.7299545553623,8,33,57,65,88,109,0.948611771558364,0.90154149560757,3.12277577809046,3.25556678037672,2.08375515243774,1.77745627595121,1.31801541492617,3.39697870175506
6.6064621351978,22.8155026118281,49.7673189834403,59.9805318622502,78.8624628142617,95.6999318805673,8,33,57,65,88,109,0.979926716851023,0.834851365768495,3.3574985517497,3.37712096128383,2.05366139673795,1.56867913490741,1.40617637929481,3.26511205737191
6.74629403729119,22.5994318547323,50.3587561122695,60.4531563623229,78.6212136382402,95.6696082993004,8,33,57,65,88,109,1.0177839831825,0.778097064259899,3.57447966986701,3.49822991054985,2.01570336589971,1.41899600538249,1.45119219415319,3.13699331431473
6.90055272404992,22.5557660452973,51.1807439438204,61.0826849900483,78.9655618139117,95.9701067582391,8,33,57,65,88,109,1.05998629449954,0.747281101108958,3.81103350892948,3.66899311676055,1.95451862433881,1.36071031063865,1.44179309435938,3.03093041042907
7.04425463365188,22.7898731672471,52.5024208531166,62.120829904489,80.2595218394624,97.0302056305366,8,33,57,65,88,109,1.09970156813463,0.761289828058518,4.11369106327173,3.94934028279652,1.86508436324463,1.41295361198283,1.39202675824709,2.97821707153201
7.14163581779868,22.849234223405,45.5388205502587,54.809643554494,73.3471096193942,81.3340410384523,8,32,55,63,85,104,1.12682860455086,0.847196809176962,2.44729533803017,2.79617868597923,1.75664554086972,1.63429089095961,0.181100620202233,1.71427354239711
7.01432784354094,22.4427340905929,37.6939671699663,45.2954021771439,64.6936445248766,72.37506603045,8,30,49,57,77,95,1.09139936019312,1.00400112343493,1.3396863273344,2.04159616043365,1.25712754711951,2.15078370392686,0.195914533603064,1.83617464527435
7.20658933127992,22.2486497727752,36.3678983403518,44.0461592039062,62.7400882985517,71.6489325259647,8,26,43,51,67,83,1.14501618040802,1.43608436144855,1.37440511186817,2.51178635839051,1.27923919866779,2.73311959562485,0.475369805903457,2.69306844748431
7.12114764147832,22.5066484174583,36.7384061947568,44.6971303215697,62.6770736542374,71.4733097296814,8,26,43,51,67,83,1.12110720821367,1.51439261494898,1.40006095308871,2.58701019611682,1.36074229635403,2.53301402569846,0.458053234541953,2.5780599595402
7.03282390927227,22.637826918516,36.7375730724358,45.0582413679334,62.3261443742356,71.0457738661877,8,26,42,50,66,82,1.09652856575174,1.5651486733338,1.52392892267691,2.72214579916167,1.46765066415517,2.33744846554337,0.446435135783362,2.48942339419646
6.94272811839538,22.6392372005122,36.769760897348,45.4335478689234,61.9778681376501,70.6218286130893,8,26,42,50,66,82,1.07160289459475,1.58646708421895,1.53132296960022,2.72889057505073,1.57068081707182,2.14309760869706,0.435089544161906,2.39588653868093
6.84566419762458,22.5185385110942,36.5983431362172,45.5899628624038,61.3816604413588,69.9633642941468,8,26,42,50,66,82,1.04491795702993,1.58095194253782,1.5191441104454,2.6930377739552,1.67055138783706,1.94599608020668,0.425852891485927,2.29742561656772
6.74577288559995,21.5567097642496,36.1519254239101,45.4364962920234,60.5196458300142,69.0491101811327,8,25,41,49,65,81,1.01764217847169,1.5345500418038,1.64429504460742,2.73762934566266,1.76090851775763,1.76551364567104,0.418171131231455,2.20425675297537
6.64574016279475,21.4195842227626,35.9263046052354,45.4644349146731,59.8327344430635,68.3215487234088,8,25,41,49,65,81,0.990521635081786,1.52581839152649,1.62259087393694,2.69003353738739,1.83991933523321,1.58881965905158,0.412237219027942,2.10586830956881
6.57117046080922,20.9899257810642,35.5550532362317,45.1614647670676,59.6439977275543,68.1517959829153,8,25,41,49,65,81,0.970433410238709,1.44304533816648,1.63690580907182,2.61234796305588,1.86131900599705,1.61667406152733,0.415003646757862,2.14516724745521
6.51140364087152,20.5255724223771,35.2082773484803,44.7258451952535,59.6680444998512,68.1731240818572,8,25,41,49,65,81,0.954413821259531,1.35058542961464,1.66583852938378,2.54050446733696,1.83348502402316,1.73023198571738,0.414606956883031,2.21764489631222
6.4546800146693,20.2011050847837,34.9938954743842,44.3435115576135,59.6207415409198,68.080144766733,8,25,41,49,65,81,0.939277492490378,1.29052395368659,1.69306640792025,2.49644307602004,1.78110747218532,1.81443819162474,0.407967850274982,2.24174035917135
6.40430568152279,19.9942327862628,34.8971976803519,44.0395771928845,59.4975761590412,67.8908063091419,8,25,41,49,65,81,0.925891326431367,1.25584574518401,1.72044898773492,2.47665827988078,1.71692404727783,1.86035869457616,0.398435844753701,2.22334488420486
6.53616693195228,20.2329662358583,34.4194752823949,42.8442473830198,58.9025413815824,67.6333356169639,8,25,42,50,67,83,0.961042436606494,1.2794928322576,1.38972395516024,2.25218532211219,1.49874272620811,1.83702457406301,0.448120137197028,2.1414231505481
6.25505242214993,18.0108415361426,33.9317256611266,41.1253377805512,57.5268250625228,70.0510263754141,8,25,42,50,67,84,0.886544647624138,0.875088525078992,1.80289491658404,2.15744674648525,1.14137650971122,1.92309391292429,1.0285782904975,2.59372463503905
5.97787718145898,16.6498568583585,34.3199069921321,41.2370434531307,55.8441425242146,69.2577043929881,8,25,43,51,68,85,0.81477253402359,0.675138249831383,2.06739113945524,2.1107283449496,1.06455008945193,1.48676414172187,1.21715227712393,2.35448665496515
5.70945393392567,15.4640663919149,33.5533265370755,40.6362334926044,53.4159387884142,67.8900929506228,8,25,43,51,68,85,0.746967697188235,0.522737596283287,2.1743445564633,1.96735752514073,1.11044840022071,1.08160032152206,1.45586076554706,2.23601491838984
5.4641301047652,14.7501760188661,33.0811020592544,40.2771517765178,51.5076957764271,68.5193015048868,8,26,44,52,69,87,0.686560316005143,0.378194755827998,2.23670233623593,1.77086629867139,1.1420599486871,0.775646720923202,1.90265075965235,2.32656628090135
5.25573845981343,14.5725702610059,34.0483444203836,41.109148924306,50.9842084311397,68.9866937789758,8,27,46,54,72,90,0.636492568288991,0.318258994348558,2.34859938330596,1.72667703003178,1.10429976650261,0.459592813019859,2.15207764533898,2.10854070090378
5.09504908954499,14.2384120064289,33.411858641376,40.1947715085677,49.2537659769564,68.3808820342381,8,27,46,54,72,90,0.598709291406454,0.298114207006168,2.270858562495,1.61927515341658,1.02776106419915,0.348813496291573,2.4456145638083,2.11430562063516
4.93734799133359,13.5344257157975,31.1813145482487,37.8785410085338,48.5979890175171,65.5937843722314,8,27,46,54,71,89,0.562358751322944,0.239037968676866,1.89038418953341,1.26575689240004,1.00445592989333,0.683461098805598,1.89874560665877,2.12829640732763
5.02842087949511,13.4334216391507,33.9335588291735,39.7784991962687,49.1892023977388,64.3485135545834,8,28,46,54,71,89,0.583261294884565,0.176999217206801,2.81751353593125,1.70710239970444,0.780975871129754,0.46995522335646,1.46266474167077,1.4225108688384
5.2902309959623,13.7111728905575,33.8467335573559,39.5889023507052,48.3753027039396,62.8471109640322,8,26,44,52,69,87,0.644697783054302,0.27245856760994,2.71740321327927,1.90730955715913,0.755138225165882,0.380637781700197,1.30916162264989,1.20100826696538
5.67042026144646,14.8686081521377,32.6079978476251,38.1836203590984,47.9945343821684,61.299612594022,8,25,43,51,67,84,0.737253835681727,0.438591420285136,2.08497327700716,1.79592383601077,0.713822419148816,0.623900946322268,1.19355877722097,1.33631974314379
6.23276336049989,17.2784783723872,35.7234475802186,41.5079824802093,52.1813019174903,64.5027784713435,8,25,42,50,66,83,0.880709856847155,0.741773783343506,2.45809479110502,2.51265292518087,0.765758287884099,0.781024320519445,0.987198545248702,1.35047302120831
6.31147522354719,17.685208165424,32.6985031182695,38.770798687689,48.9998289989462,60.9189233853911,8,26,42,50,65,81,0.901363033886258,0.697925208130628,1.74800163822893,1.92476286542878,0.839026807684051,0.809511271949488,1.03105646531643,1.45641762070161
6.34314524730172,18.5599851468617,32.9441219614644,39.0806349640054,49.5593201946304,61.1745422522269,8,26,42,50,67,83,0.909710538664455,0.849775312252456,1.59267249570309,1.97030425106021,0.855638982101009,0.641678766617772,0.967737167665934,1.26293702060551
6.41714506555855,19.5837903999842,33.4384841374098,39.6559145695129,49.9991236995395,61.1364624259871,8,26,42,50,67,83,0.929298155683823,1.03443170439015,1.46545973799349,2.06318516445847,0.876702328078807,0.618646971292026,0.871142263802849,1.18041413113856
6.57575048017024,20.3368773946543,34.1696860905447,40.7235977042707,50.6680451674822,61.6253933252799,8,26,43,51,68,84,0.971664000796485,1.15672032339077,1.30980180546811,2.08233344338037,0.965799992752993,0.552917162892358,0.835744451890321,1.14365972405758
6.84059843886803,21.7487796368779,32.8741473589061,39.8465272746576,49.9081039486558,61.4653797420533,8,27,44,52,69,85,1.04353014068729,1.26614058486833,0.75629820702435,1.73467099024062,1.07978981586502,0.571899699668599,0.955827211595409,1.32019928141554
7.12615337238865,23.7799571469441,34.5722165251931,41.842257158359,52.1361403742866,64.3925010593872,8,27,44,52,70,87,1.12250438706522,1.65466595277834,0.696307732021979,2.04018988038562,1.16285439326344,0.521840101191708,0.974039323569668,1.32746222735047
7.40538540792356,26.0391054665659,36.6301322369653,44.2219595074894,55.2963977460662,67.5200776820298,8,27,44,52,70,86,1.20113510179354,2.13397845270067,0.661040420534438,2.43513248488478,1.25436893702119,0.646964148952087,1.09594031332246,1.60232927101098
7.66929171642821,28.2491683199934,38.2208369815472,45.9389346864083,58.0714301341964,71.0115255689014,8,27,43,51,69,85,1.27665289934102,2.63866122074231,0.652116852958262,2.89568753314506,1.2907416984455,0.834054121656083,1.25385235190915,1.94180780447991
7.79004157863346,27.3466604582475,37.7315710094372,45.3985961510547,56.2936314197659,69.4415802204664,8,26,43,51,68,85,1.31157772522841,2.56042526784528,0.625699258328245,2.79247639491554,1.27599952261884,0.714605200001193,1.1596700649492,1.7456608298175
7.77022465967229,28.1124246981619,37.8730108042344,45.6294581684234,55.8611467971797,69.6225156055506,8,26,43,51,68,85,1.30583041516909,2.77402849271138,0.523676103107311,2.82218047082795,1.30183830839524,0.599951491542123,1.29385199548739,1.75268599958662
7.72699123992919,28.1293117508909,37.2339777470767,45.1168900759555,54.790815056761,68.9631840551236,8,25,42,50,67,84,1.29331302643641,3.00205425518034,0.425099480261355,2.82680344440774,1.33859259412332,0.510132805726692,1.38649885693561,1.74907407837386
7.63799539667443,28.4656156991477,36.9745554286421,45.0100971754053,54.342983144979,68.5892293561281,8,25,42,50,67,84,1.26763844616785,3.12380197679058,0.3437528369172,2.77193919343707,1.38327337397307,0.458357927608453,1.40337612849301,1.72874901410712
7.47419122245274,28.4239747062154,36.7020327431214,44.9912107694441,54.2343787469075,68.1626649965044,8,25,42,50,67,84,1.22071429126269,3.15899060095315,0.314429122437256,2.71470525314949,1.45827515193344,0.445148435987817,1.33122041859176,1.70156026668516
7.22353727619516,27.7426031963827,36.4651413171653,45.1250265224459,54.6354660345604,67.9485766284781,8,25,42,50,67,84,1.14977394255838,3.03535542206005,0.371991249895149,2.66529208663238,1.5695004225818,0.485007497209761,1.19530022923417,1.70557433880564
6.94365150605452,26.2557716789826,35.38820807821,44.2689463889947,54.5941785321843,62.7195209242971,8,24,40,48,64,78,1.07185759841759,2.90941302307248,0.510581074480219,2.7158404924654,1.63662168404943,0.715928384489968,0.525337724505915,1.40773064036862
6.76110488254825,25.1813355584948,34.2859421546477,43.0715715195562,51.9973133283335,60.7583018495093,8,25,40,48,63,77,1.02181619355932,2.45140463477391,0.598898716889453,2.48482962399714,1.60764032493551,0.567746012691719,0.639355973333544,1.36404719453249
6.56969421468512,25.208427252712,34.0449744872566,42.8157814830108,52.4483345762434,62.3836932980169,8,25,41,49,64,78,0.970036852626923,2.51066353935061,0.464219700778698,2.30473477287014,1.60313397563559,0.694711059311068,0.872019767157538,1.69408107987776
6.37653824721686,24.9894133345441,33.7783477253211,42.5171066093922,52.4309455063848,63.7568338528571,8,25,41,49,64,79,0.918535297169887,2.50363103939626,0.456940175383657,2.25186652220789,1.59340016224542,0.748013227218658,1.0370705120298,1.8842214855171
6.18911041348063,24.3738434779658,33.2490443209168,41.9467228010645,51.9501592686029,63.5788101740711,8,25,41,49,64,79,0.86931396429739,2.38796501399529,0.470166662842005,2.14824721851987,1.58094225689079,0.765307632526061,1.10332186315249,1.95140555265527
6.08104729464415,24.1563791335421,33.4499542452321,42.0507027214301,54.6788337403924,65.9508788026725,8,25,41,49,65,80,0.841285280796338,2.35864783304005,0.536626568317978,2.18736750425942,1.55163420277937,1.18420100098016,1.02543719537753,2.25323409926762
5.98017400425672,23.9515362487798,33.8461500143953,42.3213147886188,55.3072702256079,66.4219088642573,8,25,41,49,65,80,0.815360104909258,2.33087799458942,0.638528754079048,2.26526846808273,1.51384634060425,1.26420344297116,0.991691641120142,2.26829591356771
5.8711941290915,23.6508132981071,34.2794651204468,42.6134708002207,55.9244161915141,66.9761996511976,8,25,41,49,65,80,0.787617208919707,2.27990186223266,0.77254829465732,2.3515967994569,1.4716257224093,1.33835838448457,0.978327457227685,2.29272063087146
5.75108842996056,23.2473071528858,34.7352251286085,42.9201345283902,56.477835918324,67.5016902116502,8,25,41,49,65,80,0.75737048422406,2.20513294091256,0.94164232672847,2.44364325933908,1.42733088691362,1.39557781728413,0.972409746562881,2.30684158961621
5.61643331497755,22.7521701416465,35.1926230277232,43.2245646762463,56.9001273158825,67.8994030445369,8,25,41,49,65,80,0.723881765516091,2.11104593247604,1.14295309256257,2.53727788361901,1.38221549563189,1.42317979177837,0.967212483804821,2.29475300424481
5.46396742300868,22.1878976680481,35.6108505517141,43.4858344533046,57.1207538169282,68.074895180357,8,25,41,49,65,80,0.686520774797254,2.00500712602658,1.36423513857208,2.62397312740657,1.33628117929051,1.41364194437749,0.957694332379273,2.2458246011646
5.29196920274797,21.5841935492499,35.9494840633949,43.6621476567972,57.1043283383453,67.9703637310241,8,25,41,49,65,80,0.645112146858697,1.89556527886148,1.58808796203633,2.69491006255425,1.28917118083995,1.3686934501081,0.939210820713341,2.15748130691659
5.10228105159495,20.9871386347164,36.2067645586558,43.7508636938435,56.8865667385982,67.5952217106524,8,25,41,49,65,80,0.600393856898395,1.7939786049619,1.79987599925912,2.7492413251018,1.24068714929752,1.29819914399564,0.906516717204493,2.03366642460297
4.90252077478614,20.4439282564666,36.4100512770906,43.7807556069507,56.5534977960099,66.9918090968426,8,25,41,49,65,80,0.554431563364014,1.709654704065,1.99119650083559,2.79243346049403,1.19129634954964,1.21632122595671,0.851342432635123,1.87970832727857
4.70682252747366,19.993147929481,36.4988786968363,43.7039993223737,56.1185768220736,66.1189074314029,8,25,41,49,65,80,0.510588389733714,1.64783838964806,2.13286305143424,2.81137880516141,1.14460410993928,1.13730557615086,0.764705615809876,1.70223387730001
4.53316592774074,19.6378937934985,35.5579799427725,42.7384372708833,54.775345771129,64.4599035946834,8,25,41,49,65,80,0.472716592745903,1.60426339157072,1.97923785607348,2.61295728404359,1.13769004918484,1.05598837837055,0.704450628137716,1.57421188954746
4.4602607270269,19.4151631947777,33.4124159567717,40.7153799718901,51.4426115890409,61.484452982618,8,25,41,49,64,79,0.457118553586961,1.56858914436966,1.49938666364942,2.18003849298278,1.17213765312776,0.910354091972033,0.772766597189004,1.5355447559025
4.4952745663557,19.4576970445952,33.6532088784232,40.7360802497245,51.3425362557201,61.6799929668518,8,26,42,50,66,81,0.464587068178462,1.41812312728849,1.54697241959821,2.10402728300728,1.11043849405226,0.768349748254324,0.831086039239282,1.42362480222946
4.53875018217931,22.4104801701048,38.4245592716395,45.2015676683673,55.5767586924356,66.0362286963589,8,26,43,51,67,82,0.473918805519639,2.11865045797056,1.82602159632501,2.93904087162176,1.02615059739003,0.725134927771076,0.855614900241217,1.3543551118022
4.59004027119459,22.6120297904336,39.5161812967673,46.2568040939861,56.5184014662595,67.191079072568,8,27,44,52,68,83,0.48500993787125,1.98192295975071,2.05122025567541,3.03020130083874,1.01624112917248,0.70426889342955,0.899101555329118,1.36481430552934
4.64573919834197,22.4289406329214,40.1268618279572,46.9632495138717,57.2063099995937,66.8680237373885,8,26,43,51,68,82,0.497153698549947,2.09610482412909,2.25827668931495,3.30968402563646,1.04237693243154,0.601846886135619,0.815435501047115,1.2137797652006
4.69231138379994,22.5338333500595,40.0145972347406,47.0795935266055,57.0422471101488,66.7264133487006,8,26,42,50,67,81,0.507385821926317,2.11094947690518,2.39547713219476,3.43710296337604,1.10546519431359,0.555849766169113,0.820026346429661,1.20915389183215
4.70340127319293,24.1871060385574,39.1982581512036,46.8225211611018,55.0029745617733,64.3058022754285,8,26,42,50,68,82,0.50983271544421,2.54083374011475,1.74746526595374,3.25385152209875,1.26368795596558,0.246129524880336,0.743351589149125,0.888853446779971
4.74104247813109,21.8489019002722,33.7567175691462,40.9707840404466,49.1927976085581,57.7756939637184,8,26,41,49,67,80,0.518167497420512,1.9264774395252,1.16563488567035,2.24759715343578,1.14711460446737,0.250581718676634,0.717071183029368,0.81805123311759
4.88832318254203,22.0153079629525,32.8795563325886,39.3764370952533,48.3990706812947,56.6516713624455,8,26,42,50,68,81,0.551210616259569,1.93122234664386,0.817652857178449,1.95829352531424,0.950532182059945,0.344214186840128,0.65184841137991,0.785668304112615
5.04706425962058,23.7382568212534,32.7345168519607,39.2330387463808,46.7517436376501,52.8290422068802,8,26,38,46,61,73,0.587570690109423,2.3305854855181,0.935849771254497,2.43394805502018,0.950970603008232,0.348018884780348,0.363166182390616,0.600034778585408
5.25727611916802,25.449485917606,33.3762607195669,39.3424780098313,47.5500029281009,53.8547601880089,8,25,37,45,61,73,0.63685764825165,2.94235160771498,0.703255368080174,2.7119791447381,0.811791604420936,0.372237291824231,0.400062797935696,0.581676958452604
7.25844752954509,26.4684690192622,33.5841240101706,39.3481350846645,47.7849919080519,54.7633809573206,8,26,38,46,61,73,1.15958998244269,2.46766375498132,0.543357927964845,2.61330019404724,0.760608016714401,0.486157084022419,0.517874401752121,0.736901909547729
7.89230715809119,26.1438059154008,32.060994290336,38.1331814207212,45.1832329874889,52.3512424191989,8,24,37,45,58,69,1.34133275017072,2.608663817546,0.266586376770449,2.43004461668636,0.838998834771562,0.435532566179037,0.667653270224464,0.847526543719601
8.08180194467317,21.1591809588101,25.7071685484228,32.1559693514439,37.5405280062659,45.5951557063339,8,22,34,42,54,65,1.3968836985349,1.60662627449881,0.158195356867734,1.55101767855026,0.937712463347857,0.260584150989637,0.862889578338722,0.872342187378073
8.07743072647303,22.5673369233254,27.2891358883124,34.0117154167696,39.3940291159001,48.5558755729973,8,23,36,44,56,69,1.39559629430911,1.79098979557012,0.13154568149877,1.61492454945312,1.01133663565369,0.260276865154795,0.83680502281801,0.907680081795154
8.16192451923865,18.5477968456489,29.0018873869487,36.1185831443929,41.5493838857458,51.4692405261771,8,22,35,43,55,67,1.42053030693448,0.968080912857417,1.12630365249949,2.06660245908298,1.1198649920036,0.26695103801661,1.15379003507565,1.19229390306762
8.20569030288925,18.8849748973789,26.4505078865113,33.0055039892747,38.0117050033115,48.3193864231634,8,22,34,42,54,66,1.43348585846059,1.03249673104007,0.630140652243359,1.69000837056802,0.966090964010612,0.211214873287972,1.2494559637809,1.09258434913294
8.18828305005304,19.1793690858899,26.5858238484702,32.9847689654922,37.9023927953092,49.0089823328228,8,22,34,42,54,66,1.42832969013249,1.1024750052498,0.598896422031368,1.71579526073722,0.924469965633113,0.20037574300371,1.45347099692986,1.1848084048745
8.10034356872971,19.3339180379689,26.8719199686636,33.0901817128191,37.9837042528523,49.4351287436603,8,22,35,43,54,66,1.40234763804319,1.15794229399304,0.519085033834872,1.65212917910891,0.876919474009087,0.259922964457298,1.54420929127122,1.31360121220631
7.94375990459389,19.1170563451284,26.6418834627181,32.7731226647095,37.7418347332775,49.6306615803955,8,21,33,41,52,64,1.3563634068499,1.29913373511063,0.622088954513853,1.8496788785156,0.854271227346848,0.270815311717492,1.66145831523674,1.39045293664833
7.72902452642103,18.4258881403718,25.9338172169339,32.0707275232954,37.2789499755444,49.4401720225534,8,20,32,40,51,63,1.29390107090014,1.34771704705861,0.61875788678082,1.83536602522952,0.855742047635703,0.30683450292746,1.73563383381339,1.48619631477326
7.52772735776365,18.4121136009675,26.0257913442113,32.2942553019965,37.9298559264494,49.6249870072502,8,20,32,40,51,63,1.23600251974004,1.39583307059594,0.639713559180477,1.85382422046464,0.89006070165321,0.375892646282093,1.60924784062486,1.50362883839901
7.223496282181,18.3247544484017,25.9921937337444,31.8845628056858,37.8437785891039,49.2473642615414,8,21,33,40,53,65,1.149762428345,1.28147940174664,0.650466534083459,1.72227283106354,0.967124206631233,0.272179398363167,1.53152974148513,1.32891300773094
6.86828632880347,18.3229020915147,25.9905052213738,31.8740590693531,38.0704197666464,49.9180796223005,8,22,35,42,55,67,1.05112144801841,1.20927288363242,0.542274820829426,1.49104110298605,0.964640348835103,0.30475188386856,1.65032408243851,1.45013733473271
6.52161509603708,18.2090071729712,25.9197394639143,31.8188651825719,38.1831757827057,50.0919692660905,8,22,35,42,55,67,0.957145698422298,1.26409726383463,0.550081766128233,1.47838849768451,0.969029107795527,0.328840532501467,1.6668658522821,1.49526364481405
6.19237620450045,18.1323899011573,25.9284656035652,31.8681743340715,38.1783721435744,49.8160475895889,8,22,35,42,55,67,0.870165070328893,1.32446041228021,0.565660402213356,1.47994639753289,0.980490424211535,0.320988381008269,1.59384826809401,1.44281179727697
6.18481056239872,17.637275075697,26.4210505493268,32.5259214638623,38.5270231169593,51.8692897687757,8,22,36,44,57,69,0.868193728382848,1.20876985452938,0.643607317784239,1.45931872229855,0.847441993686208,0.277807841352856,2.06668342668253,1.61822813188694
6.4790924630864,17.9540538747073,27.8048417072727,33.9082768812503,40.0992105155085,54.3242199324855,8,22,36,44,57,69,0.945783669883707,1.21403365912973,0.854386278930674,1.71024437068404,0.847070593964019,0.303987453356013,2.32317178951246,1.82539957382504
6.8090194585807,18.3248207744686,29.3174356663215,35.1946639543185,41.5446597566859,56.7342208887427,8,22,36,44,58,70,1.03488975591367,1.22360810734164,1.10282189519625,2.00155103072276,0.789145979912936,0.259423604679011,2.61123060510531,1.87731956053949
7.11175495165512,18.6789099382103,30.7077312596199,36.1770732989365,42.4920317489597,58.6190787871773,8,22,36,44,58,70,1.11848676516872,1.2356815558195,1.34588920157614,2.28379414419245,0.687827491676333,0.255043410081714,2.89819782130967,1.97596922532715
7.63605291988292,19.0265362646579,32.0946592204364,37.0727892324477,42.527600206495,60.1741670265414,8,22,36,44,58,70,1.26707945765117,1.19430574891675,1.60426524269096,2.57814440571041,0.571688075238015,0.159190996538245,3.37621380609258,2.00992731220579
8.22043252261333,16.5337259324861,29.6601427071574,34.5651377790284,38.1004275292522,50.2252193737333,8,21,34,42,54,64,1.4378559889138,0.663657653402876,1.80356163214015,2.33899023949408,0.554993528644706,0.0690946019489744,2.15709298444002,1.07178192358355
7.19887922395375,15.5555432554124,26.3802301902637,31.4134803833963,35.1365133178288,47.0736915187068,8,21,33,40,52,62,1.14285339934838,0.67214546738134,1.38046199199439,1.79796485048127,0.733213036230243,0.0826077474917419,2.1001268673868,1.19596099285325
7.13768081553184,15.3253312572245,25.8295255571925,31.2363463868539,34.4070034714712,45.4062141934678,8,21,33,41,53,63,1.12572357491958,0.639300158960139,1.29879697594261,1.69090354884977,0.672674279927665,0.0467678206469149,1.82065953602898,0.912468425605099
7.19356877342303,14.9751225515521,25.1865381029532,31.0037943057841,33.7698361142523,43.62922957611,8,20,33,41,53,63,1.14136435756387,0.67350932710011,1.06977953550199,1.56904947123038,0.773990614570107,0.0278843141063161,1.49447650826531,0.743504028553552
7.25845066042235,14.8068490801667,24.7364537822598,31.0127186089629,33.6823981647435,42.4593831015126,8,20,33,41,53,63,1.15959086372823,0.626746684447633,1.00534473085456,1.48583850066957,0.892107620449699,0.0242588041420641,1.20086583388547,0.64439634269714
8.56157106833485,20.0846239456051,31.362639652142,35.8676788333185,38.4522698625723,46.1220777671305,8,22,35,43,55,66,1.53982331941007,1.22531067465494,1.32492814229278,2.56364967506576,0.466677372782381,0.0213229267930924,0.77606027178352,0.265817159984539
11.151530702067,19.889155059871,31.7099789687015,36.214838691629,38.978416698629,46.4081949987279,8,22,36,44,56,67,2.35809723042171,0.63500838041274,1.29587003493349,2.49527690190213,0.466638926910417,0.0277875689090356,0.723498646807334,0.260748156177093
12.3117937921899,21.0804029248189,31.2599658102993,35.7510009684011,38.5645393698615,45.826206009902,8,23,36,44,56,67,2.74473276354261,0.540945693347677,1.0624307897593,2.39951821481002,0.463680555627015,0.0297913972465936,0.687452489530584,0.2500059463276
12.8440098118371,21.3564248300144,31.1043209067359,35.5779722052573,38.4802816867079,49.098594849594,8,23,35,43,55,67,2.92538059071729,0.498417391227016,1.1121269905388,2.5074793108252,0.459969808964274,0.0335725194143163,1.32770850013944,0.541962223932964
13.1248952132919,21.6311413348624,31.0169276439179,35.4493871742084,38.6775950719445,53.8925978197669,8,23,35,43,55,68,3.02147984759598,0.497411529950281,1.02598501634236,2.48857153390896,0.451218643337181,0.0499510768334458,2.38916426317435,1.16117888371647
13.2845245625511,21.9052498713751,31.1106996882759,35.4440035054565,40.8558298968352,50.2672358675277,8,23,36,44,56,68,3.07631730030985,0.516217933307003,0.846088327310446,2.36804238153583,0.430396538244235,0.26432993072428,1.0320068302231,0.688713152249572
13.373964151086,22.1510590263496,31.013058054547,35.2957165269808,42.0501394680678,51.9270043496444,8,23,36,44,56,68,3.10711158472775,0.542379259090619,0.773959670948792,2.34753085037352,0.419896419474513,0.477341148685369,1.14332942706732,0.941135023892112
13.4190354711084,22.3345189767398,30.8871923728578,35.1252984206496,42.4111829554306,52.5065953183055,8,23,36,44,56,68,3.12264831900692,0.565980046744148,0.711006981534655,2.32118218791228,0.410736425643149,0.575617941831273,1.19680781220095,1.05209496597034
13.818734213702,27.1575005774758,35.2302816650261,39.4114208442491,47.1188343177588,57.6693937017882,8,23,36,44,56,68,3.26096173694449,1.50201755767976,0.617336743603385,3.28607253423739,0.399130376316889,0.658504779367959,1.31052076360641,1.18750832354964
14.2000661691369,27.526811527882,35.1641635708635,39.3699362513903,47.3134895547774,57.9833060752078,8,23,36,44,56,68,3.39377823797511,1.49908140424291,0.53682558600724,3.27058279937658,0.404134287945607,0.706722143573064,1.34081767992007,1.25256084565457
14.3968947545891,27.663438123383,35.3584708753946,39.5978958120909,47.5376105344193,58.1861868040835,8,24,37,45,58,69,3.4626474249964,1.32814513055802,0.547234796437174,3.1559687750377,0.411006546711716,0.592265926855955,1.51684140518998,1.2540446128124
14.4229834826551,27.7980487566267,35.1433619723028,39.2846253975592,47.2124949508649,57.7791533718451,8,24,36,44,57,68,3.47179138436687,1.35315207896572,0.587047914209992,3.26571428489988,0.391078320704241,0.590053810908681,1.49463476385315,1.22099935828405
11.821439325936,24.1299836481457,32.65658363552,39.8247800537516,47.7909725293939,59.0792949240212,8,25,39,47,62,74,2.58006809947019,0.984579925702837,0.596272391356369,2.28460386068021,1.1342568283549,0.412783532057688,1.50109948975135,1.56923069899935
11.883225084885,24.9956169204644,33.5576512222015,40.8338202662473,49.5813744436537,60.9677290906643,8,25,39,47,62,75,2.60071808053531,1.15204858927777,0.602709298406708,2.46920497946233,1.16458098150478,0.537395541066172,1.35177533246622,1.63708965874533
11.9736305475262,25.9288712270638,33.5070759165426,40.7491322826872,49.6594647117282,60.9209285196249,8,25,39,47,62,75,2.63098515492698,1.3372881355925,0.434687103839831,2.4587099436436,1.15497849199353,0.565094144059326,1.32084083551253,1.63778333430353
12.0953733756449,26.7367622922359,33.4196499729147,40.5658412799435,49.6070989792865,60.5477948036918,8,25,38,46,61,74,2.67183975208333,1.49476879642162,0.376780073502076,2.57823708024383,1.1281017544724,0.587787607548577,1.24239907067769,1.58560162300149
12.223724769775,27.2240260067551,33.3412233381601,40.3899412735031,46.0764641712849,59.9726496671549,8,25,38,46,60,74,2.71502940536672,1.57937213237466,0.293688905719234,2.56157516242378,1.10094115892279,0.182756228840808,1.81935987579615,1.49645848589679
11.7623791962493,26.6088689404461,34.557670662091,41.7037900359291,47.5639496633217,55.7348052315846,8,25,39,47,61,73,2.56035625140668,1.54293406777969,0.49530154891106,2.67988617429557,1.12808164801245,0.201520590783794,0.754286214837246,0.81268116735137
8.46640943441393,22.8049087023227,26.8991557799343,33.0688503331063,38.59237742827,45.158990955833,8,24,38,46,59,71,1.5112197392155,1.58157776081301,0.0558745784909249,1.33525119686038,0.864258815344489,0.216900309691145,0.444383220143861,0.510794536099077
8.2195530193372,23.3562299504756,27.7457359688478,33.7197031687182,39.304109815705,45.7321271052997,8,24,38,46,59,71,1.43759518571527,1.77896754889219,0.0731735374472659,1.47869118639566,0.813772568458951,0.224260011456471,0.420684053941118,0.4801282217497
8.10412761991347,23.9643775641789,28.5359046674069,34.321033567072,39.8570002062222,46.5355738352649,8,24,38,46,59,72,1.40346335471624,1.96372535059526,0.0852451015862439,1.61782498730798,0.765907499906908,0.218394329130134,0.37611169366396,0.425876557750029
7.59339089301844,30.0915860006262,34.6870503611307,41.2359827693034,48.7266365978022,55.4214017486295,8,25,40,48,63,77,1.25481778907927,3.6129489478909,0.0618183713592764,2.56806581256317,0.964464364728955,0.344127633087729,0.304424763652563,0.549678714524831
7.6093232198737,30.5027174715373,32.9093840522211,39.6318563949332,46.8382937483617,53.3573132722478,8,25,39,47,62,76,1.25939355024729,3.73104112636163,0.00513555186545746,2.33588037659927,1.01130751951962,0.305856436167101,0.281057939322085,0.518081656291663
7.60623564654607,30.795351116784,33.0770361584376,39.8383744565805,46.9085038540825,53.477616763247,8,25,39,47,62,76,1.25850648115533,3.81996555830486,0.00392193019303514,2.37010901912328,1.02187977424307,0.288260841155609,0.28762845517989,0.512949119805011
7.59689267972485,31.0278171461738,33.2281035478271,40.0141298724142,47.0177197402307,53.6319120246218,8,25,39,47,62,76,1.25582315158309,3.89302471512775,0.00325475774209654,2.40110257971748,1.02861054146072,0.279853378114563,0.293602721779523,0.51329819581508
7.584043991566,31.1924122578308,33.3539560714571,40.1575667963349,47.1366542372417,53.7861284004164,8,25,39,47,62,76,1.25213526213034,3.94683139930965,0.00296868640275623,2.42703140113698,1.03341176960846,0.276787737268418,0.298318923160189,0.516370756113706
7.5688058394131,31.2533514623296,33.4165789051197,40.2296075137391,47.2173444148725,53.8879747519376,8,25,39,47,62,76,1.24776499069561,3.96998071425715,0.00298071347118723,2.43996981445183,1.0359856538694,0.277868052834044,0.301163845472196,0.520634991673662
7.55188365006149,31.0438619576524,33.2543883293979,40.0540668415986,47.0828970157031,53.747291892998,8,25,39,47,62,76,1.24291614536458,3.91151977078152,0.00333367717210497,2.40650979439755,1.03233760759214,0.283028424478349,0.30032403126143,0.522980753199967
7.537923038707,27.4729896453909,30.4228146017924,37.06545396908,44.3550954585274,51.5392031408475,8,24,38,46,61,75,1.23891940453767,3.08974512115677,0.0136951968544745,1.96934846258429,0.989684105486405,0.31684065679754,0.374014538958311,0.593276927443086
7.52794157115126,27.6000495623284,30.9323612469962,37.5729485305413,44.9027723717738,52.3526427582776,8,24,38,46,61,75,1.23606378665835,3.12976272483035,0.0237103800951242,2.06867865429318,0.989129939462705,0.32221084851821,0.414491343265618,0.629127667445485
7.51412048633073,27.7123689427487,31.3025643943978,37.9425851370902,45.3649707737902,53.0375716988754,8,24,38,46,61,75,1.23211237108658,3.16670469841421,0.032670221823826,2.14196395065564,0.988976959609529,0.334742342912284,0.449806286727192,0.66733383038355
7.48655426669653,27.8402194318373,31.4056112412693,38.036129454478,45.5842082797216,53.4366971362967,8,24,38,46,61,75,1.22424060293201,3.21236065653162,0.03172607202023,2.16252770158394,0.986411995523585,0.352115316539251,0.479227032083317,0.704263501184973
7.4583381546771,27.9225956673241,31.4294359741268,38.0524600590606,45.707038448668,53.6449936081526,8,24,38,46,61,75,1.21619621407853,3.2449418592613,0.0295679294266964,2.1672922172803,0.984390415175296,0.36715225322038,0.493480169224731,0.727750537221438
7.43056876743031,27.9554869101129,31.3770920581414,37.9939707328912,45.7234404456002,53.6539355471441,8,24,38,46,61,75,1.20829206504179,3.26284541329772,0.026601042680138,2.15682937036028,0.982733494069139,0.377898306961796,0.492229088361625,0.735634009380496
7.40573678922201,27.9174228338684,31.2466244611329,37.8550053434262,45.580215893136,53.4273039216147,8,24,38,46,61,75,1.20123488932683,3.25893809619811,0.0236136391253388,2.13083058830549,0.980443567737668,0.377283384226888,0.478332245181128,0.723281892316176
7.44427418404315,27.6420545333626,31.01488182929,37.5904601877959,44.971635002754,52.9054347844739,8,24,38,46,60,74,1.21219150942499,3.16656741767722,0.0249947602581479,2.08493371410205,0.971617746335602,0.403853200953917,0.492783132200206,0.757574430046921
7.31382274322781,27.8092940756696,31.8200870286539,38.5431835038302,46.188846339044,54.2750237408709,8,24,39,47,61,75,1.17520351903619,3.25415152834669,0.0348385873826068,2.11787976021973,1.01147706316038,0.445469057989164,0.518611135670672,0.833965926344107
7.15997818807041,27.860859256213,32.1957316823107,39.1686087035265,47.2499262714111,55.2470086138056,8,25,40,48,63,77,1.13195709659651,3.08739708611348,0.0485931152297365,2.06722153887793,1.07992720602026,0.430244690254234,0.503442891548003,0.838656863869961
7.0391713049248,27.6613458864862,32.3160515050272,39.6372957919434,48.22085488644,55.9956647276399,8,25,40,48,63,77,1.09829021739928,3.06484193699375,0.0651020098819709,2.09049653591768,1.17730008588837,0.510079965853284,0.466425558585646,0.9267696381976
6.95594250332057,27.3431791417027,32.3095531532725,40.0615173813515,49.5934565638842,57.1048388156391,8,25,40,48,64,78,1.07524940566361,2.99775827941088,0.0840997832269759,2.08923701393574,1.30053991220472,0.576157064081097,0.424119331034517,1.00572569348188
6.91085084240321,26.9766174804706,32.806557659305,40.9892383746707,51.0954139349725,58.83418347862,8,25,41,49,65,80,1.06281970136398,2.90656776132392,0.115180505999759,2.06301287129452,1.42667115142374,0.676112140910702,0.379242562891735,1.10345079916747
6.90089486121894,26.6429371634702,32.7284315801136,41.3716111265325,51.9103161490052,59.312459086369,8,26,42,50,66,81,1.06008039768702,2.61042963702677,0.135413170067249,1.93029029341159,1.56444872794932,0.755588858023464,0.331982678436459,1.18909767067475
6.91408445285075,26.7855970615169,32.9807352413852,41.7305730273848,52.4051999942919,58.9821046836255,8,26,43,51,67,81,1.06370980026162,2.64549819519071,0.110166093750033,1.86279614819706,1.59676361893201,0.781272970854979,0.288656932656708,1.18978732473471
6.91876719236897,27.21009146485,32.9445741702222,41.5948593816839,52.3921836291729,58.9954962642813,8,26,43,51,67,82,1.06499913913075,2.7600585656773,0.0803085326384133,1.85626691442618,1.56659699594378,0.804740907337994,0.231849078390534,1.10698138202883
6.98356974447676,27.9747801700459,33.9321703007038,42.2676786463452,53.1167367306398,60.4941784150362,8,28,48,56,74,92,1.08288356504519,2.55592306847341,0.0366949147379784,1.50877482082432,1.47207372967274,0.609658468412417,0.168307237970992,0.788011084141198
7.23917873515367,30.4029177693892,37.1501800744624,45.2330304694058,56.4524449401231,65.6628997411277,8,28,48,56,74,94,1.15416937996595,3.13867624192615,0.0679460215984214,2.05534679040992,1.39719252781554,0.671449606661694,0.252043062096438,0.893544898722238
7.51841317820655,31.4987973273293,38.9517885954219,46.9386292293675,58.4857583733702,67.7844235181449,8,29,49,57,75,95,1.23333930715395,3.15729392805601,0.106925560567498,2.27057520799446,1.3689788919094,0.72817250488266,0.261123337730703,0.935055014988734
7.80928428892019,32.074484233588,40.1165847718355,48.0483233976604,60.2419906302217,69.7303002012629,8,29,49,57,76,96,1.3171643109179,3.23506005079941,0.147894074337418,2.49074380001977,1.35284812121121,0.740616964018226,0.281210865231446,0.963670163797123
8.1012700296147,32.4948206941512,41.1210551950549,49.0776670414392,61.5658813893628,71.2304506623979,8,30,50,58,77,97,1.40262078319088,3.06897421015637,0.19618511244431,2.56125550563791,1.36012398969961,0.792312956235583,0.300566877903404,1.0299832069244
8.38671115087729,32.7209630559517,41.6972106320256,49.6768453282533,62.3434347616319,72.1178397994868,8,30,50,58,77,97,1.48735803484312,3.05317987082901,0.228752351594778,2.67324940870056,1.36686682618721,0.824299695890095,0.312959535217118,1.07264650987842
8.66085912530212,33.5523254408292,42.6917086934401,50.6009713332964,63.7330772463341,73.5916320079314,8,31,51,59,79,99,1.56979504236775,3.00715368648213,0.244849367077767,2.7420863721721,1.34628147309798,0.803376114977244,0.322624604739355,1.06011205650106
8.92035750986434,33.6058948403924,43.054281337558,51.0955539645386,64.6166848051039,74.4398808380246,8,31,52,60,80,100,1.64872772638869,2.95340844156918,0.227852931329682,2.68754114926327,1.38495776926151,0.872638667401127,0.318545497234173,1.12728212217802
9.16212445282626,33.6301367294039,43.2836713634935,51.4670255033714,65.240679081033,75.0747720637614,8,31,52,60,80,100,1.72301759833615,2.89693392057062,0.247606510720818,2.7320795520814,1.42687049117675,0.918810800116067,0.319799836830234,1.18477560996896
9.38971997219445,33.6079032322689,43.4306328375033,51.7759014020969,65.7323860171765,75.5546357429753,8,31,52,60,81,101,1.79358535700842,2.83245532441426,0.264555299443358,2.76075376870317,1.47498441775007,0.845767952633938,0.318436685142613,1.15028731780031
9.60357382133953,33.5443934107139,43.5062019538531,52.0277203158055,66.0935401614446,75.8945780736971,8,31,52,60,81,101,1.86042863583066,2.76135830288418,0.278928419569662,2.77554071275289,1.52776957495216,0.865003543291465,0.316002516830286,1.18763622650065
9.80425237485171,33.4449982259743,43.5209426904503,52.2282456635752,66.3584983519504,76.1259153808981,8,31,52,60,81,101,1.92360854697055,2.68502995322668,0.291018967574492,2.77842844139624,1.58385900142887,0.876420929539222,0.312163561141248,1.21862989053532
9.99232822373084,33.3141890334013,43.4846193963548,52.3834536129965,66.5471750293332,76.2721672165668,8,31,52,60,81,101,1.9832065705666,2.60460354575496,0.301227974757895,2.77131463037286,1.64214865065296,0.882375247093802,0.307353046531891,1.24502868294124
10.168325140438,33.1566134510037,43.4065302133689,52.4997217559143,66.676106514704,76.5134217549064,8,31,52,60,81,102,2.03930428512641,2.52124815449379,0.309955837512269,2.75604354375378,1.7017641480507,0.884632357054597,0.266044027786659,1.20774243913437
10.3327387665673,32.9764803144338,43.2955719452594,52.5835310212504,66.7582633176804,76.5315391894661,8,31,52,60,81,102,2.09198733465019,2.436003659031,0.31765470515129,2.73439746002901,1.7619594789242,0.884337691645241,0.259540240173755,1.22615124701535
10.4860350431447,32.7776682504962,43.16083438591,52.6419170177156,66.8053281660731,76.5148542813258,8,31,52,60,81,102,2.14134287352004,2.3498075570838,0.324871261558795,2.70819622254073,1.82207979231884,0.88231997403812,0.253149857728778,1.24309567697001
10.6286828262261,32.5643415562801,43.0130941799968,52.6838148082166,66.8294591601296,76.4751979184245,8,31,52,60,81,102,2.18746841904514,2.26363507019938,0.332342747292094,2.67957263761026,1.88152035217516,0.879157203672851,0.246839845431175,1.25869908613263
10.7611674269949,32.3391874055673,42.8661352759125,52.7210877625469,66.8453268773269,76.4267066517972,8,31,52,60,81,102,2.23047501799233,2.17806901963871,0.341361990443806,2.65121121184555,1.939638325991,0.875352788804031,0.240558842689981,1.27298868890446
10.8839731172338,32.1060304285295,42.7404011063571,52.7717684603468,66.8723121442528,76.3879235300121,8,31,52,60,81,102,2.27048055161144,2.09393666872186,0.35394886423965,2.62703411257415,1.99562304735274,0.871149064193265,0.234229332636367,1.28566577308734
10.9011756049918,31.9661547865345,42.8056902542418,52.6646212126809,66.9564432448111,76.40031003162,8,32,53,61,82,103,2.27609514721186,1.90381903255545,0.378614466283836,2.51870351276224,1.94089733350188,0.905313989306324,0.227427618379736,1.27794624364011
10.8723621914281,31.6814327682559,43.1748007880258,53.1309097921404,67.3617674623456,75.8803816263586,8,32,53,61,81,102,2.26669241794733,1.84665726641228,0.462576316322302,2.58833941334492,1.9717008821567,1.00475012731914,0.149447502823153,1.23314616054313
10.7313230717853,31.5014093248537,41.3574673132604,51.012967158048,65.405065237368,73.8705259517308,8,31,51,59,79,100,2.22077319109538,1.98864299788167,0.322335715713777,2.48474104969316,1.87673501261788,1.0357575281697,0.14552083749477,1.20543439297656
10.5204174601816,31.3665475457112,41.4613434620974,51.1826826757134,65.6877702525754,74.3570991323156,8,31,51,59,79,100,2.15244320573892,2.00623645900341,0.350541092916828,2.50443929870332,1.89745253713268,1.05769819177679,0.160909189775681,1.26079183015871
10.2967923044442,30.506997682234,41.7313967400967,51.626734382094,66.0837318879072,75.1020112596407,8,29,51,59,78,98,2.0804465115089,2.17992340301047,0.363121241501297,2.55591983741748,1.95242607699865,1.17166218780422,0.23284424609385,1.51433344608413
10.0953354161105,29.9046086020303,41.1819457064444,51.2629983424105,65.6119341722939,75.1022857157265,8,29,51,59,78,98,2.01600158179305,2.08238659848735,0.369339703345952,2.45158850107002,2.01144789082931,1.14942505953648,0.281431334729213,1.60370733555302
10.0502229213206,28.7257673652979,38.4928609367956,48.8036063624055,62.7932182374032,72.6054009797284,8,29,49,57,76,95,2.00162564067463,1.81426085336039,0.312126742194182,2.18595057314712,2.08492475983052,1.07660424384575,0.379352304029425,1.73766346095085
9.79415970727188,25.3303706699086,34.8982947660012,45.8025088980387,59.1515308034932,69.0711583489709,8,28,47,55,73,90,1.92042079068106,1.26566751922878,0.348573787128211,1.76784239478004,2.27708714031818,1.07142061381265,0.548929935843335,2.08293255883691
9.87858811645357,25.8550526694643,35.4770774353263,46.2734208781852,60.2416742927254,72.3148164303893,8,29,48,56,75,94,1.94712036481287,1.22770977507173,0.355282226134393,1.76270444549887,2.24192033292429,1.07233093976504,0.719875274343582,2.22878460049921
9.97832677721743,26.0785692107413,35.8154994860967,46.4869233727926,60.626349543106,72.4932082390484,8,29,48,56,75,94,1.9787571662474,1.25282773175957,0.369735981581601,1.82045761279042,2.20132541134067,1.10675380675808,0.684941826642565,2.19866042424031
10.0757740865428,26.2885494650005,36.1949440901423,46.7340812585907,61.0386503710616,72.5629956014195,8,29,48,56,75,94,2.00976548217745,1.27582370238289,0.391557917263768,1.88609186263861,2.15849149321386,1.14033987053518,0.628555275242934,2.14081032886022
10.1703207139853,26.4721698263944,36.580309179917,46.9794935245493,61.4350741922322,72.5748007681659,8,29,48,56,75,94,2.03994213619654,1.29413272480066,0.418311029337384,1.95368788688349,2.11335280246758,1.1713696352585,0.567720583456309,2.07180364080253
10.2614020708185,26.6151135976932,36.9323559344469,47.1835140004138,61.7744456143211,72.5224441384745,8,29,48,56,75,94,2.06909650551548,1.30483617238494,0.446913216023679,2.01625244055941,2.06581342570372,1.19943542029351,0.508565014928497,1.99807854001678
10.3485212470899,26.7120790537053,37.2256010560736,47.3214652695657,62.0352340668143,72.406245923168,8,29,48,56,75,94,2.09705833078459,1.30687183578505,0.474555432702661,2.0689507776057,2.01617021431866,1.22511132384187,0.454409766369889,1.92449019087151
10.4312907074402,26.7713183691873,37.4580787881479,47.3947232685584,62.2229259802073,72.2444806210782,8,29,48,56,75,94,2.1236916572341,1.30200900056379,0.499580178142111,2.111101133776,1.96552318617539,1.24920396803398,0.406726883874479,1.85465561843626
10.5093803129857,26.8173892217714,37.6535806179549,47.432326448506,62.3692790505275,72.0750020613943,8,29,48,56,75,94,2.1488786663614,1.29540233528549,0.521630755571181,2.14679973460214,1.91555441443181,1.27225295063386,0.365782932560902,1.79091385484624
10.562236979249,26.6204093365053,38.0432428266658,48.0343902881066,63.4578682255123,72.7026631003623,8,29,50,58,77,96,2.16595947678348,1.24426977824892,0.453134133962802,1.99408744564489,1.98283126851734,1.37715254777556,0.309813547913005,1.83237905985849
10.5358616426296,26.0230930833681,40.2679000060432,50.2252789614497,65.5906095309131,75.4871952311519,8,30,51,59,79,98,2.15743294379621,1.01484635910263,0.896867777984065,2.2816668052435,1.97210407763695,1.23026778688677,0.390278527443402,1.82311381978315
10.5075748673414,26.2621055479523,40.5837290824754,50.453154145376,65.7215210003864,75.4147063896552,8,30,51,59,79,98,2.14829569096022,1.06469562937726,0.910684109355161,2.33985761363866,1.94421903880232,1.2103417227875,0.364200554173702,1.75633772144482
10.4774734098534,26.5558096017587,40.9342799335367,50.7108570757265,66.1118811553588,75.3042348938262,8,30,52,60,80,99,2.13858048243172,1.12630812435221,0.81835074628428,2.28896289298787,1.91486993100292,1.23763229693567,0.303736728405145,1.67836307729142
10.4456716370609,26.8087789731934,41.0697402694522,50.7371684399668,66.2768416584736,74.9427235531896,8,30,52,60,80,99,2.12832575968947,1.18157400894167,0.79854087365742,2.31370599221161,1.88048500744157,1.26638847295664,0.246108719202695,1.59592504345937
10.4123090017756,27.0298692727877,41.2335488619004,50.7850659813864,66.3993390480911,74.5849621805079,8,30,53,61,81,100,2.11757800564825,1.2317898374209,0.697304760605879,2.23022363254911,1.84411078649398,1.28195807877826,0.19902018327449,1.5112501697662
10.3775294048545,27.2290445595983,41.4369573124679,50.8744320458115,66.5527380810058,74.3237096371469,8,30,53,61,81,100,2.1063850473346,1.27863902830234,0.697962337702769,2.26679063241231,1.80846752346778,1.29537616178544,0.162672356189216,1.43743926697597
10.341456403701,27.4133644584291,41.6700588106497,50.9977765179783,66.731513469909,74.1419110723947,8,30,53,61,81,100,2.09478806215942,1.32335477112732,0.705559461665684,2.30897648597121,1.77430178467165,1.30703162469187,0.134352973285085,1.37285347707885
10.3042565298358,27.5869479758551,41.9151625298472,51.1382826362249,66.9206250879595,74.009644040487,8,30,53,61,81,100,2.08284191699758,1.36663907120656,0.716762225318829,2.35365517549776,1.74187072070651,1.31728223870985,0.1116994919376,1.31521153460037
10.2627900078258,28.9734463375258,44.4225043442996,53.207625644903,68.9743072126729,75.598194465469,8,31,54,62,82,101,2.06954140131888,1.53228545310114,0.901990737001413,2.70464742008137,1.60748581523629,1.31397636439429,0.0832047270055109,1.17936775699472
10.2203396666616,29.0970132675166,44.7070426162395,53.3994876453949,69.1737175866457,75.5322504823387,8,31,54,62,82,101,2.0559426891689,1.56755758324711,0.930028349327613,2.75932234502196,1.5793567382785,1.31556939358635,0.0691859386242308,1.12926885192859
10.1770965256199,29.2102174235577,44.9665921465237,53.5711999283984,69.3463259475969,76.2066220299033,8,31,54,62,82,102,2.0421082030909,1.60105153232511,0.955818840191272,2.80954485079779,1.5527987687059,1.31575854951578,0.0734644973105339,1.10695465607557
10.1331816886537,29.3139859547102,45.2009525791017,53.7223917980616,69.4915360992919,76.1573824646318,8,31,54,62,82,102,2.02807775660026,1.63289334881389,0.979071642136244,2.85517678567129,1.52774577824364,1.31449603148914,0.0641385460338628,1.06783121593285
10.088730506001,29.4078363799997,45.4098420824331,53.8536488897818,69.6107216717901,76.0952320288358,8,31,54,62,82,102,2.0138955243083,1.66290736168387,0.999739457984783,2.89607409264582,1.50444373808017,1.31194948580268,0.0561547926888739,1.03103735425373
10.0389672781226,29.4496075080407,45.6301479016009,54.0025624052789,70.049616411949,76.0739139570284,8,31,54,62,83,103,1.99804201932043,1.68287465420235,1.03215256310948,2.93943418513125,1.48308678011576,1.2420116334504,0.0388670042952445,0.925644817220325
9.98490616290079,29.4508027606517,45.8490294868416,54.1537263383785,69.8045722006545,76.035462553146,8,31,54,62,82,102,1.98084772547091,1.69496753511524,1.0722213598908,2.98274354502911,1.46289380371225,1.28961582054251,0.0461119490392626,0.964850698344285
9.92969990507764,29.4394947200604,46.0415764381218,54.2814378321667,69.8583514472598,76.0013828571399,8,31,54,62,82,102,1.96332004501662,1.70459564020894,1.11028061779499,3.02102987476249,1.44362011292236,1.27415238105518,0.0429302669588815,0.935459583577196
9.87323138745343,29.4156582877868,46.2091105883473,54.386809822651,69.8805323250242,75.9586389798551,8,31,54,62,82,102,1.94542414091366,1.71176475060231,1.14647291203115,3.05448454354945,1.42519678895036,1.25683199590887,0.0406750883748801,0.908568150803687
9.81523022677192,29.3780728662728,46.3529365240081,54.4708234763704,69.8728309401793,75.9117765682301,8,31,54,62,82,102,1.92707710713852,1.71625517187825,1.18118964604641,3.08330964875778,1.40752200278781,1.23783541858864,0.0393537691603378,0.884500284154287
9.75527855692173,29.3258038413604,46.4739350952207,54.5342575690112,69.8356719482902,75.8632117563684,8,31,54,62,82,102,1.90815030281831,1.71794599322097,1.21471286993011,3.10763428800761,1.39056027884578,1.21711979992512,0.0389743973966623,0.863354895595706
9.69265941845465,29.2554657279875,46.5715872059108,54.5762713486709,69.7698096683761,75.8166944543751,8,31,54,62,82,102,1.88842219841912,1.71624717760042,1.24755045854494,3.12731496271689,1.37421215235574,1.19504503467017,0.0396192884080354,0.845567150000583
9.62624623901272,29.2015189422551,46.9079026621114,54.796113693619,69.7852516514303,75.8955270248968,8,32,55,63,83,103,1.86754486939342,1.57951688621602,1.32508469711232,3.06427236748579,1.34013788330027,1.15362308398825,0.0417823605844662,0.814238259186966
9.55410148740349,29.0836921555474,46.9914764902145,54.8164149182807,69.687740695009,75.8887757377458,8,32,55,63,83,103,1.8449201876807,1.56990567868593,1.36576564169351,3.08092312191532,1.32171326010771,1.12999237397854,0.0450138982126428,0.803382406729941
9.47284865417508,28.9382273047942,47.0596928843187,54.8194318485673,69.5827487306792,75.9241727970717,8,32,55,63,83,103,1.81950791334103,1.55643088130088,1.40941332517802,3.09453803792634,1.30279181362773,1.1084870288207,0.050330371789434,0.799455330245109
9.37636020727102,28.7642796582496,47.1201689985453,54.8099355129124,69.4887364562734,76.0381127506187,8,32,55,63,83,103,1.78942657887573,1.54023088474994,1.45786333996778,3.10662602314646,1.28255877449728,1.09176647024716,0.0589325788699476,0.805857420121326
9.25285609538313,28.5693556168427,47.1867683195121,54.7995419761378,69.4341517619367,76.2931541661148,8,32,55,63,83,103,1.75107761498826,1.52534726236594,1.51259849720005,3.11995734296163,1.26038505209103,1.08306148375107,0.0733997995825852,0.828618138224253
9.0797602027259,28.3762660349522,47.2172222458011,54.7614195378544,69.3988162646327,76.7498398802945,8,32,54,62,82,102,1.69762959018097,1.52118986354093,1.70146666723275,3.25853464316509,1.240715249124,1.08360969968401,0.100619978426354,0.881214414311453
8.82562603758909,28.0237239888946,47.260832023814,54.7335259861545,69.5317044346159,77.6011479893722,8,31,53,61,81,101,1.61981414400291,1.63663612949796,1.79050384882938,3.40406035706266,1.22028739889961,1.115411486516,0.149984294088584,0.985047694058838
8.56340900771857,27.6421515065811,47.4913470479881,55.2776435559995,69.7638586103566,78.9074365744356,8,31,53,61,81,101,1.54037695300786,1.61086483876938,1.93097341827628,3.45239073301494,1.31049111264463,1.05402140362728,0.245270906070577,1.13156075704893
8.57942119531825,25.9696551644321,42.4014172381734,50.4614838350523,62.8984410424218,70.3936241227006,8,30,49,57,75,92,1.54520211730554,1.38891502261959,1.60334716151632,2.94388830187716,1.39048499091565,0.891337366370951,0.224625806714462,1.05310174512166
8.51103920984831,25.7804131169993,42.3537684157563,50.3614698037752,62.8414871822042,70.4132222743016,8,30,49,57,75,92,1.52461943219993,1.36388950751177,1.63601201749437,2.93416372473125,1.37509753557823,0.899557010920863,0.232734016568354,1.06269992628858
8.4344591077353,25.6340612985061,42.2655277072392,50.2000449198122,62.7658906107191,70.3690648863731,8,30,49,57,75,92,1.50164342981143,1.34951683898179,1.64947964178703,2.91618479649528,1.353660448386,0.916026443656323,0.236106964927967,1.06901298312495
8.46625361623545,25.362556258805,41.8867770502321,49.072577221624,61.6157115118216,66.1129428665771,8,28,46,54,71,87,1.51117300313328,1.55968393417136,1.78339793868547,3.25273348966424,1.13918694542411,1.03247428469548,0.0392242356818848,0.70435867575567
8.49955698002084,27.6307898089561,43.4557952331218,51.1193471011483,62.0022288405883,65.7820116675739,8,29,47,54,72,89,1.5211694402637,1.92062421964627,1.61655903134895,3.44765900266809,1.49447457367505,0.615197407245361,0.0109594746954381,0.442577071793522
8.43299320703957,27.8641478314739,43.8758632046488,51.574470739247,62.3074380836818,66.1798443214321,8,29,47,54,72,89,1.50120439467945,1.99167244531697,1.66060368972165,3.53988700381343,1.505404283321,0.590809772027204,0.0124664402110067,0.440483515454971
8.38347335486022,27.6193195529433,43.8979859720185,51.5546454910569,62.3306692357628,66.1195203409249,8,28,46,53,71,88,1.4863904679125,2.11065396815766,1.72422272715795,3.69644217818995,1.49232762508788,0.597771057317478,0.0111009055685946,0.432766749650738
8.34844791985823,27.5860163520097,44.2180499380145,51.9080863254845,62.6985796293381,66.3672544951109,8,28,46,53,71,89,1.47593284794339,2.11107835353411,1.80957367670547,3.7687504117803,1.50273042379126,0.600118276697911,0.00570059441209158,0.380205820140259
8.32061478112426,27.5207878698327,44.4517881820598,52.1779653444768,63.0137009237896,66.549816371004,8,28,46,53,71,89,1.46763471976441,2.10186935639527,1.88276662882931,3.82184030019591,1.51401162224087,0.607482617958659,0.00458289722714648,0.375824531283061
8.29520468863575,27.436431778898,44.6234502399799,52.3865501007337,63.2881779055982,66.7206439946095,8,28,46,53,71,89,1.46006838448976,2.087378040962,1.94613912232202,3.86098189036721,1.52555496087437,0.618276381844134,0.00383137346794165,0.375753323970419
8.05435539210809,26.9527862928923,44.3663047440367,52.0668882967441,63.1127573297618,66.50043314964,7,27,45,52,70,88,1.617235560417,2.02801147022361,2.00272553682658,3.9608864937767,1.50602086343409,0.642183801274558,0.00353740215118217,0.378912244649611
8.03349986060313,26.8577386408631,44.4677125640917,52.2097412672946,63.3570861997229,66.6950148847146,7,27,45,52,70,88,1.61063469689661,2.00997530800919,2.05219318025297,3.98441873027508,1.51896514486035,0.659230281539416,0.00323146379334157,0.386945334973937
8.01149871868424,26.7512335552444,44.5409811879673,52.3248955791656,63.5899391247637,66.8998076047432,7,27,45,52,70,88,1.60367716083355,1.98949274330848,2.09776954461774,4.00144835593566,1.5320703119306,0.67923397860985,0.00306810083478733,0.398441031159342
7.987744997263,26.6327693797477,44.588547478837,52.4148362065797,63.8117617439139,67.1118633284834,7,27,45,52,70,88,1.59617225052668,1.96661329919513,2.14011970907387,4.01251625685928,1.54535198464232,0.701940562019225,0.00301275535132401,0.41307472741691
7.96189119755707,26.501588954494,44.6119027435043,52.4807818302836,64.0204455935376,67.3262787280773,7,27,45,52,70,88,1.58801195490078,1.94126571303434,2.17975697558719,4.01795415496913,1.55872508872291,0.726859497611291,0.00304514001135137,0.430429201675987
7.93368685561231,26.3569812132119,44.6105891422023,52.5223461829095,64.211384906045,67.5365315172604,7,27,45,52,70,88,1.57911946665161,1.91337167309856,2.21669692162971,4.01764824274027,1.57221230342164,0.753313230258027,0.00315624055598141,0.450091988559152
7.87309876357761,26.2330343171084,44.6476291351024,52.5857498410445,64.4649658208365,67.8233605323378,7,27,45,52,70,88,1.56005132732058,1.89824191457693,2.25840842577781,4.02627693581471,1.58051673222775,0.787539868113937,0.00335476374199709,0.473906933818325
7.7409904653274,26.1804504933614,44.8088628564794,52.7375632449713,64.8922924099708,68.3034973542965,7,27,45,52,70,88,1.51864059824369,1.91723796080414,2.31414723342701,4.06390473823619,1.57754835270275,0.838187210899797,0.00368959550842481,0.505248718020795
7.60694513365231,26.1316164675289,44.9613180951324,52.8807595459268,65.2978840153266,68.7766342225598,7,27,45,52,70,88,1.47686091503126,1.93765783001224,2.36696731534079,4.09958425478487,1.57463193405186,0.887561283687567,0.00415435230557639,0.537816698452764
7.47124220519978,26.0872681600846,45.1042219832304,53.0145074753306,65.6780260792709,69.2360455104224,7,27,45,52,70,88,1.43481618632673,1.95962445769763,2.41640075260578,4.1331165028826,1.57174903587414,0.934906721594874,0.00475506338562303,0.570984655000215
7.33422868952766,26.0486992629718,45.2376328764453,53.1385906951211,66.0298614397943,69.6757283131217,7,27,45,52,70,88,1.3926299524073,1.98338160254222,2.46205015760424,4.16449770141695,1.56881318092732,0.979493633761701,0.00549506178576325,0.604038619737753
7.19627741050371,26.0170228819281,45.3612256166971,53.2523709661018,66.3504855812786,70.0896966550638,7,27,45,52,70,88,1.35043181656347,2.00912730146791,2.50346463343845,4.19363499638203,1.56572594998858,1.02065608395705,0.00637278664305489,0.636238774075343
7.0577949656045,25.9934732668126,45.4733757082795,53.3542823595939,66.6367412157258,70.472157348302,7,27,45,52,70,88,1.3083593762858,2.03708493267812,2.53981320057086,4.22012894732502,1.56250594505723,1.05786554917883,0.00738272269690369,0.666960078269964
6.91920941756635,25.9793351734825,45.5734815974488,53.4436477217351,66.8864821454266,70.818567874496,7,27,45,52,70,88,1.26655392486686,2.06748981879988,2.57052451109391,4.24382105451477,1.5591295783251,1.09063110965631,0.00851231233102017,0.695573367434285
6.78098087579412,25.9424471433972,44.9706655374877,53.0269208164117,66.8181002970848,70.9866313309991,7,26,44,51,69,87,1.22516310995794,2.26779346103956,2.41938354308221,4.26780118972837,1.61783715309613,1.16303187599599,0.0118046031198331,0.788886858952185
6.6435736050757,25.942612434143,45.0005171556617,53.0466969437115,66.9539936475212,71.229646745037,7,26,44,51,69,87,1.18433203849323,2.30306222372736,2.42724916939842,4.27493503931856,1.61464729823112,1.18753253460512,0.0135645126301357,0.815679536378878
6.50748903684329,25.9555283966109,45.0124809953913,53.0475252290338,67.0463037856488,71.4261099645971,7,26,44,51,69,87,1.14421264016527,2.34143645632452,2.42699678760762,4.27779514229993,1.6111233105865,1.20696168689097,0.0154484715061974,0.839210015304372
6.37336401954037,25.9868053774122,44.9972443980121,53.0183633783439,67.086827591505,71.5701298129878,7,26,44,51,69,87,1.10499156316414,2.38424599870493,2.41467613643858,4.27415274806634,1.60671867714977,1.22183580037104,0.0174975369727781,0.85977329873566
6.25347646859273,26.0180729555042,44.976301735334,52.968182659551,66.9953352312979,71.5601069828884,7,26,44,51,69,87,1.07021195810108,2.42355985761888,2.40086721565348,4.26914783268048,1.59747846997263,1.21301030236001,0.0192397295982999,0.86119179215053
6.15423809109297,26.0383705286654,44.956739079222,52.8953062372367,66.7256315337988,71.3385128157447,7,26,44,51,69,87,1.04162720766555,2.45477790534984,2.39033949541556,4.26447433158884,1.5806574392733,1.17127141996012,0.0203236435099899,0.835124836036141
6.05508710502017,26.0635047466338,44.9144657089703,52.7989527660671,66.4186911057637,71.0742899099916,7,26,44,51,69,87,1.01325760175463,2.48735478521713,2.37256535114274,4.25438060412696,1.56363180539993,1.1271908881982,0.0213211151787217,0.806922048822385
5.95749481748061,26.0976457951667,44.8526532967746,52.6823008577025,66.0790713178724,70.7751753373305,7,26,44,51,69,87,0.985524122623544,2.52201440616785,2.3473280330833,4.23963465884077,1.54640577604917,1.08118286991144,0.0222978516700877,0.777275790428767
5.86222915433686,26.1421888396024,44.7732400988634,52.5473419302633,65.709605058693,70.4465821003116,7,26,44,51,69,87,0.958638369492327,2.55894391185089,2.31483753929263,4.22071289500885,1.52899807503081,1.03354878749621,0.0233144078592107,0.746715480548614
6.39016234314508,26.6588619150556,45.1157562661339,52.9904413267451,66.0844788334002,70.8298522462086,8,27,45,52,70,88,0.92214250634532,2.55596413484297,2.26940474339403,4.13582671161977,1.56054995808111,1.01983867508274,0.0235271228712739,0.751673518488799
6.31150054908004,27.2180084144054,45.3726002487412,53.0685488381205,65.8463508656129,70.6526022433451,8,28,46,53,71,89,0.901369700555632,2.53387951899494,2.19115246422341,4.03327662857008,1.50457469139238,0.957182324832463,0.0251095296698776,0.699677073746458
6.23604488151532,27.2948702237815,45.2352313280299,52.8786067378157,65.3894665526836,70.2567381358198,8,28,46,53,71,89,0.881568207601137,2.57355817442662,2.13617689849407,4.00150548946384,1.48819148289721,0.905462176321016,0.0267673595371962,0.669575389964226
6.16406356812249,27.3680477765707,45.0895095779806,54.4434796312168,66.5015445077116,71.5317221542726,8,28,46,54,72,90,0.862794284127897,2.6115327354961,2.08042320601088,3.96788935395558,1.7824612748915,0.82027624948636,0.0315550740429228,0.773298537647598
6.0959255694372,27.4817476092611,44.993354380908,54.3818071535531,66.1253633926932,71.1939113738934,8,29,47,55,73,91,0.845128754469251,2.47350762744063,2.02737975290193,3.78909683280222,1.79319080182908,0.763062694329448,0.0327612212968211,0.744024740309709
6.03076931020949,27.3110352290439,44.7569450313629,54.297961084554,65.687043941602,70.7675758783697,8,29,47,55,73,91,0.828334294770183,2.44670335031455,2.01085714328357,3.73591580110224,1.84082270316874,0.700581696480586,0.0331441742553257,0.721400029438924
5.96863579381155,27.0341557509231,44.4410483376902,54.1265399237968,65.133427428016,70.2657734663805,8,29,47,55,73,91,0.812409651024948,2.39243617314414,2.00106336573822,3.66523606643842,1.88616665989402,0.635685180168822,0.0348344142676743,0.699583015058423
5.91066218537345,26.6511013559417,44.025141291162,53.8492328096782,64.4450421039679,69.6766077728765,8,29,47,55,73,91,0.797632229233957,2.31097261483272,1.99282796332661,3.57285510650953,1.92987784458333,0.568867704676002,0.0382294682007657,0.679545045730553
5.85784430377633,26.1860983104025,43.5086606003526,53.4690800682027,63.6243452553912,69.0017417403782,8,29,47,55,73,91,0.784238081348098,2.20889979173939,1.9799440042504,3.45922138412447,1.97306947397489,0.50084776827161,0.043605404244415,0.661477704958645
5.81111569122065,25.6746396266304,42.9003426455705,52.996757105685,62.6835855655435,68.2384561527744,8,29,47,55,73,91,0.772443749092797,2.09550418427594,1.95576939255013,3.32695822135436,2.0163456899455,0.432783956574146,0.0507848197088674,0.644033158063132
5.77125446331125,25.1561945978839,42.2164533731241,52.448598223812,62.873861757993,68.3450065451892,8,29,47,55,74,92,0.762424505216619,1.98067187629457,1.91468319818683,3.18035018428547,2.05972263824838,0.462031709572727,0.0473094464011196,0.672047988018585
5.73896491843175,24.6687291940464,41.4911616711764,51.8567102532343,61.7148759834358,67.2709566262673,8,29,47,55,74,92,0.754336890438606,1.87335986841777,1.85608488248164,3.02734667871632,2.10253198975321,0.385286576681714,0.0508362166403597,0.633197721975129
5.71476231632686,24.244621995137,40.7790459373603,51.2728284310034,60.5456421154557,66.0824256773284,8,29,47,55,74,92,0.74829166388893,1.78066993839511,1.78587011181903,2.87968020451079,2.14384316392119,0.313084973031966,0.0500205587391654,0.58199940724868
5.60301515830619,23.7011404425664,39.9179682192847,50.4954127140595,59.1562722115299,64.5708663050571,8,28,46,54,73,91,0.720569667086178,1.836124935999,1.70941878116058,2.837286014978,2.17087864787946,0.245588943867799,0.0450516016491311,0.515642189159009
5.48483359849319,23.1438518095299,39.0520961312576,49.7032996216436,57.6637260143466,62.6178665016949,8,28,46,54,72,90,0.691598176314974,1.73342982585342,1.63614850180459,2.66091086041512,2.19476771582141,0.223247180618818,0.0292539593819575,0.461297778247509
5.38683349231467,20.4242995781455,33.3823631574021,43.8209199150128,50.6588238889096,57.403110530499,8,27,45,53,71,89,0.667851995036983,1.29368745028002,0.992716732437222,1.71694378286645,2.12603282031183,0.124957786153063,0.118176010222541,0.505218245505228
5.31152469343378,20.1255623283441,32.7361430063537,43.2429687918062,48.9399489749429,55.4994376457831,8,27,45,53,70,88,0.649779640004592,1.24621269352431,0.924655616408753,1.6072585696112,2.14805382261728,0.078122832593148,0.105430898035379,0.434934105646703
5.25982313713791,20.0176743455792,31.9508725732027,42.5506888297815,47.9185581223068,54.7222462463249,8,27,45,53,70,88,0.637462520936668,1.23437265630312,0.797365220853333,1.47796821287761,2.17811912416478,0.0604971754279649,0.122453755144453,0.435680509136518
5.28048175974058,19.6635763167439,29.699509041311,41.0275961823409,44.5179094097048,49.1901631158882,8,26,44,52,69,86,0.642375252108303,1.28977666718721,0.483083696202328,1.21849062918239,2.41624640781242,0.00709389069801131,0.0320637791849526,0.218789379558355
5.07133972730996,20.19266329874,30.553660754869,41.4974714439062,44.6470077509692,49.2923069013955,8,25,43,51,67,83,0.593197272424703,1.60823041201149,0.532140350719439,1.4450741277063,2.29002168987864,0.00677063840541276,0.0452919866174784,0.233283542556858
6.02480769657523,21.4120158961583,27.0944485656145,36.8483088720832,40.4493441461947,45.0625629019494,8,22,36,43,56,69,0.826802488314817,2.22469498703457,0.182325557181325,1.5794906428982,2.17152329661084,0.0499080012713805,0.121688085669742,0.478112517044799
5.66537807460339,21.845124285652,27.2206443197544,37.1073344825356,45.4433134303074,51.5944997584602,8,27,42,50,67,82,0.736001822943166,1.54574334863082,0.113489656145037,1.02481262554844,1.94968646894256,0.321666965265961,0.183087829114866,0.791616857295669
5.98350496602359,21.9699878186079,27.3092741964983,37.2832128078282,45.591572362624,52.4552735005596,8,27,43,51,68,83,0.816212445817208,1.50204181808996,0.08150972454546,0.957848424934304,1.97736309979589,0.318205658721643,0.262571998627912,0.894093006548172
6.17680825740576,22.1175771280115,27.2479024103647,37.3319313139889,45.7577427713243,53.9245250677156,8,27,44,52,69,85,0.866109983954288,1.49176580799382,0.0494767045869102,0.874774209270081,2.0123966269453,0.333049981791616,0.36659948077524,1.02892298965442
6.23173965342843,22.0229492231122,27.2280443511277,37.2973526313891,46.0894499095757,54.5937303052462,8,26,44,52,69,84,0.880442132893211,1.60862701183301,0.0373031649190735,0.872202427381455,2.00770504651588,0.381413621877474,0.497091192767846,1.21956263783225
6.25823528709333,21.8360294381226,27.4445160864245,37.4056504107245,46.6194795018236,54.8242836097811,8,26,44,52,69,84,0.887378734588437,1.55882770781145,0.0530943334903983,0.900427426561379,1.9732964625849,0.440866544733759,0.449327395420109,1.22176670178586
6.28880764694503,21.6086953052683,27.5213991419166,37.3988893150951,46.9745214367644,54.9827062770451,8,26,44,52,69,84,0.895401567088114,1.49932675200186,0.0674658107134558,0.910552310106209,1.94677267351803,0.494959747030082,0.419115431172149,1.23456260013945
6.32351949770612,21.3866419701927,27.6382357639188,37.483364622846,47.4275365299382,55.3271715517256,8,27,45,53,70,86,0.90453510773723,1.29917870346959,0.0860794767702176,0.853219863172247,1.93653029820474,0.552872827937339,0.330631003384427,1.17903330109098
6.36134147494581,20.7302202890017,26.5183111155448,36.3719735789223,46.4546461897876,53.9577703515084,8,26,43,51,68,84,0.914516319969253,1.28667959915135,0.0834965193484591,0.852700421630169,1.93923012712597,0.575347574664705,0.280518778794884,1.14121279819886
6.38658077382425,20.4953154044488,26.3931393272216,36.109530603022,46.1179194469815,53.3218577600083,8,26,42,50,66,82,0.921193846437609,1.23046035627742,0.120374790599148,0.91025987786732,1.89589396235569,0.658632876976914,0.245379478644129,1.1520152572123
6.40798806414024,20.7737875644823,26.0607374058113,35.6295040101463,45.3637771100657,52.3707637275781,8,26,42,50,65,81,0.926868064388614,1.28600907152051,0.0783177996814606,0.865995457843804,1.84951456546446,0.713810606939883,0.223536500180858,1.14657697130878
6.47796463038945,21.2364169429853,37.4018540241166,47.6786827833809,59.2164268574255,67.3659011077945,8,27,45,53,70,86,0.945482819261206,1.23449911386739,1.69714649216478,2.46062701741325,2.07404250319554,0.833246627863487,0.364216544444834,1.54760610439108
6.46328824341147,21.3858811985107,36.995623177067,48.1850771423416,58.7384971886484,80.762549171547,8,28,46,54,72,90,0.941570270518729,1.14025339194067,1.56625044048943,2.25865523360349,2.37056538609924,0.56215886097074,3.24577448120917,3.98321616694733
6.53492908790704,20.0762986006514,36.8366536055478,48.2207035557834,58.3387617592304,80.4602857965245,8,27,46,54,72,90,0.960710794858842,0.988258006505917,1.67947715223291,2.22857976796099,2.43473161281852,0.49527833670775,3.27367607834376,3.94974704117619
6.64587046546614,19.1736456729133,35.1139961408318,46.7452235695096,56.2314587726954,78.427771071524,8,27,45,53,71,89,0.990556834208048,0.799363361007596,1.64372440989541,2.02481371982866,2.51667936566619,0.405032530612373,3.29512400684826,3.87767727049468
6.81533128114039,18.5096588472784,34.9598276561685,46.6632537217534,56.0199541473617,78.0688806849603,8,27,45,53,72,89,1.03661522631251,0.656283191174098,1.76548725746907,1.99660713843899,2.54070684477606,0.322981605894871,3.47976790943054,3.8302907811061
6.9586863664966,18.0744809644552,34.704610541732,46.5139959473584,55.8531734203599,78.6600890814929,8,27,45,53,72,90,1.07600698010238,0.564024328078339,1.80911038796791,1.95024819551002,2.57604283006329,0.320901689378447,3.47149444748761,3.86600353163807
6.86036653618071,18.0320750471017,34.1742218162564,46.1917750529912,52.8577032623652,77.4456293447654,8,27,45,53,71,90,1.04894856470631,0.572676618126014,1.69159382457594,1.85526261832095,2.64571215932765,0.112667835875539,3.76168974135834,3.70964613023747
6.60647847613868,17.9255824372714,33.7039476159575,45.9514867200934,49.9366455388804,74.2466083697321,8,26,45,52,70,89,0.97993111828205,0.688504618795956,1.45545053376541,1.77260476234203,3.03055041646101,0.0091839856061843,3.68069342910922,3.25245367570734
6.3595040103298,18.3265331544426,33.0911066891088,45.6862167897391,49.3293566067015,70.1462236200322,7,25,43,50,67,84,1.10095716335566,0.803547365230946,1.37382922717747,1.8827796791582,3.15361973807663,0.00898234081196237,3.12070913342137,2.93100094480943
6.48558096182535,18.8306306548564,33.2571780378106,46.1726227064292,49.825775767081,69.8864117505262,7,24,42,49,66,81,1.13778421324355,0.99197836839866,1.29925921907238,2.02893390639637,3.26765873352259,0.00911766895670425,3.3617424455383,3.13453113132876
6.59715621798707,19.3112662043816,33.2638543156894,46.2777543796993,49.9374367228462,69.5227061187122,7,24,40,47,64,79,1.17061146598979,1.06789693604976,1.48873081997576,2.27716030620047,3.30282284519474,0.0092067068326285,3.21874263340732,3.05151775020046
6.64220936787698,19.2598444906104,32.8227588868885,45.8704446516956,49.3749559559749,68.8422484672379,7,24,40,47,64,79,1.18392825374492,1.04785648353168,1.39679497916717,2.18956438993365,3.31490176725791,0.00725577006479134,3.18347185773397,2.99826009586428
6.68334089723555,19.1212672142469,32.4760263057847,45.7613910704418,48.9259634813732,68.2362853806738,7,24,39,46,62,77,1.1961162582832,1.0108924622919,1.50592654157405,2.24823086071349,3.40004748531607,0.00694571721559957,3.13668154541958,3.09194204592188
6.73707192338858,19.5287625515813,33.0182258648889,46.3193639549664,49.4124684461719,68.7882915765918,7,24,39,46,62,77,1.21208089760535,1.08411088307947,1.53897417362268,2.35808189681368,3.40570859464163,0.00614232250955771,3.15618706278494,3.09415863202998
6.78947079343833,19.8375549118536,33.472338459339,46.9217152265333,49.9719961766488,69.4756356688456,7,24,40,47,63,78,1.22769628815924,1.13830922527537,1.4136101065588,2.3189935177088,3.4589747436042,0.00569501124736529,3.19432883434942,3.14702721776893
8.33557354323607,31.9464055444783,42.7522166854519,57.6323119933579,62.3486316621127,71.0323295585993,8,23,38,45,60,74,1.47209316849796,4.46945238139353,0.926650745514489,4.78997671231612,3.97850450680774,0.0686274530259932,0.625018206680898,1.79992553911406
8.39904343227354,32.5566359609429,44.5730665874053,59.2442541054333,63.8108909137229,72.958802601561,8,23,38,45,60,74,1.49104466760898,4.64553236727804,1.19018757192213,5.26605640739743,3.90206638610979,0.0602579451034817,0.713009980187126,1.82009029273488
8.47041479479629,32.6818718782271,45.7291848159535,60.1907944091632,64.422152014478,73.8656042283618,8,23,38,45,60,74,1.51242121884136,4.6629497328411,1.4313318661196,5.5746056187424,3.82557331315946,0.0438814167886677,0.771302399214291,1.77262861338833
8.54868365312284,32.5088311237313,46.7041396531216,61.1156892433142,64.7831542452019,74.4845686990547,8,24,39,46,61,75,1.53594256325022,4.31079305230224,1.71561509971281,5.63311658661727,3.80733084886999,0.0233379936244408,0.823559444299018,1.70568492350695
8.6343492432081,31.0329308142573,47.2648237259952,61.5438680788787,64.7723771168721,74.7780259708326,8,24,40,47,62,76,1.56177996458896,3.82656156738569,2.06062973362919,5.58165076448511,3.75909876020023,0.0127776670793464,0.886773383605825,1.65608131592749
8.72938589241306,29.1846132618433,47.3012023823437,61.319128516045,64.263427182866,74.5173568260759,8,24,40,47,62,76,1.59055583177804,3.24227864265595,2.57100920312496,5.59130369256737,3.66428696159265,0.00808365989635417,0.939583464013064,1.60160585349562
8.83676595783449,27.455084317706,47.1187960780223,60.8783929094964,63.5865622959596,74.1035103084571,8,24,40,47,62,76,1.62320840382879,2.71174670969416,3.01087131028333,5.54294831637941,3.57080419262081,0.00525366056500559,0.99668154356433,1.55965363864729
8.95986314629095,25.9936473799048,46.5091260137113,60.0359615785103,62.5470528305355,73.3107961996767,8,24,40,47,62,76,1.66081840349969,2.27406624650022,3.2600579014759,5.38215774882762,3.4868523685064,0.00351594153958539,1.05129948276913,1.52678294290145
9.10194115867636,24.8359996709234,46.0829070244574,59.2946476275979,61.6095105619867,72.9059267730466,8,24,41,48,63,77,1.7044586976942,1.93112493059236,3.24497199806861,5.07906680583534,3.373640637768,0.00225362103432848,1.17246190281191,1.53060269531262
7.27132679376606,21.3445456720547,43.6667345697938,56.6140986117758,58.7583182182827,70.4213966937631,7,23,40,47,62,76,1.37335382357887,1.51756494650359,3.56063624657438,4.65025922067478,3.27905320987901,0.00146663668404758,1.25833464987072,1.51838574377403
7.50051557050903,21.4968064372144,41.2338426866941,53.9422505504364,57.6868506682768,69.3559526719889,7,24,40,47,63,77,1.44386413960129,1.34654660173988,3.03213601500737,4.04896600888484,3.19388789689047,0.0165357315393151,1.25976151903441,1.65434582811564
7.75383377223477,21.1562861953966,40.2510319404419,52.4712221611718,56.4182072738454,68.340780725077,7,24,41,48,64,78,1.52265634620864,1.21472884317028,2.63553477439205,3.64939027603458,3.0208970212326,0.0213811409978078,1.3202647871706,1.64844074473946
8.0245318508371,22.0049376664495,38.8025168870564,50.7218177325173,54.5226484263041,66.1998658815001,7,25,42,49,65,79,1.60779796119979,1.20305074732023,2.02385577134709,3.16620713555113,2.9149941629946,0.0177964403985291,1.26168474014231,1.5240810913553
8.23978027785005,21.957867361538,37.5658848559674,49.0329189161381,52.9347668738543,64.021569504622,7,25,42,49,65,79,1.67615964066198,1.14770250744894,1.72591189052434,2.89753279691241,2.75689741516122,0.0202256399650396,1.12426219132819,1.36122817479309
8.40069863104527,21.8604470728793,36.8790586345552,47.9630031748402,51.7313278994043,59.8943364561267,7,25,42,49,65,78,1.7276318852645,1.09410782972566,1.58372774101336,2.75183640153479,2.62406376598149,0.0170598090470686,0.634563770250877,0.913105804355044
8.75316897695853,22.0776595586548,35.9949200619129,47.1333366001839,50.6480857928473,58.9320424890476,7,25,40,47,63,76,1.84141540836569,1.06641767908184,1.64535142432864,2.84598088912773,2.64288858731343,0.0120263049198426,0.657939458143714,0.901874012661422
9.16146826307138,21.2409972926868,36.4207315324835,47.3716037883207,50.5957288968944,58.7992227029046,7,24,39,46,61,73,1.97490301438565,0.938633168293822,1.97105074845111,3.08771000970103,2.57816591931301,0.0126933967242578,0.761206090711876,0.988797762741871
9.55717771754454,21.3971408953766,33.4709686570654,44.386259079705,47.8492437968096,56.5257635662299,7,24,38,45,60,72,2.1058746735618,0.891449078656465,1.35678972150392,2.58915992797184,2.56591537530562,0.0178773855599759,0.863936886386668,1.09451647410217
9.90609197848619,21.0658901358236,34.0468594696686,44.8083146067926,48.5450539923276,57.1202658747646,7,23,37,44,59,71,2.22257513335558,0.875597731921582,1.58208395065126,2.85970155366835,2.51305958390272,0.025416356662398,0.841559248419283,1.09749034224692
10.1783830908722,21.7739648937913,34.892359079569,45.4714931670865,49.4968248256857,57.7944293177947,7,23,37,44,59,71,2.31439323336894,0.963694433894706,1.61710056459995,3.04959875550456,2.45064931088308,0.0353936977276652,0.781283493787639,1.07024238749444
10.3553125683002,21.5803059951833,28.2613387368333,37.7464921924112,41.4224344880539,48.9547910147863,7,22,34,41,56,68,2.37438924655525,1.01530871271614,0.464348277980613,2.04687940324785,2.08192413050417,0.0235859696841113,0.623575365164883,0.746184963093425
10.433431911213,21.2373452462681,28.8610547395185,38.1743142492848,41.8104308781871,49.0199003463221,7,22,34,41,55,67,2.40096050498065,0.926255934190856,0.641714985745407,2.1704428558174,2.02496302828969,0.0344656918773041,0.561047835831802,0.749193297544143
11.5456262429491,21.6668285103361,28.3062318361917,36.7929618863894,40.4229244203879,46.5700041135496,8,23,35,42,57,68,2.48824453108303,0.788266495458193,0.457042968950935,1.92748397584381,1.75527469092754,0.0222620072633094,0.466045898967675,0.51124301162368
9.6161147647362,19.8262952387393,28.3268620776896,34.7176641811549,38.4442542973581,44.9825212910018,8,23,36,43,58,70,1.86436419236105,0.805782133404061,0.700596755901394,1.80884013056024,1.11007246466233,0.0251044156834879,0.439492593991657,0.29999422609828
9.36756366181857,18.7924648432772,28.8823849976505,33.0475437355153,37.137012419061,43.186020948201,8,23,36,43,58,70,1.78668939938693,0.656353184977078,1.0418385331304,1.91602598181904,0.516598459934866,0.0379108764455745,0.358684334222567,0.137218279901894
10.0449649872657,18.9625894532693,28.1669232246235,31.6317124486134,36.6433502736361,41.221176694022,7,22,35,42,57,69,2.26932454278011,0.566348425806728,0.84585026801838,1.90005124565177,0.36026572803978,0.0871016373761496,0.161414556149476,0.0801018472753678
10.0301201735003,19.3285296550152,28.5130231359955,31.9317844241291,36.7658228824007,41.7342864378525,8,23,37,44,59,70,1.99522613948863,0.633411366263175,0.720131775418911,1.72631885620314,0.350673981854045,0.0756777144995503,0.270778979483769,0.105935745393976
10.3163011503522,20.5603250170756,28.6153176511639,31.872828521629,35.709695228253,40.0185001054662,8,24,36,43,58,68,2.08670839170504,0.701062340070442,0.729902978481317,1.86420963803727,0.317804371592497,0.0286331543985526,0.245088676557555,0.0533966311199692
10.3000083687164,19.63432764032,28.0881968102534,31.9268230361491,36.4295790931904,40.6224482176347,8,26,39,47,64,75,2.08147853875892,0.384587096399088,0.69131576524593,1.43399235489742,0.331973203031311,0.0268311613670617,0.168520699638402,0.0389430262914676
10.2424802109208,21.9654365937835,30.4516974253139,34.2124947218209,39.0562994940503,43.389568226255,8,27,40,48,65,77,2.0630330799309,0.661002981714933,0.69774859066218,1.74102288961471,0.317369427192037,0.0380112961782467,0.136012701396364,0.0385976729833841
10.179341390782,22.1059374793198,31.0694206234068,34.8168733129251,40.0667212432335,44.4279101130903,8,27,41,49,67,79,2.04282593362353,0.694983889080569,0.677517223338184,1.74118541728632,0.31489087384929,0.0388780372046233,0.138798869132115,0.038606575616841
10.0947661695407,21.8784045238982,30.9112994352127,34.6968021374452,40.1035500041482,44.6600715922405,8,27,41,49,67,79,2.01582005322923,0.671054145109426,0.690794031573077,1.71294335154507,0.321977812228893,0.0447439871250412,0.159112681220573,0.0476578154907757
9.97173201544743,21.7098834780293,30.8506179905286,34.6892497799818,40.2511797618144,45.0087481909587,8,28,42,50,68,80,1.9766621658599,0.57509154123538,0.711615865622835,1.59557891022431,0.331974255944097,0.0510851382443263,0.181500797498914,0.0586485189613692
9.82258491285177,21.5296472902298,30.8032551231838,34.7081613355496,40.4212777793957,45.7548189303801,8,28,43,51,69,82,1.92940160215169,0.57037617889647,0.628951330109532,1.48604448514172,0.344606562032403,0.0577923368025631,0.194713445561182,0.0694484946487964
9.65392528173427,19.1551629688341,28.620701876298,32.8178537196011,38.7654694752113,45.7016566724367,8,27,42,50,68,82,1.87624012072896,0.340390541248331,0.663792288925868,1.23224239760773,0.402380532521804,0.0692551423505059,0.337939474988885,0.136853286858002
9.46880994314089,19.0082058725553,28.6437892623547,32.9364242624107,39.0630745483584,46.0037491733852,8,27,42,50,68,82,1.81824670089508,0.34506140536209,0.6952771306881,1.23580147778772,0.421957498105626,0.0788923640286064,0.338577669603345,0.150920033780976
9.26845733796581,18.8283642955271,28.7182025331328,33.1108244437399,39.4751464698414,46.2564756257066,8,27,42,50,68,82,1.7559122091723,0.347584965707247,0.743406187013904,1.24730266052675,0.442811329533187,0.0928926177497552,0.316255372100642,0.160363147268465
9.05319266079696,18.6155704712103,28.8146789189041,33.3105031576861,40.0801087835452,46.3996970839773,8,27,42,50,68,82,1.68945771248003,0.347889570858177,0.803594713525505,1.26228152828459,0.464704649651056,0.119988558695237,0.255620138720722,0.162897495280343
8.82330300151047,18.3698765006549,28.9219386951201,33.5249911293134,40.558723293512,46.5214436281584,8,27,42,50,68,82,1.61910652713115,0.345943471916813,0.874403684596757,1.27902388830932,0.487837718836761,0.139851999846851,0.213042459320402,0.163687888657909
8.5794193763133,18.0898575522892,29.0345031505984,33.7494317249457,40.7486296893977,46.7572745209675,8,27,42,50,68,82,1.54520156896832,0.341513903111898,0.955696078309934,1.29669483678578,0.512380331359154,0.137155824125888,0.218306202410514,0.17050865857721
8.3391159039775,17.8768937563179,29.0339606633091,33.7402102735242,40.8355972977394,46.9096344027349,8,27,42,50,68,82,1.47314942060049,0.344862708388022,1.00074868030834,1.2966094282026,0.510461819494967,0.144739606989801,0.225912059395277,0.179207203812986
8.07652781527209,17.6603794356157,29.0681283155597,33.7449275496326,40.9004974180024,47.2743111941321,8,27,42,50,67,82,1.39533040502993,0.350542324128553,1.05484412219991,1.30199338694264,0.503969881087017,0.190461693702827,0.206360497122519,0.198914640998059
7.79198703648921,17.4163260331859,29.1518536348632,33.80982207458,41.2657763843063,47.8107551817515,8,27,42,50,67,82,1.31214227516596,0.355570575155588,1.12704158388655,1.31522619133189,0.499833664454687,0.220528483053157,0.22522786671625,0.227929722342731
7.49957152060598,17.1351938224027,29.293611779174,33.9422618541368,41.7543948654002,48.7009068577341,8,27,42,50,67,82,1.22795623529304,0.356978080866235,1.22253900338473,1.33775947529344,0.497791155476707,0.259156236697174,0.272737408409295,0.28104452984798
7.21145209598402,16.7982444356088,29.5989091034366,34.2623269915756,42.5590368956196,49.8805856035889,8,27,42,50,67,81,1.14638078127953,0.35090636802642,1.37234897566122,1.38683178597263,0.501029455336804,0.316751149978347,0.394718130880267,0.396550993563243
6.94314924173712,16.4286715833575,30.1300875299931,34.8273526247725,43.8836159120041,51.5752351592846,8,27,42,50,67,81,1.07171905373269,0.338475921414156,1.59141193453254,1.47395312376254,0.508478326038003,0.418192099531266,0.452879202390203,0.511490566349326
6.7117950407776,16.0662951096547,30.0454301438807,34.7395381632317,44.619677301494,52.0371265517346,8,26,41,49,66,79,1.00840824036553,0.387274426759604,1.66091221829487,1.56154738207591,0.507781964693878,0.542611824550642,0.497883236358737,0.632595852376523
6.52837935589618,15.7804434659336,30.301549118823,35.0893748365041,46.4720833754382,53.006170737984,8,26,41,49,66,78,0.958956517349729,0.37372533726074,1.79902705737743,1.60574837588373,0.528589669669065,0.803977201192931,0.43877336476473,0.791767571886291
6.40393360393915,15.570969454302,29.873874437738,34.8158381562587,48.0144818706798,53.7842800517201,8,26,41,49,66,78,0.925792650088981,0.362652858239895,1.74303519416394,1.53221801111862,0.563412127120059,1.1705665575284,0.315759558128391,0.960124265197059
6.37005861015737,15.5332645855565,27.9767328074232,33.2921425216729,46.2470994688986,51.9085861633806,8,26,40,48,64,76,0.916821078466537,0.362157866611698,1.44733019032208,1.31674533389785,0.650708167527572,1.25720364795269,0.299762570089707,1.0493882677293
6.45889633685222,14.3178588207056,27.3428327826848,32.9201862650466,42.4063645796272,48.1312847656787,8,24,38,46,61,73,0.940400306542583,0.3253087419494,1.59327219681152,1.40968406602089,0.714248216035034,0.667583193855936,0.309086183180478,0.686053193643075
6.49007321753373,14.2837407211733,26.8478213132637,32.6257690478206,40.9792591396667,46.4678098960369,8,23,36,44,58,68,0.948714167640164,0.387221884769596,1.65355702935017,1.53504476925647,0.764104176299395,0.565224444713853,0.444536989536302,0.751821530858946
6.57415181018789,14.286154506562,25.408837104247,31.6606964121346,39.3320323966554,44.7016293285127,8,23,35,43,56,66,0.971234411284891,0.375379374606408,1.457671133616,1.38831412085838,0.885708095987539,0.542948756857335,0.422284236079016,0.784792074872347
6.68002546776134,14.1727092438001,23.8101828481023,30.9314769661142,37.2969155738459,42.5292814821005,8,22,32,40,52,62,0.999794828871491,0.421182425791601,1.43290007176959,1.42867536716254,1.12114808579568,0.410160519894057,0.397171002011801,0.783272833748101
6.77638181053425,13.0020344816009,22.5838277822441,30.1586764738339,36.0599553121389,41.1482894016173,8,20,30,37,50,60,1.02597973298591,0.387058944767031,1.41755694814533,1.42902461310775,1.46689336845723,0.264483421725587,0.371475384895494,0.760909171356587
6.63008745262182,12.7348349779519,22.3067183213419,30.408280710773,35.4208479006695,40.4518092774589,7,19,29,36,48,58,1.18034182980016,0.367537688758802,1.41483073949271,1.49391762394902,1.63219681457517,0.212004578508662,0.361433378352469,0.781823878089488
6.87509814617346,12.7922709044823,22.1721805213533,30.8635197217622,35.682511572612,40.6546444209208,8,20,30,37,49,59,1.05299129206466,0.338117572348603,1.36229468658099,1.35290295103791,1.82135542647468,0.188635232081219,0.351253092135109,0.832318186985645
6.74756561957637,12.3512748135056,21.4327361551459,30.5694554913938,35.2558528906856,40.142917803035,8,21,31,38,50,60,1.01813000119186,0.226618570939224,1.28169123099602,1.11803272002527,1.96676270802405,0.173405665092756,0.336743707096095,0.867181269030299
6.67772731540075,12.015731065765,20.725641741222,30.241493963218,34.5639947435106,39.2016577213242,8,21,31,38,50,60,0.999172519138344,0.195220913327406,1.18325900674779,1.00236003640236,2.09212656220498,0.1349460637507,0.295687484035292,0.831340119212847
6.38257453913136,11.5546768233952,19.7684688407007,29.560030608742,33.7862924569462,38.8624278974091,7,20,30,37,49,59,1.10767452350666,0.176803436304242,1.05537357743433,0.942528386430974,2.18414747503629,0.125609047567509,0.369330916764584,0.927331029268789
6.02948448884992,12.2449670204441,19.9457561510528,29.9654133030041,34.2416904149855,39.6177892339366,8,21,31,38,50,60,0.828004097470844,0.307452308138656,0.927777784223384,0.881056978615483,2.26079263623225,0.130417394677477,0.423489047102121,1.02114982600621
5.86073089818933,14.4452656827629,21.1892337563295,31.0894397068356,35.5422819155262,40.6866983955093,8,22,32,39,51,61,0.784968379503629,0.606810918989217,0.704092131647522,0.983804497565505,2.22059740343721,0.148152117223046,0.381398709895043,0.992417836092443
5.75381091683937,13.5095007147448,22.8964195535005,32.581123187353,37.2640921283405,42.3230908285625,8,22,33,40,53,63,0.758052212820387,0.463297115820978,1.18524659713234,1.16461908725954,2.1483998352589,0.12797283284685,0.366326844935565,0.889247606185941
5.67365578279712,13.4565773513998,22.9507853055529,32.8108518702629,37.7996269649912,42.7251366175369,8,23,36,43,56,66,0.73805757568663,0.385654067912655,0.908462242161659,0.90383303391662,2.20711853107201,0.157534843033401,0.34326971350853,0.943457013077058
5.61435817080488,15.4518264739784,26.7525485308082,36.3900817244977,41.5916722979375,46.2354403402966,8,24,37,44,57,68,0.723369243477118,0.628526735593836,1.33054144616188,1.41176834220122,2.13265276798284,0.180009459017443,0.225212958484452,0.812306960595145
5.58275996596369,15.0958742297032,26.3993618196577,36.20483168025,42.3682268117945,46.8029913399979,8,24,37,44,58,69,0.715578637574465,0.572992272318285,1.33122561264779,1.35172403753102,2.18880775980525,0.236514403810137,0.197955906256867,0.864222246525542
5.60613283493849,14.8700772646862,26.1399364529388,36.0605168565538,42.4581794127877,46.7998606792451,8,24,37,44,58,69,0.721338816294185,0.531795764903109,1.3229135022681,1.30830005939581,2.2274445987533,0.265440517626567,0.186356810929589,0.902491070196622
5.74473579008725,14.8057693432417,25.8869804412025,35.8587398340712,42.2869202364228,46.5883695945047,8,25,38,45,60,71,0.755780450019613,0.418870550693728,1.27657967461828,1.17176161951733,2.24466019698354,0.212262172007264,0.181448361269681,0.825097869978072
5.98299740696114,14.7648794022541,26.1956490229533,36.1853611892528,42.3732597628232,46.7793297474083,8,25,38,46,60,71,0.816082552777971,0.380022970258592,1.36282850536002,1.22066885608841,1.98237508306897,0.239463648258057,0.194344351608291,0.808347864307878
6.36237897851811,14.7003668121067,26.6047235406217,36.479086536025,42.7336449999226,47.2115294099979,8,24,38,46,60,71,0.914790545363554,0.390557096397662,1.31588680813569,1.28677590951735,1.94578244298005,0.247577555534902,0.203442874960902,0.811626360724567
6.26837074344749,13.8199769941018,26.2106768718115,35.9375303703885,42.2696796284819,46.7364325669475,8,24,38,46,60,71,0.890036250525058,0.286431803973371,1.43429611365093,1.22307149143873,1.89918981693782,0.257188005476211,0.20201954806528,0.800162061077362
6.13945816520225,12.7513166679894,25.4691700529886,35.0032105920129,41.5731238474545,46.2639520867629,8,24,37,44,58,70,0.856403077654369,0.182874232098453,1.69421866283781,1.19875725115365,2.09817545522076,0.287734016980086,0.173904236260988,0.838497603920165
5.09412129065197,12.6301287922722,23.9176204395151,33.9479062484918,41.3069537846842,45.9756830636726,8,24,37,44,58,69,0.598493286086857,0.284522741311352,1.32726984327445,0.961175415634042,2.26437515380927,0.400452437075595,0.228578582842383,1.12371375053094
5.81653354401919,14.8274892662147,21.5986524224587,32.3170311806761,40.554698052184,45.8031064558888,7,22,35,42,56,68,0.945808978151783,0.582502794383141,0.390570134662983,0.793350292346203,2.49829108422417,0.544826494663993,0.242254534631209,1.38977194789674
7.20537813394906,16.169826475035,23.0866097396999,31.3782661755757,41.7700053601113,47.1116824595103,7,22,35,42,55,68,1.35320692213643,0.574429697653044,0.413785630992782,1.00870137612777,1.69271950287581,1.11169110535949,0.195639128044014,1.35795225797291
8.10634236414098,17.3278057345638,23.6179802471822,31.4249809762503,44.9236066065873,50.291001191274,7,22,36,43,56,69,1.63371326810409,0.619615546673623,0.251966891970953,1.00178485186406,1.5393034858845,1.90476500266667,0.198579649298759,1.85586869652254
10.1079030066823,18.7539145123948,25.7354816980832,33.531765265647,47.0458639964096,52.4358829957349,8,23,37,44,59,71,2.02001012179478,0.520411613584821,0.344418660209936,1.24177098475356,1.53594482038233,1.54504169458677,0.261332256163503,1.73774466549208
11.422001902478,33.3787825073431,39.0609146156715,46.9085630453378,59.0383357374688,64.2858830737274,8,25,39,46,61,74,2.44728212909861,3.45259621756116,0.182293930956007,3.69692100428434,1.55205583694751,1.21598922073542,0.185064413713445,1.3564524569835
12.283562765433,32.9862978530046,38.8504277455982,46.7801051798634,59.0724023711656,64.5547541565514,8,25,39,46,61,74,2.73520516362968,3.08792888640498,0.201960592090468,3.6470951984278,1.57785617083278,1.25330329856895,0.211991068876956,1.44013610857407
12.8131767556631,33.8974183691091,40.2516502129691,48.3445751431799,61.2003167434063,67.2215129743616,8,26,41,49,64,77,2.91486290020084,2.97984219433547,0.204255701911515,3.6495340937811,1.40016087660976,1.38545215163431,0.280527202378398,1.5569764220251
13.1344688766619,33.7064397108617,40.8974811688566,49.1656160293838,62.2067304810631,68.5480532161694,8,26,42,50,65,78,3.02476418160765,2.83734979030382,0.243917561344401,3.63890554679478,1.45201774346653,1.42984007030792,0.325494344962085,1.68151034124427
13.3204727126663,33.3705743223261,42.5449554387996,51.0378496883962,63.9178688880257,69.6542136297043,8,26,43,51,66,79,3.08868842927874,2.69407521233565,0.435138785042119,3.8603539104376,1.51916834243531,1.39124041995298,0.243149031787048,1.58217530784416
13.3427462063481,32.8304561528906,42.4947015986231,50.7589920722032,60.6614747208613,67.8756595090272,8,26,43,51,65,79,3.09635758103657,2.54190884654102,0.508629712979301,3.84863742596232,1.45087524455268,0.865149592950429,0.378502815946265,1.28125794558206
12.7480306318418,31.8456382528372,41.4874394413236,49.3590801498118,59.5262879024974,65.2805026145596,8,26,42,50,64,78,2.89266109149658,2.43777976534399,0.59477127366619,3.77577745213325,1.33530680718956,0.921015335602808,0.189959761871877,1.02822033631044
11.7260146170433,30.6831538915882,40.9785409050014,48.4107472966171,59.3661183968503,64.2835841583106,8,27,43,51,65,79,2.54823256373341,2.21570294135001,0.710450588706066,3.5005175122052,1.2087578348852,1.09438178563136,0.111175152703346,0.955287530937947
10.5731109365016,29.3701621454375,40.961285891134,47.7939625969825,59.4556212045326,64.4034365185236,8,27,43,51,65,79,2.16947665464899,2.17513784716004,0.962777644392624,3.49661680539067,1.04136087720851,1.25799838264385,0.11363701933343,0.975539901795593
9.9914578565608,28.4770252343729,41.4501910688555,47.9579262798694,57.4494260982543,64.0585180931957,8,27,42,50,64,78,1.98292992537429,2.09684558560065,1.41351871224347,3.7670887637704,0.953432924447854,0.780940054033134,0.292923883736165,0.855307667062843
9.86640141544501,28.5563635112052,41.0421833309155,47.5251696665433,57.7904153392211,64.4328785339562,8,27,42,50,64,78,1.94326184397739,2.14812528250158,1.29821097198851,3.67232899069373,0.946822566192605,0.942015905495731,0.297378938475382,0.967917386803304
9.76536642754769,18.6235077049561,29.5962684001321,36.4482570515232,50.6231176923174,58.3448576879674,8,26,41,49,63,77,1.91133238995285,0.32377746022412,0.961616818638004,1.48523563669584,1.0466512882324,1.8934327405755,0.457764281135363,1.8900011016054
9.69387143187174,18.6830287690302,28.5103322912224,35.2886199333082,45.0309821617985,54.4194143516214,8,26,41,49,62,76,1.88880364351557,0.340005838793707,0.731453647291745,1.30726721079859,1.02649945952378,0.963273959450089,0.760320762621849,1.47648668167518
9.62132361472866,18.59425281805,28.063594335486,34.816442860285,44.8981208142315,55.0901545580676,8,25,40,48,61,75,1.86599932014792,0.406421300348501,0.664490085928528,1.33081320956271,1.01956790011655,1.03995183294432,0.926317581655414,1.68104456198634
9.58310123816919,18.4875476541164,27.9259128745264,34.7706302568478,45.1490725609849,56.3098211351181,8,25,40,48,61,75,1.85400769199558,0.396864108212478,0.658814224970675,1.30854361006545,1.04465853033949,1.10858282472412,1.14118996740003,1.9428425763223
9.59291887221574,18.2456392941714,27.7885056032827,34.9060924225562,45.309479376775,56.954452848564,8,24,39,46,59,73,1.85708628536426,0.436396319189905,0.678038956848809,1.3836903336213,1.32648877606898,1.11441619202205,1.25404898369836,2.23423468720383
9.66116977632263,16.6600410015699,24.2166153355246,31.5167579151116,43.1906979631802,53.3784356916673,8,23,38,45,58,72,1.87851731854226,0.279261729680652,0.353304206286027,0.922255588794001,1.38217713002059,1.42381806698943,0.925399289722103,2.23336692595381
9.78628145262888,16.3174237263181,23.9685420703924,30.1461568328599,42.6726861331059,51.870145710984,8,22,37,43,56,70,1.91793320161856,0.282641412857654,0.366659193663366,0.968608837927691,1.26362454864408,1.6436694323751,0.722662455704184,2.10597982330136
9.07297741333498,15.030206220363,22.5672119387571,28.734352094185,37.4767703771551,46.653255414031,8,22,37,43,55,69,1.69554247284994,0.21241734833172,0.350568483805184,0.773526668747585,1.26031979216356,0.878599774423451,0.718570390415131,1.47930577295086
9.60806573583983,17.5530296430339,25.607175113185,32.7647472065278,42.7190172744174,52.6083036418557,8,25,40,47,60,75,1.86183807600753,0.274373287872129,0.426094625208597,0.958017634113594,1.33864326887131,1.01093137674335,0.743300381007254,1.67627608136488
9.77335263475188,18.076545766728,26.0931808992318,32.9842561888169,43.1631593774409,52.8038333072367,8,24,39,46,60,75,1.91385230112017,0.385631602885089,0.420394792490823,1.11339822594283,1.25810434154281,0.923511873306268,0.696228468296448,1.51054068568458
9.89781680878487,18.6247164541732,26.8736074843319,33.7073909597475,44.0313823144138,53.4317770444312,8,24,39,46,60,75,1.95321164508795,0.447532039271868,0.456227813644858,1.23475052148253,1.24093737275875,0.954678788445324,0.651883116860319,1.48348374635502
10.124031167153,19.1570586407915,27.7809029707909,34.600577264029,45.0303274793706,54.1720320415665,8,24,39,46,60,75,2.02515665135277,0.494791484194429,0.516734445565949,1.38242382679677,1.23671790102552,0.977623069919525,0.605444720200389,1.45406652510314
9.38497550554469,18.3413423765358,28.7901549832941,35.8293290199158,45.8140490921989,54.8011990050266,7,23,38,45,59,72,2.04869325796839,0.482762099395152,0.853461923760035,1.66363625985337,1.30272465857879,0.882371298265227,0.799976970616385,1.60728550196032
6.36068605864575,13.9710064384643,26.7691345747511,33.3232698004232,42.3175871348594,53.3690870745072,7,23,37,44,58,71,1.10130109908467,0.293673444959579,1.53584554324249,1.4146140407311,1.15792813899563,0.683402864061415,1.26932855454248,1.718496197834
6.46349244287183,13.860116036449,27.2865673585009,33.9632712298708,42.5047969717134,54.0711762153972,7,23,38,45,59,73,1.13131148297929,0.267742659823973,1.52348789015673,1.40015363290641,1.19414764055378,0.598980414967969,1.23549889363387,1.63588814647681
6.7473461610149,13.9437596238149,26.9710607769793,33.7981867887063,41.8212433609304,53.3743604309885,8,24,39,46,60,74,1.01807028074725,0.244525967426829,1.42651735658467,1.25027750804197,1.23894599462841,0.507845654070149,1.23237741951878,1.56568563134459
6.97068510306849,14.0397736876597,26.9514369607133,33.9427491385209,41.4624601276929,52.9171294582001,8,24,39,46,60,74,1.07932143725127,0.23031212523246,1.39879639961898,1.24714432474983,1.28826647660602,0.425430348842761,1.20928541031107,1.48659986623753
7.21971771657759,16.8127528317362,29.8035209840616,36.9930411412736,44.1291810816897,56.5716897508915,8,26,41,48,62,77,1.14870124772008,0.419701908754173,1.41774119032703,1.52025524911211,1.34837211738791,0.36690610853526,1.28811602367617,1.52079661214611
7.49348841736617,16.8741974512035,29.9458219902511,37.41622607958,44.1228491238031,56.3080617083689,8,25,40,48,61,76,1.22621953333548,0.465469791449083,1.43718764170629,1.65047576969804,1.21963459178172,0.380466686042274,1.22867610057929,1.44900265865089
7.77860006762101,16.7422609330538,30.2382142184002,37.9908756610424,43.3846755688175,55.3611130767633,8,25,41,49,61,75,1.30825871199323,0.405121710110565,1.38118657414872,1.59477210805659,1.30074181742962,0.261850849748955,1.33323632299117,1.44502879541108
8.05344623666845,16.7034277087326,29.9644327182127,37.1623491998822,42.4448356388817,53.9218915254615,7,23,38,45,57,71,1.61694769540566,0.435987545155414,1.48305546134869,1.88155208229863,1.35093153051377,0.246783642245927,1.21452409680749,1.34603460428724
8.16323465556129,16.6981562903432,30.1655698295237,37.3690769849181,42.669693200088,54.1159279751569,7,23,38,45,57,71,1.65178403761028,0.418970673571946,1.53354963757033,1.91989260702353,1.35263629844317,0.249209212453473,1.20731352798588,1.34478546868983
8.27220353661144,16.6639138537174,30.361324299349,37.5637939535507,42.8941257362401,54.3101147968075,7,23,38,45,57,71,1.68650599337057,0.398218123024594,1.59041605792755,1.95748422975226,1.35231989698614,0.253208851357765,1.20025103275231,1.34450975317823
8.38290365904838,16.6026945280079,30.5616824490042,37.7544369333324,43.1255559840161,54.5027093661418,7,23,38,45,57,71,1.72192487938117,0.373942409315159,1.65584066696542,1.99624005536373,1.34935789676452,0.258747073543228,1.19120238498426,1.34314463920438
8.49965401949577,16.5145201207697,30.3449402598969,37.5901788088086,42.9583900600333,52.0994752917463,7,23,37,44,56,69,1.75943465286907,0.345931672403538,1.80199919727283,2.07876249581791,1.36537627971123,0.258350397212408,0.832397591622112,1.07394696269419
8.62821091674568,16.4153319551614,30.5263977325,37.7489153131892,43.1752467612797,52.0795901791934,7,23,37,44,56,69,1.80091751248805,0.31600848018762,1.87640402530704,2.11497565352463,1.35843667105531,0.266332576075549,0.782727892654091,1.04145735382075
8.77555512391906,14.9972310805998,28.6763435927579,35.6438579086517,41.1815850151218,49.8368694747551,7,22,36,43,55,68,1.84868860654968,0.190300215702195,1.76223460280096,1.87600336723134,1.28109100970615,0.281943992063914,0.731672886756947,0.979316774376874
8.94503049935298,14.8134544562586,28.4571039930259,35.3092734909156,40.9340062018372,49.3108625316168,7,21,35,41,53,66,1.90392481670677,0.202437026098692,1.75295085989647,1.95735596688371,1.47992280993811,0.29441922552232,0.676111032846013,1.02292467463958
9.39891835024771,14.9147119813515,28.3022985942482,34.9821990139836,40.7297091334946,48.7719086374039,7,21,34,40,52,65,2.05331260426378,0.165227955052939,1.87441934629756,2.05523657076179,1.42406112356139,0.312437365350843,0.611539318031744,0.961796128581937
10.4556946512613,15.6790050566116,28.6414955098381,34.929881170041,40.8702761905558,48.5764599847047,7,20,33,39,51,64,2.40854186088858,0.182389644611266,1.75946596473788,2.26192626079377,1.29867886186815,0.341701876920566,0.549256332311906,0.879426109431119
9.53562607465395,15.3815597273483,28.2198952246695,34.2271990756711,40.2808585793419,47.2199363263217,6,19,31,37,48,58,2.39308402020652,0.257229228068235,1.92363197438878,2.46035530155845,1.21011118325662,0.449000729940045,0.748064527721557,1.10868297402405
13.5877620164499,16.8577174055401,28.7278304679157,34.2020981505591,38.8268829765069,45.4129758396628,6,16,26,31,40,50,3.87210667099652,0.11461143533188,2.07984617013449,3.43768907266473,1.28058602461469,0.382409348021464,0.669173521457306,1.01548021727896
15.1108384974812,18.6032734809869,28.9406957314765,34.0841984510746,38.1114417442325,44.8742913536253,6,15,25,30,39,49,4.4476774981047,0.194706661499993,1.6293291906984,3.69154520667456,1.17069807812396,0.276819642413631,0.708308450565455,0.884987567605191
14.3812784444347,18.3060759026722,28.7165471994731,33.9118808443342,37.7831648385091,44.3472520783976,6,15,25,30,39,49,4.17092317668343,0.260133675390353,1.65019174183353,3.63111481997836,1.18780191220256,0.25159259929989,0.664354591668834,0.8344960910089
13.7499074337582,19.2765665303891,28.8560556927864,34.1668483268111,38.1304543965704,46.3700554347945,7,17,27,32,42,52,3.5673041128046,0.451759086790407,1.4169229613152,3.28240479192996,1.22605960821786,0.196579276997513,1.06192119558302,1.05701126154234
13.1827023730456,19.0163427362759,28.4552924167334,33.7573018926698,37.8150626511046,47.001293785166,7,18,28,33,43,53,3.36323328167869,0.409866232626924,1.37839550422032,3.00225559856225,1.22314178655187,0.209325091141056,1.30983520160015,1.2472863483819
12.4868524096969,18.4734948148217,27.9934440978775,33.3172957764899,37.370062550661,46.8086552876427,7,19,29,35,45,55,3.11521158601092,0.3488891814551,1.40056643967628,2.72194444171478,1.00045982878834,0.208639760321276,1.37829801090032,1.18368596615646
11.8751193492353,17.9318276280732,27.5597088363327,32.9090082842437,36.9237933926911,46.4481447200632,7,19,29,35,45,55,2.89949137601858,0.359901786775767,1.43025372764882,2.61990756899379,1.00810815102429,0.203461437271875,1.40177403236486,1.19716062518109
11.7767757902159,17.7815738590704,27.4360661917921,32.902335448078,36.8258381905466,46.207963218643,7,19,29,35,45,55,2.8650284767087,0.351728546348559,1.43759833799542,2.5910467134604,1.04342858058412,0.191263678217198,1.36289793948143,1.17574342673318
11.4720109463577,17.548838664516,27.3125737775482,32.9190268719134,36.8994276420913,46.1716346211491,7,19,29,35,45,55,2.75862979214384,0.363091391419984,1.46785160763147,2.56232254775433,1.0861066459974,0.198825564088072,1.33305401243875,1.19174794962032
11.0490728240543,17.2021813179109,27.1923002193453,32.9653046050866,37.1249459663178,46.3222796898657,7,18,28,34,44,54,2.61202375365529,0.467154498050009,1.53105982970696,2.69582386641655,1.1372857421719,0.223530728670391,1.3128273762833,1.24202756840176
10.5977158545243,16.9983158321319,27.2145666584246,33.1464318291412,37.4256902903607,46.5733798050241,7,18,28,34,44,54,2.45699826829701,0.513545025911052,1.59486944122208,2.70113812501105,1.18656061243458,0.240747797685663,1.29946254592239,1.28511810782836
10.1927404750054,16.9446675820272,27.386509517291,33.4612326351415,37.731434228365,46.8363273038346,7,18,28,34,44,54,2.31925210080162,0.582242669879562,1.65917121738925,2.74228405749186,1.2312384551493,0.239424127800601,1.28797114169777,1.30241055089392
9.87570227980098,16.9783605019084,27.8034895288958,34.019107474017,38.0021421946994,47.0673739658,7,18,29,35,45,55,2.21236734140483,0.653960168237081,1.56499828167876,2.6771064612456,1.27562923742822,0.199178931683209,1.2773464883271,1.2671741853695
9.65189422678722,17.0281781767473,28.0028291024179,34.3366894789744,38.2428332839621,47.2433693286832,7,18,29,35,45,55,2.13744480012758,0.711958731895986,1.60609216105265,2.72416577285196,1.31312491315698,0.188983962933879,1.26006739941664,1.26277634799571
9.50479463357231,17.075797355226,28.1667388141148,34.61696651741,38.4211396980364,47.3359166688556,7,18,29,35,45,55,2.08845065779306,0.754270906328407,1.63824510787906,2.76305249108649,1.35023455276776,0.175853058777009,1.23726296020218,1.24936874710996
9.41160392139936,17.1318631774777,28.3019968649035,34.8674754533651,38.555994116614,47.3668413922628,7,18,29,35,45,55,2.05751703179445,0.787267372555695,1.66023543642687,2.79527061105566,1.38718610311479,0.161506687474467,1.20978227559394,1.22986583346898
9.35188794364509,17.5316389457901,29.1005779784977,35.6207919531294,39.4172112218241,48.1007189221211,7,19,30,36,46,56,2.03773866015051,0.756169986808495,1.77210851215149,2.82049490012853,1.37265031405273,0.174872940103673,1.17634841782826,1.21783046833294
9.14556333712857,17.1316954808815,28.5190577663394,35.1546606297595,38.9619338611319,47.4602840535222,7,19,30,36,46,56,1.96967092905496,0.715547350716582,1.72094174187961,2.68388660338743,1.40976320582925,0.176245645283085,1.12821099962586,1.20691180828481
9.31512442408087,16.9723529404162,28.1722296072661,34.9575217563497,38.4388172304234,46.6862491262808,7,19,30,36,46,56,2.02557947994301,0.648419146539754,1.66851413734799,2.60344059431868,1.4581882704385,0.137289262283332,1.06391019322278,1.12889196221804
9.59176895725411,17.9286420410725,28.9158926452799,35.8581532964978,38.7387122556522,46.59204198387,7,19,30,36,46,56,2.11739470636409,0.789715059138067,1.60956776380671,2.77687854887732,1.50929634523193,0.0783562678687662,0.965198442138412,0.9819687185717
9.58956538136851,18.794781682242,29.6808434367276,37.1091042870759,39.2553252900897,47.0483945391681,7,20,30,36,46,56,2.11666051049587,0.846038514975096,1.78758543627639,2.9588999642244,1.66953563003365,0.0300291862381032,0.950361609250061,0.929972418123372
9.43817794004349,18.6429873926869,29.5092636839755,37.0080889808758,38.9825621927883,46.7651738703609,7,20,30,36,46,56,2.0663295581778,0.845951730845391,1.78181692859497,2.91776140363933,1.69303922234657,0.0224498246523717,0.94779397325874,0.911451657748815
9.7389433091912,18.7002866085826,29.6820397768706,37.3934399805652,39.4157188694463,47.1707167931498,8,21,31,38,48,58,1.90299985826,0.794586841230239,1.81554718525575,2.79514369790173,1.50939693168707,0.0244236747135228,0.941024212364614,0.855611060595902
9.60769253798188,18.3480930151628,29.7020273205815,37.5652885745124,39.4655694857892,47.2415651822709,8,21,32,39,49,59,1.86172096831418,0.748979832463773,1.71156369609925,2.64257601473256,1.55695977067654,0.0195894562997957,0.946170654679776,0.863678664671748
9.48515307019539,17.8681060179465,29.4434507326169,37.4610024970905,39.2658957365148,47.1139129285035,8,21,32,39,49,59,1.82335147144535,0.677310070591991,1.7739204857541,2.58406534648056,1.6055907396924,0.0162661713368103,0.963887627067861,0.884594495266286
9.39550583432035,17.2410534553738,28.5475802455872,36.7360509985067,39.5153865885717,47.4661618177685,8,21,32,39,50,60,1.79538707420409,0.57476960290711,1.69828626926997,2.38472070982084,1.65981250112037,0.0452121209654511,0.989337463149557,0.993451566663118
9.36693269276352,17.5848503697404,29.0632099841956,37.1107165980812,42.0500624767193,49.8688657983461,7,20,32,39,51,61,2.0427183491996,0.6451361703363,1.55136111008099,2.49880873731006,1.61506729269225,0.203008111668476,0.95668907946436,1.21583895544451
9.39287166824406,17.9648912253796,29.2541040028978,37.3119228297867,42.3945218000771,50.1445257538857,7,20,33,40,52,62,2.05130907330816,0.714886572189421,1.32769530463604,2.39392345138671,1.6183322790511,0.22078566895869,0.939801481991631,1.23094364334615
9.42834116477409,18.0485472163231,29.301948001359,37.4712863561107,42.8289250621342,50.3679542620518,7,20,33,40,52,62,2.06306668091586,0.724583535884695,1.31885115072171,2.40433910405177,1.65372512061243,0.256910496969121,0.88859700745563,1.2624659919886
9.46545269884687,18.1031232928947,29.3080990364886,37.6004948255578,43.1791497495491,50.5098148254827,7,20,33,40,52,62,2.07538147202953,0.728109948641234,1.30692067378852,2.40567929475727,1.69295575088099,0.287781834202079,0.838914786810232,1.28704435549886
9.51209372352034,18.1060546926437,29.3024843313987,37.7333960518963,43.4462558654482,50.6004067061883,7,20,33,40,51,61,2.09087698510574,0.719296042701684,1.30481859892613,2.40445594987572,1.73732992895189,0.389002342772227,0.797545059791342,1.41949092034989
9.5673695296229,18.0609606385221,29.2938397357511,37.8866338417942,43.6584395052834,50.6562179432737,7,20,33,40,51,61,2.10926772800569,0.699207427032427,1.31379119682475,2.4025728565651,1.78947062969721,0.399128977241957,0.761466232086141,1.43184421484061
9.63473612469511,17.9939781179595,29.1223872163734,37.8446497599386,43.0560640538091,49.622811270182,7,19,32,38,49,58,2.13171965437042,0.794532117305685,1.28812456353177,2.51201527516535,2.10895531264216,0.307327854206893,0.805046765096113,1.50824613964492
9.72680847342375,18.2628757804283,29.1656901848657,38.0740316583045,43.2823413078445,49.7614746279614,7,19,32,38,49,58,2.16247299101305,0.832966566916823,1.233233595363,2.52169373193293,2.17347032085371,0.306847976097638,0.783824162021216,1.52747697163809
9.77182079804251,18.2798915535435,27.6993526734167,36.8126215324608,41.9709337810087,48.2460889563296,7,19,31,37,48,56,2.17753570041839,0.826839590441636,1.03390249675498,2.34457769009614,2.24486368359143,0.299165195213709,0.891816371754448,1.6489165509654
9.76629874064475,18.1234349924623,26.8814193971836,36.0769034670713,41.0064700633394,47.0383564357636,7,19,29,35,46,54,2.17568684300165,0.794078218729525,1.19587082566052,2.46284428011441,2.27360425179741,0.265119336540277,0.828621408973916,1.56750750884319
9.74952602924171,17.7162797213086,25.0022163186502,34.3966277170408,38.5529259074352,44.3592031202136,6,18,27,33,44,52,2.46867446647257,0.711525936513185,0.985532802302864,2.34242293277591,2.34337009568626,0.164272421561103,0.771225523675937,1.40512690864802
9.75992489267065,17.6537846935084,24.8481195333566,34.4273325190876,38.5696589858846,44.238311921194,6,18,26,32,43,51,2.47235798596196,0.696472398586092,1.14157913083509,2.46632755865894,2.40845943838781,0.16266357915436,0.736814922767923,1.411738039069
9.79112623017146,17.7973065869391,25.0917144029112,34.8724460620374,38.9900164930127,44.7627785146778,7,19,27,33,44,52,2.18400156416595,0.719716324649914,1.16972330851979,2.36311997207053,2.47973059886088,0.159832252526477,0.762802730277018,1.46811211618614
9.80557714296352,17.7518415510679,25.0375267936983,34.8972750290467,38.8727608245307,44.6115682286005,7,20,28,34,45,53,2.18884371440157,0.593490483292352,1.16726331060488,2.19764460651837,2.50775774082905,0.144063776675613,0.754297500377681,1.44854742974445
9.80803733155164,17.3673349676116,24.4745341498833,34.2389310254432,38.1024705388065,43.9213244679819,7,19,27,33,44,52,2.18966824980211,0.628904778559457,1.11721632972405,2.22159648486332,2.4739423095747,0.132224422226876,0.77439324968858,1.42303278867873
9.93258186005969,18.1860419367714,25.2214569958328,35.1276798968052,36.7144275042091,41.1330849512142,7,20,28,35,45,53,2.23147960134995,0.652015066279341,1.09724762322474,2.23887050165251,2.22261912731291,0.0100871690255713,0.448299573745888,0.787306598288677
9.96229894538773,17.8160579742964,25.2568162757269,35.257091048911,37.6376534853946,41.8963231479341,7,18,27,33,44,52,2.2414761723704,0.817182699543269,1.02575388887086,2.40145353312356,2.55771279779234,0.0258657588928754,0.414955305325675,0.905742614984059
8.95830427178633,16.0193671017539,24.7319350072975,35.0090018513388,37.7282136793678,41.8010116282042,6,17,26,32,43,52,2.19084386878166,0.645297612845447,1.37202011381349,2.43876735161395,2.65650945336308,0.0418702636766247,0.284378528904764,0.880806554314247
9.79779494521012,22.1531430965251,30.7083351796863,41.3464476201289,44.4041988473402,48.7080779265765,8,20,27,35,45,52,1.92156885209766,1.78901622613924,1.77733286180418,3.76575197061635,2.1905241379628,0.0939519078665723,0.54966327419887,1.1450404607843
9.64354530762791,21.2899081191059,29.5302846662658,39.5190900823888,44.3212370375146,48.2510850163311,8,21,28,36,47,54,1.87297832263032,1.41686161635116,1.6763497979848,3.27071641429865,1.98208689796993,0.246959181134564,0.462019388943767,1.16640072023635
9.60868918105763,20.0482218610276,31.3586031897572,40.7357303551016,44.4718348282858,48.1774559143552,8,20,28,36,46,53,1.86203371350999,1.28249888885423,2.41040330399933,3.74214925486487,1.78966527133633,0.167338444710973,0.41189408766555,0.935985927605316
9.64811418459078,19.4602607892806,30.4825767854423,39.6730944158949,43.0669180097406,46.8244572413824,8,20,28,35,45,52,1.87441390048113,1.12763810059441,2.31570645901328,3.51402547641903,1.98446564862295,0.127652127506244,0.423329460392758,0.954975017985593
9.97863895057188,18.9341531052787,30.0587680922737,39.3356601755156,42.7159722569067,46.4769397018054,8,19,27,34,44,51,1.97885634739993,1.07743976085135,2.34925542248179,3.59415240178551,2.01294849527495,0.126194958118255,0.424088240118848,0.968292811035967
10.6290970993748,18.6943014053192,30.0169667632517,39.3747038506095,42.7888704875081,46.5612236952257,8,19,28,35,45,52,2.1876026494356,0.865318917094104,2.15218393742568,3.39443834635381,2.03967441856083,0.12986197668162,0.426611550772891,0.990465906863761
11.4121098653002,18.6169554393421,29.9128552053325,39.3333668120912,42.8185458206913,46.583542259176,8,20,29,36,46,53,2.44400975724285,0.56017081174327,2.14380528269755,3.18759230288362,2.06047026248261,0.137725264712035,0.42498057328086,1.0129017023083
11.8158315116882,18.1615989042447,29.2281167960535,38.7571696067635,42.9185391416942,46.7068062939218,8,20,28,35,45,52,2.57819529599027,0.406875551456441,2.33019150034857,3.19457429068246,2.09651637609745,0.223775360695064,0.430146753779593,1.16092865169071
11.9854824207977,17.7281934304766,28.8600180147866,38.4436963182566,42.6615651001385,47.8868968186496,8,20,28,34,44,52,2.63495760312031,0.311724074737325,2.35162317302736,3.10253196796783,2.41003540565571,0.231839791614481,0.629286799854189,1.46552193035092
11.9119190941923,16.3074746488533,27.4888304765179,37.1720834446495,41.33741427766,46.231963520969,8,19,27,33,43,51,2.61031797876079,0.19302897951353,2.36790191924353,2.93808412939272,2.44521767749999,0.224336561406976,0.552622334885826,1.40774995045228
10.8300023914138,15.0137525729929,26.7018420079785,36.4681255654088,40.7652266294957,45.5039824028561,7,17,25,31,41,49,2.536589615518,0.226954416362968,2.53559946713055,3.10047714032394,2.4746107626278,0.243365046065926,0.517659861814735,1.41969471750664
9.87108423334405,14.3826759391873,26.2451926415595,36.0102815256359,40.1686316899343,44.657130195875,7,18,26,32,42,50,2.21081686786521,0.207781850881624,2.59379372066092,2.80507211416161,2.47418748578428,0.223348032296685,0.463138437604971,1.34139434023419
8.71193830944505,14.497595874659,26.5651967392445,36.1782798777221,41.2217659459703,47.8519249534625,8,21,31,38,50,60,1.58526418609068,0.249437936196944,2.13969203492936,2.0989248943919,2.12449856990433,0.215860231846871,0.678859161680916,1.30253545960436
8.97347006336513,15.1638723628246,27.2802228341445,37.7508718540382,42.0714817834378,48.0696292053563,8,23,33,41,53,63,1.66498723699556,0.187082384243838,2.15452265335527,1.9780652994605,2.13637910269504,0.134759216923782,0.544691303270848,1.10942452955475
9.17561925364123,16.3815039639199,28.0979939805742,38.5442096011819,43.322544407518,49.0438804581733,8,24,34,42,54,64,1.72718492714186,0.245600494014356,2.03355739471534,2.01367308079775,2.12850109105192,0.183897559188148,0.489341278748351,1.13599730328898
9.47915950686213,16.8192071655245,28.4514325411137,39.3629244981739,45.3097566146541,51.0244418759364,8,24,35,43,57,67,1.82147903737442,0.261075493377958,1.7900307099924,1.9562300116738,2.27946347367235,0.211236401818585,0.48803866573167,1.21026744532676
9.90730990520248,17.034329815343,28.1437499393491,39.2400800444448,45.544915854257,51.3083302132457,8,24,35,43,57,68,1.95622029088015,0.236725745020662,1.64336950591066,1.89550197830656,2.33997046034147,0.253784660343409,0.397680865999908,1.20945659150822
10.2477376837197,17.055823494888,28.3531461298251,39.3604909658814,45.1356838967426,49.9660988731072,8,23,34,42,55,66,2.06471746270467,0.255851149772157,1.69571153415806,2.06562805338804,2.31080419203409,0.248096938877318,0.250937374492188,1.05105664747317
10.5162499790044,16.3085325868833,27.1063852185863,38.0155917737737,44.1967162823711,48.7434377976059,8,23,34,42,55,65,2.15109714887366,0.148642056952803,1.5575321988562,1.81635351664201,2.27871720114669,0.302608022453784,0.281283221007709,1.15242891356578
10.8506037155125,14.8151526710199,24.6066855830059,35.1687234576284,41.0210626684978,45.2424312146499,8,23,34,42,55,65,2.25959678994153,0.0331106309494687,1.28906048093703,1.35386038059022,2.1658950866783,0.258063918012169,0.232343569601358,0.988036209931273
11.2504381340839,17.6187055145454,27.8494696580096,38.2228538147754,43.3917194689304,47.8336302897327,8,23,35,43,56,66,2.39064062283754,0.205763209215009,1.23029957140949,1.83808139447721,2.10505177144423,0.17645333382889,0.265069209695022,0.886871491994448
11.6333913605397,14.5829597195271,22.9254738262244,32.9115885499015,40.1311454374668,44.3270409231717,8,22,32,40,54,63,2.51739892371475,0.013689688477068,1.08814713960874,1.27101317984542,1.98123178631854,0.379306984455054,0.305223397834019,1.1128232545066
11.4052545017372,14.936978698374,23.0914469497584,33.2490951073669,39.2128423965338,43.4208190307395,8,22,31,39,53,62,2.44174240856174,0.0304730582041467,1.21678397970481,1.4092486230584,2.03589224005366,0.213159461909036,0.307301684025889,0.93988227349707
11.1329277889643,14.9454278592923,23.394700609642,34.0225561615024,39.319118492386,43.8937501473103,8,22,31,39,53,62,2.35198552244302,0.0419457311941078,1.29818471128316,1.46533447549831,2.18720037510082,0.144080104292734,0.373032131963071,0.966423901087199
11.0070448513944,14.9645815787759,25.3969210171656,36.3939267156614,40.5921041106705,43.1597847419554,8,20,30,38,50,57,2.31070598260669,0.101422133894701,1.65644996900014,1.98961808034219,2.3074197980398,0.122951040220321,0.191486199455125,0.899483991512709
10.9923354935835,15.99671806431,24.6704265006944,35.3039653110688,37.4227015316656,39.6243988794203,8,19,27,35,44,50,2.30589136488408,0.276052932809554,1.57368323057132,2.26620858750438,2.1890419258868,0.0481289677925249,0.20602905603461,0.817977741832895
10.7159968571637,16.219729688944,25.3193872483131,36.272712949346,40.0897053233955,43.1606297227643,7,18,27,34,45,54,2.49747487524095,0.353951267150256,1.4824043692681,2.4160327011983,2.57901096492097,0.127454988672693,0.139277705660124,0.912196219825673
11.5833916737517,17.1128800605239,26.3529420074784,37.4865165127854,41.2231136659016,44.1706406119187,8,20,30,37,48,57,2.5007822507133,0.280775438211715,1.32435995865995,2.19478795489454,2.64121438275225,0.119431260154629,0.124722168068476,0.908369731538583
11.2309493336424,17.1103705083341,25.9549501398086,37.539773093439,41.0424059408683,44.2696520197403,8,23,34,42,53,63,2.38422177574023,0.156652899839324,1.05022397248337,1.59684081048152,2.50125764220355,0.0976397441115735,0.110281657528622,0.807035243819531
10.2622825834379,16.957836408465,28.5678359486969,40.4055559784977,44.9766452136261,50.9106751927698,8,26,41,49,63,75,2.06937874696006,0.114732344771144,1.09920003920912,1.31645381634565,2.585506611442,0.0852147644809693,0.340717801701064,0.983353194141494
9.75293900990746,15.8093163970048,30.7094959016991,43.2930328308042,48.8192245414947,56.3555748198418,8,26,45,53,71,86,1.90741247778833,0.0750172404301778,1.26444249688918,1.28289728286368,2.83672798694547,0.0495764646065585,0.35047702209866,0.885523849246286
9.61854033335419,15.4733077557422,31.0755031275977,43.6317033419836,49.5536902669348,56.930071017552,8,26,45,53,71,86,1.86512557406789,0.0645606315445825,1.41639895577411,1.33919573383276,2.82745038907666,0.0679387476864423,0.328485986687961,0.913746167825211
9.5178909988127,15.5914464465087,31.5473941697196,43.790186991428,49.8711108008946,56.5725258992916,8,26,45,53,71,86,1.83358610704619,0.0759534397304536,1.49517524203676,1.41329103717008,2.72145585891158,0.0763572051992052,0.243201219016544,0.803899370269908
9.56879331971147,16.0870835792496,32.0790010550067,44.0184692323977,50.0188170305292,56.9304123558763,8,26,45,53,71,87,1.8495229371803,0.102705462794627,1.50326502522748,1.49875854319509,2.61954065101894,0.0720132434403245,0.213330965763091,0.71371986457841
9.91920660942091,16.6498592297127,30.8237982887583,43.7270944148889,50.3742722393492,59.1280924632365,8,27,48,56,73,93,1.95999202951327,0.0893003228378812,0.884196256330906,1.04975308772844,2.94562171197655,0.144924095799108,0.207743560092737,0.93965331954296
10.7851451913058,18.158943666118,31.9397867514892,44.2155015491877,52.0926386684888,62.3069318872381,8,28,50,58,77,97,2.23827552578335,0.10200838267605,0.719727882484705,1.04698157486027,2.73255758420016,0.171594747407092,0.365097033717201,1.06525929009353
11.3776807118742,19.8509114848141,34.327854067995,46.3210347501065,53.9864720020406,64.4774696725924,8,28,50,58,78,98,2.43262648529886,0.182800098539535,0.835105738355348,1.3867359081645,2.63753842505842,0.120805343670348,0.399906346053064,0.960047144049597
11.7019143978991,20.4268524915957,35.6324386839293,47.5207459778216,54.659276858623,65.3095500377517,8,28,50,58,78,98,2.54020335079589,0.205095494855049,0.963337569276316,1.58961732025576,2.60241793775776,0.0882167317071115,0.420632213707331,0.899392194310264
11.8906941362864,20.5893574034479,36.5213025973882,48.2805420934867,55.0540158440258,66.0747606608441,8,28,50,58,78,100,2.60321633721777,0.202702495806756,1.09828934601337,1.73441577749244,2.5593090965146,0.0692015522622714,0.339690001144145,0.751732260584551
12.0205436113649,20.6830640556573,37.2960710452449,48.9210608817505,55.3872554741907,66.2294956063687,8,28,50,58,78,100,2.64671533327399,0.199435718497043,1.23088444995098,1.86479538616989,2.51460542551698,0.0553860567365444,0.319799695167411,0.682751814593117
12.1134577903101,20.7561021390013,37.9718211112232,49.4658016984003,55.665457752234,66.2677752205302,8,28,50,58,78,100,2.67791783439133,0.19765154231861,1.35283196377766,1.98158054860834,2.47111707072453,0.0449636016873063,0.294030404877151,0.615293480522683
12.1807996106526,20.8144802443579,38.5509470616041,49.9197842013394,55.8828120728007,66.2257079800149,8,28,50,58,78,100,2.70057201707894,0.196849779774503,1.46149713718265,2.08387906840291,2.42970410198825,0.0368747101965577,0.267427296647416,0.552997450564266
12.189474524424,20.9221239411308,39.0530524336356,50.2598039574387,56.7770179153683,67.0286098961524,8,28,50,58,78,100,2.70349269709569,0.205800706097605,1.54575854731772,2.17418551338496,2.37625637223919,0.0575444736051097,0.258379022991284,0.582734898453746
11.9802778087847,20.6692223785938,38.8698810074761,49.9910026973319,57.4181707119417,67.2405592804867,8,28,50,58,78,99,2.63321302011531,0.201821226954207,1.56082343735256,2.14106967025798,2.34810832455193,0.105306886146459,0.264520542810714,0.680395169236566
11.5236275756801,19.9183361614574,37.636616764319,48.6325508621003,57.086971122553,66.656115197176,8,28,50,58,78,99,2.48094642395731,0.176133193641715,1.45765227092343,1.92329763912375,2.30706907510819,0.181190477038364,0.239374463861479,0.753216566032006
10.8535363498561,19.004841724549,35.5295324771005,46.357034643165,55.7343071765382,64.886024282066,8,28,50,58,78,99,2.26055290342873,0.156342348890576,1.2133722172799,1.57319172237445,2.2520677614003,0.269356183027732,0.200845980051564,0.792472040260964
10.0829305221922,18.6714095260832,33.1296642704465,43.7714687461631,53.3412029437171,62.0971495255583,8,28,50,58,77,97,2.01204648875025,0.192833857330796,0.83191525531258,1.21098132512789,2.19172078452655,0.348797231712893,0.207939243855416,0.880290096540197
9.69511563497114,17.7664159354382,31.4615546309525,41.7981311738199,50.8437815323555,59.6517045902211,8,27,49,57,76,96,1.88919523578229,0.188597066963797,0.706025862146883,1.05906094932645,2.09322021225708,0.287057960567538,0.212753538366483,0.784720909215468
9.61735922499533,17.0876767840318,29.3894149560685,39.3602484084758,48.3059086381244,57.761816651461,8,27,48,56,75,94,1.86475481823104,0.138846351699829,0.577170772193924,0.863372042945529,1.97637674803552,0.275963043386676,0.334882368715719,0.875616012126166
9.64711868653627,18.0952656154179,29.3755247101803,39.3789729945704,47.5455386949581,56.5028400004587,8,26,45,53,69,87,1.87410108771126,0.275522776055284,0.589637793544589,1.08665536107988,1.98674174902926,0.366569615684004,0.336024458735422,1.0115868363949
9.72243227962971,18.2315871059567,29.4261746406545,39.4570132328912,48.1257790660491,57.0383146109615,8,26,45,53,69,87,1.89779688259579,0.282457204557557,0.576233567850848,1.09384376984218,1.99545477010499,0.438794447134881,0.330468118753128,1.08112427440614
9.78582985849843,17.8979370869135,28.8850968903504,38.7444620652183,48.1278692105241,57.4966782720347,8,25,44,52,68,86,1.91779062893053,0.294136795352377,0.544338823917594,1.09867912285013,1.94103475349446,0.551385308572379,0.389185195054055,1.23083762142815
9.83795944144444,17.5943456615727,29.0114400312101,38.9416255021316,48.9300160192547,58.3100938895143,8,25,44,52,68,85,1.93426265484372,0.252900239455154,0.611323349045675,1.11690840887376,1.96347407283345,0.655080915768374,0.465375611237516,1.43553073214029
9.8792831981033,17.5594001158615,29.6331039854678,39.6915566086474,50.1582819959953,59.6465172692236,8,25,44,52,68,85,1.9473404863498,0.244466863205778,0.719971382735891,1.2085191030546,2.00424665998669,0.742122625674877,0.48163821349863,1.55605675064939
9.91717257340723,17.9283616688458,30.8348248815684,40.9775457449202,51.1348944912937,60.1849091944543,8,25,44,52,67,83,1.95934705368011,0.282122334833384,0.868103682815816,1.39436971169548,2.03112381924853,0.795364616051924,0.497474456618012,1.65364841305027
9.98160129407189,18.0947506066414,30.6897842002751,41.0144283265018,51.3212528395056,60.32093510552,8,24,42,50,65,81,1.97979756844793,0.359238916861437,0.921653169335971,1.56809202186774,2.08938741385274,0.824969441697601,0.489543228362178,1.70424742939521
10.4867081553219,16.1607660435311,25.4627677762853,35.8730810248145,44.7325306496472,51.9428803044852,8,23,38,46,60,73,2.14156008080881,0.138137547771434,0.634058399585177,1.10594151768707,2.11693540980564,0.657804387823429,0.462310227192855,1.5797318296837
8.29231015174511,12.9528322887128,27.2338169155369,36.2188589308939,45.5779613824058,51.5705949860286,8,22,34,42,54,65,1.45920705214402,0.0915412384427342,2.33967434685915,1.84129280553327,1.66853439057189,1.01972509997705,0.438002724354879,1.64483699499329
8.00959628985751,12.8115765152743,29.7337521745223,38.3821376432342,47.2643977251602,54.38829483231,8,22,37,44,58,71,1.37565364610643,0.10208291670702,2.44600797829166,1.95847796153999,1.80744427063099,0.662107371530187,0.447785176482181,1.36221273227881
8.91834500518524,13.8908212210681,29.5198087364094,37.7842823781071,46.5420300871514,53.8029192476687,7,21,36,43,57,71,1.89520716616617,0.115659615577047,2.09086184161194,2.04179860716185,1.68403821866088,0.638752231633373,0.385519547275583,1.19799802317256
9.8117625595326,15.0986015279802,29.3151056654974,37.2313671615548,45.7590301833751,53.177791702134,7,21,36,43,57,71,2.19091686763034,0.143177885046324,1.72100659203054,2.00108934572784,1.57363055283629,0.596465099247726,0.409658849337944,1.12991341452606
10.3243985587108,15.9569084032326,29.0483162446151,36.834387414509,45.086136846937,52.7492937640805,7,21,36,43,57,71,2.36388790130277,0.177111399782059,1.44195820645248,1.9484838681459,1.53274575358702,0.547290330112909,0.448283683279524,1.10417358235616
11.3938058526495,18.6434754495767,28.9182894033525,37.4205863084898,45.4095480578774,53.3623069568374,8,23,38,46,60,75,2.43795672303886,0.311540854527202,0.818595568635682,1.68691214225692,1.5219925275887,0.502069683547398,0.41076697544383,1.03923144573288
10.7958781298527,18.1288434903805,29.4310409872157,37.2794471092763,45.7508930590283,55.4365482587842,8,25,40,48,64,79,2.24176886052446,0.207937434729614,1.0319462802115,1.56030299216316,1.32853979593705,0.409713562984166,0.704656715327853,1.10010322835653
10.5531556349721,18.0341441790292,29.4010493504889,37.2932964897232,46.3160115809442,56.6780184389605,8,25,40,48,65,80,2.1630229594767,0.223138708174572,1.04596305615199,1.55511174605219,1.34131524044499,0.413434932810736,0.83600026370986,1.20571554716939
10.4853573120019,18.2935780119586,29.4697343262803,37.3577927079866,46.4693549507622,56.3655827225184,8,25,40,48,65,80,2.14112418003242,0.258714667428619,1.00483305320619,1.56701063087985,1.34009335926629,0.426087820087588,0.744631624969185,1.14700106443371
10.43596228269,18.5346869881706,29.6666083852294,37.542932483391,46.6769645265006,55.917037604469,8,25,40,48,65,80,2.12519680819013,0.292529343105895,0.995377451383107,1.60131699064011,1.33667182663219,0.429315341789995,0.622940936746445,1.05047756809408
10.3978901397378,18.7711420937405,29.9924106742333,37.8568425489125,46.9871789133242,55.4069091714206,8,25,40,48,65,80,2.11293624969126,0.326366794486755,1.01450838891551,1.65873532237963,1.33320637398764,0.428783739667609,0.483396227380337,0.93106698667497
10.3705123501664,19.0133661538408,32.3815304767683,40.3746233374372,49.4744391559647,56.8925532648041,8,25,41,49,66,81,2.10412818117879,0.361333445374142,1.3515573538466,1.9823603588883,1.37081204871938,0.424405000658767,0.334159123084476,0.809397740190247
10.3535693154441,19.2621010637969,34.3619424490005,42.5569434518137,51.5269765442928,58.0412615209501,8,25,42,50,67,82,2.09868080798267,0.397431293909944,1.60309591806256,2.24093255870042,1.43031909087341,0.406015006822774,0.22178280116625,0.704455849942026
10.3424642998652,19.5012995115624,34.449091080485,42.4300096108197,51.4499464270823,57.8088358193864,8,25,42,50,67,82,2.0951119175531,0.43289087978881,1.56690229895723,2.25798588032222,1.36724306244783,0.41304208921561,0.204755321385436,0.665988825133888
10.3357221613317,19.7468957926497,34.350940487894,42.2615326845287,51.3314291680488,58.1723095872091,8,25,42,50,67,83,2.09294573170002,0.470025725762846,1.48605179629557,2.23878305570711,1.34666970855987,0.420132416087877,0.205924383199168,0.656344110745212
10.332772430605,20.0010010237812,34.3877220882492,42.2697421047298,51.4194544687084,58.6366003963443,8,25,42,50,67,83,2.09199814853499,0.509248003848308,1.43565166918174,2.24597220618116,1.33833240611833,0.431574195710224,0.246881183647518,0.707101393050118
10.3329505912236,20.2651220844669,32.5123053612918,40.2577597767383,49.4368722681403,56.8921839392979,8,25,41,49,66,82,2.09205537917813,0.550943527660603,1.10100449533617,2.00704727570817,1.29865511174705,0.435823979804759,0.27474673080699,0.723020958158899
10.2226362620922,20.2789042978552,32.4243625580794,40.1313942378363,49.2758248257041,56.5523543754151,8,25,41,49,66,82,2.05667793811221,0.571033453529665,1.07914487475007,1.99043326858813,1.28754398560369,0.430812719264859,0.253689994790082,0.69256264368891
10.0682841914369,20.1656901060672,32.339804919849,40.0042233554354,49.1016110241216,55.8338526983346,8,25,41,49,66,82,2.00737874236961,0.577760767389917,1.08528738198163,1.97450791520296,1.27524819829215,0.424057517029791,0.194811047340558,0.61873324971882
9.95630884171386,20.1064073723172,32.4383255369994,40.0841160952712,49.1821768128837,55.3077617829984,8,25,41,49,66,82,1.97176432728463,0.586426347163497,1.1193291874829,1.99306765719736,1.26988227286837,0.424153821594726,0.138754659163462,0.550027394029289
9.43604591642589,21.7405709853414,33.4770502697694,41.3192908150725,50.8896778060464,57.0192945086882,8,27,46,54,72,90,1.80802187729544,0.759907394719396,0.663237343523058,1.63014705063114,1.32674547042669,0.416570849895607,0.0790585837592785,0.459083834869552
9.80945744362104,22.6711591544417,34.2012349386266,42.2599187748018,53.1927807328541,58.5392406002443,8,27,46,54,72,90,1.92525298130715,0.859861858530696,0.629481760120155,1.75288855804041,1.39007815095906,0.623420902417143,0.0424259973120472,0.537078382178613
10.1116921912455,23.4550535391904,34.8426071423477,43.0899904131278,54.5872966437269,60.0759567384792,8,28,47,55,73,91,2.02121902477096,0.840703238416387,0.606613179812575,1.75832312918452,1.44585312129904,0.719427897603358,0.0480233487684181,0.632371167202756
10.3145630127951,24.2141472242824,35.2929385757322,43.7221659439812,55.6248968597717,61.218551716125,8,28,47,55,73,91,2.08615034106895,0.942184200898852,0.558330075673458,1.83588947643231,1.50007666521892,0.791813905832034,0.0524488531340301,0.711382253300397
10.4516160410015,24.9330082893268,36.2283983277337,44.8998240781948,57.2140386415559,62.8915634120517,8,28,48,56,74,92,2.13024185253849,1.053082587195,0.509575464567425,1.89192276136334,1.5729923357014,0.868066812281165,0.0561657090913552,0.800537520530986
10.5466251237152,25.5462007524203,36.4782208010864,45.2843990163964,57.8988436694303,63.7246364047432,8,28,48,56,74,92,2.16091174571851,1.15572532762812,0.458503685357622,1.93568965813548,1.61389226911068,0.925402400995146,0.0631376541772522,0.874581533223995
10.5997257039206,26.0376620684094,36.5934624830307,45.5087270339884,58.3808350376169,64.3859151825262,8,28,48,56,74,92,2.17808980806911,1.24526487009231,0.408278671288035,1.95601157005244,1.64717043119607,0.975712173409027,0.0722640359617541,0.946664258773252
10.5774453717777,26.4146012688812,36.5145104855705,45.5259092669436,60.2437057741886,66.9411847553572,8,28,48,56,75,93,2.17087893162511,1.32887590177357,0.351157993574189,1.94208005587989,1.67661964068465,1.22595648353452,0.114867259980666,1.24010692637663
10.3598515895526,26.6597912091079,38.7912221610233,48.170138630984,60.9022021809047,67.9377145319133,8,29,50,58,76,95,2.10070030749724,1.29373924552599,0.552071457134954,2.12690905770951,1.79022216419136,0.948243455582111,0.108164209888859,1.0544152184622
10.4140735260254,27.751110005459,38.4735494800051,48.1721023925655,60.1235588632406,66.0619640972844,8,28,47,55,72,91,2.11814618155394,1.65934868666795,0.504806240426991,2.41992629429561,1.89027714829861,0.913295012079204,0.0502084897367477,0.919420409713499
10.5275057555273,27.5950103782261,38.6029433113187,49.1036376611592,60.3342487290228,67.0680081205509,8,28,47,55,72,90,2.15473303041971,1.59815539308995,0.547496958564307,2.44495729135981,2.14607426307017,0.775659120191072,0.117427091050237,1.12141029829237
10.6876081079624,26.1348242731995,38.8242555851193,49.5899394291221,59.9103844731844,66.0949071795296,8,27,46,54,71,89,2.20657681626825,1.38234377708544,0.828432191356211,2.61517234297159,2.23194391627032,0.614811301607279,0.0821739096100473,0.952583758509676
10.9184615082693,26.7403311163151,39.3578069917974,49.2984313130818,60.0122147480475,65.6106540022571,8,27,46,54,71,89,2.28173958565293,1.46514916902866,0.815442074308063,2.72272496005726,1.96678600023202,0.682465725052455,0.0526565176201065,0.818686735831376
11.2150472675479,29.6420909353814,38.7857215397824,49.0387274137671,59.1774304102505,71.8138315144327,8,28,46,54,70,87,2.37898660341441,1.91426816557682,0.359632901228189,2.60746483872261,2.06640555012559,0.681967009449077,1.05174400499205,2.10552948347251
11.2933898516746,29.6012474060809,41.1089592154517,51.3526507713175,61.8367051391623,72.6414952530165,8,28,46,54,71,88,2.40479836508351,1.88583416194241,0.721250674537094,3.08627991830717,2.06342114519295,0.642598723921244,0.698528371015722,1.71423031718816
11.3178688576345,29.2816087363849,41.825244851758,51.7809483272058,61.2192917943011,72.3179038007559,8,28,47,55,72,89,2.41287395255574,1.80449562026431,0.802197074348138,3.09750116590998,1.97157213478242,0.474105600787795,0.751406949107905,1.5346662960348
11.3163417361451,28.9234920775986,41.8546011981622,51.647390063125,60.630019109012,71.6216272880067,8,28,47,55,72,88,2.41237001315152,1.72142524484182,0.872654832448481,3.10369214103659,1.91998789483167,0.407783447241967,0.84243963622765,1.51406467948491
11.3001807255641,28.5244020621668,41.6598400801739,51.3585596579025,60.0267116029147,71.0365530957796,8,28,47,55,72,88,2.40703816926967,1.63364346131725,0.910743036684194,3.06269840644413,1.89032961081229,0.364701268822207,0.846011040087675,1.44850047597233
11.2722653766585,28.1137821240274,41.4144732147457,51.0865899476606,59.452537148559,70.4051465650461,8,28,47,55,72,88,2.39783340768222,1.54743901411635,0.942006355444028,3.01132122228177,1.88195940594773,0.325443128912895,0.834819981746478,1.38482835989345
11.2338029732789,27.798040965104,41.5151118040601,51.3122919084114,59.337356384887,69.9780557181441,8,28,47,55,72,88,2.38516145519244,1.48596620135365,1.0225505588603,3.03235752444262,1.92137466653885,0.283759506050206,0.774830891126362,1.29971691651834
11.1863932350199,27.5853157257676,41.2461301950694,51.0951581464103,58.7766073630542,69.1109218116489,8,28,47,55,72,88,2.3695586512138,1.44971958203654,1.01152284208082,2.97624639970704,1.93776378351695,0.244612929944249,0.717598648691114,1.20601179503779
11.1319061957046,27.4382566963384,41.0656605698247,51.0063107113435,58.320970776681,68.2166527852376,8,28,47,55,72,88,2.35164997807366,1.42955652811931,1.00499476984886,2.93880389366559,1.96679419359355,0.206096575481448,0.638716337412544,1.0981505568884
11.0721863838635,27.3407376557723,40.9336104204984,51.0001562855844,57.928616284794,67.2934361721969,8,28,47,55,72,88,2.33205028688708,1.42135142467254,0.99826449527589,2.91151199465795,2.00682488580332,0.16928119015098,0.548317662365269,0.983808593937656
11.0087785517424,27.291497116986,40.8333160375471,51.0494050630989,57.5803713620238,66.3597155577946,8,28,47,55,72,88,2.31127357474969,1.42442482410327,0.988345156453814,2.89084289316651,2.05458199433079,0.135470976300275,0.455480076307594,0.869507282359001
10.94283687377,27.2948396233223,40.7767743666993,51.1578669001267,57.2917055015407,65.4671164587447,8,28,47,55,72,88,2.28970342053473,1.43948791304194,0.976757977838175,2.87921330087813,2.10753122189417,0.105869955490669,0.367790152353378,0.761427226885366
10.8752535735614,27.3563344970261,40.0912862961059,50.5575227348969,56.3390462675397,63.9487566921584,8,28,46,54,71,87,2.26763563746339,1.46769526907754,0.948806984183374,2.87306715023204,2.13495594641201,0.0831019415763723,0.293597761954324,0.660559122177022
10.8066024425317,27.4757643905755,40.1050799723766,50.7341452737827,56.1771820461414,64.0601850646261,8,28,46,54,71,88,2.24526041528581,1.50912890658487,0.928278616699252,2.87592155523394,2.18759234638579,0.0642787986818555,0.267220817305767,0.610037635616824
10.7373177777996,27.6527712739635,40.1513838629673,50.9329357614976,56.0950009881871,63.4250512587235,8,28,46,54,71,88,2.22272131105516,1.56397185563184,0.903115525910643,2.88551071954873,2.23710621842934,0.0508684191481769,0.207643704180537,0.536631167063353
10.6677439778175,27.8818228442732,40.2080981828123,51.127544637763,56.084624558113,62.8404486968792,8,28,46,54,71,88,2.20013169898031,1.63133894592758,0.87034287320639,2.89727096160626,2.28206128328193,0.042310682543568,0.15408492527988,0.471934533760802
10.5982044281906,28.1562346078587,40.6066051845734,51.7039616394314,56.4271157623848,62.5243510523729,8,28,47,55,72,89,2.17759731185671,1.71008153741745,0.785592084612902,2.84431207087291,2.34030725706598,0.0337588145438978,0.103352087751417,0.404960110991107
10.5291542258455,28.4695451971648,40.6261956160356,51.8295383912847,56.5222158675743,61.9127418845145,8,28,47,55,71,88,2.15526562453563,1.79901801406808,0.734220848960032,2.84832238627404,2.37513467808034,0.0473530736792574,0.0616219649240031,0.39445733228462
10.4612043826445,28.8278793054602,40.696493616465,51.9750151118887,56.8089812537662,61.3774903335371,8,27,46,54,70,87,2.13333321951025,2.06718696737715,0.685236081870829,2.99922939736749,2.39989572996873,0.0538500593614082,0.0287868661263618,0.342167085083371
10.3824309815991,29.9108929068496,41.258648899572,52.4551862934108,57.5993560547812,61.313631633037,8,27,46,54,70,87,2.10796180051275,2.36222395005084,0.600292410946462,3.11808229923128,2.37289556759292,0.0699975121756851,0.00997609173781642,0.292395687418646
10.2606776404996,30.1018926907235,40.7715166469174,51.9402906080311,57.4950014781479,61.1709759452101,8,27,45,53,69,86,2.06886430070261,2.44355666399521,0.580631997391748,3.15648910085468,2.36376485289018,0.0954567962636374,0.0094316328040816,0.31924198357938
10.1511194974564,28.9263876515117,39.8172454943636,51.0616498248332,57.0052205818621,60.6884186489281,8,26,44,52,68,85,2.0338064323607,2.35265063966741,0.616506659076831,3.09483741127303,2.38865298662528,0.123948777185093,0.00953262666070365,0.358151865129462
10.0663812380652,29.7447736773553,40.5327429635131,51.6280987389176,58.0624675558184,61.5042966582505,8,26,44,52,68,85,2.00677243477058,2.59323541774783,0.599708554027833,3.25028115434421,2.33965074230319,0.166005551544036,0.00656112798365357,0.366750851356805
9.96339385660434,30.7975737528546,40.9060165939917,51.823952441655,58.7005219253992,61.9242936418157,8,25,42,50,66,83,1.97401396712362,3.12568900302907,0.579571327974913,3.64087437803477,2.28156790088109,0.209645440985052,0.00452352746858576,0.370791400322239
9.83745453871336,31.5848737220733,41.1761990459078,51.8659832891029,59.1229067680156,62.227934464401,8,25,42,50,66,83,1.9341029774682,3.39104638899317,0.497368749740313,3.70337016624662,2.20728310345122,0.251431722626675,0.00363744569405781,0.37369965149906
9.7207585185629,30.4890665731604,39.5398758042996,50.1105034988928,57.8257889887539,61.2472137981844,8,24,41,49,65,82,1.89726960762859,3.33490931420536,0.417417012802335,3.48516046178995,2.16867335433365,0.306838306007893,0.00634600588873192,0.433170674285613
9.63113365698331,30.3949880410863,39.4014764748801,49.7184884305821,57.6572519633897,61.1174987709963,8,24,41,48,64,81,1.86907962577973,3.3335873869837,0.411142932265098,3.45348022810021,2.36137985945697,0.335789897671491,0.00675989628285437,0.485046401844023
9.55979109291215,30.301782840651,39.3700256734661,49.5515386570649,57.6986856508446,61.2505289034777,8,24,41,48,64,81,1.84670238116172,3.32709992918165,0.41989684485133,3.44629392323348,2.31545231384675,0.36389668341291,0.00781509867978523,0.501848545163804
9.49367567673267,30.2204431929845,39.3143088487729,49.34334071035,57.7484094320123,61.4440005225446,8,24,41,48,64,81,1.82601468752833,3.32258405717974,0.423553725354098,3.43357478048897,2.26395244516083,0.400133620237471,0.00970771962422878,0.527864284026899
9.42308544912695,30.1291139569268,39.1856812241791,49.0372255975259,57.7656767855392,61.6840514241334,8,24,41,48,64,80,1.80398057424943,3.31643465132461,0.418235318088846,3.4042691776958,2.20425859556907,0.447766287046272,0.0206436232644773,0.628475789663342
9.33138666493191,30.661855176968,39.096156784783,48.6650124091499,57.7154064189296,62.0346279530886,8,25,42,49,65,81,1.77544165859056,3.26925253753313,0.334135656763188,3.23116375611322,2.10976255905054,0.497534436213286,0.0326611689260265,0.680883838052239
9.18666424255927,30.3539036133172,37.2374794468925,46.5526534728877,55.1005745417594,60.4331520533561,8,25,41,48,63,79,1.73059732890013,3.22186321393713,0.210380008497864,2.97058449449259,2.02559587643169,0.504223561488812,0.0810962850589376,0.783017432323307
8.84962726127957,28.1636586173865,35.7666082584442,44.8919921631467,54.0342906843285,57.855587683175,8,25,41,48,63,77,1.62712909708636,2.69614366386104,0.292759522143843,2.65651965072714,1.96303637052222,0.605549759727479,0.0423434105387026,0.784046415273532
6.1368685020055,23.5553576313789,32.0813136214159,42.3544063006313,50.711301764251,52.8460917516133,8,24,37,44,57,68,0.855731202901569,2.37846114445558,0.705662064814246,2.43431892657063,2.34647676502059,0.67219086861573,0.0171151489143499,1.00862325234507
7.11201980156587,20.3228388141605,29.2853099550155,39.2315869837335,47.7979095812288,50.3501531821241,8,23,35,42,55,66,1.11856063340999,1.4708570642133,0.928159914003688,2.12427809481779,2.23608558229384,0.713743318506643,0.0333886198633231,1.05719000633648
6.89902974301809,19.7114808085944,27.9885322807597,37.7900852825689,45.2801790664321,47.8197349635653,8,22,34,41,53,64,1.05956743245788,1.53945301068045,0.776883089173582,1.99152993756574,2.18749513478923,0.615249344920004,0.0327915626423229,0.952451887434703
6.70783112604094,19.2051614405288,26.6647468883595,36.2733701290537,43.8467655074902,46.5806245752159,7,21,33,40,52,63,1.20338679517585,1.46067115718454,0.609265180090545,1.85422316087083,2.12301177006742,0.631700301886326,0.0426702520777032,0.965916353315748
6.69150702494105,18.7145080819249,25.2095593467321,34.667478565421,42.3362217179602,45.2587197912843,7,21,33,40,52,63,1.19853945004928,1.34448153136591,0.432079500850308,1.57335235684619,2.07288056228913,0.650728147739225,0.0537916488922183,0.987272539560731
6.7955041872704,16.7867422285568,21.9683602562543,31.549920726264,39.4462521195069,42.4739010545275,7,19,31,38,50,61,1.22949722604317,1.17122295349176,0.233492718897618,1.20910601081182,2.11399378281955,0.696980905735956,0.0606558835660579,1.06188209512967
7.00575427173,16.7227532911017,21.3375603600917,30.9152530637332,39.0381319022141,41.9644574711803,7,19,31,38,50,61,1.29262537704516,1.10469184346606,0.165450056740204,1.10215698914254,2.11270550228251,0.744155006135822,0.0540331238170459,1.08210187404851
7.32082202838286,17.2158756877204,22.3337052636335,32.0358106745412,42.038223794026,45.965042471196,7,21,35,42,56,69,1.38851664500454,0.863599839342081,0.127984184223611,0.896854074146612,2.15421426502907,0.886092281515219,0.0690494412782467,1.18820697661593
7.46648019595345,17.1681077175334,21.952108231801,32.0925243747546,41.3728756930726,45.1355091412024,7,21,34,40,54,67,1.43334546670826,0.823603123300941,0.137379116159283,0.924544207038439,2.60766866286651,0.738919924406419,0.0589381121546365,1.21262959523579
7.46625980948066,17.1132216834296,21.9225936319284,32.3943664391962,41.1668155144023,44.7014596372136,6,20,33,39,52,65,1.68218512195545,0.81242431652989,0.139797347564846,1.00779207994133,2.72631447107367,0.755534622556176,0.0464598760883711,1.24559985331513
7.36184701620027,17.250468349667,22.2912153509874,32.9066210731227,42.1985960608869,45.4680218927878,7,24,36,43,58,71,1.40111181013234,0.543966316419431,0.215517309767079,0.811458306599065,2.46304498507854,0.632253051155202,0.0341733789528705,1.02248491294309
7.30482016929161,17.2193681126615,22.3657958267047,32.9526288239163,43.0546751710026,45.6277838372424,7,24,37,44,60,72,1.38361054784994,0.548115443075395,0.17403600159035,0.747147415302039,2.45327952212879,0.675370336533415,0.0209454251618246,1.03557624421505
7.31038658142204,17.2381601157214,22.4791779365577,33.0972513462481,43.3672257060402,45.7609467724746,7,24,37,44,60,72,1.38531675850001,0.550237194179268,0.184341878143952,0.761944338217102,2.46395706014111,0.705799441180168,0.0156058435512712,1.03862658823844
7.38420130068469,17.3631809390832,22.8444330642325,33.5046926608749,43.9263143886365,46.141451229141,7,24,37,44,60,72,1.40798513363884,0.558485175341481,0.211860718796777,0.810529262245628,2.47838773495934,0.733732669204064,0.0112792227354419,1.04098078155398
7.53798242402626,17.4897101484852,22.8700438569698,33.4632885125687,44.121977885942,46.2590125615197,7,23,35,42,58,70,1.45546215230595,0.648589292633587,0.260005986985165,0.975939070742525,2.45547031747825,0.778244228288639,0.00967549525883745,1.05522468444407
7.750730561789,17.8761071021679,26.5599532133384,37.0779762850425,47.7528863266564,49.4647711258597,7,23,36,43,58,70,1.5216858564044,0.679565835386411,0.737463907863716,1.48379912344107,2.42978818177391,0.899561032742329,0.00360186470680258,1.07067706083384
7.9984611386322,17.9458053118688,26.7172194624283,37.1646735950025,48.0081323991663,49.6811120929343,7,22,35,42,57,68,1.59955709710661,0.754462890197468,0.755322628093703,1.62339492670557,2.4057351718414,0.934495263220124,0.00642320712057794,1.17583506763275
8.23720080570884,18.440724766371,26.5745830941526,36.7252338117865,47.481641407688,49.8532474183055,7,22,34,41,55,67,1.67533706581741,0.804466787629416,0.746469245601878,1.71364753628057,2.30501285041007,1.04966180392077,0.0150181621761909,1.22874237520743
8.31684952000912,17.4415482047438,23.0509381055725,31.7680604528172,42.721616899154,45.4756054358357,7,20,32,38,50,62,1.70077319349469,0.828924678591749,0.292201517636907,1.29292504512306,2.10717749008291,1.4137037609849,0.0274130605127958,1.39940186263693
8.57758739485129,17.2886907425507,22.8293159105491,31.578236199478,42.0970035713503,44.5950856742603,7,19,31,37,49,61,1.78456005531806,0.871621565778694,0.282355570539467,1.36145557041756,2.11817910596827,1.30247854461785,0.0185860066452942,1.27935194569388
8.59018805522013,16.7708041595797,22.0317557084208,30.7832175682318,41.2247595290294,43.7425391072393,7,19,31,37,49,61,1.78862889558564,0.75635327681415,0.243916979820776,1.22007671895404,2.11905883896313,1.28300441294028,0.0191875944201105,1.26952533763396
8.61974885375195,16.392158936388,21.2924362202688,30.0094469696784,40.902123663417,43.7188368720409,7,19,31,37,49,61,1.79818126046355,0.671652119760276,0.198285684738128,1.0946629555732,2.10713889472254,1.3979715289169,0.029921735654691,1.39972317766626
8.73403244685832,16.5716856469724,21.1210381125759,29.5887127856096,40.0705984681561,42.225996865064,6,17,27,32,42,52,2.1130270154017,0.813553796133885,0.281695587791348,1.50653629143233,2.33497702319556,1.67065070851661,0.0304726583512012,1.76799227565618
9.07290382376999,17.1238615257056,21.6866613602831,29.9261625932663,39.9948019184637,42.3762690568145,7,18,28,33,43,53,1.94580138021292,0.862047140988352,0.283807354886278,1.4946029370177,2.25168822644479,1.55314179931093,0.0426603642847566,1.67911718147045
9.19582316351327,17.4841922766585,22.0948279983287,30.3987798957461,40.0479066363514,42.8818802756113,7,19,29,35,45,55,1.98621306558585,0.779305120164179,0.291374410909573,1.45333904272921,1.96506726657208,1.4361166542477,0.0745090364337435,1.5663146215371
9.13908071348379,18.1875041818675,22.8295234615134,31.2533010828751,40.3447976184584,43.8619880545774,6,18,28,34,45,55,2.25388095867037,0.94776251196469,0.296385205871971,1.72358729980786,2.0061171170512,1.11108790925242,0.141345371580132,1.48900775701764
8.9661945591595,18.538506590052,23.1868155979811,31.658828695127,40.0906713796057,44.0556407256074,6,17,27,32,42,52,2.19358950082915,1.23250015432914,0.297393830016953,1.93576621666438,2.33656431734405,1.11106145762413,0.196761171484234,1.71727045258875
8.64491497844385,18.5234232970147,22.9974786487668,31.4770640365081,39.8998956218687,43.7857444048583,6,17,27,32,42,52,2.08222836614965,1.31170082120123,0.269997357913754,1.89487057572465,2.33933510465983,1.10874369647582,0.186334951277175,1.70008341005477
8.31411914948779,18.7042190494875,23.0821086071297,31.5556853259786,40.0082342839944,43.8285242654564,6,17,27,32,42,52,1.96854500456306,1.4470753993904,0.255372723979028,1.91311313424603,2.33713643076958,1.11639264170101,0.177898617836761,1.69117860033268
7.98817571768389,19.0177376841071,23.3158983250656,31.7951093180901,40.3681899049406,44.1659884333123,6,17,27,32,42,52,1.85756474452266,1.62125366486068,0.243520867630396,1.96381800571516,2.33919809975147,1.14757048123353,0.175047091869128,1.71326804942206
7.8577051719094,19.3716699127557,23.7931184584639,32.1207237999922,40.7303202090672,44.4280879221849,6,17,28,33,43,53,1.813445220087,1.75657718598864,0.196275962549784,1.92558471701172,2.28380305547073,1.15706429919961,0.16263235989714,1.66754491238168
7.75201592387932,19.8335181006369,24.52419374072,32.6180271929981,41.2611662267358,44.8751255194997,6,17,28,33,43,53,1.77783842306506,1.91853682039032,0.231556881859758,2.08394557513064,2.19871918547229,1.16580467283917,0.152571054057713,1.60784072226362
7.76365017333481,19.9027135814237,24.9888996368665,32.8514186869974,41.5251988560927,44.9896636736982,6,17,28,33,43,53,1.78175209590856,1.93515814865176,0.288233132823662,2.18678786216803,2.11494633384344,1.17380526394076,0.135407662890224,1.53530397768595
7.98539562911424,19.4411231201407,25.1101503544726,32.7397495040823,41.4399275846427,44.7462354424703,6,17,28,33,43,53,1.85662278158755,1.74016181598304,0.381541775450487,2.21389207500838,2.03103263551324,1.18071031458167,0.118364319282458,1.46104755335883
8.78063181566152,19.3482040909576,24.5459794925865,32.5007774439946,40.8181429026714,43.8353018162703,6,16,27,32,42,52,2.12915974113189,1.69527996564342,0.305222161086296,2.23783377507368,2.14831503947302,1.08172113716007,0.0902451550205263,1.39169054791417
10.6624260354614,22.2791340616952,26.8179125036082,34.3025696817824,42.6251421396163,44.9298088487921,7,17,27,32,42,52,2.47912918245362,2.00361840426677,0.280039832336489,2.77331169189621,1.97904814986974,1.08305072384542,0.0382454618512237,1.16575656871762
10.7889430728955,22.8461731854917,27.4224157716744,34.7300499687448,43.1093167137155,45.3116881750948,7,17,27,32,42,52,2.52249103511008,2.1365399650992,0.285925186621169,2.92164638650726,1.91581111746543,1.09755806865875,0.032804579123547,1.12477724026894
10.2316753921018,22.698509991622,27.216283453647,34.3971206931603,43.1538776670968,45.5035144645482,6,17,27,32,42,52,2.6402719770802,2.03045938510462,0.276763253029585,2.87080422836418,1.87069353298788,1.19554835008067,0.0407960390333056,1.19843091320623
10.0972652415265,23.1473733017453,27.650173642376,34.7309644381537,43.9183084409445,46.4398999346944,6,17,27,32,42,52,2.59227231173863,2.20268374003535,0.274437794307989,2.97813082102149,1.83520239215094,1.31013503891185,0.0514526914118167,1.29397859160284
10.1726443484568,23.6442113310509,28.137171576115,35.1016841811346,44.6638740402134,47.3717485388774,6,17,27,32,42,52,2.61917607192522,2.32910668276398,0.272914180829749,3.09997262871909,1.79407605731439,1.41216541912349,0.0646268742405268,1.380854507122
10.4215886815237,24.1135818213301,28.5839624410831,35.4262938740361,45.3048757438487,48.2078088402244,7,18,28,33,43,53,2.39692902732422,2.39585307219457,0.269431971210097,3.03402901822973,1.75100830905497,1.49983212140006,0.0802415927599696,1.45857868856777
10.798387814217,24.5130929483993,28.9507979268285,35.6711145122881,45.8080134792841,48.9089373220107,7,18,28,33,43,53,2.52573296127052,2.40275415417835,0.264427339984469,3.12515763744521,1.70815343504442,1.57240312747223,0.0979811658970996,1.5265562664624
11.2304914645325,24.8925207128323,29.2886674862134,35.8879915453682,46.2308757732036,49.5335276480845,7,18,28,33,43,53,2.6747565543693,2.38675522139657,0.258121712035348,3.20979028446286,1.66581456355017,1.63088683155927,0.117984089253691,1.58574238658549
11.659374936928,25.2328773305321,35.8703255128398,42.5041341350693,53.0229798037007,56.6401413899295,7,19,30,36,46,56,2.82396918152975,2.13316687905024,1.51381959350726,4.54857294279065,1.40918466194781,1.68126342419768,0.152949739912109,1.56280026757692
11.6695165870604,25.2861719088215,35.8571414852387,42.5494027938884,53.7121667337792,57.4600910796867,7,19,30,37,48,58,2.82751252565035,2.14563068552721,1.49580125043331,4.54499229167774,1.19876333086978,1.65818577829526,0.168802444490431,1.47830568474562
11.1922146308654,25.1827466780254,35.2409469715117,41.9143451226213,53.1002222724951,56.8616193469514,7,20,31,38,49,59,2.66150130301402,2.04071899857969,1.35882683139969,4.17996090680308,1.19316740522442,1.66461616702622,0.170478631011632,1.48175043996388
11.5629351501487,25.7011800801244,34.7008240383634,41.2216295060486,52.4673109490808,56.243751013502,7,21,32,39,51,61,2.79030849406347,1.88365377286074,1.08832507364655,3.85018053642623,1.1481241969907,1.4898853931304,0.172359555371534,1.34965587837118
12.0367827114635,26.5418130602376,35.0460465007194,41.4782954050959,52.9523900328914,56.8064376069345,7,22,33,40,53,63,2.95627706116284,1.79488462127328,0.968085274276455,3.7548963939455,1.12217091460878,1.37363642047203,0.182219561982676,1.27838940326025
12.8469658832632,27.3458423548998,34.3312901836919,41.3121808459725,52.9097264346275,56.8483940850273,8,23,34,42,56,66,2.92638928656656,1.79329955910773,0.629656946313886,3.40418632036726,1.0821426462228,1.24284433614438,0.193265739245431,1.20074351013967
12.7452720552779,27.6913216633606,35.4245584232879,41.9790472230698,53.9106507942779,57.9618441778585,8,23,36,44,58,68,2.89172159012941,1.90950994470131,0.554172989012272,3.33171888460585,0.965954850322619,1.32243665721143,0.208424056356271,1.20417811158002
12.8225046013516,27.9235108347871,35.4712999384512,41.9020949573007,53.8779282854999,57.9949551118324,8,23,36,44,58,68,2.91804412957259,1.95025692158226,0.520822022251879,3.34273038498384,0.932923843917411,1.3330906053599,0.217536958097447,1.20185798440406
12.9222085615909,28.0655290555393,36.8320000137806,43.296410891978,55.3945801099789,59.5823633343425,8,23,39,47,61,72,2.95208349230531,1.96142543809288,0.453523385078989,3.18028383378971,0.941869394277209,1.36269653410729,0.167926683003457,1.14049307821639
13.0209816935325,28.1387471522033,37.0522953652817,43.465752838587,55.6824521633009,59.7285399852551,8,23,39,47,62,73,2.98586878295248,1.9546782628481,0.476099301965734,3.23023484769085,0.928319328810297,1.23590077034302,0.151796199504932,1.03477522119276
13.1122745113592,28.3622216120738,37.3366605637708,43.744602097943,55.79278158664,59.7999739057507,8,24,40,48,63,74,3.01715108414028,1.80753682994881,0.485586321299378,3.1409592011185,0.926855720718472,1.19739654670412,0.147511043260691,1.00180366117591
13.1834541568127,28.4795658819955,37.6727663160251,44.8728229504623,56.7497152054955,61.3627244790948,8,24,40,48,63,75,3.04157807406596,1.81921895798084,0.520337500800954,3.21634387606548,1.14318361029848,1.15867584164675,0.165252703361701,1.10242873799865
13.2396645570315,28.1547634005923,37.6620211626138,45.6303263632271,56.8304280669383,61.4094550568575,8,23,39,47,62,74,3.06089047728612,1.90140018512804,0.572009179662329,3.36978585732669,1.36354770373518,1.00996464191656,0.161544772619068,1.11154252004725
13.2923215104216,29.1610454717058,37.9209416613546,46.1058932928896,56.8848641753931,61.6918490838691,8,24,39,47,62,74,3.0789998498758,1.96592011966151,0.539475390185675,3.42961352856324,1.4273433890475,0.92107263346891,0.187229873768971,1.11527380430944
13.3206505267837,27.3956554377094,38.9042783851506,46.5957206594016,57.1057121822831,61.8628657824784,8,23,40,48,63,75,3.08874964169674,1.68510780085133,0.827717999888767,3.49744209434116,1.28304243409805,0.865848182558055,0.181453079308222,0.989277065613831
13.3417385723243,26.8462858978117,38.9420059466179,46.6655930955179,56.873357601952,61.5863764484481,8,23,40,48,63,75,3.09601056927773,1.54268839327807,0.941854803990596,3.50617177933145,1.29232867807357,0.805304638468355,0.176411997296751,0.942303420506921
13.3463549656315,27.7274930500086,38.9475556063858,46.6927869563597,56.5763617123362,61.3592644151166,8,24,40,48,63,76,3.09760042653096,1.59194275522656,0.887594636350641,3.50745648244571,1.2985905388145,0.742205674393989,0.137274987410358,0.827995831012619
13.3234753947815,27.45416355055,38.903042858226,46.7063876305047,55.8900966279259,60.5717696546447,8,24,40,48,62,75,3.08972212714507,1.53136250947564,0.933692275256093,3.49715632550183,1.31543932830511,0.719978770139104,0.127854505500558,0.802968799946532
13.2557463168376,26.5971171298111,38.8456247498047,46.7597702163721,55.7485376128838,60.3302894852702,8,23,40,48,62,75,3.06641936744497,1.5026539315709,0.972456689181283,3.48388408354243,1.34770740718597,0.68234204761338,0.11890893680703,0.777817881497293
13.1434360906024,26.5438932738175,38.9363893802742,46.9161890132482,55.8755840572123,60.3474186698226,8,23,40,48,62,75,3.02784099230328,1.51711331291809,1.00162443401756,3.50487173960545,1.36691516064381,0.676738354952157,0.109475860746403,0.767859235340664
13.0221037843265,27.2326491269085,39.138555027676,47.1592966228761,56.1273700919087,60.4796324908136,8,24,41,49,63,75,2.98625295440759,1.55059960349926,0.904345841008071,3.39355252478518,1.37892561230348,0.678392186606374,0.137904877482054,0.835805511585402
12.913298632654,27.0484647403446,38.1911753496807,46.1113123798436,55.4297760326711,59.2716929318117,8,24,40,48,63,75,2.94903896171037,1.53243923898569,0.872207158788935,3.33375008645266,1.34945761691984,0.637026883224743,0.0918775433899344,0.723893714996319
12.7902472913238,26.9977719796286,37.4368309141067,45.2507380126251,54.5808176923317,58.2165414376632,8,24,39,47,62,74,2.90704532813027,1.54987058849048,0.851493264298654,3.31802538486112,1.31850726504205,0.639124865609924,0.0761520337397303,0.684935408858284
12.6521218601427,26.9893214256594,33.2304805843825,40.8773390826987,49.6261472268024,53.2696017219336,8,24,38,46,60,73,2.86002687764511,1.58126214637338,0.245935957843479,2.53811103320088,1.27018975336458,0.637088006456855,0.0521905939527928,0.593406835856713
12.5039175673775,26.9976534112749,32.9566427532189,40.5675862235481,48.9318488477166,52.6464881545883,8,24,38,46,60,73,2.80972084137921,1.61941372825829,0.212617652851194,2.48041172156597,1.25985911427953,0.567137041980413,0.0561612872670918,0.552454213710861
12.3629904214179,26.3443885465786,32.7569484632895,40.3417242486423,48.119123571862,52.0674374332828,8,23,37,45,59,71,2.76202534446865,1.66148218371609,0.267334619735211,2.57791076543012,1.25234523348476,0.466849939346476,0.100641657439798,0.570818921356328
11.8270722583359,25.4603430761696,31.5941988812058,37.526411445621,45.0468179707892,49.0674598623435,8,22,35,42,55,68,2.58194953261027,1.75023646448349,0.29600123885422,2.61435626087515,0.978370841577289,0.515968170601624,0.0752554721655295,0.425174107919377
11.8817438430582,27.516661415534,32.0248740021262,37.3425780243427,48.8478790672757,52.0264565218258,7,20,33,40,53,66,2.9018150459225,2.51168671369921,0.112550436804543,3.0210583044012,0.808739317599351,1.38143703203315,0.0304986953251599,0.727818831630851
11.064336083593,35.8680127269215,38.1356692274243,45.0854783899489,57.6224431410866,60.3500670891766,8,22,35,42,55,66,2.32947612480155,5.14854062818943,0.00698209294312299,4.16979811812099,1.27575842526381,1.64641551563289,0.0423285966582065,1.25190606732866
11.0882991378009,34.1915074916113,36.8332491310965,43.9786556309893,57.6121489680887,60.2258454560938,8,22,35,42,55,66,2.33733540776318,4.58601771837594,0.0139403378848829,3.84285864213818,1.33494266201434,1.94179542576056,0.0363747569790024,1.4649423910041
10.9227396624318,30.155469752663,33.4783747287078,40.3285074826272,53.6016848472348,56.3437190895414,8,22,34,41,54,65,2.28313695346745,3.35565679021384,0.055465290838716,3.2003265401577,1.24583083865664,1.84328896126038,0.0431207129927976,1.367986250186
10.4454219028758,26.9551726093249,30.9790675229555,37.2870734048306,49.863158405049,52.5771542739879,8,22,34,41,53,63,2.12824526878984,2.54326809291731,0.107135095296984,2.6264601727975,1.08599795711173,1.85022614785619,0.0650886292127014,1.35988571668195
9.66939773266899,25.4276432595407,30.7376007535982,36.7673276498789,48.6979367973502,51.7991892274683,7,19,31,38,49,60,2.14328798110893,2.78453176089592,0.250463314249554,3.04511290680496,1.00603248145704,1.87513214682431,0.0657458125861351,1.26166901996749
9.83660146507204,24.3369873699466,29.6223370773392,35.6049505665303,46.25450698165,49.1501947073759,7,19,31,38,48,59,2.19924550530651,2.40461946565407,0.247165977027614,2.7812071124701,0.992643977090962,1.71892724876161,0.0521179102737925,1.09674205112816
10.1218365823293,23.0736172475073,28.1377866628777,33.3865744219235,42.8398407073412,45.7214265379367,7,19,30,37,47,58,2.29527341445382,1.95561034689539,0.284931964736866,2.5954944351027,0.790256064323769,1.38230736323749,0.0512499751262124,0.782384012611195
10.4810406651164,24.2694947659449,28.8589162787205,33.3484846032767,42.059691962256,45.2508942931463,7,18,29,36,46,57,2.41717800995798,2.42519310304718,0.217965949649836,2.92913374803284,0.594897198487487,1.18359868856522,0.0722856462027252,0.612982354159702
12.7093289633147,23.9668643318617,28.7489454698951,33.2850102621707,41.6174352362974,45.1834896827006,8,18,29,36,46,57,2.87948492363412,1.8967021669647,0.244152960750386,2.9025487647116,0.606391714674125,1.0855678259256,0.103316003956983,0.618707083523629
13.2934759213524,23.981064942185,28.9977097621189,33.4933200235933,41.5278728881486,45.6571012034487,8,18,29,36,46,57,3.07939705831813,1.7299242847803,0.277863801531492,2.96279177911147,0.596387112948263,1.01023354516061,0.16116247278345,0.649355934017784
11.3454285426792,24.4722715194884,30.123743731224,34.4205420398898,43.6041617434828,48.6973735369871,7,19,31,38,49,60,2.71462089896254,2.00521700688,0.298302354964036,2.89893087620764,0.547960161484474,1.13405973422205,0.289290113706062,0.846200664173191
11.3926975812786,23.4840745753489,29.2692428260444,33.4044905958817,42.1640794757481,49.0846542513044,7,19,31,38,49,61,2.73104209007656,1.71653219204163,0.318059685226965,2.69923747262185,0.509553588234973,1.02951821917885,0.507285610564683,0.949949780975137
11.4932997777882,19.2513725807612,26.5269610300951,30.9758958353038,40.342105431555,49.1450973911066,7,18,30,37,48,60,2.76604199636828,0.795702708802138,0.573646427649227,2.23286786545535,0.584906346881592,1.18000188376279,0.892151139205692,1.43544129848073
11.6334335475587,18.3316557446865,25.3706180281661,29.6580652845387,39.8090112818207,50.6812899873237,7,18,30,37,48,59,2.81490872145334,0.571532586253723,0.529060760591685,1.98407207830205,0.545713487313219,1.38333182553487,1.57792632830493,2.11154437852165
11.7662185775271,17.7825726414718,23.7757617422684,27.7595691793124,38.8279674133742,51.4253603656962,7,18,29,36,47,58,2.86133257179495,0.442264663583979,0.438102343759473,1.78644513967853,0.474361505863027,1.63199919226857,2.06872267047098,2.64095324803003
11.7043799005371,18.0631453860584,24.8183469254283,29.2344960027232,40.763789932233,55.5181917011555,7,19,32,39,51,64,2.83969840403472,0.409044910868823,0.388060708503769,1.61696815467998,0.576882437798153,1.56491013229643,2.25649621008161,2.87228455065187
11.5663031210176,18.190244210112,25.1693609815214,30.007597507107,42.1192265166264,56.3079958669333,7,19,32,39,51,64,2.79148298648762,0.454341603426615,0.423898376250567,1.68458512074064,0.682645768888703,1.72206505472661,2.09618752077592,2.97520877808308
11.2294256609815,18.385701456422,25.727318287562,30.6446295663573,43.0735822672514,57.2438127435561,7,20,33,40,52,65,2.67438732728216,0.453202478045798,0.484731736980148,1.6713043511366,0.703026564560054,1.80936705763008,2.09098408696551,3.06474442552129
10.8126872842674,18.5882112000028,26.3323501395104,31.2787594859475,43.9603096308986,58.2113158307645,7,20,33,40,52,65,2.53064256241962,0.561893124021482,0.556159288861759,1.78856011134794,0.710569040722167,1.87965857450339,2.11368000321404,3.15140241617801
10.4096814379417,18.772716771806,26.9698518648228,31.9492311234349,44.9060938082942,59.4274424482198,8,20,33,40,53,66,2.11673198631091,0.795350010649017,0.641126776623766,1.91525248107992,0.719142526409979,1.75795739782125,2.19008720715339,3.12314693236354
9.96114348211061,19.2012864422271,27.7453380224291,32.7779663649538,45.8785825173388,60.4925074437587,8,21,34,41,54,67,1.97329937050162,0.853500312262972,0.709280521247594,1.94265092531416,0.733050180799346,1.79660172705512,2.21640791596073,3.19205244953738
9.59750661228312,19.5160744080992,28.6289073980057,33.7093132461091,46.9221008519081,61.6133077148088,8,21,34,41,54,67,1.85852526114591,1.00284823740842,0.826413109004002,2.12230794841238,0.745591847215763,1.82691356250304,2.23844004172395,3.24884626574654
8.83105859474572,21.408882679382,32.1401752006884,36.7645349368735,51.3135722613683,66.6162054004851,8,22,38,46,60,75,1.62146921311711,1.48067706797996,0.792078139815271,2.31114941391533,0.49248031596388,1.99414816168079,2.00363301831753,2.95559330986961
9.22768780916555,21.3596669868729,32.2507563146844,35.9691613964975,52.4383584253889,67.0834947312696,7,22,38,45,60,75,1.99671382486668,1.21649332506006,0.822853325422162,2.3338268482239,0.414700088386779,2.31995134405561,1.83108028634747,3.03607802738917
12.6666408770475,22.016741756009,33.0748381346806,36.3835412044132,50.6555130249456,65.5506808860027,8,23,39,46,61,75,2.86496319528001,0.642747369728318,0.855490219906649,2.36965911730945,0.32811368549326,1.73513915369827,2.08854936228205,2.66115835896882
13.8253454658024,23.7797401450015,35.0980105276141,38.7458323231662,51.3226962062385,66.0446679104882,8,23,38,46,60,73,3.26325739448438,0.755822779277159,1.03542181778184,2.9434614447463,0.296625453192002,1.48043793786704,2.2472257449139,2.47340366316627
13.5343179911723,23.2079004503711,33.8765432459607,37.9134864640965,50.5614464038629,64.9960642643903,8,24,38,46,60,73,3.16244383298944,0.600201774359165,1.03013574377062,2.67603755086658,0.370298753843971,1.49817506658406,2.16550003140536,2.51077285017228
9.15670048705395,23.4910491303889,34.1916424163997,38.0245484124449,50.3090167368286,64.0405272300601,8,24,38,46,61,74,1.72134323029741,1.58056990809879,1.0372297768266,2.7442043754471,0.33089131356607,1.25149741571152,1.9688250128863,2.10786236835395
9.40886657609627,23.9033646646535,34.7320775543781,38.6345776019198,50.4763557680709,64.050633094905,8,26,40,48,63,76,1.7995490579577,1.31413548979684,1.06584109760493,2.57746937726477,0.344144811179931,1.1507906525951,1.92551343191702,2.00177294538355
9.64925887230958,23.614561891029,34.7636276344679,38.7762283050756,50.5655580118416,63.9801781137344,8,26,40,48,63,76,1.87477360600718,1.19983920797856,1.13850999246543,2.58406548329476,0.365510383303771,1.13904657097012,1.88179534952764,1.98159649407235
9.86765066856298,23.2898018332875,34.9273513347319,39.0494263713906,50.8872649585416,64.0826615523354,8,26,40,48,63,76,1.94365730796138,1.08638505612647,1.25229298752973,2.61838878684406,0.387224987063542,1.1499071108035,1.82220507683448,1.96951922107723
10.0536412258117,23.6829038491633,35.3531168356761,39.5742688354659,51.6805346345305,64.6452771232161,8,27,41,49,64,77,2.0027142291419,1.00535753186432,1.26002474764029,2.57042626678435,0.407269773457881,1.21062299990416,1.76006973925864,1.99654484225394
10.1980531742508,23.3246007584349,35.8438892432986,40.1456662628436,52.5499345490554,65.2470623480797,8,27,41,49,64,77,2.04881042059364,0.909072663439851,1.46612050989314,2.67271965930344,0.423849335628098,1.27922416590699,1.68872227563456,2.01856672136568
10.2947101309053,20.8338316836451,34.6433014805701,38.7866926068278,51.3894609926796,63.7889948379944,8,26,41,49,64,77,2.07977840052286,0.559903640936413,1.61834744230773,2.42497655365609,0.391506454358974,1.32559565849885,1.61035414371754,1.96762512629305
10.3426787786108,20.5931773072948,36.0430594453614,40.2279247883495,53.4939215103024,65.7272048062029,8,26,41,49,65,78,2.09518083474136,0.515228928574669,2.04286407996712,2.7146275811027,0.39988583814784,1.32801955158816,1.56703387286955,1.9488311529677
10.3497426846,20.3727741936711,37.2443222583607,41.4459288921964,55.2283199127587,67.5413421338484,8,26,41,49,65,79,2.09745088513,0.48118040460167,2.43183429772039,2.97207326549571,0.403286435697555,1.44834689689686,1.41517460820391,1.94510558311202
10.3401312630546,20.1883937358318,38.5624930314234,42.7945055737897,57.067892993991,69.0265276752044,8,26,41,49,65,79,2.09436228520986,0.455731400615358,2.86101185262424,3.26344155747527,0.409489247478861,1.56579021918745,1.32894467310536,1.9773165565855
10.376409805744,19.799650255061,38.4147991624546,42.7504170214751,57.350861738127,68.8461844817954,8,26,40,48,64,78,2.10602492373281,0.396494155067821,3.16700101218897,3.38481248866946,0.430878502228623,1.64558025969255,1.21880412158393,1.97100425257875
10.6307647266912,19.5823792626128,46.2100027340684,50.6318935638417,65.14390124062,76.6414253118331,8,26,41,49,65,79,2.18814300032424,0.335316117794743,5.45633107001065,5.11172209531521,0.448982821590438,1.62388515064342,1.21932023114399,1.97101145171864
11.5784241893217,19.376238882393,46.5353039790953,51.3341818417132,66.2724166347712,77.5755625463219,8,26,41,49,65,79,2.49913245443756,0.207086516389908,5.6337907433246,5.19556999181201,0.531061943386161,1.7292426918819,1.17402029287161,2.08994182068314
12.6504725801088,19.7197929130231,47.7910607260659,52.0769382351626,66.4813572206984,77.4316926796848,7,23,37,44,58,69,3.17328749450484,0.230337603655853,6.25932458794852,6.35197214174207,0.545336621047637,1.95505434329703,1.59939035073027,2.62864483126944
12.5578404123488,19.5584307313183,45.9577486933109,50.2343857502672,64.2734437252223,75.3761542050623,7,23,37,44,58,69,3.14038940056909,0.222844514164873,5.68644359183318,5.84386332786122,0.543119798014799,1.85723397178158,1.64150834462146,2.5784208935991
12.2756253814368,19.8788015650457,41.2703277024376,45.3043175028457,59.5176131049309,70.1736502920629,7,23,36,43,56,67,3.04046878025021,0.292787591272991,4.31215741798475,4.78912023841302,0.485933639502414,2.10307653087259,1.5188683083151,2.61512285300173
11.7843563662195,19.1852195402144,39.6796017180725,43.6857078761187,57.7369194096807,67.9129103729351,8,25,37,44,57,68,2.56768821057122,0.214840641664911,4.3079048611599,4.19408098758799,0.47949254030083,2.05765712543095,1.38996999255034,2.46336303859581
11.0056472086705,19.2352041562759,38.8531836386367,43.0488993816822,57.4928916672235,67.0227190200557,8,26,38,45,58,69,2.31024843048453,0.251394218590012,4.01675545003274,3.81539195291733,0.523826828346873,2.16815421279795,1.22162400083101,2.44907377061247
10.6021571139869,19.6182886839797,39.0962203760387,43.4933720757417,59.0569390086763,68.4202539565531,8,26,39,47,60,71,2.17887699452105,0.343394849776696,3.6920490133546,3.70529893332688,0.443764491796065,2.49076545640024,1.17926934639249,2.55718864643433
10.3022335455374,19.9554207985669,38.9168702302895,43.3997694394672,59.0567889269371,68.6879576205063,8,26,39,47,60,71,2.08219265128005,0.428070463690942,3.5279759400485,3.66280063529344,0.461942570354072,2.51817576442002,1.24761364405937,2.6582749733477
9.98411185359766,20.2435677206633,39.1431431076722,43.7761874482072,59.5754054141096,69.5655704399434,8,26,40,48,61,72,1.98059531509587,0.516590843627146,3.25358983245292,3.5528283548457,0.494376887615026,2.56001876347107,1.34092886849734,2.80780628150394
9.61021822872483,20.4118927137019,39.9675015318597,44.6479152349256,60.4661698386415,71.199805839905,8,27,42,50,64,75,1.86251354759064,0.516499425005393,3.2098668820422,3.4264424955006,0.504765127253812,2.34575765904228,1.53999237869163,2.83687112702279
9.2737023978861,20.3920254807975,41.2736749429762,46.5371521854113,62.347795326913,73.4177541008506,8,27,43,51,65,76,1.75753821021854,0.56441434898051,3.36859157893688,3.56745296911256,0.638330623239863,2.34360587787158,1.63243136146063,3.04907580719298
9.07923462018939,20.2913112250356,39.6454930993842,44.3341783945585,60.8072239225774,71.6399758441469,8,27,43,51,65,76,1.69746784456895,0.578959026132378,2.92150608453546,3.20338865549337,0.506586619034713,2.5326858827447,1.56708650773272,3.01392826419931
8.90959352424042,20.4360284423784,40.7722031253614,45.8816375979443,61.7287341996152,72.7288955200994,8,27,43,51,65,76,1.64543675575561,0.628893057191715,3.20721490842424,3.45396474067194,0.602061621123422,2.35391587536876,1.61313120651718,3.00506972792485
8.76854507248597,20.0288976878613,39.749633012544,45.732302590604,60.1995800010578,71.5774310929944,8,26,43,51,65,76,1.60244654335753,0.678431991105798,2.80948738864795,3.22628727982219,0.815998658936497,1.97202084353084,1.71827209482839,2.97491713003073
8.64561293368504,19.4635201049953,39.3975285275489,46.0374770397903,59.740527101192,71.3661935219735,8,25,42,50,64,75,1.56518434405356,0.700855971222276,2.86939708336266,3.29828091759521,0.988957456083545,1.76850894027417,1.78817116112813,3.00787536907887
8.54875511417547,19.36375222985,38.9949915258263,46.1975901023838,59.2408920886858,72.124032255471,8,25,42,50,64,76,1.53596407606896,0.700339317075858,2.78444341653388,3.2087356280404,1.14389659410937,1.59793892147134,1.93624572832179,3.11796409461144
8.53919939601666,19.0376155830213,38.6928272579815,47.7496068745644,60.3158429059613,72.3297943254714,8,24,39,46,59,70,1.53308800018544,0.748039845105873,3.23969445197114,3.60992609702302,1.94051166295296,1.65412507938107,1.89907563736141,3.76394829018007
8.54692294869549,18.7101413996436,38.1013658627846,48.2644331707656,61.0577434711815,72.8416750181428,8,23,38,45,58,69,1.535412537688,0.796519511089449,3.16077742735566,3.63520573163064,2.30921192323088,1.71427136429423,1.83317576770027,4.04880961914819
8.53046237958076,16.9622693009528,36.2489874205033,46.3348263959112,59.2241420721526,72.6061760126573,8,22,37,44,57,70,1.53045939974118,0.579188367893923,3.12965942383898,3.36239662566957,2.28311576086162,1.73987855318617,1.87290527217992,4.08767464560566
8.47358110007109,16.6678821574386,35.3372937109727,44.484016194939,57.6753103623792,72.1395829934083,8,22,37,44,57,70,1.51337116192182,0.53726789261898,2.94732112312636,3.15111061786044,1.97005215606176,1.82109485282012,2.17389898079711,4.20245747096971
8.3737195645326,16.2585910287487,34.4297970561294,42.3049867051827,56.1152868403512,71.3053909040044,8,22,37,44,57,70,1.48347656266101,0.48460680556152,2.80207052723738,2.94521338369553,1.56070857539764,1.99062293785686,2.38194568883289,4.22144676559481
8.06503546138766,16.4990229426579,35.3186751197628,44.8153396317269,59.8051845171601,76.5754343993023,8,23,39,46,61,75,1.39194717568649,0.48569406756297,2.7687505787353,2.84413005401333,2.08574867430649,1.92100178994265,2.61867654843473,4.78556646262058
7.82854159155937,17.1104197457825,35.5866529322086,45.2766147685602,58.1166068292764,76.307149781989,8,23,39,46,60,74,1.32276083909089,0.630437164962534,2.67169817319085,2.90274609325543,2.15015645967399,1.54639669930811,3.03871059920778,4.84050925633465
7.57317783867464,17.7304489553157,35.8290129498357,45.743094348506,59.2802840495647,77.8776833163312,8,23,38,45,59,73,1.24901848739004,0.79534934621169,2.7810397482839,3.10749328799011,2.2252600980258,1.7251645112765,3.16161455493227,5.19557392478358
7.30951500184524,18.35307638219,35.9690233120877,46.1151224693607,60.2297081571039,78.3914769941389,8,23,38,45,59,72,1.17398702492356,0.976584022445381,2.64230454326385,3.13923990016208,2.30347391711976,1.87734249056151,3.27699107483887,5.50616511776377
7.18646790750305,18.9841872102694,35.5886428985928,45.2697742575328,60.140892142284,78.1564927386282,8,25,40,47,63,76,1.13937405930522,0.88322398573043,2.35741100594715,2.75860429357963,2.14720657793498,1.71252024312385,3.23153559848536,5.1322542389766
7.11074569856687,19.4839561419596,34.8024692793813,44.4018948129218,59.4136563312513,77.2104402005945,8,25,40,47,63,76,1.11820528986452,0.997699461662466,2.00785379152299,2.5921940714391,2.11994610396168,1.74761780071829,3.16374012880686,5.08962751572439
7.05058977325145,20.1500212554247,34.3284022008607,43.9807411604626,58.5752295610257,76.5156726730208,8,25,40,47,62,75,1.1014611310291,1.14927496455545,1.71131281222472,2.49359517258146,2.13759323013738,1.81797177728291,3.20821537605596,5.23300998232694
7.00240825460537,20.4204231055589,34.4246228079632,44.1313587987906,59.0315704448672,76.4111750075084,8,25,40,47,62,75,1.08809720566859,1.21812412433056,1.66722804610944,2.51349927646207,2.15576193815263,1.89750288378495,3.03534684294671,5.17881882525904
7.05490836770059,20.4416017988507,34.2278335848733,43.9776084437132,59.2798455307449,76.6653138031611,8,25,40,47,62,75,1.10266102205766,1.21129399878901,1.61254328853863,2.47285117772422,2.17015606915682,2.00352778224621,3.03714349976165,5.30077094144441
7.25764920631869,20.1786452807257,33.5196398068137,43.3993543573025,58.4361083943803,74.7669439169055,8,26,41,48,63,76,1.15936527437192,0.985370249823212,1.50256198412451,2.20099690431363,2.21371458310632,1.93333212706707,2.71785604929171,4.98053437776197
7.50998480621556,19.9275604237249,33.5178865930942,43.7110922858738,58.6435895434747,74.5397052523458,8,26,41,49,64,77,1.23093059743509,0.887647112265242,1.56386173417257,2.20065362258557,2.04725974555818,1.9059577455892,2.58862397520282,4.72414757285949
7.47561305592678,19.3629829394098,32.699423170279,42.6319358926392,57.343035249673,72.8201545737331,8,26,40,48,63,76,1.22111971257474,0.789020869484457,1.67311364706606,2.16529585386975,1.96421234110019,1.84819283079089,2.465473235363,4.49064501296909
7.39135707206123,18.594892975532,31.4705347496343,41.2939877899038,55.9246513224072,71.0174297372884,8,26,40,48,63,76,1.19715293605187,0.668749417002063,1.55539846829129,1.92900817030875,1.92967601684014,1.82733174890913,2.35378004942772,4.34369405209204
7.29465796108228,17.7847399415707,30.1961833022444,39.9568383784765,54.8027172861144,69.4764909296965,8,26,40,48,63,76,1.16979387537264,0.552198786775648,1.43941560637586,1.69505161899645,1.90984612108492,1.88329833114269,2.23346532064603,4.27590056086651
7.18985381846375,16.8485070612314,28.9524804510427,38.6724308067344,54.3492657377787,68.8136899872659,8,26,40,48,63,76,1.14032298422722,0.428834689269201,1.36410617274349,1.47830157280144,1.8970150276294,2.10373547485215,2.17394194378676,4.4240137161884
7.04207196946965,16.0786409222128,28.2243537856947,37.9675903385811,53.5359164886375,68.4316613993029,8,26,40,48,63,76,1.09909550924448,0.345973397975375,1.37425652966322,1.35701325880435,1.90435322709539,2.07457143329423,2.2970101438492,4.51293554830779
6.84848739734738,15.6114323013265,27.8464498841855,37.5737478970806,52.9659503317498,68.8525289000341,8,26,40,48,63,76,1.04569161249535,0.312229361568803,1.39605158885179,1.2957622266116,1.8993298756828,2.02747176738416,2.58580522167645,4.72004071199195
6.68016260464644,14.9181341770039,27.1591343375946,36.8921945368185,52.0471921858658,68.7269745429232,8,26,41,49,64,77,0.999831967040596,0.252302155234029,1.24148610927671,1.09935608251086,1.90114563162565,1.96451065457386,2.82261942191503,4.86722508242775
6.46063340384419,14.1455378694576,26.0561188836608,35.8761544282271,50.3669235767509,67.7045897121933,8,26,41,49,64,77,0.940862997663598,0.196244034502733,1.16625788065366,0.941413287843891,1.92859579377184,1.791211960471,3.02250353850082,4.88845228708968
6.61865274874077,14.5151388475981,29.0103307748163,39.8513273222057,54.6309587439408,73.9435483060061,8,26,40,48,63,76,0.98321174126352,0.216816144127755,1.97956809125073,1.48811921879587,2.25646514187734,1.86601970948016,3.63936178225107,5.77369395181073
10.9023476915758,19.8931878025963,31.2343630685153,43.0251550165148,58.7880888470214,77.6189396921822,8,28,42,50,66,79,2.27647779071509,0.230168593945178,1.18283934024301,1.66193284092485,2.5698359312839,1.93857080959545,3.48672802229708,5.96119289781929
9.81319889068577,21.2476240262721,34.6479404717965,45.4929826963717,58.1417034267477,76.1293618221877,8,29,44,52,68,81,1.92643519083574,0.454679577197706,1.51707882185232,2.05425618693412,2.25778381137555,1.1887564821694,3.22286138785536,4.65196327688866
9.88039545635681,21.1014619702949,34.2782843686599,44.9581977345726,56.7483633169378,73.8537744968179,8,28,44,52,68,81,1.94769273168379,0.498928407178176,1.3075861078969,1.98593949143237,2.20407975346465,1.00401559290149,2.95159367481896,4.16804481788613
9.99302449916989,20.9780932730631,33.7050026645087,44.1015549380898,54.9724133611994,70.9889451728707,8,28,44,52,68,81,1.98342788647219,0.465804706451337,1.20610965774402,1.88175412648604,2.11250566088434,0.818932401342449,2.62427493306013,3.60739226448483
10.1239349328342,20.6042632769964,33.2936065188508,42.593170996144,52.7974020118729,66.6045450104065,8,27,43,50,66,79,2.02512593507507,0.469827339444977,1.19776160898085,1.91965755226837,2.02043714531647,0.69382299877001,1.9897482837249,2.84606896550787
10.2457731161385,15.7195073616464,26.4869864583517,35.9804558360716,45.810556673293,57.5990107030908,8,26,41,48,63,76,2.06408802529167,0.0474145535320469,0.918688041190245,1.0018086248083,2.08468696672531,0.731986720752752,1.45281177611487,2.50914827643941
7.80281143355877,12.9961536876542,22.2410397155666,31.3910871068188,40.9874463806146,51.5348389500611,7,25,40,47,62,75,1.53799041679038,0.036896702438996,0.623802132109693,0.539706238590016,1.9711457461296,0.687963833333189,1.14828360791936,2.12601437121748
7.89720485858731,13.6074105752575,24.4481656801472,33.6147455820943,43.2994359006577,54.0081502099157,7,25,40,47,62,75,1.56763226555964,0.0576582002665044,0.933931112952464,0.801226676616859,1.9765850792614,0.704475509449915,1.18660473612735,2.1807111363439
8.04698478145011,16.2872322740287,25.0107209088853,34.2041475815023,43.9094844336064,54.1556347030666,7,25,40,47,63,76,1.61490210882649,0.252548015471719,0.533349719956189,0.87572366102907,1.98542372859732,0.605648026444807,1.07781201359481,1.96747161620542
13.3419834419752,19.3346625384294,27.3585984425997,36.81695006393,46.0553724847164,56.0923036168081,8,27,42,50,66,79,3.09609489758417,0.0524436403245112,0.421501508981351,1.04450274811079,1.81498161491215,0.527649733414941,1.02972865205265,1.76746692989816
13.4700111253935,19.7237397926677,27.5773363170968,37.0133635774519,46.881427318587,56.5591736902487,8,27,42,50,67,80,3.14023522775964,0.0640875444670923,0.396017994565563,1.07606415912218,1.80801605864274,0.54068605504102,0.948896723859587,1.69850222980264
13.5735763533025,20.2062858856168,27.4331144767951,37.0832181594355,47.006803915115,56.0363833894715,8,27,42,50,67,80,3.17601402060531,0.0836984547693483,0.30853140420144,1.05520774832968,1.87503908746822,0.549564977948068,0.808867352413404,1.62991411791821
13.645082076973,20.6743058434196,27.8950727221495,37.5551676772481,47.3259741679702,55.928883604809,8,26,41,49,66,79,3.20075447662939,0.139498326776738,0.307735060256108,1.21068370991711,1.87817942880229,0.52528349981488,0.721097250465763,1.52884018378626
13.6812546886616,21.0258661031709,28.4175134950109,38.0340956368934,47.680530859924,55.7111163354223,8,26,41,49,66,79,3.21328143095275,0.165462296341561,0.330556032421013,1.29249586524606,1.86451089623547,0.505869109947416,0.609343158409036,1.4013438892334
13.6831888702296,24.5897615106041,32.2640152790072,41.4580825559688,51.3615505776099,58.5087851116333,8,27,42,50,67,80,3.21395147477825,0.532163750874047,0.369961763366332,1.84520566752101,1.73288533577327,0.546340626520691,0.45168703351864,1.22852960274765
13.6567085069644,24.6672145914475,32.4995102423284,41.6597317329328,51.4467955900578,57.9930367538741,8,27,43,51,68,80,3.2047799919053,0.547888715504843,0.321841542072499,1.77664003244141,1.7224301178308,0.527844755767111,0.440866129409203,1.20266478425875
13.6165210767426,25.2487652294833,33.4436768838051,42.4153428172763,52.7045400875057,58.7355035850401,8,28,44,52,69,81,3.19086894955131,0.559098801256597,0.370487654826952,1.83498703925761,1.6644343642728,0.609562380409807,0.3558381199142,1.17046762420353
13.7065978531619,25.0973380354237,33.5661229869534,42.4286676456575,52.4573202633214,58.050731989918,8,27,43,51,67,80,3.22206260869698,0.607120514244884,0.409327534107263,1.96971928849148,1.63106897751336,0.662239878498833,0.22535883468684,1.04536109485739
10.6884804419772,22.3375779892417,30.1822210140704,36.9089888032936,48.8919026028791,54.1426642611872,8,24,38,45,58,69,2.20685993612184,0.974724435602148,0.477927398870095,1.92307961282088,1.20901555316674,1.50243665641323,0.313437976913784,1.57219217198529
12.1840234420351,26.6963469993424,35.3147159894482,45.8026942698376,60.0449519861951,65.6099268514479,8,26,40,48,62,73,2.7016573569375,1.31804755098543,0.612999298551221,2.7002179810318,2.141969950417,1.91146867945209,0.3640725000498,2.62396024067276
13.0817785224964,26.3300169915929,36.7619757948673,48.9613544402655,61.9881810522629,67.9074911699895,8,26,41,49,63,75,3.00669545797752,1.05092136008492,0.850061242292779,2.8677484895114,2.7068278916442,1.59374374170191,0.338446777462039,2.66352547711956
13.5280199067568,25.7876272013395,36.026185986082,49.4622589317936,62.9605620865896,70.6303768266024,8,26,42,50,65,78,3.16026767109843,0.857790424059598,0.700066335231083,2.57457280003157,3.12852459999212,1.54115052659947,0.542674068402105,3.14032613659155
13.7652371604701,25.4733169358654,35.3553770281388,49.609174871667,62.9062169982054,69.1125297925055,8,26,42,50,66,78,3.24239497323449,0.756712660591328,0.636326009294788,2.43809474231093,3.41255778326845,1.33515763714385,0.383907422514013,2.94653635053496
14.1549947984853,25.5049583317659,35.9283977157734,51.2330489062614,63.8454184462199,70.5581668430683,8,27,44,52,68,80,3.37803772610895,0.600642270799701,0.632244499673778,2.29756167069479,3.78287063432807,1.18071778516786,0.46994537850283,3.14623933085267
14.7166926567205,25.7675066218511,36.7359742141304,53.3510105734301,65.3663091223245,72.7458306307577,8,27,44,52,68,80,3.57498243794824,0.554041621330717,0.727794999473743,2.45613399661718,4.25198310175786,1.0513995192326,0.593665999799113,3.47041535181979
15.1373178960347,26.0946515592705,37.654713269585,55.3538210900267,66.9326365205791,74.971526433884,8,27,44,52,68,79,3.72353198854244,0.539818486719425,0.837493193943021,2.64113527762478,4.64547147162903,0.960248108463033,0.85927892128248,3.96333680161244
15.4430835522373,26.3425197046766,34.8873906206777,52.8900909295281,64.8342180895558,74.6788051750323,8,26,42,50,65,77,3.83206198029824,0.61791607513991,0.42043010567547,2.34446549120231,4.75646001199297,1.17382421690821,1.13549508574388,4.59623710449543
15.6672497967454,26.4863380011721,35.4304844533804,54.0394859057928,66.0165644296559,76.1899001796748,8,25,41,49,64,76,3.91190909043213,0.701065696832848,0.480856419229549,2.58645962650256,4.97908191735352,1.1812722594736,1.21605519215385,4.85081683663575
15.8503030721983,26.9703124605826,35.5695421475909,54.7903670841054,67.0167108883266,77.6297107018219,8,25,41,49,64,76,3.97728301637409,0.7553176363457,0.428444115842775,2.61536494357923,5.20497375013106,1.23811648422617,1.32635823826933,5.19867689541666
16.0470626480338,27.564748769316,36.0361831631157,55.2326480354558,68.1144580597186,79.1359470061861,8,25,41,48,62,74,4.04771942454588,0.829437118884495,0.409711886215083,2.71317697235329,5.59328286834891,1.55695755242158,1.4313179040045,5.91315433506333
16.3445151856391,28.2712485695625,36.828221145568,56.9759659751903,68.8039420062071,79.604364896918,8,25,41,48,61,72,4.15452323968484,0.908433644840713,0.422208343612869,2.88200168795169,5.95662561732331,1.46285809010775,1.55823532478301,6.27717933276002
16.902236628932,29.0690236199854,34.9053414416814,55.9200095506964,67.2798175234211,78.2166448976551,8,24,37,44,57,67,4.3557811360033,1.08371551033757,0.255978630530322,3.05254546482328,6.28964855839678,1.34518183889614,1.80240664799104,6.67470532767782
17.5061500445089,29.2914371134612,35.825563596575,57.2347022172195,66.6488516866118,77.5970404417025,7,23,36,43,55,65,4.95369779158927,1.00299743870223,0.354034171787653,3.42655512262352,6.44174205460509,1.03265234916132,1.80572763951152,6.45981412229139
18.0247059063959,29.9586906762082,37.2174015667534,58.8902291197312,68.4013693929921,79.8369802890287,7,23,36,43,55,65,5.14902948475373,1.03419593464592,0.470519580594943,3.76197284225423,6.54359756072831,1.05555596569925,1.94954168645141,6.71404309847481
18.3750365727973,31.8632311822917,38.7467615099263,58.8991978581389,69.472429177222,81.4110237455569,8,24,37,44,56,66,4.89302525371463,1.37938171568504,0.408433527956321,3.96250572123313,5.95842310222915,1.31626483569527,2.10055565462426,6.72749796234105
17.8434087910318,30.4285649155764,39.6427993145365,57.2245796641445,69.246702590742,81.9610468390877,8,24,38,45,57,67,4.69818419095243,1.17471196363889,0.725941481780558,4.00745618233923,4.98213521587155,1.69764783553406,2.3382325808217,6.62346449951111
17.619878925943,29.842482574225,39.7880393518415,56.8066206237514,69.0717978504744,82.316991840528,8,23,37,44,56,66,4.61656171456245,1.23725706989782,0.87415481982403,4.22124915501913,4.77080498636839,1.76416735779458,2.50393985402907,6.68677257265264
17.4873662178109,29.7163563349792,39.4796444209125,56.474026419332,68.077318619575,81.9240075024809,8,23,36,43,55,66,4.56826113243102,1.23872467298392,0.967945672413849,4.3265634165037,4.76174762821187,1.58465209353264,2.44294409032811,6.41724991847778
17.3692231254425,29.3078341995779,37.1691327848213,53.8217221860836,64.0778501213133,78.1336040597936,8,22,34,41,53,64,4.52525361255885,1.324122827666,0.689785815864578,4.10887516172631,4.63402990140781,1.23660663713937,2.50690304349648,5.98324114535973
17.2289609582965,29.1164585483741,37.7167906778105,54.224559517043,64.1275747676603,78.3855870993278,8,22,34,41,53,64,4.47426282174509,1.31183914930874,0.847089311319928,4.24922188628132,4.58003484701954,1.14968874278326,2.56911868787095,5.89738927889534
16.1259587837901,27.8949465181339,37.0898413125272,53.4769585953379,63.212824703118,77.5833328750392,7,20,32,39,51,62,4.43803430342164,1.44787100058105,0.981476088810773,4.47211390186891,4.5351068138931,1.1092302154852,2.60386414863614,5.84662736609561
16.3163517005458,28.0664685930679,37.7161275762798,54.0313895877437,63.8087667264212,78.2040518516479,7,20,32,39,51,62,4.50877914817675,1.44308608037211,1.08854120064115,4.6393173653588,4.50837387886494,1.11923588568441,2.61153013290365,5.8450169952191
16.661256953288,28.4417967511189,38.3611825353359,54.7080893351884,64.5975973770388,78.8356376656311,7,20,32,39,51,62,4.63726381581031,1.45080245469966,1.15367530884332,4.81323265192938,4.52014470220565,1.14640266374375,2.56296059486322,5.84112140249628
17.1043046740163,28.8392207804973,39.0401594338759,44.2527140299345,54.2709795185964,67.2622498079639,8,20,32,38,50,61,4.42900885225482,1.61993487511969,1.222895488152,4.99810084218046,0.967164191806721,1.1778445604221,2.18516340309705,2.776223068884
9.26671959702879,21.5275506831013,31.2925283691792,36.4617030228154,46.5534491360195,60.2164889951461,7,19,31,37,49,60,2.00959018265211,1.76297197824343,1.11624423172855,3.1791487177887,0.954256062395482,1.19590453413388,2.38706194516964,2.94489271231116
8.9631711872318,21.1233659277635,28.050975879614,33.1254361665458,42.8661314192752,56.4804699089984,6,18,29,35,47,58,2.1925373769479,1.73535247400151,0.617787375662516,2.73557050265795,0.926211569376641,1.11039277347476,2.37229087967706,2.82574586199198
8.44702033643478,20.6941010181028,27.2685469497508,32.2906808035426,41.9772116866812,55.5749069871226,6,18,29,35,47,58,2.01409542473862,1.759191418643,0.547132325382949,2.55210667575379,0.910801115559609,1.09737521236484,2.36724769887832,2.79631183543928
8.81317012405632,22.2737208313214,29.0724944976318,34.1046357603925,44.8314866357981,58.2361946201312,6,20,31,37,51,62,2.14043586110404,1.70523968220162,0.591645028889503,2.65390418779326,0.913743717385597,1.04307213244185,2.30894508398091,2.67488847722369
9.0099940152731,22.9564895038712,29.5403790268137,34.6073532132741,44.5165428012061,57.8822062003675,7,21,32,38,51,62,1.92517825475116,1.83267187652843,0.548979864156433,2.60594814572333,0.924003201358923,1.00072855938574,2.29718930871456,2.64268079696323
9.31592759706587,23.3812498032401,29.7581128060093,34.8826729958352,45.6015619108918,59.900453520701,7,21,33,39,52,64,2.02584498105204,1.86421980016865,0.412073394441234,2.50440714098491,0.941022011066307,1.18903496382154,2.34495943796352,2.90332658586838
9.55508248943539,22.8297632894822,29.4877737583835,34.8562695758426,45.3310992371208,59.7753698585827,7,21,33,39,53,65,2.10517725109446,1.65719266180577,0.460302411504655,2.44493785897517,1.01388619434617,0.987460104227487,2.38796944214243,2.77663716266506
9.64588222094119,22.4735972546169,30.0418697438571,35.7018816600864,45.7589989244702,60.6841933289276,7,21,35,41,55,67,2.13543846553303,1.54330025015148,0.43310924113566,2.28097057125166,1.1025095020444,0.89763212462608,2.53151891811777,2.85887713281096
9.60851689604071,22.2130129963092,31.248336171082,37.0827172008177,46.6049213395251,61.9534197101601,7,21,36,42,56,68,2.12297632010716,1.48732413690427,0.586751063162816,2.39706069476541,1.15627131630143,0.787122024156817,2.65941748356875,2.87350662260569
9.48514500012078,22.0241701789935,31.2443239343444,38.805339242052,48.8839904495806,65.4741625597339,7,22,37,44,58,70,2.08192132164238,1.3106467702869,0.619381799649792,2.26044266795093,1.46260180342016,0.90218921497287,3.04228589164258,3.55194166196093
9.31386535298271,22.7582994548687,31.5256057547283,39.1248071398443,48.810090191856,65.8071291017777,7,24,39,46,60,72,2.02516328741466,1.22389550436781,0.540725735160641,2.06028828750613,1.47445479514841,0.820254945410262,3.17005752546257,3.5646942291146
9.1213161407446,22.3445484411919,31.2253500594983,38.8813388953386,48.3733093293257,65.7366768465255,7,24,39,46,60,72,1.96169947638366,1.17586444961541,0.560026367336987,2.00217306900394,1.49211874350244,0.781034671424786,3.28600729370247,3.62155917450308
8.92335005326706,21.9422490672213,31.4785290545015,39.4761432840886,49.0389507283562,66.5093353793633,7,25,41,48,62,74,1.8968416520196,1.00481773978403,0.576887860193134,1.81508884576963,1.59928953588371,0.795324579764057,3.32003775608123,3.75107660497567
8.72832779442349,21.5120814363995,31.13947410651,39.1674446227044,48.6502791681174,66.6884837002541,7,25,41,48,62,75,1.83335094656944,0.958347793397561,0.592316006650266,1.75375535059238,1.60888555073439,0.779198655451228,3.23855623061362,3.70176859345039
8.54021123975129,21.1153179712118,31.3279967245121,39.3527722344478,48.7930148199411,67.2859249057958,7,25,42,49,63,77,1.77250155126619,0.917810329966106,0.596788644089618,1.67828637872573,1.60787502140505,0.770660173834194,3.12994668001641,3.6276020549282
8.36066281554063,20.7708783203389,31.092845930439,39.1447108816814,48.5585950590326,67.4158192654865,7,25,42,49,63,77,1.71479724680377,0.886247287427119,0.615067538277722,1.63733726489594,1.61644703913777,0.765393542026526,3.2406642793453,3.71692315613047
8.19029609005797,20.495600930339,30.9067757878559,38.986114174603,51.7040599520694,70.9861252242113,7,25,42,49,64,79,1.66039350384925,0.866386884696771,0.630157949342625,1.60522160911477,1.62514993727832,1.35274381555272,3.12827562948885,4.29448594425865
8.04105083678049,20.4151302605542,30.8453680734029,38.9521745706949,52.0133051140883,71.9890436623862,7,25,42,49,65,80,1.61302398339759,0.879386871283804,0.633402339558399,1.5946786542156,1.63386053003302,1.28123234850877,3.3361014494439,4.38012926370124
7.91293247059218,20.5555295147182,30.9446070950208,39.0672307706928,52.1344261841375,72.0829108213445,7,25,42,49,65,80,1.57258236798785,0.930850270998469,0.626405785984569,1.61173065037294,1.63888065457061,1.28260947348681,3.32787945093756,4.37877824188293
9.31118520221165,22.3625323627741,32.9649080020976,41.3967022504435,54.5209039289724,74.6131348681169,8,26,43,50,66,81,1.76916737414245,1.01129433426934,0.66300947959378,1.85993729146151,1.73761336903868,1.29557753748136,3.37129602439948,4.50755745922163
9.4559634575202,22.9182248818134,33.507079798989,41.8985798060664,55.0711997207294,74.565575820235,8,26,43,50,66,80,1.81423620251569,1.09462472101386,0.660663871555097,1.95883107925945,1.72468134352372,1.30662571924205,3.43628955951115,4.54327885815837
9.49878319384734,24.2773079046207,34.6627493594764,43.0749162397213,56.3532032543317,75.79648329143,8,28,45,52,68,82,1.82761111542337,1.11150575138812,0.625789255641148,1.94268451559209,1.73131180938049,1.33084388905161,3.42051084252476,4.56256059068458
9.49859073241888,24.7256811942549,35.1540644290601,43.7883618808143,57.3636972315196,76.7639592186756,8,28,45,53,69,83,1.82755095357193,1.20189514922559,0.633086399505076,2.03216940891854,1.56176431477267,1.39969646881394,3.40723870525239,4.49783959062397
9.47902092867435,25.1271027573525,35.6061046251314,44.1839364254913,57.9959331702937,77.1259925893108,8,28,45,53,69,83,1.82143574925422,1.28903651174337,0.641733004688866,2.11585687395105,1.54472301244052,1.45534636213712,3.32412925313057,4.47504491268934
9.45113276589074,25.4737773146129,35.9840210661429,44.5087068310342,58.631855868676,77.4155135272677,8,28,45,53,69,83,1.81272860476425,1.3683723992611,0.647093844496852,2.18679916235216,1.52872201802376,1.52955025191656,3.21823866646443,4.45269072156018
9.42073795846715,25.7675544362295,36.2766492443561,44.7490567178163,59.2602202063629,77.6857509478481,8,28,45,53,71,85,1.80324878768018,1.43835848126644,0.646896370246533,2.24233248747879,1.51301903909166,1.31779283609772,3.1095634801841,4.09144878497171
9.39342976019621,26.033772029801,36.557745745489,44.9873237657576,59.4842656180074,77.6436823212752,8,28,45,53,69,83,1.79474054114143,1.50275467835502,0.649455596623024,2.29616459730681,1.50018166439696,1.62019801922283,3.02935310034289,4.36561424364796
7.15927379226135,23.3355375940142,34.0958894449181,42.2142344354897,56.641941991872,74.294547229272,7,25,42,49,65,79,1.33916108169027,1.69972964673101,0.69066613630434,2.18916557272002,1.63752236238858,1.60328702004715,2.87792205294853,4.32458559226499
7.12875039232232,23.8358371887381,34.5306525298321,42.875816787707,57.819913078777,74.6661415633339,7,25,42,49,65,78,1.32987975870484,1.82786478222997,0.679136960632309,2.27398872466509,1.70983377885214,1.73070541456391,2.8729032614169,4.49444242051783
7.10449557631977,24.3779986514654,34.8434939034424,43.4835301447361,58.9504819271477,75.6552851205574,7,25,42,49,65,78,1.32251468891122,1.96768849939216,0.639421082821441,2.33575118249569,1.80474262711907,1.86264165787338,2.83016558012436,4.66942790416787
7.08701261374344,25.0024598122651,35.0916369763742,44.1099584114105,55.7459707085248,71.0649789357693,7,25,42,49,64,76,1.31721152406077,2.12980975649421,0.576412438426381,2.38516625395905,1.92790581542992,1.10495012374009,2.65046184321117,3.80719455223619
7.07566428522808,25.7812859222038,35.2111822649296,44.6905484478897,55.6893017942272,71.5505134069212,7,24,41,48,62,74,1.31377172149964,2.52887932115524,0.472835483936114,2.54110337165764,2.08000178489127,1.10421504506502,2.81616772189836,4.08308831547407
7.06755976285675,26.887516081915,35.4120427027897,45.6343108410718,56.3287947202927,72.9688189792734,7,24,40,47,61,73,1.31131637144488,2.83731929392331,0.417448301649856,2.72091374870566,2.32925034096938,1.03587201727746,3.05788278902972,4.39903814645874
7.07863208588692,28.0403011891678,34.890299132069,45.8872104369874,56.667558082575,70.9047655982759,7,23,37,44,58,69,1.31467110215296,3.39241817112874,0.32578901003948,3.04913127765227,2.59403061250949,1.05500949047381,2.56270389023764,4.18895889818435
7.34777737675005,29.1214507871383,34.9690918437577,46.9191412923257,58.3012559320856,71.9772176812952,8,24,36,43,57,68,1.18480329059436,3.6363263099668,0.327484859765329,3.22501697754091,2.92579079066708,1.19235711593652,2.39098455239518,4.45042048955148
7.18432912728058,29.3167673177918,35.3118502837481,48.1714755941633,59.1937562147855,72.5104569901181,7,23,35,42,56,67,1.34679029106714,3.74528185304602,0.350207956888124,3.47113407121733,3.24774593380769,1.10956006489822,2.28246652462938,4.50103268931319
7.24540362893754,27.2915621203129,33.4463666271099,46.8699214383764,57.0898939023269,70.08955784799,7,22,34,41,54,65,1.36542672786281,3.35736680888469,0.375567489357668,3.19275215098883,3.44968811878926,1.07175652151302,2.18766084059365,4.55328805348753
7.47088776563471,25.2261815901642,34.8652233943676,47.4621710005006,57.7928967586512,71.2986496496174,8,23,36,43,56,67,1.21977247314331,2.68218295215692,0.940319996270476,3.20083725627854,3.15427223884764,1.09745174987082,2.33943075602645,4.49689620624759
7.64371118433006,25.8460264542177,32.0326687332802,40.6179777021359,51.2220125016653,64.8474434870989,8,22,34,40,51,62,1.26928363319674,3.04225141162103,0.380713268054415,2.86392770618787,2.06166875920017,1.50475598473585,2.37565342763229,4.12990763031041
7.58575344828426,25.9401444202923,31.8289486081058,40.5842962024753,51.6391656197614,64.211202516257,7,20,32,38,49,59,1.47027824532788,3.33709516750371,0.333761442563073,3.13940035907819,2.12040394793178,1.62825383037062,2.29422145123729,4.21770105311309
6.60634615714913,26.9868263659963,32.6232924165686,41.6375041648478,52.5218453782702,64.7089380345191,6,20,32,38,49,59,1.40033523102908,3.71232187751587,0.296120321204344,3.33164904748031,2.21030969854058,1.58123827741641,2.17608391343142,4.13663459012215
6.86987360837297,27.1785567498475,32.8367653402439,42.0023830769596,51.8986699076585,64.2639458767224,6,20,33,39,50,61,1.48568657546051,3.689791697803,0.233342639136912,3.21346577319064,2.26315726875469,1.31634245361649,2.0008131982496,3.7601749150721
7.20478675012775,29.8519802448164,34.6656584865782,44.5185562860236,56.500441054355,70.2821570279948,7,21,33,39,50,61,1.35302655221401,4.43723455560268,0.18801265635421,3.65989758804926,2.50532611044774,1.88985434974281,2.42314104363537,4.90332486053947
8.52644200961977,25.4589156339438,30.5211355586019,39.4392009865097,52.2579515811076,65.9450253701477,7,19,31,37,48,59,1.76806322611948,3.14970959344382,0.218212690953334,2.99331059377574,2.17684995606269,2.13397898495234,2.39435889754433,4.84908476723256
13.0421054328765,29.8534848094439,33.8856643964746,41.7714187103909,55.0354050443637,68.1257607222339,8,20,31,37,48,59,2.99310229387623,3.11161904599343,0.150256810169801,3.82764310201191,1.82291510007051,2.26663958457737,2.21468691945219,4.5191017655089
12.4981678470248,29.4901219865802,33.8377008142016,41.3147196023939,54.4723749438322,67.2735052937203,8,21,32,38,49,60,2.80777220356265,2.91708909910859,0.187081677036825,3.63208913279102,1.68576973834942,2.23479125106361,2.12876718531659,4.29835495754907
12.1609061290404,29.390056672221,34.0353207956404,41.1904565974252,53.7483082452117,66.1130132847754,8,22,33,39,50,61,2.6938763101425,2.7527876976769,0.225414025375766,3.50406904908214,1.57912207291031,2.05711627245115,2.00064683210938,3.93233689500576
9.62970398537462,27.5552061361943,32.8768845449462,40.2081843196034,51.626224181995,63.6372129844968,8,22,34,41,54,65,1.86863065067474,2.959241268331,0.252041056951938,3.05893319054684,1.39173110571559,1.35965779464763,1.89822322756237,3.05056772750747
9.65676422886646,27.0257975760873,31.6418409788331,39.4003431884359,50.1232956359671,62.2796530887753,8,23,35,42,55,66,1.87713243335713,2.5720079098055,0.165585844813158,2.62483009839868,1.52411658244726,1.19000598520497,1.9401587644818,3.02119843730612
9.47558278483108,26.8290210346717,31.4243983096109,39.2241565522591,49.9047725743912,62.248395126209,8,23,36,43,57,68,1.82036183373768,2.56758385551835,0.120108038982589,2.43435831712005,1.53703358757015,1.03279225029088,1.99450581856874,2.90129025000514
7.73379914250321,26.4783929656369,31.8295985941387,40.5846011506769,49.21413581809,61.85819194972,8,24,37,45,59,71,1.29528218647597,2.74746451461641,0.196726052460537,2.38155367710467,1.59833213370546,0.615046982343488,1.86918133938923,2.41815936318101
7.28264180562084,25.7396430792504,30.9512837056758,39.6678447749867,48.2545884651172,61.468160089804,8,24,37,45,59,71,1.16640528807372,2.66628899924703,0.181108826223413,2.20064843051964,1.58666583360841,0.607214175664716,2.02990766373526,2.5244473861627
7.79242449539118,25.6002276901106,30.8483806554159,39.6177867109195,47.4301113816915,60.8804384492817,8,25,39,47,61,73,1.31226922885988,2.28737528230735,0.139618473968612,1.93008995353383,1.60270820128521,0.472589692680758,2.09768804117284,2.41890802760341
8.84047016530045,24.5188326593405,31.6944142368334,40.4881142843202,50.847720388604,64.1385282784892,8,25,40,48,63,75,1.62433739693712,1.74313165139942,0.301829767705771,1.9712937834727,1.61009517522416,0.835519229554211,2.05195901182931,2.80327789916486
9.32768351473358,24.8708098463409,32.5384500079118,41.4863181716901,51.5855070228812,64.1715222410956,8,25,40,48,62,74,1.77429116242241,1.71007362235442,0.369016294615651,2.13377075262474,1.65714531346497,0.906543063685033,1.85299229161228,2.77307500710049
9.85120306096475,26.853386285534,36.188807329656,44.9337812413292,55.6554161622524,67.7915574411,8,25,40,48,62,74,1.93845195271744,2.07648483204555,0.640090498491253,2.88800359885442,1.59528679639437,1.04191069105319,1.72876814250716,2.76621984914695
11.7399762738099,28.4489238057851,37.578560671733,46.5579093654602,56.5268468990075,68.1838216890811,8,25,39,47,62,74,2.55288607387352,2.00117892694409,0.709462265990234,3.35057246861082,1.66678901040162,0.758630724401307,1.5990164683152,2.40016492167717
12.9847226780987,29.1918516953978,39.8434785986284,48.8579931247113,58.721362050349,70.0302452326452,8,25,40,48,63,75,2.97345909636576,1.87420715048038,0.894773107060968,3.71678332627046,1.67757599150371,0.738337919964886,1.50651516062156,2.31142457465755
12.6723857561394,29.8656969827069,42.5968877025997,51.8700631384326,61.0548737705531,72.0704796408471,8,25,41,49,64,75,2.86691678783289,2.12599507825575,1.20706230919166,4.2074762919432,1.75737483430747,0.613086992872787,1.61739671181062,2.29925186941319
12.2417426438557,30.5415987648699,45.0249980260762,54.2128888465923,62.4688086622203,73.3296060871214,8,25,41,49,64,75,2.72110185254899,2.41892135757736,1.61688586484068,4.8095719420472,1.73097637465555,0.457332174727571,1.57477566818288,2.05570814061138
11.7917461610331,30.471875101899,45.6218844790244,54.8876782518865,62.451089414053,73.2385056358388,8,25,42,50,65,76,2.57015440392878,2.52193276411201,1.61509467320834,4.77702965180513,1.75508660966514,0.354262315658777,1.55467805645901,1.91695906457008
11.3256817783623,30.0440943391242,42.527944753304,50.6358081489339,57.4629443586546,72.0356074829067,8,25,41,48,63,75,2.41545246165887,2.5323666567229,1.15244650743909,4.1907318773611,1.63419587668799,0.258143653946081,2.42610425330036,2.30649198171796
10.848220491547,29.3979465689518,41.7776487913829,49.825795797724,56.4819657454076,71.1266355087443,8,24,41,48,63,75,2.25881985430438,2.69239431662458,0.999020025148817,4.00981734047749,1.61527001089175,0.237931881658721,2.44755230173006,2.27284009438566
10.3648965489033,29.892760791411,42.0719178676855,49.890356772279,56.4722008179199,71.3580457977172,8,25,41,48,63,76,2.10232233397647,2.75558712714257,1.08636944621485,4.08048406459167,1.54288977893906,0.229401045200723,2.29416670685246,2.12444536978782
9.75611972741791,29.2315591061067,43.2252988313616,51.3093715457975,58.2202266676248,72.5077236763945,7,24,41,48,64,77,2.17227949436148,2.74098266554695,1.34597059737191,4.36101741273545,1.62665060341607,0.213252735441832,2.12395336776247,1.99461780543643
9.31350434568873,28.7712690580256,41.5288851313619,49.5566051058864,56.7275986167586,70.9317690797315,7,25,41,48,64,77,2.02504395742259,2.53387366801363,1.21294791113418,3.95037320980472,1.60880630377903,0.241653785074714,2.10051276130553,2.01850924640597
8.89309082095775,28.3198371771652,41.5455133518063,49.7242701266317,56.8598555348738,71.086434420063,7,25,41,48,64,78,1.88696399522965,2.52555782617529,1.31876760815301,3.9543381735784,1.65672123464376,0.237681631907365,1.90726874128235,1.9210781630027
9.55386867176531,27.8666437795406,41.4783877166175,49.3622905356391,59.6425537380471,76.7687803090914,7,25,42,49,65,80,2.10477323569901,2.23200133580944,1.26066088054083,3.77366543711169,1.56344808011467,0.707681099942618,2.50334559784344,2.98634775756289
9.48414353665173,27.330500723888,41.1003556758652,48.8177197960706,58.9931024855279,76.4062732371243,7,25,42,49,65,80,2.08158864512573,2.11218158007164,1.29574318565859,3.68579292717354,1.51125904820222,0.688593437836635,2.58453921686645,2.98981751121245
9.53398936466156,26.9706948262208,40.6929991149536,48.2111905255136,58.2661363001858,75.2445875558772,7,25,42,49,65,79,2.09815843179435,2.00854547051949,1.28515824348974,3.59183982120892,1.44933331531298,0.66693193608167,2.67932467911148,2.97258277070784
9.61538276081997,26.9206372768228,40.3153862689845,47.606002475995,57.4469324899086,74.3232374361275,7,25,42,49,65,79,2.12526526876723,1.97561775481786,1.21304937831714,3.50544012216725,1.37925882856547,0.629130797770164,2.64952841208618,2.85103749613427
9.70445257656267,26.9125624587699,39.9830460176255,47.0746390321756,56.6742775606445,73.4852647550644,7,25,42,49,65,79,2.1549987309997,1.9513879327499,1.14308831882427,3.42995992365428,1.3186004569328,0.587598467397683,2.6305169502635,2.73952593469211
9.79954152763884,26.9432185029645,39.7069686326885,46.6326100436721,55.9787517841064,72.7469516092555,7,25,42,49,65,79,2.18682109909284,1.93536645974889,1.07826142121572,3.36766310575963,1.26848744563504,0.545242304720151,2.61808103351667,2.63889632202617
9.89890798631155,27.008414099904,39.5880018986707,46.3580203697601,55.4562135610829,72.202357465539,7,25,43,50,66,80,2.22016132299474,1.92688583763573,0.918673959051946,3.19077053524722,1.22189397087302,0.505117901132041,2.61167613629376,2.54737073240499
10.0430157873241,27.1191953067481,39.4138937432011,46.121494160723,54.9987476679342,69.7145646108747,8,26,44,51,67,80,1.99933085393916,1.91862553282897,0.864388689058731,3.00834658804823,1.20331825630528,0.470483400057141,2.24546741020893,2.19978476756614
10.1684651778527,27.2447653716945,39.3064950527889,45.9542559118328,54.6475174984309,69.141384894944,8,26,44,51,67,80,2.03934904441223,1.91865542384708,0.820952536431332,2.98545791288923,1.18557157419608,0.44246684792569,2.18228906211512,2.10503737532453
10.3109620994015,27.3909037254594,39.2722488900538,45.8877648921455,55.7388135125905,70.2291767224703,8,26,44,51,68,81,2.08499431605034,1.91955747143176,0.787926487472332,2.9781719685061,1.17603402076832,0.537977512590131,2.18129520651313,2.20179469713736
10.578157470946,27.5660520963158,39.2103823775974,45.8332642962383,55.2235728735169,69.6223076447921,8,26,44,51,68,81,2.17110932665651,1.89679503909154,0.745355558609602,2.96502517173449,1.17821117587337,0.466903252975044,2.15534801170298,2.09210416500943
10.9009725850942,27.7955506714332,39.2231852664484,45.8727612740192,54.7915675886405,69.1363377195226,8,26,44,51,68,81,2.27602886984862,1.87380258383643,0.707271741329632,2.96774418665314,1.18610899840358,0.398859415778897,2.14010303497769,1.99351165996713
11.2544313327282,28.0769999412374,38.7727153520533,45.4085590449871,53.8873929870472,68.1131508869433,8,26,42,49,66,79,2.39195621589422,1.85611826575025,0.785287521853693,3.15963910753902,1.18204457299192,0.339857966272867,2.10657918231383,1.88247870926623
11.6091880265546,28.3926578614323,38.9533541781983,45.6249557700687,53.7605618549008,67.9456331080085,8,26,42,49,66,79,2.50935284050576,1.84653766030284,0.759721834070053,3.19951969693402,1.19263475479944,0.296969877865407,2.09514928719701,1.81614765107602
11.8572351425355,28.4636699882724,38.9144276680095,45.4054245557083,53.7611122868975,67.6594394489531,8,26,40,47,64,77,2.59202821963343,1.80334796958301,0.982203003462456,3.49978983333662,1.13937260097412,0.324147982000973,2.01505008446057,1.76958508215138
11.9420372345074,28.6663704016822,39.308352936784,45.6796626063402,53.0984617338271,66.6994624250623,8,25,40,47,63,76,2.62040099027046,2.00511010503501,0.892792561989345,3.59129627122747,1.10439335674568,0.270378669164913,1.93285680314665,1.63360559418945
11.9890542361438,30.0621677711251,41.5555378675473,47.6197505831007,54.0173626690419,69.1451910754059,8,25,41,48,63,77,2.63615499011363,2.35805439630198,0.942754583158891,3.95672908733714,1.01586060806928,0.208933400329389,2.15264650008519,1.67021507733305
12.0594362147054,29.1944036449781,42.2093665723308,47.5790666471316,54.1780342497212,69.292488442596,8,23,39,46,60,73,2.65976855528734,2.50580925607929,1.27076534842431,4.46601966685289,0.82276049119623,0.291578543820171,2.36004589900671,1.81181429254075
11.2358927324442,27.7540924477739,40.5367218318748,45.4401012063971,52.2342910381332,67.3530273528125,7,21,36,42,56,69,2.67662784229516,2.54570548703301,1.3680668232067,4.5980314143381,0.876052797008261,0.318030911361659,2.36128421625555,1.88444925200101
10.2833082888554,26.8335491863366,39.9129563863051,44.5660307413616,51.3805553659357,66.4000506915063,6,20,35,41,55,68,2.658743226686,2.55495397384165,1.43906377301861,4.62799436385065,0.803883549995674,0.3208477183818,2.33262602955671,1.81902081350983
10.2667280186605,26.7192003689844,39.7401027465925,44.370537527987,51.2366341782344,66.2076718864706,6,20,35,41,55,68,2.65280982555505,2.52675928190749,1.42497898402614,4.58284819639712,0.797430667328052,0.328042982275404,2.31866377203933,1.81516694772753
10.2471729102231,26.6353391705004,39.543705652409,44.150237965222,51.0503728807716,65.9790397687991,6,20,35,41,55,68,2.64581421298613,2.50825625276127,1.39800859047873,4.53170215058879,0.790631698409869,0.332832188694949,2.30647213007379,1.8088109913358
10.2246501872729,26.5554832374634,39.3219604076953,43.9035292609114,50.8247418900311,65.5194969230567,6,20,35,41,55,67,2.63776014889734,2.49178767072322,1.36423537119838,4.47414744738354,0.783546263594216,0.335813802923552,2.46249632341145,1.88847020056043
10.24556664261,26.4754515496277,38.9970981121291,43.5390864874039,50.4427161700023,65.1107295785147,6,20,35,41,55,67,2.64523970327961,2.4628559154453,1.30658063564052,4.3902013872828,0.772344458354449,0.33332570879348,2.45451478714918,1.87151516141287
10.320782327172,26.4348531776217,38.6298536389218,43.1107079451868,49.9674764185262,64.6687756329825,6,20,35,41,55,67,2.67216039466106,2.42976659629915,1.23092045191179,4.29584510986849,0.755121885523289,0.326736076509491,2.46445045987649,1.85646485754795
10.3949705185736,26.3936101531432,38.1899148322624,42.6009698899249,49.411473764936,64.1457342857788,6,20,35,41,55,67,2.69875002784126,2.39689749892096,1.14060604788321,4.18358157641959,0.735577925627177,0.32028984613996,2.47429831415415,1.83977553065685
10.4679887744273,26.3525419539002,37.6753831277663,42.000855171621,48.7630839460455,63.5285334032629,6,20,35,41,55,67,2.72495548127584,2.36452141363022,1.03641092797147,4.05337092562171,0.711792933139531,0.313626896465638,2.48362489150182,1.81923236576321
10.539682526286,26.3118046372138,36.5680218523186,40.6930278500298,47.3779428581556,62.1645714179011,6,20,32,38,52,64,2.75071907679539,2.33272351191952,1.23662885497912,4.33408008614896,0.656880901761495,0.303091898951436,2.48996274048074,1.76825810252041
10.6348459299956,26.2898660663631,36.470151323136,40.5806192818056,46.8883029325712,61.771460094928,6,20,32,38,51,63,2.78496720552737,2.29972043418906,1.21777626188881,4.30832318184785,0.652943784766913,0.320625648187867,2.51889538093318,1.83649621367583
10.7775654504053,26.285578738964,36.4565235017679,40.6000137115791,46.7923350149366,61.3345586541486,6,20,32,38,51,63,2.83643644892427,2.25845888227117,1.21546322605973,4.30474005109346,0.661895706272377,0.304182830052988,2.41705057694201,1.75143787186228
10.9191855051601,26.2580153967843,36.4133835200367,40.5929447845539,46.6496349347826,60.8640012068481,6,20,32,38,51,63,2.88763258827239,2.21121040739506,1.21160886258431,4.29340276654,0.671710659538156,0.285360713934031,2.32003709157807,1.66705216840393
11.0610148829814,26.1534656537356,36.2911608663909,40.5143529731467,46.4241861728062,60.2960750040807,6,19,31,37,50,62,2.93902473499153,2.35368536787592,1.20724028122605,4.45875769266983,0.683632962993239,0.265613177042963,2.2197064245398,1.58071229852274
11.2003126835949,26.1300067096564,36.250365306671,40.5163838464165,46.1849959050196,59.7927777975556,6,19,31,37,50,62,2.98961411245897,2.30676748934309,1.2029594828696,4.44783730557164,0.69538830176736,0.234637054485107,2.14306634250953,1.49295756001966
11.3366861922072,26.0703049270825,36.1041125294229,40.421488026564,45.7383361342239,59.1020609154136,6,19,31,37,49,61,3.03924898866432,2.25055408107214,1.18165748067979,4.40874679370184,0.709553128593029,0.251390292873663,2.07283112850277,1.50720735965324
11.4289051481868,25.8977545055224,36.352564729225,40.764800279616,48.3359042554592,62.583278948769,6,19,32,38,50,62,3.07287237525589,2.17519594738227,1.12647267340347,4.27743344202336,0.735907389840753,0.631245611489901,2.32976221255113,2.16817410447634
11.4928554225262,25.9159087000096,36.3028456568386,40.8543910951594,48.2893270039626,62.3168052283917,6,19,32,38,50,62,3.09621647107533,2.16222687680523,1.11056821242146,4.26439078771196,0.775045573161377,0.604446321882938,2.26515671695436,2.12125036575361
11.5450574064165,25.9161470807318,36.2226820902922,40.9168419554008,48.1440861803721,61.8999813882378,6,19,32,38,51,63,3.11528859014227,2.14753487976869,1.09182254434995,4.24338489350889,0.815626360734604,0.465171271454441,2.1859667794759,1.91326522557343
11.5892235931049,25.902897218085,36.0007615651648,40.873345840133,47.8795946460536,61.3646592776248,6,19,31,37,50,62,3.13143634020011,2.13133071499731,1.19741203947858,4.38117925635842,0.867094160994305,0.428332598213998,2.10767894734749,1.84919717425448
11.8279550568377,26.2846147108042,36.7340396293759,41.8010915240115,48.5778668787925,61.8056189400971,7,21,33,39,52,64,2.88295567672689,1.96915216243597,1.28498829294661,4.18479922810775,0.924026118684091,0.391454130336127,2.03395181733549,1.79014958708194
11.979532268074,26.4674714950418,37.1179315560878,42.611376692256,49.0562472447433,61.9574688178842,7,21,33,40,53,65,2.93614855914098,1.9776064318227,1.3358864495901,4.2843934130228,0.856386086713759,0.340688556587938,1.94134205959488,1.62102059958888
12.1880670331183,26.8789824961302,38.7049330078916,44.3016822085819,51.730487882444,65.0079844053985,7,21,34,41,54,67,3.00956420767702,2.03270232527513,1.46234271954665,4.50576641220142,0.884727100240005,0.499865150941263,1.8444616539633,1.78281414318102
12.4918142127586,27.2191806030696,39.1864279389833,44.8253706581886,52.4027177593795,65.7941004545879,7,21,34,41,55,68,3.11697047421876,2.04263930989245,1.49842074481779,4.63227102926334,0.896371648576532,0.434550766794962,1.87545463001406,1.71997268737657
13.8889997283553,28.429227288803,42.4513680035355,48.4363735552304,56.098759707991,69.3051800603718,8,23,36,43,57,70,3.28537321627855,1.80395814217582,2.04953777981502,5.10118853589093,0.993322669323343,0.448159514926813,1.82518929702476,1.76729657594295
14.0911519796039,28.4578437437701,42.6803861653568,48.6971671033646,56.2620019211744,69.5330821612846,8,23,36,43,57,70,3.35576075250923,1.75935032510235,2.1056752986267,5.16231570262061,1.00234911759924,0.432563698365506,1.84271964407219,1.76708091473335
14.2531232102646,28.4481280989187,42.8246079856808,48.8706526317339,56.3404448695687,69.6805009617503,8,23,36,43,57,70,3.41232189716916,1.7155378990465,2.14905771474448,5.20090984541555,1.01067994073574,0.417599019252725,1.86146953492907,1.7676987070455
12.9454787010159,32.8528682332094,49.7030277537889,55.7846012911178,69.5900289013852,78.5379948212479,8,26,40,48,64,77,2.96003735157454,2.65523797974746,2.64191455805037,6.23827171998209,0.841421138510023,1.45379234445759,0.791797900273421,1.78647139738788
12.9448716557316,31.7730683187852,45.7919589772778,51.8257418725493,65.8248214966472,75.3416690139398,8,26,40,48,64,77,2.95982981560313,2.36657116572241,1.85187473309732,5.19468751296484,0.82910893046963,1.49982301473305,0.913417227797396,1.92277697003252
12.7094684693244,34.6464899745297,47.0268176397869,53.0129141795592,67.2579201292356,76.4414598905717,8,27,42,50,67,81,2.87953240114288,3.00743849221955,1.27366752821867,5.13266527210918,0.816875766996406,1.40309223696887,0.719945764029767,1.66521774099784
12.116041724191,34.2252580884003,44.0093831984833,49.8527014748622,64.2647352106599,73.9326431009431,8,27,42,50,67,81,2.67878647670398,3.05512539778735,0.723244280994366,4.37814568976719,0.780566077218094,1.44149293807595,0.816701076481253,1.75746028458055
11.1260621579738,28.8371408487505,45.3742516113062,50.7515295075368,58.2248056253849,69.1157061989116,8,28,43,51,69,81,2.34973066195278,1.74550604925301,2.33874045843767,4.53731492637321,0.665550345834646,0.176764670531847,1.39751331301242,0.85615517540687
10.7927134132489,25.4478848444617,37.9416404688199,43.6366344976248,52.7529052256063,64.6615717209271,8,28,43,51,69,83,2.24073870804817,1.08710857902453,1.30006340077938,2.83663261117129,0.743364795491166,0.356118014357847,1.3169221528728,1.12032649512286
10.3250710277635,23.0972698761089,33.1524639497954,39.1173985585628,48.0466676411538,60.5615693468464,8,28,44,52,70,84,2.08952451474461,0.741382909352552,0.666976308916467,1.78341555554971,0.811463871518045,0.332539815936553,1.46503135544808,1.22636413298736
9.77075648391671,20.4175899786506,28.8909097239337,35.5940531925427,44.5982908235954,56.994934475572,8,27,42,50,68,81,1.91303305587747,0.493760999052156,0.4920574063495,1.27417088770135,1.00606065428944,0.341898504583204,1.60959818610076,1.43666934847342
9.20305429976283,17.9479788533436,27.4462154931157,34.458808682053,43.4768424687362,55.4452987339155,8,27,41,49,67,80,1.73566376142929,0.254364291744234,0.78229489705007,1.14223000479364,1.09091863715817,0.343634455717371,1.49873052847151,1.41895843750892
8.72429947653447,15.4734165864011,24.2221034272369,31.2950619394526,37.7182484190414,46.0197566678972,7,23,37,44,59,71,1.83204382378509,0.196516175979923,0.637065435832664,1.00599900669432,1.31295186608368,0.211716515517834,0.782120272288738,0.901737354741389
8.05018922188173,15.4172604556504,24.6426487753907,30.7888008831888,37.7425445855823,45.4630479443682,7,23,36,43,58,70,1.61591651477037,0.264249658177538,0.850345296613728,1.16068460856147,1.03930642741551,0.273634070953447,0.661144877571782,0.76338535105221
6.7393502484564,14.1449485375711,24.1657370058364,31.2116298298839,37.4527621987421,45.7036141309517,7,23,36,43,57,69,1.21275890951118,0.268807943489712,1.02604877519778,1.0854800423672,1.30475714988154,0.245932681062245,0.771286418704711,0.948515368497339
6.59724148689061,13.2934199457604,23.5828773956587,31.3332741328691,40.2926676400803,50.5170401384303,7,24,39,46,62,76,1.17063663665609,0.149017121166974,0.821509067959042,0.76125913853114,1.52158146463328,0.483234587768621,0.933240371399779,1.44305381862553
6.60698914679146,20.2817735918992,35.2937118650543,42.4458229095466,58.0601777691069,68.5572714575134,8,28,45,53,72,88,0.98006867007157,0.900621536801437,1.58213987994227,2.05788534477006,1.12975672856194,1.41908279332491,0.747792545652563,1.91416820139532
6.52027121257153,20.4555862211335,34.954495184991,41.878802516664,57.7103250954331,69.3691788934656,8,28,45,53,72,89,0.956786046692774,0.948857610422856,1.46159916907299,1.99563423275827,1.06652508110975,1.4673040795284,0.856390431688339,2.01104498682778
6.42039878105354,20.6857326547989,34.5187792908246,41.2922200308518,57.1824966736395,68.4259930449262,8,28,45,53,72,89,0.930162051388585,1.01134992444352,1.30985503810774,1.91675837271102,1.02517783059322,1.48044309578347,0.778042747938798,1.91825534218577
6.31006658788389,20.9357236879687,34.0689277905228,40.697365910892,56.5857348232242,67.3336962273759,8,28,45,53,72,89,0.90099224762128,1.08130111303759,1.1565074758193,1.83662679526298,0.98585076743644,1.48001585924841,0.688480379322518,1.80323536022141
6.19111695682357,21.0437021762618,33.5521983231031,40.058058430585,55.9223593842134,66.0831716305102,8,27,44,52,71,88,0.869836866737945,1.25435880596806,1.02535055514222,1.85435238944159,0.952931649296757,1.47462938231461,0.58819494044636,1.67530839737226
6.0657223826066,21.1657520623752,33.0671419343019,39.4480274196151,55.0018416004129,64.5923829199836,8,27,44,52,70,87,0.837331672386044,1.30709218572024,0.903460395247252,1.76841544979644,0.919685876607559,1.55326371034362,0.497248278247525,1.60718071392743
5.93636835781074,21.2424808240113,32.6340199792062,38.9077059322773,54.2733314500932,63.2252580330949,8,27,44,52,70,87,0.804174980452812,1.3515849289486,0.805633454179343,1.69304683319847,0.89143078795468,1.50982373066786,0.40347910072995,1.45121211395138
5.80552677089712,20.0046452512415,30.8701570230166,36.9138651197659,51.8666580971726,60.1624543266656,8,26,43,51,68,85,0.77103662926747,1.24989430543985,0.709329512183375,1.49710630746917,0.831661653503697,1.56808867179563,0.316637210573187,1.33754979294719
5.67382573896288,19.9133607868911,30.5283635106051,36.4623552648801,51.1077727104412,58.8709462168446,8,25,42,50,67,84,0.738099801967865,1.40184019163828,0.665203127816933,1.54069894139126,0.803569433620419,1.49571012688919,0.253657780530984,1.18971527244848
5.43517154430185,19.4901225191036,30.0946575097628,36.0405239579684,49.3519199525511,55.6881110815924,7,23,38,45,61,76,0.840506687779429,1.51318726716784,0.885117544262484,1.9063422881389,0.982232410964089,1.33846216222101,0.202326381745817,1.12604460875233
5.53022344529325,18.8461418073424,29.8146430783666,35.9689395954793,48.9955465487083,55.2807588794432,7,23,38,45,61,76,0.866448306560913,1.33950384703892,0.960718994658511,1.85318866473443,1.04164398127615,1.27340256478206,0.19692557728506,1.10645458970462
5.74495733574718,19.530489062432,30.0604535442619,36.4082918938536,48.2303707677115,55.3174661958217,8,24,39,46,62,77,0.755835885091439,1.44908892258142,0.869906052145729,1.78267004303743,1.09756423026559,1.0106850540645,0.290423726486059,1.07460795080459
5.83259670932484,19.6024748619522,32.8384165109227,39.0364871635726,50.9126240501176,57.9769954067567,8,24,40,47,63,78,0.777859044194513,1.44539179723642,1.32112110948529,2.19265237461087,1.05422962228679,1.02201836657837,0.287528554572065,1.0567495433798
5.94083113529178,20.2008334980094,33.1554580971188,39.3125921552469,50.938678507851,57.8805147374126,8,25,42,49,65,80,0.80531243224622,1.40652612679205,1.11844496877485,2.00981232457806,1.04245869437127,0.969976093723485,0.272158420880487,0.995424472419147
6.00051343649372,20.2364960875309,33.9075323391793,39.9866875135762,51.4520940089854,56.516129655176,8,25,42,50,66,80,0.820568655764428,1.40102740297678,1.27377869601364,2.15278674956493,0.840796852445461,0.937054959751133,0.123342707664743,0.7077597917468
6.25568398395323,21.3667364293326,32.1107208664464,38.1341478295766,49.1611483549559,53.8928423748029,8,27,43,51,69,82,0.886710134306146,1.30945888193836,0.794506074389394,1.70820737468475,0.826447832233854,0.639034766753724,0.132464607469216,0.547605421781155
6.1181087323396,23.741522227451,31.9629833698706,37.8983257838412,47.1104784080749,51.5659028112093,8,26,39,47,63,76,0.850868560072935,2.05559023914588,0.645820728660386,2.14603517540674,0.803913558766913,0.52339669240479,0.108104275230814,0.430410626998513
6.22301376862942,20.9309286865493,30.0371194284692,36.0999084700718,45.4376637945412,49.7793261562292,8,24,37,45,61,74,0.878161034827365,1.6720620347089,0.825008346527086,2.01785352103795,0.836575520729332,0.543863862242524,0.0988590072122254,0.444284737939804
6.40374417564212,21.8242366855143,32.1985631834682,37.8776801209635,47.7544330043552,53.027173396883,8,24,37,45,60,73,0.925742414124262,1.85080343912593,1.1076212819987,2.45903399878298,0.739414782972166,0.740898981204518,0.187865607656583,0.62320733022099
6.56494263817277,20.1690358031301,31.8893050519419,37.6559053360081,49.7429248287093,56.505004883072,8,23,36,43,59,71,0.968760755892937,1.56726805698992,1.43552738597941,2.53379251134851,0.931840158028029,1.06665644895331,0.478705076672128,1.25302882190433
6.59405485133036,19.6989391102425,31.5918942762904,37.5933699764676,50.0836154749281,58.3661243984574,7,22,34,41,56,68,1.16969605409995,1.44521073754463,1.66257599419883,2.76376693107853,0.997998820517149,1.29924393863515,0.778050680677931,1.75194325427839
6.26097019532101,19.2489416285936,36.8694119138548,42.4323747092969,53.7979762326612,64.0503819852681,7,25,43,50,67,82,1.07237805253451,0.998659014344106,2.05484615646086,2.61379614664066,0.875431391921619,0.800772412319576,0.814144655488737,1.28399828225896
6.21581233761782,19.1011610817752,36.0610886840419,41.5170992391138,53.0222282833105,63.410381196779,7,25,43,50,67,82,1.05934103725318,0.978324438327588,1.88989528452952,2.45009711161692,0.846176225214913,0.827055637142645,0.841245722576689,1.31130893409577
6.19553536790426,18.9714418808074,35.5263756262107,40.856465208123,52.5201160246088,63.2692850362087,7,25,43,50,67,82,1.05349969204072,0.956811249637355,1.79084273031272,2.34391213338581,0.812073309889984,0.857312120381748,0.914893222847797,1.37610169385722
6.20410958070562,18.8381960430983,35.2017011841789,40.4036748794255,52.1452236493512,63.3666496408099,7,25,42,49,66,81,1.05596877591473,0.92920207924894,1.91351109620854,2.40720365313638,0.777767025517234,0.872332053844574,1.01454220591697,1.44699234338529
6.24032706184951,18.8805147559654,34.6787927221176,39.6640131135229,51.5321026195341,62.9476520605381,7,25,42,49,66,81,1.06641362262823,0.930383554745164,1.7726054621991,2.3031600951991,0.72066446761285,0.89694135901815,1.05654322359934,1.46466821376948
6.86520603715567,19.5276497108922,35.5634302476419,40.311567601034,52.2328551137844,63.6656521144026,8,26,43,50,67,82,1.05027619505101,0.934698142234962,1.83141957385738,2.35121544961481,0.65963441819847,0.90736411702261,1.06030339389682,1.43636432257986
6.78342892603919,19.3064639866079,35.7514579453654,40.4069886654186,52.3294567628134,63.8225897279332,8,26,43,50,67,82,1.02790185307247,0.90779733928806,1.93408784965977,2.3884020233032,0.636222856046954,0.90759593474778,1.07349344304215,1.43110840618332
6.79023212375466,19.0426984639792,35.7784870152184,40.3652793821524,52.271221321332,63.7207205031576,8,26,42,49,66,81,1.0297583494119,0.856450094826241,2.19407689938661,2.52387055822472,0.619006766111476,0.904352908274579,1.06394904655676,1.40940135017209
6.87876073447801,18.7018959220203,35.542110435781,40.0641666974691,51.9958355401569,63.3337297521614,8,25,41,48,65,80,1.05399703383956,0.888169133724146,2.22201866790346,2.60965395206506,0.602921703796176,0.909403339912604,1.03967068961553,1.38420917797599
7.01386303855441,18.4485834591454,35.1823069396235,39.6561642045686,51.7923661863576,63.0718604923296,8,25,41,48,65,80,1.0912705438819,0.813751474750027,2.19352531328483,2.53515237643433,0.591028168796348,0.949927679357124,1.027043951114,1.40056881123607
7.16885281906772,18.2844304899774,34.9566919109872,39.4621753377557,51.8133087524286,63.068938883167,8,25,41,48,65,80,1.13444056235859,0.754507015565738,2.17712603819325,2.48882446749982,0.598824195735191,0.993213309131393,1.02189968766521,1.43806078048201
7.31186067556643,17.5587930588258,31.1312946742122,36.2480454807702,47.9748630083063,60.0815431065562,8,25,40,47,63,78,1.17464939727323,0.602492803655474,1.55945479333384,1.8655972542761,0.7551718924664,0.990823568612103,1.21071750953551,1.69273709473328
7.41123625937811,17.1207969412246,29.9004049422358,35.042668426779,46.7166292516465,58.1083261119042,8,25,40,47,63,77,1.20279693389481,0.515683197122331,1.36734986483225,1.64243958325481,0.761916840027315,0.979864351027698,1.19458839850397,1.67004368424443
7.49767579096215,16.8320009270624,28.4490436217847,33.5579206013893,44.8350310156519,53.2138637528066,7,23,38,45,59,73,1.44298587761361,0.543300481329952,1.10075591130205,1.6022890897826,0.753093586041594,1.16799501818284,0.5697280226339,1.27803249092735
7.53783542808363,16.3283186552404,26.7009109491166,31.7978359553872,42.8729287459352,50.8926674568268,7,21,35,42,56,70,1.45541661075727,0.644860872231941,0.965199279517279,1.62037704690523,0.74994187760582,1.12158921452403,0.507282372468969,1.18306229480099
7.57677563624502,16.4388791524906,26.1972611819073,31.3165556455056,42.1292591463357,50.0567591707586,7,21,35,42,56,70,1.46749137961575,0.658304461175526,0.835267737041537,1.5282501986248,0.755843632008015,1.06225160864026,0.491727176170777,1.12940353680544
7.61708885565302,16.6484230113562,25.8932070039044,31.0234561400427,41.5585409297728,49.5118000079522,7,21,35,42,56,70,1.48001399581988,0.69049441209052,0.731927470515771,1.47365556427973,0.758738470430133,1.00066147984163,0.496050851404783,1.09115692862082
7.64124834934181,16.7496451895201,25.7625570928952,30.9116935866368,41.3081573755164,49.2729849411076,7,21,35,42,56,70,1.48752942435449,0.705347360930408,0.686961638306154,1.45043738741353,0.763736723920556,0.970381283685455,0.497997774853565,1.0741668819451
7.65348608436516,16.7425254285621,25.727616904127,30.8831183411194,41.2529092679554,49.306879663894,7,21,36,43,57,72,1.49133932562598,0.701605097379133,0.578007389842886,1.33956035754296,0.765423143290815,0.964591791091754,0.426067943237047,0.995979548593712
7.60450834763119,16.5926918127306,25.4779431866818,30.6294377350716,40.778829412867,47.961407794035,7,21,35,42,55,68,1.47610367350673,0.682230471598525,0.662672456916257,1.40036578700125,0.764361381450678,1.05548526730857,0.45762322320793,1.09695108994356
7.51591460506099,16.3353675221664,23.8884033363408,28.8156512164695,38.8616915024601,46.1453175688692,7,21,34,40,53,66,1.44862859081644,0.650285677401915,0.521754151648246,1.231008548945,0.883011344976352,1.03180709258998,0.47477230572319,1.15682406834728
7.208697983989,15.6758808569823,23.2954630126539,28.261622001294,38.17634803534,45.6888420278264,6,19,32,38,51,64,1.59678136399551,0.693957111779442,0.533634911038584,1.33605937464017,0.894383059286098,1.00197973529326,0.51456901437344,1.17977537524715
7.21634322119501,15.6444754423979,23.2063244780685,28.1588671125049,38.028492686911,45.634284887277,6,19,32,38,51,64,1.59930487111184,0.686220407719514,0.523321419323803,1.32026999766624,0.890399814817459,0.99180273037698,0.531164111813638,1.18562079980124
7.23446336768573,15.6461988966119,23.1447189957261,28.0836019352656,37.9076275661537,45.6033725451311,6,19,32,38,51,64,1.60528876228354,0.682981577223792,0.512101799808204,1.30940132244935,0.886408089292621,0.981548403267639,0.547363824980653,1.19081888039029
7.25338224136686,15.6593572084345,23.1039454755358,28.0321017805808,37.8003083039357,45.5929657514845,6,19,32,38,51,64,1.61154071456519,0.681845059254412,0.502624847653433,1.30222761883619,0.883276440445255,0.969044822966849,0.565033124041025,1.19597082697891
7.69036982109814,16.0810301260631,23.7182536656883,28.6275167819131,38.3493185190801,46.2234597981911,7,20,33,39,52,65,1.50283442339304,0.678827038329768,0.536802485220215,1.30420992913793,0.877766917613456,0.958691252273966,0.580060589486352,1.19872059172028
7.82818699659969,16.2120534174734,23.8590240430521,28.7585303020328,38.4081265654666,46.3824436675055,7,20,33,39,52,65,1.54594752430563,0.677489794472998,0.538555828369671,1.32875945140181,0.874924867747621,0.942656184059231,0.598746468682953,1.20181790652257
7.93053837200947,16.3878629934348,24.0872483440123,28.9541317227089,38.5434230873255,46.6133111568201,7,21,34,40,53,66,1.57812741929406,0.583767730095895,0.548023511606475,1.26454214344815,0.865438103551151,0.929334553868544,0.616787403374101,1.20226766765889
7.87825490182548,14.4075250906667,21.1373559551586,25.9516743192348,35.8616271100086,43.3558248391571,7,20,33,39,52,65,1.56167220822116,0.353302188705185,0.384086493491426,0.88847249592455,0.850204060670506,1.00090100385478,0.511339620470457,1.15039166572193
8.04000801416703,11.5207697553733,17.3227317522644,22.2722848419265,31.187022768133,39.1448706503743,7,21,34,40,53,66,1.61269397000029,0.0286383439002009,0.251534166702329,0.35953205938955,0.889525830469982,0.784885712548887,0.595658589723262,1.08494981175044
8.27226809014357,11.3624203818059,17.3985221695277,22.3985473193071,30.4171048654759,38.5361831686685,7,22,35,41,54,67,1.68652660514168,0.010302291807118,0.28255233213516,0.320698124693149,0.904308061127311,0.607071955803257,0.62615347324827,0.975748752840136
8.36460856030809,11.4890685174957,17.7816034103124,22.6737040955691,30.570572713461,38.5701350549971,7,21,35,41,54,67,1.71606133614379,0.0178093139236601,0.252259112789062,0.354865134490807,0.872769172404128,0.584279622064315,0.603491836221233,0.921967693216319
8.59211845864506,11.8510102170324,17.8368207345098,22.6892379935963,30.6932221766007,38.9300685531614,7,21,35,41,54,68,1.78925239354247,0.021496128198442,0.215680947630356,0.359944428370157,0.861239208253469,0.604324509228838,0.544683083489601,0.881965939606114
8.99924732674027,12.7711009698411,17.717626144207,22.6028771532879,30.9567949111219,39.6211082165726,7,21,35,41,54,68,1.92165934692675,0.0401388738745349,0.113531754015825,0.349028580372288,0.870776414535722,0.671606804927128,0.621442325972301,1.00481086772316
9.25334863794696,13.5945109513863,17.7404360315945,22.6725422802416,31.3866919576741,40.3225030395822,7,21,35,41,54,68,2.00517748667763,0.0701486515038321,0.0587003973864291,0.351103511176518,0.884429326009328,0.743626381796517,0.672251854514821,1.11295453649457
9.25086709527254,14.2725945427796,17.9189236574381,22.937975822781,31.9723405066606,40.9718687403626,7,22,36,42,55,69,2.00435871978761,0.0877792117539527,0.0348734224989762,0.322162389631866,0.90989541325134,0.809872209091941,0.684399451968963,1.1907060289106
9.01043589872117,14.9538638740581,19.3065912005111,25.816882716994,37.6105012207815,48.2032637912512,8,25,41,49,65,81,1.67632411608367,0.0931589854245748,0.0338367153905087,0.238652175020951,0.954116422636336,1.00473644684861,0.765763919600406,1.46885553645082
8.99819858385493,14.9375250018962,19.3203606103479,25.9551796183353,37.8841516809104,47.9153270317405,8,25,41,49,65,81,1.67256926506598,0.0928957087274001,0.0349165049055066,0.239584279620495,0.987572662364863,1.03313868400871,0.662689486384676,1.41821668702027
8.84231259046586,14.9553369733648,19.4461484542808,26.1278463880437,38.0614739390045,47.6217432722792,8,25,41,49,65,81,1.62489900776679,0.10443383843439,0.0389737998221242,0.248197718888082,1.00024777622612,1.03412057946909,0.58093355004124,1.34904427894807
8.59475683580345,14.0902793194034,18.6815814846738,25.4444267495411,37.4035287583543,46.5656407621232,8,24,40,48,64,80,1.54982658154533,0.0914947729500142,0.0430140300404896,0.229444971629982,1.0222902861744,1.03949928063238,0.515335963879248,1.30180503882486
8.26978966391571,14.2029135535428,18.8513854136239,25.6147687321646,37.4291961477165,46.0355421032427,8,24,40,48,64,80,1.45250959210458,0.123127395071578,0.0454281816432495,0.240976913304961,1.02243686768761,1.0090845618446,0.429498280228811,1.19130146272903
7.88908385303655,14.567561570581,19.3855182797002,26.1890025786692,37.9170171864375,45.9009610830209,8,25,42,50,66,82,1.34039246974326,0.147531254491485,0.037072152133521,0.212180963817528,1.03337722925571,0.991072276295468,0.341793677219679,1.08966269933562
7.48000511914476,14.6763981297358,19.4655770059879,26.2136684376351,37.9218319062957,45.4194750182481,8,25,42,50,66,82,1.22237227531733,0.194411246896444,0.036044673191245,0.217202178064049,1.01827309227751,0.986950863757658,0.27985409824673,1.00738383938782
7.07029961077657,14.7224499967626,19.4743190885593,26.1628986614988,37.9721193079406,45.1238267950048,8,25,42,50,66,82,1.10694011140245,0.241411038356607,0.0347407894397422,0.217754710521911,1.00211208207821,1.00799595495986,0.239486108126916,0.963985322228154
6.68923664849215,14.7003575831903,19.4263717047248,26.0650777007574,38.0835512594964,45.0728988946027,8,25,42,50,66,82,1.0022901391744,0.282114304086224,0.033855782766275,0.214734516365613,0.988621970494365,1.05207328902139,0.221630887451793,0.963564609215994
6.32808517884776,13.4481297615595,19.1166326263923,25.1513138040907,36.7978484119587,43.5887347360726,8,25,42,50,66,82,0.905738372279457,0.187059884060197,0.0764875480313194,0.19582781007818,0.829339872354525,0.974195160849427,0.200770139686678,0.80433370417124
6.32797082381428,12.9796745972171,18.9433126357025,24.6560977231019,35.7495167735762,42.7643638403547,8,24,41,49,65,81,0.905708229091517,0.186780999596895,0.0944627276880106,0.214827163039421,0.74779844037518,0.862454083549143,0.224388392249368,0.721849167733326
6.00493195960179,12.2581787428954,17.9869851838897,23.8036640134537,34.4221952621777,41.5251810327187,8,24,41,49,65,81,0.821701422966477,0.149696707854814,0.0799753614146571,0.159127930700328,0.773845128763884,0.770632797263266,0.234054035799087,0.687340101822629
5.70360545293023,11.263364778439,15.6754096581803,21.2178754851871,30.0334698218626,37.5992963472508,7,22,38,45,60,76,0.914293389542577,0.128382248736231,0.0359854139700379,0.114231761082348,0.869804552906347,0.548903100995486,0.288177599104254,0.624583382186678
5.48468755316611,11.4417819285068,15.0697080021598,20.9030953181909,29.3537282998653,34.8350686196073,7,21,35,42,55,69,0.853994657882993,0.212402057290994,0.0341409098860754,0.153802362995844,0.950535710281916,0.690674296099166,0.161802701521382,0.626025552613516
5.5286267883427,11.053199276384,14.6280883244347,20.1774137887395,28.4141687128338,33.9122533339745,7,20,34,41,54,68,0.866010834404424,0.2170256699122,0.032085468995118,0.155310399624273,0.871686606737052,0.64877848655945,0.163462655519876,0.567699987506763
5.60810009349381,11.1622600192549,14.7108811856353,20.2076912120671,28.4577053672459,33.8742736426517,7,20,34,41,54,68,0.887855823331105,0.220588453683486,0.0310978211765618,0.160148087961606,0.857305404326746,0.651346927137885,0.155465705805239,0.553498045224345
5.65517954936561,11.1921215008259,14.7241855772936,20.2281443843057,28.4327384778729,33.9314495267822,7,20,34,41,54,68,0.900863182377023,0.218511679500898,0.0304855441210933,0.160933897683894,0.859259376163813,0.642564677130472,0.163524929945031,0.558636551540597
5.51156645417152,11.0774076836317,14.5977452012802,19.7565311285633,28.0168190232799,33.7991149747406,6,19,33,39,52,66,1.05717818362191,0.222002896016625,0.0300566735919827,0.182352697940407,0.951170668128312,0.653339698556144,0.192990057236839,0.623547403268099
5.44590536516564,10.5288733442767,13.7351739531575,21.9902436728452,31.3861331569693,36.8447921748213,7,20,34,41,54,68,0.843425708251149,0.167291768436614,0.0199980676921317,0.108802281427767,1.68103697388619,0.887051911752213,0.159568428565284,1.10328627438555
5.43676480388943,10.6200180617828,13.8570984439645,22.2494096920803,33.2405978126799,38.4378598274995,7,20,34,41,54,68,0.840939798725583,0.17801233708138,0.0208660133399964,0.114549349145312,1.72494151675797,1.25464842742645,0.135009795850261,1.34934450575613
5.41941393826395,10.6388556441154,14.0466123314575,22.5871161893984,34.7794977176534,39.9858412790482,7,20,34,41,54,68,0.836226342004122,0.181964526692586,0.0261382922263569,0.123857406733631,1.77259589609947,1.55642768270582,0.135826074160046,1.59391820607937
5.43156884927177,10.7577665400783,14.3071050461166,22.917314752365,35.1727643452896,40.1634725118817,7,21,35,42,55,69,0.83952755131317,0.146848727195422,0.0311245270423604,0.114295283993082,1.79509768464133,1.57279036993771,0.117167708930778,1.5785480705619
5.64911729514971,12.0570362665013,15.7990886355018,24.5781415049569,36.7320312886578,41.2762630722198,7,21,35,42,55,69,0.899185524081865,0.266743859416978,0.0388459635035436,0.198516037698916,1.84982550456963,1.54646527376221,0.0833659675322755,1.50894691976475
5.72163637336567,12.4575374375352,16.790116756215,25.6558023643061,38.1019200407576,42.2437059049492,7,21,36,43,56,70,0.919307039236941,0.310020563096888,0.0484854436032401,0.233421599756509,1.87802633839472,1.62255238817894,0.0584709254657608,1.50465811700949
5.76919563976875,12.8565083835644,17.8014569265547,26.6865095561593,39.2235076560653,43.3127954874734,7,21,36,43,56,70,0.932564902924429,0.359733270771184,0.0827004391766636,0.312179400797862,1.88434167688242,1.64642429340108,0.0556078666648497,1.51516782774424
5.85991801866775,14.3058930341099,19.6507796797238,28.3376603664488,41.2094957294333,45.7184888764891,7,23,38,45,59,74,0.957988452402825,0.406025283637082,0.111113276203107,0.385749804177355,1.81991052948948,1.55443659136773,0.0572108576288848,1.39777995238073
10.944104322448,20.1346658120848,25.2865163806811,33.5324654865511,46.8920418789304,51.5368696304372,8,25,40,47,62,77,2.29011765889519,0.437484037614691,0.0967939107789781,0.91335806001178,1.67812715941145,1.50710460868197,0.0645472901939656,1.32671113692923
10.9166757851527,22.567667539489,28.7336975157706,37.0587425828397,50.8055998172039,56.002733687942,8,27,44,52,68,83,2.28115636468682,0.649165974698625,0.108113653006489,1.07701009681794,1.46895484007067,1.43996008565281,0.100051464339824,1.29825729823781
10.9040459577638,23.7522642112945,31.1924837003289,39.5108321327559,53.3909988158115,58.747582214784,8,28,47,55,71,86,2.27703223405754,0.754306429457363,0.136578702899473,1.18179243090612,1.46695950685234,1.47150391565506,0.112017288383059,1.34502533180207
10.9158290688997,23.9985745309935,31.6176218673194,39.6360543697795,54.4433668773647,59.7760854660598,8,28,48,56,73,89,2.28087983512001,0.794753596591046,0.117688681451633,1.16002341441806,1.37824757336738,1.53369616491072,0.0811049660987514,1.25164573356484
10.8735316665659,24.0915303959327,31.9642587334827,39.795013331678,55.9750793335526,61.4032739079107,8,28,48,56,74,90,2.26707391234911,0.818470119647876,0.135319971343507,1.20971239361459,1.32340434438589,1.7006371087041,0.087107812525881,1.36103889729029
10.8028365364229,23.9387513638993,32.4987469556521,40.1529447080864,56.4708540906281,61.7842973632702,8,28,49,57,75,90,2.24403421818551,0.804043044602775,0.152546252059633,1.20338547425605,1.27230335687975,1.73363800655063,0.108703687335893,1.43335825132835
10.6648466948008,23.4664675171767,31.6360303256319,39.1539816541817,54.4645627518801,59.7124493784796,8,28,48,56,73,88,2.19919194667235,0.746373771703487,0.157780847738185,1.16263895301462,1.23320728693016,1.6536861285558,0.103776440548208,1.33289554402242
10.5077575653259,22.9053903583024,31.2140666013648,38.5151979697544,53.7071449673703,59.2713822425064,8,28,47,55,72,88,2.14835468244868,0.6790725896557,0.210578856306269,1.18491181772926,1.17162042060829,1.6251464247029,0.0961037151388098,1.23584671011205
10.3374303293367,22.3522522208158,30.9000476028171,38.1023335407485,53.2087095574556,58.9172975696945,8,28,47,55,72,88,2.09349450866385,0.617803410310182,0.234039712639388,1.1398855368059,1.14380889667931,1.60465722643572,0.106219983909374,1.22961220219747
10.1688630843727,21.8388650357756,30.6597851684181,37.7888117982412,52.7752333145259,58.5435286680904,8,28,47,55,72,88,2.03947622585268,0.564777571715358,0.262434758679848,1.10595957572179,1.12330656031658,1.57607298523622,0.110576623615353,1.20893487723051
10.4278459419522,22.7763228477366,31.2215479200427,38.1578918617077,51.398306246133,57.6964699146087,8,28,47,55,71,87,2.12258190885628,0.671066802470949,0.223815134094595,1.18599394251599,1.06984233969061,1.32214697598864,0.153655526639243,1.08363054636045
10.6452146377741,23.5153249447192,31.3484652161361,38.0188564917535,51.5397831223935,58.1221275531902,8,27,45,53,69,85,2.19282618244613,0.861407755907006,0.210542637397189,1.3818502596408,0.997186711103441,1.38700115952149,0.180008678861056,1.12844498477115
10.7893257408683,23.8083174649302,31.6845228046503,38.1970999359855,50.4857015938377,56.5617106100067,8,26,43,51,67,82,2.23963608001578,1.00483622260075,0.266441890824505,1.63442106903775,0.954727657521422,1.10994849377226,0.175556605987463,0.935301157760992
10.913517984875,24.2154264326,32.5723267030651,39.1198020631066,51.1397288776479,57.2059736417416,8,26,43,51,67,82,2.28012508877722,1.06181980606045,0.324300921956401,1.78957424270869,0.964073619475476,1.05238173563827,0.174590650015761,0.901301068383636
11.0272543516275,19.3066389770461,28.6211003774715,35.4278228540883,47.2171792632804,53.2432395033357,8,25,41,49,65,80,2.31732393416933,0.314593999222885,0.54004288873048,1.32498723895357,1.03426201610522,1.00384669149899,0.170644940934077,0.89970861376995
11.1154332931284,19.9159603908262,28.913245864812,35.8280386221493,47.5013608139097,53.2942240086906,8,24,39,46,62,77,2.34624064076391,0.458707909965662,0.580125024420409,1.57619969665208,1.26522661743124,0.97973220629517,0.14869467920791,0.945635915890567
11.1508255259433,20.6675320289555,29.5479063311345,36.5685689637892,48.2119913471625,53.9183307841276,8,24,39,46,62,77,2.3578655020754,0.573595627135752,0.55995317402711,1.68919935979646,1.29712844567407,0.973552592276955,0.140964112471675,0.944126793523253
11.0810533704751,21.4382120632046,30.1646072680503,37.2712305308234,48.9977630324076,54.7667338311466,8,24,39,46,61,76,2.33495846005157,0.721806549032105,0.533837684615389,1.80190058605417,1.32316040812956,1.12503867678875,0.146537513926787,1.06319545194689
10.7948075031651,22.1790966807927,30.6339760168985,37.8013900130695,49.7777478532924,55.915470865667,8,23,38,45,60,75,2.24142034893187,1.04973986877647,0.489069632529873,2.01029300367541,1.34163868577754,1.18110919469361,0.181726857319267,1.16882830010433
10.0536399726641,22.6449807066123,30.7883362510999,37.8960879834827,50.1905711851678,57.4671608086221,7,22,37,44,59,74,2.27225036142554,1.32291167884297,0.439786207680701,2.16764769255595,1.323502909053,1.25380769675234,0.315105489100822,1.3991474109949
8.88885670100113,21.5005514766093,29.4234672264662,35.7378485521723,47.7212293898926,57.3256829261779,7,21,36,43,57,71,1.88558260298853,1.48911968430748,0.40630288129698,2.02260202539283,1.08784723944146,1.33491128912432,0.803770198618063,1.84832519185495
8.79150561991697,22.2901645285403,31.6226252435627,37.4222487229892,50.099012133709,58.3236178526442,7,22,38,45,60,75,1.8538741862669,1.54123813211235,0.542994368878248,2.20606611385622,0.941072473308425,1.34301667658499,0.452421049325863,1.4029375798221
8.62545340116867,22.9515334900444,33.3478513620871,39.7667446975807,52.2883438929022,60.6334068921834,7,23,39,46,61,76,1.80002576791582,1.57856273250697,0.729042134476475,2.42577141141556,1.11826898661827,1.30656955853146,0.47143857605506,1.50436339222996
8.53900753257501,21.497734378673,30.9578393189493,37.9108333345718,49.1089969333695,57.0476645539439,7,21,35,42,55,69,1.77211346681741,1.57643755876782,0.774637680142981,2.47581517902651,1.27671729793882,1.30524501553731,0.493599721228828,1.62199853696023
8.7172910149676,24.2397570563878,37.4186374335362,44.3999616270889,56.1452262680678,68.4887882741141,7,21,35,41,54,68,1.8297701159019,2.2625069991826,1.63258331532031,3.98884424031797,1.52206597924468,1.44185648869845,1.42268310987481,2.79964566442917
8.6817879434019,24.5625988346093,40.4221918027119,47.6490505877676,59.5308646296309,71.6544474348817,6,20,33,39,52,64,2.09496288305172,2.36346127596292,2.57783336632451,5.16724110633628,1.60277697836234,1.47657599516236,1.72533305792155,3.16450565713352
8.94718971512958,27.8900956643872,40.7518316092409,47.4090970949681,59.1222140180562,70.3273069827593,7,21,35,41,55,68,1.90463051838832,3.26682592298621,1.55188532767046,4.84880773261962,1.41675179730677,1.27020344351419,1.30694951368814,2.46417799742462
8.86113442164326,28.238037557287,41.1230474796423,47.9097775571897,59.2585296480345,71.8085357785623,7,21,35,42,56,70,1.87654283233232,3.40003655054026,1.5577665385857,4.94740998404282,1.22687839696417,1.18459897140314,1.47375394325915,2.41730807092461
8.76469159507234,28.4931785791323,41.1039611912108,47.906299942283,59.4079316482594,72.0517815234677,7,21,35,42,56,70,1.84515839746654,3.50878088280177,1.48889212975727,4.94232722920478,1.23153803529078,1.22028346918603,1.49714796193514,2.47365442959473
8.65435081804513,28.7294523185451,41.0148724213053,47.8292953087934,59.578292983146,72.3104051481702,7,21,35,42,56,70,1.80937501202988,3.61669013651796,1.40839879572402,4.91862118799968,1.23514825732085,1.27873582016841,1.51925081908464,2.54901717619124
8.54379471362079,28.9584972960481,40.997620481522,47.8388652103232,59.8716435756633,72.7448255905526,7,22,36,43,57,71,1.7736569879015,3.46914591747262,1.3483818973434,4.717834080432,1.24317004213603,1.34684650041743,1.55477686912512,2.64804340596811
8.50803564347604,29.7356332524027,42.0754354610196,49.1316060531556,62.1315816334966,75.8584540305675,7,23,38,45,60,75,1.76213354606906,3.471875096914,1.2642794487538,4.61626667932697,1.30786762393013,1.41995145530318,1.59774547461126,2.8012704724882
8.45931007336113,29.9278651634856,42.3216067811371,49.58200732619,62.7210396731023,76.6379283434067,7,23,38,45,60,75,1.74645509611415,3.54422898944414,1.27677995156508,4.67924184643257,1.37001144845288,1.45346255755934,1.64525804363021,2.91978747012788
8.39847563081666,29.8984823637303,42.4799292826148,49.9495360636028,63.3397805189084,77.2526965412559,7,23,38,45,60,75,1.72691874751477,3.55369792006912,1.32058935489822,4.71987093331334,1.43431105859797,1.51461106730836,1.64426046631716,3.02249748326792
8.32748315890818,29.6211980405042,42.5188898737631,50.1956646741745,63.8861631971732,77.6749000615454,7,23,38,45,60,75,1.70417479853221,3.49169499413204,1.39545870844291,4.72988426817958,1.49859528701578,1.58869800643234,1.61316868170572,3.10962160990684
8.24922393401986,29.1401422927788,42.3618489465211,50.2308154352419,64.2440024814917,77.5654549000513,7,23,38,45,60,74,1.67917183629235,3.3713495053626,1.47350081403074,4.68955947966562,1.55875255668695,1.66949441356429,1.66924591328718,3.27982035099433
8.62676405489504,28.6740059172229,42.6710724388211,50.5719375432367,64.3579115613277,78.2581433740858,8,24,38,46,61,75,1.55948832264147,3.1224924616716,1.84608003758532,4.76905414832127,1.34382997807086,1.6124789408524,1.82042953153307,3.20856291058224
8.53655425621267,28.1433894587586,43.200751477738,51.0863327686346,70.281148703337,85.0111952169017,8,24,38,46,62,76,1.53229208171663,2.99440150748259,2.13317974520851,4.90608922496908,1.33937090471115,2.87575215124087,2.04337045429025,4.54874871406649
8.44994036032818,27.5346058427812,43.9972943165519,51.8006383552367,69.6253211712373,85.8077728987202,8,24,38,46,62,76,1.50628182180222,2.84423191394748,2.52970185977294,5.11417727486894,1.31543911528486,2.49002123871167,2.44929036710686,4.54875757314815
8.34858050891101,26.7378895133492,45.0178807411989,52.6301150340953,68.5926614245417,86.6601008350304,8,24,38,46,62,76,1.47597240347923,2.64727198808402,3.06563758758212,5.38421160818358,1.26023005038546,1.99026669408578,3.00174009993528,4.50603423768192
8.2394370427908,25.8180352321524,46.2368397344033,53.5918049889133,67.2563912910966,87.320336721855,8,24,39,47,63,77,1.44349416016828,2.42227403049129,3.47039456238554,5.50835995346181,1.18683798570564,1.42060192696906,3.61320636021277,4.36500126244783
8.17778242155365,24.578599757332,44.54535517725,51.3918320295722,62.5296871378016,68.6419173509332,8,23,36,44,59,71,1.42522140686367,2.30107329689488,3.84868192008007,5.66716966692727,1.04514063736235,0.996644012469074,0.368733277619627,1.16758199112527
8.311315835037,25.2587730502812,44.6744871838835,51.026972283849,61.4120693441844,67.6211859621682,8,23,35,43,57,69,1.46486474050038,2.45309365452653,3.95008867240017,5.91644921569455,0.91217639635608,0.967912606206302,0.384363639833289,1.07731176419291
8.28132316384844,25.5203169068049,45.0742273885497,51.1803437140786,61.6129617571492,67.8937473151449,8,23,35,43,57,69,1.45593870035124,2.5351764674124,3.9956162265503,6.02826001948388,0.847764196258059,0.978247863105529,0.396102969957264,1.05721825076475
8.23705052627295,25.7851543764774,45.4699774112711,51.3091461960799,61.7858903034007,68.1713314590478,8,23,35,43,57,69,1.44278585957383,2.62294267354452,4.03883172543345,6.13946776538871,0.779518065674655,0.987878616105129,0.413512145501453,1.03869353259978
8.17638257024422,26.0537173854433,45.837994640691,51.4018228517536,61.9072946156394,68.4297832658023,8,23,35,43,57,69,1.42480715680516,2.71722888716821,4.0717187954,6.24333322575617,0.710923220956453,0.994166004674571,0.436780003261847,1.02164257709541
8.09794447293146,26.3310729998292,46.1540774231339,51.4510041121276,61.9501071803916,68.6357566375027,8,23,35,43,57,69,1.40164037908492,2.82002798961398,4.08453795343582,6.33288291877227,0.646294399449723,0.992770958372055,0.465161334754792,1.00462940186255
8.00199984728584,26.6278563217549,46.4007481182866,51.457430976535,57.8200303542468,65.1159779730712,8,23,35,43,56,68,1.37342458339039,2.93455333818057,4.06795145761495,6.40298400433329,0.589798024542744,0.328590909265132,0.577547342099172,0.563959959984087
7.89102659180869,26.5477467134084,46.3514343629908,51.2330712584928,57.6875786166819,65.1497478255707,8,22,34,42,55,67,1.34095917333578,3.17962449980011,4.07814295931562,6.61673917364047,0.549695870919628,0.342118437896408,0.6097711272804,0.573938299038679
7.76991236988017,26.964916923783,46.5052255331312,51.2387271659295,57.7451766991638,65.3365702503831,8,22,34,42,55,67,1.30573989347593,3.34406477188068,3.99113098158578,6.66120438475973,0.516494106168009,0.349871473128764,0.635275979554341,0.577929024824879
7.64523740199282,27.3986179833512,46.4446981258359,51.1917093909746,57.7334048198471,65.3425649473848,8,21,33,41,53,64,1.26972301566742,3.78015352604081,3.82879187922827,6.87838130846792,0.519493322144737,0.440082919399556,0.76266060134307,0.729001510464942
7.61114670703023,27.5263733909455,46.5641614763812,51.291697925327,57.7826581498437,65.5163616715262,8,21,33,41,53,64,1.25991751544487,3.83211073585635,3.82607888380161,6.91348261120238,0.515171660985547,0.43138043338265,0.790263003433681,0.736566153834269
7.55462726938745,27.5068130123612,46.3619579048091,51.0756621868602,57.4778319253088,65.5903900375526,8,21,34,42,54,66,1.24370198026628,3.84399502998848,3.49439351449721,6.61977955637097,0.512109550670269,0.416323928350822,0.741981949347794,0.698335546944971
7.48071898143886,27.3078259738636,45.7770128229378,50.5408898158753,56.8769658691597,64.6561849467992,8,21,34,42,54,66,1.22257589018179,3.8038046001934,3.37302286027778,6.45129017336345,0.523245785637804,0.405261231876063,0.673034939530046,0.652176431692853
7.40876979658916,26.0877629189067,44.2595832575228,49.065262292121,55.3623137499153,62.7991946104643,8,20,33,41,53,65,1.20209630835257,3.70903578363757,3.28012179457424,6.24386285641147,0.532585221385949,0.398788084519517,0.604826025058506,0.608727881878528
7.33977383148799,25.6945678966484,43.4604733870664,48.3481571448838,54.6875573791574,61.7728496409831,8,20,33,41,53,65,1.18253873336551,3.60387563046651,3.15419783135451,6.01553513242275,0.551065698295687,0.405814648722781,0.537679873407622,0.580451710798781
7.27436633188827,25.3158008512312,42.606321172885,47.5909842075022,53.9896455894798,60.7667419594959,8,20,33,41,53,65,1.16407302705841,3.50278831400049,3.00807969103994,5.77380518621521,0.573187224940299,0.415733576154013,0.481384410306762,0.561905306653319
7.21232871299877,24.9751850090478,41.7243688558245,46.817241343615,53.2777056428976,59.8228267566452,8,20,33,41,53,65,1.14662682365176,3.41339497940733,2.84356165938408,5.52682277254475,0.598202585827888,0.426184123414479,0.440673096596239,0.554426609184161
7.15140065534378,24.6809563474081,40.8466091352113,46.0518796814178,52.5768062799077,58.9966253880587,8,20,33,41,53,65,1.12955809312621,3.33888362848128,2.66858031279399,5.28375606787018,0.6245469317583,0.43719868025959,0.419299086148471,0.560646109199084
7.08258720722076,24.4348049197941,40.0105389832609,45.3212572544457,51.9311213313841,58.359044202166,8,20,33,41,53,65,1.11035938742596,3.28246580632697,2.49433014105238,5.05487808151374,0.649586955491158,0.451887928816463,0.420668092394488,0.584904173931213
7.01800640877012,24.3670303613374,39.3056878414962,44.6913602467083,51.4273343502606,57.9819866379491,8,20,33,41,53,65,1.09241897883412,3.28145152084491,2.30934537345569,4.86400135181219,0.667572193399626,0.474061379941255,0.442316837475498,0.626046666330575
6.13153066766911,24.2466056418638,36.4878388449305,41.8929251809836,48.3932531967217,54.6430816777461,7,19,31,38,50,61,1.03511310240103,3.52649401836648,1.75758435090781,4.51150610022823,0.83233948893465,0.432981870120549,0.485080577149621,0.703143634681201
6.42423599455202,25.5783430335977,37.7813333132235,43.091982410699,50.2260287856602,55.8010769991862,7,19,31,38,50,61,1.11982949743952,3.86416876751553,1.74708357354169,4.8624622094751,0.806841898288251,0.546808531058359,0.365748749707801,0.684475949608986
6.8001748119124,26.8320877137307,39.1238275658255,44.3881805659184,50.9959425613508,55.8235517502864,7,20,32,39,50,61,1.23089179698964,3.86965586601095,1.77147787434444,5.02100697092802,0.79442051851516,0.553660702646695,0.250541214534936,0.581828646867663
7.04284845962977,26.7446555422302,38.0123542403661,43.348333917056,50.06779743016,54.9466055585607,7,19,30,37,48,59,1.30383611611791,4.04444450887584,1.68743146092977,5.13983829954942,0.813660121905248,0.575759801547474,0.257815014169925,0.612420931394094
7.3720492744057,26.2553322105982,37.5216203554964,42.9736538123653,50.3159785800542,55.7074584669934,7,19,30,37,48,59,1.40424782510403,3.7755938020227,1.68703746240285,5.0027569484947,0.845093421488177,0.704666609987903,0.335714044226235,0.787848284808859
7.92163455469374,26.3639049931057,37.2408009481026,42.9544222968594,50.4878837770145,55.9760505150349,8,20,31,38,49,60,1.34989514672815,3.63219330711616,1.57919384942083,4.71496204486525,0.917077524811292,0.74604777111947,0.351397905237219,0.871057061463811
7.86701394079426,26.1947054800972,36.8815872078485,42.6045700553404,50.5164791072379,55.7116100170937,8,20,31,38,49,60,1.33395861806248,3.59511069504948,1.52725551449794,4.61760330031616,0.919681719987696,0.830329595847298,0.304814613091022,0.885777604370815
7.8017431818834,26.145430192086,36.633617590838,42.3792467522967,50.7428039250933,55.7259141627907,8,21,32,39,51,62,1.31497427986006,3.33374922550263,1.47344561048204,4.3513666800757,0.925989322020011,0.795462548809791,0.272924034235909,0.838430202557804
7.84262023611847,26.1963444680389,36.986700514072,42.698567500705,53.729342274097,58.8047274579729,8,21,33,40,53,64,1.32685595245487,3.33688673140685,1.37164494891663,4.25027417170053,0.916589704789631,1.26427803246659,0.28661154732067,1.18325117620232
7.88022876024773,26.5028379083123,37.540591909694,43.2267952924303,54.7920631654604,59.9563892731369,8,21,33,40,53,64,1.33781013290574,3.42116330996604,1.43554447927661,4.39479526171057,0.90946128907704,1.39646378424519,0.300084789775939,1.28738404288991
7.90917924363288,26.8969228490083,38.1396177094463,43.8119863042332,55.7462675829436,61.0682464239301,8,21,33,40,53,64,1.34625712198285,3.53629251587097,1.48910084001946,4.55258087376905,0.905624440498922,1.48998048395574,0.324629494293828,1.37948704061413
7.92972401614772,27.3449842673912,38.7474855515884,44.4188449871335,56.4946457053463,62.0707266515169,8,21,33,40,53,64,1.35225921721909,3.67206066119961,1.53124266401734,4.71423212179338,0.905344730708349,1.52631083201174,0.365920783240706,1.4520422519872
7.89961892549353,27.4617191489109,38.7971954345533,44.4672101471338,56.4864254735976,62.1269203490657,8,21,33,40,52,63,1.34346627140744,3.71892741863951,1.51352781426216,4.7275186549752,0.904972046999794,1.69685620470697,0.376717591560861,1.57097540461405
7.86083797834162,27.5325207399172,38.7457742626102,44.4171784768098,56.3968014578339,62.0642628973102,8,21,33,40,52,63,1.33215951810493,3.75397914053154,1.48137304108781,4.71377490479059,0.905357141585167,1.68608652483011,0.381276374321859,1.5687995730587
7.82078819824752,27.6136503253488,38.6791583398304,44.357449762226,56.2836493138177,61.9809856056947,8,21,33,40,52,63,1.32050687464647,3.79281542010416,1.44276471836258,4.69598593646303,0.907266526366063,1.67158376897814,0.386353318415049,1.5655752852598
7.77944456414377,27.705591800334,38.5976989265478,44.2889517749641,56.1485853568303,61.8782124401132,8,21,33,40,52,63,1.3085036186987,3.83562152538085,1.39782458319962,4.6742578248252,0.910862715060786,1.65356047335896,0.391871988410806,1.56145429367378
7.73679815569003,27.8049347762302,38.4994356392923,44.2102056521617,55.9910226823216,61.7542437418681,8,21,33,40,52,63,1.29614986966521,3.88132570038526,1.34711392785049,4.6480837254717,0.916284712830623,1.63228862722187,0.397647533200259,1.55648959243656
7.69284325713999,27.9069069408962,38.3821071996367,44.1194130269179,55.8110411967177,61.6077597525007,8,21,33,40,52,63,1.28344682126647,3.92840622358712,1.29148143418742,4.6168833943236,0.923669768523162,1.60830781438606,0.403440956322713,1.55086571243124
7.64762255215731,28.0038655694312,38.2407539841418,44.0117715334388,55.6061116743233,61.4345150857895,8,21,33,40,52,63,1.27040975031625,3.97438238762465,1.23182156875978,4.57937005903014,0.933073751266169,1.58226016344999,0.408952359961408,1.54472284864156
7.5722552966085,27.9099853844177,37.9718268610872,43.7741809214741,55.2516333415011,61.1000574489427,7,20,32,39,51,62,1.46608861113901,3.9683901010203,1.18854449474134,4.70805368317801,0.941836899350511,1.55112008285123,0.412450542360125,1.53212927410037
7.58065646807714,28.1694538135876,37.9808741697361,43.8749728021446,55.2031638429494,61.1072868657952,7,20,32,39,51,62,1.46869591919794,4.04980232251703,1.12746239930702,4.71049068123066,0.967611731818711,1.51160577592687,0.422246233221833,1.53178046689284
7.61752720262806,27.5327566847324,37.3785546936447,43.3605603167606,54.5475863386146,60.5264599578639,7,19,31,38,50,61,1.48015028369081,4.11509476288107,1.13578869511426,4.75243926766958,0.992471527592343,1.47449835660823,0.435537990443989,1.53590625617586
7.65435090802252,27.7298896939664,37.3586896940568,43.4828010990592,54.5096149678197,60.5405222284973,7,19,31,38,50,61,1.49160864318064,4.16830686842935,1.08355361870207,4.74703000471294,1.03298689796559,1.43270122693525,0.444887638620122,1.54242754644673
7.69168828763004,27.8953061653571,37.3034174347193,43.5925214507171,54.4667148297396,60.5360394269602,7,19,31,38,50,61,1.5032456743392,4.21090817541549,1.03123178941301,4.73198780638059,1.08051966352092,1.39320519114746,0.451841368273174,1.55220936899175
7.73415449189717,28.0266488011877,37.2322718410692,43.5838687049729,54.3123611108879,59.5084110723348,7,19,31,37,49,59,1.51650407552835,4.2405151619727,0.983960527955542,4.71264418238097,1.31876788494241,1.35579822578075,0.390627428552162,1.61122471588496
7.84449333856428,28.1076558096211,37.0605356390268,43.5852908978671,54.18677360017,59.413651120363,7,19,30,36,48,58,1.55106521990299,4.23073991792497,1.07679101607022,4.87481986263711,1.37410731159316,1.32343282123812,0.396179306976404,1.62668996062492
7.77403618375923,28.2298210248163,38.3957857208498,45.4284470398245,55.7362078591355,59.9592096714576,7,19,30,37,49,58,1.52897752555575,4.29500669627648,1.3873114721445,5.24759005793407,1.30075517742135,1.24947578422491,0.309894434058649,1.47063393771802
7.82376608187561,30.0708611443685,38.255536247696,45.7387037480413,56.035992571378,60.4635222566227,7,20,30,37,49,58,1.54456063368178,4.59504963343541,1.04800107751008,5.20811243525227,1.43850065418798,1.24686247916986,0.346054848338818,1.59757711092331
7.86327994276704,30.3306350332671,38.4543546316926,46.1804817443744,56.3836531820197,60.8434609096728,7,20,30,37,49,58,1.55696564267711,4.6683954512594,1.03261643478002,5.26409807647608,1.51399598728748,1.22344930264334,0.351906211552232,1.63393927072776
8.27220858989351,31.5072483969053,40.8519122919521,48.8132645458329,58.1534075338185,62.7096050978282,7,21,33,40,53,65,1.6865076068683,4.62919993335074,1.01634301505046,5.28521617342496,1.58784193729539,0.874990997614328,0.159077802244636,1.09075521399327
8.87226612949909,31.2042190121753,41.1189814498139,49.2033974745959,58.662814709185,63.4914537002137,7,21,34,41,54,66,1.88017171616985,4.33492742041318,1.00198796382927,5.14938115516037,1.626759435232,0.90086590015087,0.189768153671309,1.17624716936085
9.55415488115254,31.270139452522,41.6547428466808,49.9557670459275,59.5659642756172,64.8781654292304,7,21,34,41,54,66,2.10486849835368,4.13636080737175,1.11002269329579,5.29527704390193,1.69571329642753,0.933945436917417,0.250764972799963,1.32329285108516
10.2660953627517,30.7912409773769,42.2729316507449,50.7695932151949,60.5658618242039,66.5463772058258,7,20,33,40,53,65,2.34410383441326,4.02913254275347,1.37553397357458,5.68012480301659,1.75847127286434,0.975324042953773,0.347933235217882,1.51408831920921
10.9850151264442,31.3060454967554,42.8446275000726,51.6188671183211,61.433508245876,67.9791754093556,7,20,33,40,53,65,2.58992979587263,3.96298620408111,1.38977073686181,5.84100066158532,1.84826105226685,0.97944249178121,0.440767200116629,1.67783275882649
11.6847752731376,31.7797316583119,43.3953710553625,52.497664097074,62.2863003998772,69.4057333634176,7,20,33,40,53,65,2.83284495988673,3.8899703396026,1.40912342267463,5.99702517953048,1.95544964964872,0.973614874023311,0.544066060483324,1.85072310743265
12.3368870282855,32.1913420308718,43.880686466906,53.4620853618794,63.1431353449634,70.9520477785658,7,20,34,41,54,66,3.06211905627523,3.81258504240073,1.26456035852367,5.91243560503104,2.11393996241714,0.949630010705603,0.67907743522218,2.06826679347776
12.9139087902483,32.7510854211413,43.7416177040207,53.555798497322,63.2139478629801,71.4771358120446,7,21,35,42,55,67,3.26711060095989,3.54254457225539,1.10234937035135,5.65759280611987,2.19172747483929,0.944550824501108,0.773919832923941,2.20872520251254
13.3980762713938,33.0832973378728,43.2419035903251,53.2837415194412,62.9164020353622,71.2455239809457,7,21,35,42,55,67,3.44052833519194,3.4953596496523,0.919180753440435,5.52015638683011,2.26827003554879,0.938908480194145,0.788048266925353,2.26632173691087
13.7855659845466,33.1539364642304,42.5141960916043,52.7332700179741,62.2570731105976,70.1252003646915,7,21,35,42,55,67,3.5801872296719,3.39740652066224,0.754720404893695,5.32159271070554,2.32816841215416,0.914941411111753,0.691186170121962,2.18214944115823
14.0444723467583,32.9330515788913,41.764170349593,52.1225527862748,61.5310266192971,68.7385859291661,7,21,35,42,56,68,3.6739113686272,3.25023273106398,0.652475193365858,5.11895380051542,2.37543249068783,0.764314168923372,0.560685467795027,1.91617078314173
14.049138141206,32.7515139991806,41.5347621389413,51.8868296886084,60.9833667542606,67.534974348391,7,21,35,42,56,68,3.67560330850597,3.19350105805766,0.643508809224299,5.0573919129671,2.37328656367563,0.703053685971122,0.441791478084006,1.72382469571917
14.0101324817204,32.6376182004776,41.4059925193293,51.8802723543092,60.6410417279567,67.1003368335485,7,21,35,42,56,68,3.66146198078821,3.17074604120566,0.640732730817337,5.0229238326075,2.4148738916255,0.639315140582365,0.425985419538584,1.66499961581558
13.9667592418612,32.5285363724559,41.0161012487894,51.6518479392192,60.063348205294,66.3013749557876,7,21,34,41,55,67,3.64574564048165,3.15081049214952,0.698008032396427,5.12148793704113,2.4700009014522,0.575554518435223,0.389081093595221,1.58753581172489
13.9169877777405,32.4246807397918,40.0916437257409,50.7662294356462,58.7994453986711,65.0355742427788,7,21,33,40,53,65,3.62772190304704,3.1344226711669,0.650370976978063,5.07696505467066,2.48329141140675,0.609840303864199,0.388770651186061,1.64104041794961
13.8557851196941,32.3210117635916,39.858326012194,50.6651283500228,58.4842796032689,64.507557790062,7,21,33,40,53,65,3.60557482199977,3.1215684587066,0.62455481375613,5.01349464707962,2.52862182976183,0.569902138617517,0.354628909365007,1.58476393008078
13.7670307513941,32.2023040001902,39.529613912878,50.4812827794673,58.1309860700242,63.9468088963232,7,21,33,40,53,65,3.57348984166677,3.11250888925867,0.583576268117464,4.92443110487086,2.57844029288013,0.539047801145837,0.322669260220658,1.54097855783738
13.5781438037562,32.0070928592836,39.3007842123898,50.496659148157,58.0905486115802,63.6297531737586,7,20,33,40,53,65,3.50533498171069,3.36042054334038,0.476494816016602,4.86268025162128,2.6627684177295,0.529035156054722,0.282153783940691,1.52445322955897
13.3231011932767,31.7062835247448,39.1823184249029,50.5573110098628,57.2987120438964,62.7569445599607,7,19,32,39,51,63,3.41359338943686,3.6130607647685,0.508141938167694,5.03703635839106,2.72488960111994,0.475025214043364,0.270761545136761,1.49900791812419
13.1997004649735,31.5716848598852,38.3445620313602,49.6584207497873,56.4898062772738,62.0911091125475,7,19,31,37,50,62,3.3693248911812,3.60943709287466,0.480630979206832,5.01740149046427,3.03093332489676,0.400101055947287,0.291035638382659,1.53145549323523
13.0468637026953,31.4141315045044,38.1437261519696,49.4704776175493,56.2764130287832,61.9468287908513,7,19,31,37,49,61,3.31460779414375,3.60791100394135,0.47292938529613,4.96200958238455,3.03562957628169,0.486546935039687,0.301067227581132,1.66365552432584
12.8551540645381,31.2297033451031,37.9158552656462,49.2484343473865,56.0492843054952,61.6708530743559,7,19,31,37,49,61,3.24615161913951,3.61026703276962,0.465249859146811,4.89935371898739,3.03775262214758,0.485634975918902,0.29396127655555,1.65414780303701
12.5000817038515,31.0146959812349,37.6369085606066,48.8997506296574,55.7480913063438,59.3224056060943,7,19,30,36,48,58,3.11990149938903,3.65564428173089,0.556501375953798,5.03487727399002,3.01235941459888,0.494177972761483,0.147920962137998,1.49437580792572
12.1685274539142,30.9271527928283,37.5902600678542,48.7476738716744,55.6589188387734,59.0148623438572,7,19,30,36,48,58,3.00267385949421,3.73495355318707,0.564569870312425,5.02187431316283,2.97402240114693,0.505584956876191,0.123588290135667,1.4438080437332
11.9549469253429,31.0230774028565,37.8567453971302,48.8864060575539,55.8457351645825,58.9611647218922,7,19,30,36,48,58,2.92751097131546,3.83600805138155,0.598684534534733,5.09626949895153,2.92765324605527,0.514373992007582,0.0993550106331771,1.38264919832273
11.8505027211743,31.2665450095405,38.4167559273521,49.3068286189672,56.2882547007181,59.1563295104594,7,19,30,36,48,58,2.89085906591812,3.95019666671057,0.663913908442567,5.25349916058991,2.87709830923637,0.518433025248537,0.0773148975501668,1.31419609353229
11.7912187004077,31.5651172559413,39.1669501471042,49.9176439943319,56.8906337086369,59.5240085663982,7,19,30,36,48,58,2.87008586627939,4.06828455897857,0.761047096263044,5.4659688553586,2.82673605690301,0.516881848953474,0.0591542282145455,1.2438787812342
11.7253188997411,31.8397277215211,39.9938615060918,50.6133848772681,57.5520488253049,59.9826967980754,7,19,30,36,48,58,2.84702109517631,4.18122754543989,0.885833237100391,5.70253073730584,2.77944894383752,0.510589378269414,0.045637458087812,1.17762939750183
11.6442197578964,32.0591147514835,40.8188715979764,51.3186856533723,58.2082858655901,60.4842348259057,7,19,30,36,48,58,2.81867544526815,4.28134986914593,1.02955901419097,5.94092824422991,2.73638802224526,0.501648245348541,0.0366675452547888,1.1206275502565
11.6852381206615,32.0507072496092,41.3467019303371,51.7399313118045,58.6814697449436,61.4330898403229,7,20,31,37,49,60,2.83300673450333,3.97736935255791,1.16227083204396,5.86336637518515,2.69812557648822,0.511115149385337,0.0436525195770654,1.09070389330382
11.763051064396,32.4245399348903,41.6405051491335,52.9517457896136,59.8223368587719,62.6887544947715,7,20,32,38,51,63,2.86022381867046,4.07343211831554,0.986357494567666,5.72223302836288,3.02997979011925,0.406359015365326,0.0320094618776041,1.05447917417127
10.4540301422903,30.6205539242634,39.1858527999884,50.7629157599854,57.5761601719668,60.445548641159,6,19,31,37,50,62,2.71994320662911,3.91305636873554,0.839380373971166,5.25112797727393,3.12698920006847,0.397219554517221,0.0321370653365139,1.08923885023487
10.2544469448659,30.4705594570626,38.6255859996904,50.4117202787013,57.1008525367134,59.9434002400427,6,19,31,37,50,62,2.64841611521078,3.92906801688637,0.750938243065289,5.09517360918095,3.20355617009988,0.377748470410585,0.0309957669949202,1.09887502599226
10.2378202028073,30.1427098687523,37.9961768939565,50.1611484643251,56.5241965847039,59.3196878163499,6,18,30,36,48,60,2.64246929666114,4.11166684499823,0.688181070366307,5.13530447720632,3.3428715824828,0.409760733291319,0.0290573234385399,1.20117348324476
10.2783783648524,30.1127899981253,37.582289633045,49.9206117893578,56.2533679779769,58.9778439596147,6,19,31,37,49,61,2.65697881674628,3.80614946477223,0.611207418322445,4.80800938463624,3.40685857431943,0.404708849998482,0.0262807443116689,1.21377417333347
10.1795813584811,29.7174935416252,37.4995503459545,50.383011962995,56.1829780073077,60.7328614581718,6,20,33,39,53,66,2.62165392620817,3.44974592730409,0.563089566854903,4.38404089361489,3.60900343731347,0.194909446844751,0.116129974040115,1.22106052047173
9.94222606990081,28.963912521506,36.4364773681726,49.8337606133667,55.0635231314675,59.6844243735117,6,20,33,39,53,66,2.5370604005757,3.29092080860112,0.507531939930553,4.10805597145877,3.80074493260235,0.137943367245037,0.12237190761601,1.2235373730473
9.57672813947603,28.0719077046878,35.3175546002827,49.351137293083,54.2074306742175,58.7793781304475,6,20,33,39,53,66,2.4075825142163,3.13063374541858,0.468296047601716,3.82313628694168,4.03969519373434,0.106304621883176,0.118050157266037,1.25996503924182
9.13241893898998,27.1646528388058,34.2068175402345,48.9193295480155,53.5859594823751,57.913431022836,6,20,33,39,53,66,2.25155316803721,2.99118603830542,0.434232436000909,3.54626587077961,4.29634597316889,0.0919828570551533,0.0977380399989218,1.30218818261934
8.67920076938329,26.3510031452472,33.1414184915338,48.4794855772306,53.0856608297883,57.0013280922355,6,20,33,39,53,66,2.09406897264036,2.88362544755304,0.393606218263196,3.28660549226027,4.5342426012454,0.0876655374196109,0.0683325689832379,1.32891446774304
8.276117247604,25.6831528705946,32.1344781565458,47.979148679035,52.6148576560885,56.0951779393594,6,20,33,39,53,66,1.9555514768027,2.80519610838318,0.341645995027851,3.04681622508552,4.72783002915748,0.0897597111931473,0.0437506317487658,1.34660490457085
7.95287964191087,25.1518745790418,31.1898066371873,47.4013030119439,52.1391791033159,55.3731791521299,6,20,33,39,53,66,1.84561152040185,2.74392632494459,0.282801468445817,2.82709969715183,4.86849257992945,0.0972245286954014,0.0327087072035309,1.38601725114287
7.71223546531782,24.7102779810174,30.3097525026254,46.7534076045158,51.6462862300933,54.9602148665236,6,20,33,39,53,66,1.76446775504014,2.68504855119968,0.226100109416222,2.62722261071341,4.95771874612861,0.109202809396243,0.0360714384400513,1.4701406447022
7.54202676771547,24.3062597992292,29.4900808800221,46.043608467182,51.1197004411982,54.8016764349561,6,20,33,39,53,66,1.70745717070835,2.61692882397852,0.178074008442538,2.44544335049837,4.99999968383977,0.124374767291136,0.0543174480751037,1.59247801509882
7.55624159517937,24.044095533794,28.9691615683074,45.8314896994057,51.3579576732944,55.3197236483805,7,22,35,42,57,70,1.46112145883226,2.32510906204868,0.151108399701718,2.05997953892427,4.71235644777254,0.125615095958489,0.071324571295776,1.55607010790566
7.55429486607224,23.6619949031376,28.5321503100191,45.3756729041625,51.1207031432334,55.0507152778355,7,22,35,42,57,70,1.46051786235638,2.22061186337819,0.145682021009751,1.97227715906674,4.70532748236195,0.144393186829678,0.0692555446213916,1.58678157895136
7.55969174212263,23.1697889059601,29.0647065957026,45.7017535728832,51.5625828023871,55.4092050301297,7,22,36,43,58,71,1.46219132949485,2.08578518788587,0.205389133268971,1.95170087957854,4.62823157797894,0.154924641783895,0.0639918607141311,1.55496601271788
7.57117934827368,22.6123955887444,28.4706995759404,45.0574155728058,51.0841893227497,54.8517794913295,7,22,36,43,58,71,1.46575476056103,1.93450619217334,0.201315107990803,1.83637193503071,4.60946059415519,0.170714583742058,0.0592294883307531,1.56163155171117
7.58779506357458,22.0429345422528,27.8060123840041,44.3316741843767,50.4760190227037,54.1763073695256,7,22,36,43,58,71,1.47091215286204,1.78204579026743,0.190913544364794,1.7104631295584,4.58670214024423,0.182395575114546,0.0553465997504085,1.55966527003563
7.60890356186244,21.5013395732405,27.1399190575237,43.5970735063834,49.8480417992433,53.5240591041621,7,22,36,43,58,72,1.47746956400199,1.63912055421122,0.177741152821888,1.58773910125554,4.56118091787989,0.193340102671291,0.0360762516358319,1.45284080952342
7.6341744414661,21.0111852860669,26.5038094957819,42.8924601939397,49.2762319745714,52.9275086796302,7,22,36,43,58,72,1.48532807811657,1.5113705470869,0.162920354154062,1.47388481084434,4.53567750312888,0.207435097336481,0.0350720620568979,1.45978400727711
7.52899586384773,20.8675043144203,25.8059313057223,42.407870059855,49.0386985199775,52.6045108846229,7,22,36,43,58,72,1.45267853562336,1.50195454339162,0.112872248403253,1.35287785326785,4.61513701320274,0.235005744954548,0.0317419313481183,1.52623029853086
8.17950577080877,21.4490896266214,25.9293631586034,42.9200337799135,50.0363846297963,52.8325438828153,8,24,38,45,61,74,1.42573142626983,1.3288436802742,0.0790581338452547,1.17842676998901,4.76035869676197,0.235537838849213,0.0178457381268332,1.54497810917998
7.88610248167296,21.387380224767,26.0993481285479,43.3762601419283,50.6338515227713,53.5680252124749,8,24,37,44,59,72,1.33952290459819,1.38242561483247,0.130636098099113,1.30155891326233,4.86761288085806,0.312587831641164,0.021904764137554,1.76475934796051
7.5856032257995,21.2531471962572,27.5808633953498,44.8419718321862,52.2691780611345,54.8761470923825,8,24,37,44,59,71,1.25258265884836,1.42129640756668,0.323521024115533,1.55666837407462,4.86168438143534,0.335401099576669,0.0220713185294773,1.85336707930093
7.24587507393376,19.7552187204063,29.5881372244075,46.7073428321447,54.1348361850928,56.8924713026128,7,22,36,43,58,70,1.36557080281819,1.30370453794595,0.85067699860057,2.05545329284493,4.80848753339285,0.335440355472775,0.0275550927458978,1.85514735011643
7.14514635719857,19.9339988625255,29.9926459539085,46.8845257426375,54.2248126036342,57.1629713050749,7,22,36,43,58,71,1.33486355476063,1.36954391224677,0.897955602460831,2.13696033495474,4.72340439737968,0.323616150463699,0.0220302499749841,1.70809745080306
7.44821129708234,22.65603346239,33.9358153016673,49.9232874399723,56.9966915891917,59.1851498484981,7,22,36,43,58,71,1.4277062050432,1.97848421114816,1.1686127890038,2.9870800721434,4.38665923393147,0.288677711850318,0.00591104759392459,1.36065762354768
7.6707042495282,23.3492585427764,35.8052027892776,50.8787130917424,57.2073395882521,59.2926087453091,7,22,36,43,58,71,1.49670320357058,2.10419847794411,1.45041705290901,3.42171999408895,4.04943846868444,0.201520204875031,0.00469907416467243,1.07056541748693
7.74421085325738,22.8096559215842,34.8302097275877,49.320736133269,54.6679257811979,56.8757861764242,7,22,36,43,58,71,1.5196473181145,1.94088459566911,1.34388978381225,3.19269933715418,3.83611603607234,0.111290941023407,0.00616173663933904,0.855599448050253
8.05174938625878,22.3613483693543,33.3098612561048,47.4870219865894,52.0360935668838,54.7625430373899,7,22,36,43,58,71,1.61641045093299,1.74474528516937,1.09282994394001,2.84582780324678,3.72206734427,0.059319119639496,0.016001935414981,0.773485154406
10.7113881364972,23.9029752974765,31.2729037499244,45.6959974898825,49.7997854269802,53.0447412019043,7,21,34,40,54,67,2.49589572235952,1.63584132417791,0.489624894873651,2.69200845375328,4.18673509944919,0.056389889290091,0.0331573122730472,0.984378881537614
10.268637222755,23.143859286069,30.3117707001598,44.5443509600511,48.4482969556711,51.6981606029301,7,20,33,39,52,65,2.34496578356667,1.73611288278434,0.455155896351466,2.62767549208014,4.11474643252996,0.067583807239606,0.0333595389131808,1.01486151177601
9.25294169466698,21.4706608008528,28.9358872803182,43.1608902427454,47.142636852228,50.1590560280279,7,20,33,39,52,65,2.00504321454481,1.56299551636282,0.506242914394503,2.32503916009906,4.11188597709243,0.0726448013487021,0.0245913323703451,0.989120686505434
8.07372125396152,19.6884507285985,27.3961654709717,41.5394870628736,45.6063031407527,48.4094864706946,7,20,33,39,52,65,1.62336980498343,1.40889443545412,0.549534104513409,2.00171595511564,4.08106451086896,0.0784245083726792,0.0180390700929738,0.956443921202035
6.64544476928936,18.0279528360425,26.7457449942583,36.9467762893165,43.3340846097328,46.6040031218961,7,21,34,40,53,66,1.18488591451552,1.19244870141784,0.744368371943934,1.74645993882187,2.62931776620877,0.332203595126894,0.0341940368592936,0.785250842731801
6.61895114139004,17.7066981210914,26.6183245113133,36.3153443034223,42.8425336678062,46.199592960573,8,22,35,41,54,67,0.983292186834968,1.12447784702287,0.784239557463518,1.60512768190356,2.45008766197224,0.352988754448575,0.037973237813479,0.746451695284017
6.67213982750192,17.7007675494529,26.687376853045,36.1778354777678,42.4703444478597,45.9712121627226,8,22,35,41,54,67,0.997659934018924,1.11100348903217,0.799863921904361,1.61787421093231,2.37716633081777,0.318440258570618,0.0447635610276886,0.705792861873984
6.73258234353125,18.6797912974979,27.7988190690067,36.930125872191,42.9986559814665,46.5525073440416,8,23,36,42,55,68,1.01405480345738,1.17452013384899,0.827723999892988,1.70911911716608,2.25116459547823,0.286981611266263,0.0474418837268212,0.635954627101752
6.63029853871501,18.8084281310033,27.9573000618473,37.6311579668575,43.6315127551445,48.0380604804649,7,22,35,42,55,68,1.18040426075307,1.22705281569228,0.83404967818681,1.85904562844232,2.14477736529547,0.277707008306591,0.104075762705175,0.738544667424657
6.62328736605817,18.4221791698134,27.4009070971004,37.0672039181174,43.4559350383262,48.7116426868163,7,22,35,42,56,69,1.17833104170407,1.14118466435567,0.798216468599432,1.75182757325428,2.14225260174639,0.264308051008923,0.185969420662771,0.831503645756778
6.58279640292039,17.9689185436004,26.6155709623242,36.4644215627482,43.2302417422776,50.1304476960925,7,22,35,42,56,69,1.16637436659295,1.05013836852154,0.729925996111369,1.60462020356519,2.20335473451724,0.314120345493529,0.411113761009811,1.1690229338989
6.54300822209975,17.6712956440371,26.1231496692308,36.2426893296596,43.7751959521525,51.8659053081795,7,23,36,43,58,71,1.15465296418005,0.869349076864733,0.69091630216811,1.40736526971994,2.29449733568769,0.349940890713064,0.620745250584888,1.44693115229036
6.51255206039971,17.3863610402622,26.0116563392037,36.3268118971188,44.1621425377567,52.814050281703,7,23,36,43,58,71,1.14569947916559,0.819503801968251,0.725610497902902,1.38811557323003,2.36074960957353,0.393327589257452,0.730989348516778,1.63919142366403
6.48808175528882,17.1415542451367,26.1694552057335,36.6259090844675,44.5927174327012,53.104531239461,7,23,36,43,58,71,1.13851758345565,0.777253808539219,0.808514982977344,1.41539136913669,2.40880047813228,0.412876087999482,0.702838929769726,1.66391527338647
6.45748622263467,16.9316827032649,26.5028281322871,37.0245680701969,45.0127157308801,52.9969118466757,7,23,36,43,58,71,1.12955295149052,0.743515956623652,0.925338707237977,1.47371174821632,2.43105614837394,0.416088746865178,0.600601701762816,1.58229185802834
6.43441824215067,16.7537661125359,26.9843974175716,37.4986238189385,45.363211373629,52.6097171206659,7,23,36,43,58,71,1.12280500640618,0.714847067525772,1.07422080025224,1.55959650925027,2.42849310356034,0.397640847021619,0.468442092699002,1.42620609125102
6.41768057995404,16.6156530680584,27.5994261205358,38.0068974433441,45.6158574376399,52.0140263097449,7,23,36,43,58,71,1.11791483070994,0.69268712971701,1.25284721394811,1.67202515468741,2.39212489922977,0.360675953501484,0.333797137906222,1.21963225031919
6.40717166053561,16.5420341278729,28.3861591532097,38.5804229394015,45.774027458584,51.2525217479155,7,23,37,44,59,72,1.11484706992738,0.681274672030883,1.3014439405047,1.70283210742866,2.3197677252047,0.304178671304654,0.211533988287003,0.975386246885216
6.40521072473176,16.6069675553188,29.372758948067,39.2740198449971,45.9167911677553,50.4726940281053,7,23,37,44,59,72,1.11427485565337,0.693373866952496,1.52771022870847,1.88868216322621,2.22095184746001,0.236382509369203,0.116652122821623,0.726443278879839
6.4143381193197,16.9087360847218,30.7920134269489,40.3415469917892,46.22818565844,50.1960202954729,7,23,37,44,58,72,1.11693888367986,0.747288559953943,1.81594873702412,2.16839043496893,2.1033304213781,0.204464305436533,0.0493185520627608,0.520017738926356
6.43439381328866,17.5976613314191,32.913546494489,42.0349510347956,46.9386715198843,50.3327080946242,7,23,37,44,58,72,1.12279786544127,0.876286733496267,2.20482237031095,2.61159311868286,1.96172852763119,0.110070088975187,0.0256850907291934,0.322491056621518
6.4648552216529,19.080328370553,35.7865710578724,44.3417781866569,48.2395662123947,51.38938064719,7,23,37,44,58,72,1.13171057406862,1.18140339294453,2.60009868517154,3.25468774053434,1.77733771528103,0.0459014470293517,0.0184691072909939,0.185808803269974
6.4546093364999,18.8015842950346,31.678988066991,39.7347990986579,43.8583906492991,46.6978431117142,7,22,36,43,57,71,1.12871087104872,1.26593943539443,1.55584378308792,2.48864112942404,1.61769647967776,0.0574687388370094,0.0114645620594699,0.150939523226272
6.39095933481491,22.5787534186546,34.7210870861576,41.1888448303758,43.4764331843797,46.2190189905032,7,22,35,42,56,68,1.11011830208363,2.24252283943872,1.54347790722964,3.32992058398764,1.13256069127791,0.00397395305517112,0.0269719483475924,0.0442606178391948
5.75586355408031,20.5240969132936,32.3681965575002,38.0477043616839,39.9451827001975,43.0664062590831,7,22,34,41,54,66,0.928843489053525,1.86305142646256,1.64936211952721,2.94093987307781,0.907603859432503,0.00297059074775474,0.0441341838293997,0.0349785718211026
5.50266821576339,19.2493245780404,30.3689036560713,35.6045492512236,37.4872519500963,42.1556142962335,7,22,34,41,54,66,0.858906532995212,1.60267291495366,1.4568608770691,2.49207431140462,0.786744534892295,0.00285817366980141,0.171383733650189,0.0657846093976915
6.92116879715392,18.5671786484129,29.095303727597,33.946906689935,36.1934047683735,42.3854725303582,7,22,34,40,54,65,1.26714286348249,1.10716278129272,1.3048441866104,2.2193966895299,0.861002997157908,0.00362220594430415,0.474343407029927,0.159216998847609
4.99256787933669,21.9814952263994,32.1485477954718,37.3311302186173,39.0159749944601,45.0240579878053,7,22,34,41,54,65,0.72258018141683,2.46472780765772,1.21449977440369,2.89045065380196,0.772609770662254,0.00163722822432462,0.440776698487292,0.134797503095129
5.49536755901114,22.1975120718046,33.8433204748957,39.0606075884135,40.4730476040311,45.7253236741889,7,22,34,41,53,64,0.856911277708972,2.38456214410884,1.59602564671151,3.28707938343827,0.781846363124234,0.00145334244608864,0.313674190099187,0.106462797158918
5.55314906382857,22.0779008826247,33.8025953686752,39.0755109685497,40.4046340112944,46.2157857052977,7,22,34,41,53,64,0.872736136089022,2.33531828199039,1.61718730971524,3.27736291760693,0.796713956820314,0.00108123531125026,0.40594773631403,0.134644443203912
5.61416112170299,21.6780962567147,33.7256024895062,39.0609016812226,40.3176431913462,46.795157910351,7,21,33,40,51,63,0.889527640988602,2.41547675119279,1.70456294553029,3.42824711968682,0.813476754348073,0.00186165429403948,0.429086193654661,0.175215557332213
5.67734385932637,21.7367987010205,33.6697353336786,39.0280644223124,40.2501004529111,46.6024990328746,7,21,33,40,51,62,0.907003765853074,2.41420078328812,1.67341081744314,3.41462348491711,0.8196886884585,0.00164169690456409,0.5043768903936,0.198823957928713
5.67588724415142,21.0155651818531,33.3137135694189,38.6573087112361,39.7894659838934,47.075376001168,7,20,32,39,51,63,0.906599882784372,2.42538873940654,1.7732428086592,3.50151439393139,0.815712987911014,0.000486647176327406,0.575622824481427,0.19000144103325
6.91795407863398,18.8237322903378,34.3180866775787,39.9427139697076,41.3070519025829,48.0442184200479,8,20,32,39,51,63,1.06477522820639,1.6660489271656,2.70380917932781,3.75301808162783,0.892416454181799,0.00122850499799653,0.474273087444341,0.187569067762993
6.53857994611207,18.7217731713828,34.5374491339336,40.2159094212141,41.8335415470511,48.2926804834781,8,20,32,39,51,63,0.96168901816527,1.74165421303645,2.80216752806342,3.80861853753766,0.907313354885822,0.00276972125540386,0.425958881576074,0.189559817402974
6.38839344714696,18.6596712408963,34.7506216725267,40.4588524111154,42.2839932554604,48.5475896782008,8,20,32,39,51,63,0.921673940342971,1.76584564122682,2.88702981807649,3.86287455187688,0.915578817646142,0.00482441507592435,0.393273776307092,0.192436609434862
6.28522449150964,18.5937173327179,34.9415240171457,40.6781579297914,42.7207564032558,48.7986617880585,8,20,32,39,51,63,0.894460226269342,1.77609268268687,2.96669724674393,3.91164820976359,0.923482583781789,0.00795509388163814,0.363262580037783,0.196628596942753
6.19509439439168,18.5287179778363,35.0980771600436,40.8650689771412,43.1528262009305,49.0357143624194,8,20,32,39,51,63,0.870873644060923,1.78302114408691,3.03577920904618,3.95177573448962,0.931949483184545,0.012924841038269,0.332856135684669,0.202319433829601
6.11000672775187,18.4677398339403,35.211041046393,41.0118365433232,43.5767819500833,49.2503196072061,8,20,32,39,51,63,0.848770914331832,1.78967469581704,3.09024685138959,3.98080255940445,0.941400560244094,0.0206797147917625,0.301523980079748,0.209639798546922
6.2751045020197,19.107263733368,36.6596835579018,42.525037140674,45.5109917849313,51.8199860984957,8,21,34,41,54,67,0.891803072237503,1.72462082736314,3.08839427926206,3.97953616172667,0.959517170337548,0.0235723766136924,0.320814722190855,0.220984440361389
6.87919052910631,19.2499748201815,36.9603663368302,42.9526011317571,46.2172007483841,52.4425523085102,8,21,34,41,54,67,1.05411507140712,1.6028388899083,3.13705794235682,4.05573002874533,0.995374500397759,0.0339714363857323,0.308850299915044,0.245043368287883
7.5095371500794,19.8474440001092,37.9582192619475,44.1325217605787,47.7826992591036,52.738323660993,8,21,34,41,54,66,1.23080269617028,1.59425679243217,3.26111789521684,4.31151334855535,1.04739139734038,0.0525580763141577,0.20499180103807,0.228704655433029
7.85175800993776,20.5793092018821,38.9571710265767,45.4673325217962,49.6581423745251,54.3145862846713,8,21,34,41,54,66,1.32951551646785,1.69679220202051,3.34443434380431,4.57191767605684,1.14499739443527,0.0873100382769101,0.170054094919855,0.274473259438607
6.88647009315134,22.0742514815717,34.1966213167026,39.8322765552756,43.4363159496632,47.9763550019626,7,19,30,36,47,58,1.25672246804054,2.61069213118347,1.9303341368207,4.1001202272181,1.09504349927076,0.106798160264098,0.211477524199389,0.311611095626897
5.96560513300305,19.2716777608712,31.6580644003098,37.1341284260933,40.6181661819356,45.193758264932,7,19,30,37,48,59,0.987821584069933,2.05632415010661,2.00696707182089,3.4452670990672,0.851641561060276,0.0960082226586609,0.216139573890403,0.245763749385903
5.86976280892087,19.0731561652578,31.7018871678078,37.1199456713028,40.5218696482388,45.2330388649335,7,19,30,37,48,59,0.96075768875676,2.02700613225509,2.0779321440079,3.45629273006468,0.835858427516414,0.0889817531045523,0.234354173572955,0.245389062300966
5.92142337293524,18.9898774872993,31.88371533215,37.2893902513687,40.6532288056002,45.5614735089899,7,18,29,36,47,58,0.975322154867077,2.20815328647715,2.15622183787745,3.68770054698739,0.832499067273218,0.0858216348649843,0.262039801672287,0.257643667616942
5.99530800547942,19.0790522898005,32.21342755453,37.6087809832125,40.9908479993984,46.1125494124668,7,18,29,36,47,58,0.996247069377563,2.2127141543749,2.22783212544422,3.77336769794173,0.829701858414268,0.0873263040005474,0.293593723375093,0.276775021519689
6.06929455289318,19.1369099842192,32.5037441078141,37.8903460864316,41.3332257700028,46.6846623972267,7,18,29,36,47,58,1.017310874529,2.20790318024579,2.29754160050878,3.84925120044024,0.827332112308459,0.0924499783548074,0.32930813761667,0.302217006905876
6.13868099224375,19.2070808356167,32.6075776126026,37.9586103079046,41.4974337794309,46.9833522930678,7,18,29,36,47,58,1.03716324671266,2.2081371019622,2.30767649836215,3.87649286119729,0.817719234907647,0.100857684375436,0.351029766787218,0.320517719432012
6.21083833445346,19.4144238252814,32.7781833820615,38.0453364452097,41.7194989465025,47.2012251393331,7,18,29,36,47,58,1.05790741198653,2.24853568762186,2.29661643473165,3.92136769703529,0.795170300545555,0.113388145299854,0.35034372569763,0.325043786684861
6.32122533228828,19.6455306575278,34.0260139400935,39.2272022039718,43.0461896450441,48.820701277766,7,18,31,38,49,62,1.08983327394138,2.28475176550217,2.15018892442915,3.86372225395346,0.777557951855761,0.127657554333869,0.248009753478122,0.268760332021652
6.44586757510297,19.8815541631723,34.6642986289678,39.8374135309277,43.8195213170961,49.6563141813417,7,18,31,38,49,62,1.12615301993463,2.31828190811883,2.2646059759262,4.02899892471817,0.770095228951817,0.144780334642923,0.256040344632852,0.285568473580254
6.58323679270776,20.2566093248403,34.9749471956715,40.0567781518566,44.0362507278744,53.9198846133844,7,18,31,38,49,62,1.16650425764853,2.39019844758074,2.24618756509011,4.11013338741665,0.745966847718172,0.144494965512099,0.994960016970835,0.735552919061492
6.70727244250001,20.8260000885787,35.7258909718245,40.6384098945451,44.3586667446835,54.8226339027575,7,18,31,38,49,62,1.20322082305374,2.52623871266662,2.29820119788276,4.30808940028153,0.701786531730216,0.117833731448556,1.1286239336529,0.756863358547646
6.82927651103654,21.2719626614837,35.9330711702595,40.6892155045896,44.2309632067197,55.2198066198133,7,18,31,38,49,62,1.23958917182373,2.62620935375454,2.22985293737174,4.36314905542673,0.661670164418377,0.101120150870203,1.25407878194812,0.78392241466043
6.9458835475932,21.5883431815676,35.9755580453942,40.5821299078183,44.0264590382419,55.5553800816086,7,18,31,38,49,62,1.27457675165654,2.68826611937445,2.1520913553526,4.37446362839513,0.623946410624291,0.0925740473017658,1.38735004802274,0.826499371441219
6.957598308207,21.4589101460134,36.4496339062858,40.8940134263606,44.3157418334596,56.418620357983,7,18,32,39,50,63,1.27810381062953,2.64438877673112,2.11481316226747,4.30292889809,0.583789491499947,0.0906497957048816,1.53329088390573,0.884572093296379
6.97984937296275,21.1838211406063,35.7964231881102,40.1719822964162,43.6646785656063,56.0124558998019,7,18,32,39,50,63,1.28480912437558,2.55246339201516,2.01139689958398,4.13217383019017,0.566995290767121,0.0967660648875103,1.59683194379284,0.922330812412138
6.96689860073135,20.771374776904,34.9004816215188,39.2537893850172,42.878312673125,55.3458590648232,7,18,32,39,50,63,1.28090547994878,2.43007407331698,1.88121542966845,3.90114756348186,0.561597343037797,0.108701532613537,1.62817231994444,0.957994002196636
6.92404321324973,20.3146997343908,33.9257554394394,38.3077222269861,42.1221720348071,54.5944136950032,7,18,32,39,50,63,1.26800694969531,2.30471282848745,1.7444304353562,3.65416900972346,0.568552649434117,0.127197075217648,1.6294044389633,0.993270260199633
6.88248854160915,20.038608937293,33.218461997222,37.6498654039931,42.412897818132,55.332040397316,7,19,33,40,52,66,1.25552800692195,2.01354352943172,1.63283264388369,3.30518136650161,0.580611575538359,0.182129908622667,1.56640352350444,1.03779115130452
6.87308312479769,19.9405667759081,33.0064335582785,37.897310263589,42.7835585493597,55.704515265648,8,20,34,42,54,68,1.05243807760406,1.98836168373482,1.60368989230705,3.08921685655627,0.551789466897336,0.196603208936587,1.56686296899045,1.03818252619119
6.82225835884996,19.7570737949603,32.8465559273,37.7603776414423,43.2173647923435,55.8279421677212,8,20,34,42,54,68,1.03850976462453,1.95081964407063,1.60971505913153,3.05185711019904,0.556999771004149,0.270588014109306,1.48884093144237,1.08282007100464
6.74033158226896,19.487449598345,32.7418382046842,37.7142625409294,43.8280055030371,55.9390934406661,8,21,35,43,55,69,1.01616192133922,1.7019880046638,1.65197110558868,2.87047544675931,0.570379826344371,0.36897518829153,1.36583467184351,1.11736639363588
6.70284866757778,19.0984459546815,32.8185253322559,37.7855745374778,44.5308925812026,56.1510126106638,8,21,36,44,56,70,1.00598068643962,1.60932452411215,1.59605463934385,2.73653733915832,0.569148262483778,0.475721373437899,1.24817346279469,1.13924046285724
6.66288440189391,18.8530371896266,32.6849035582177,37.6657761260678,44.6575482368301,56.1058455115799,8,21,36,44,56,70,0.995155758386006,1.55585034226266,1.62394731958559,2.707061347015,0.572317260859684,0.520337825653509,1.20779561613379,1.1536442046569
6.63330777798542,18.7741681577061,32.5716870156223,37.5430013715561,44.4823446923824,56.0294129995827,8,21,36,44,56,70,0.987164780806017,1.5430971673502,1.61536168007879,2.68217005809145,0.570125433634501,0.510713622805531,1.23095458104945,1.15965626628266
6.60533858114356,18.698319005125,32.3225517405847,37.2951704561645,44.2323592247167,55.8857248212013,8,21,35,43,55,69,0.979624100479589,1.53073831248061,1.74787365965136,2.77599077456621,0.570424379309226,0.510319636796673,1.25603491996542,1.17696284831829
6.58050398637576,18.6275943325318,32.2240406305308,37.1845616623058,44.0640417272063,55.8263966990276,8,21,35,43,55,69,0.972941652086502,1.51891997280637,1.74061516829626,2.7539423366097,0.56765367974933,0.499811806655788,1.28191676935344,1.18342092429837
6.55927720471862,18.5626950000437,32.1295148864573,37.0772191345,43.8959799839882,55.7700128790514,8,21,35,43,55,69,0.967239827461739,1.50769731366793,1.73288545237217,2.73284037901032,0.56472309942205,0.488849925062599,1.30860925802568,1.18972148758953
6.53957627915261,18.502289720296,32.0406036771282,36.9738202450242,43.7333976962177,55.7218536923064,8,21,35,43,55,69,0.961956026087742,1.49725911653041,1.72545728777536,2.71304075991341,0.561416448642254,0.478259126648414,1.3361360031388,1.19646851259076
6.50995369270721,18.4406533753284,31.9677873322151,36.8936314788699,43.6253058595024,55.6869644347525,8,21,35,43,55,69,0.954026088539463,1.48906432653078,1.7225464413456,2.69686080748329,0.559736221098586,0.473298300982295,1.35383966814092,1.20276200709401
6.47684745994196,18.3752264705138,31.8820302715825,36.8180735925398,43.5176829107019,55.6391627508446,8,20,34,42,54,68,0.945184838661852,1.66404472445733,1.71725682195542,2.82956699774784,0.562061123743508,0.467623332283745,1.36836062762191,1.20907384504793
6.45144582370909,18.3346191487291,31.8099652747715,36.7603303093508,43.4290255428428,55.636548536633,8,20,34,42,54,68,0.938416471472448,1.65992803953747,1.70908110516316,2.81317644929511,0.56533108489412,0.462178332902908,1.3893302394845,1.22065850191245
6.45034170328566,18.3648071598527,31.8364419458848,36.8995583673166,43.5001761685889,55.8367989547447,8,21,35,43,55,69,0.938122577195215,1.4849137343385,1.70811727639274,2.66775684296758,0.591289332548263,0.450279222480397,1.4209759729461,1.24984326065348
6.44981354291795,18.3759551800886,31.7314826925294,36.8767120078262,43.5054332889607,55.9553308767444,8,21,35,43,56,70,0.93798200065119,1.48789863434429,1.67804300195902,2.64457519333052,0.610429123850988,0.368425775555444,1.44892071858703,1.18830015668865
6.45022766175316,18.3852458456503,31.6704993564611,36.9158909840948,43.4750618896204,56.0580539160287,8,21,35,43,56,70,0.938092223112778,1.4901690015612,1.65991509620313,2.63113721492484,0.634037679288488,0.35781974447894,1.48196429940851,1.21516926579375
6.45177678460044,18.3856361127622,31.6305120796533,36.9890821311198,43.5054171698931,56.2323217561172,8,21,35,43,56,70,0.938504571420709,1.48987254224414,1.64952496445587,2.62233823713163,0.661051349855358,0.35135577234504,1.51794404776014,1.25071013504343
6.45431949548604,18.3781858497451,31.6068256814291,37.0837067284984,43.582309350565,56.4615433754142,8,21,35,43,56,70,0.939181502692864,1.48731684402385,1.64535231839636,2.61713082512131,0.689661715772503,0.348695257148551,1.55630638797193,1.29320364639264
6.45716702570596,18.3643246996649,31.5950893619684,37.185150256506,43.6940212822176,56.7352949306581,8,21,35,43,56,70,0.939939743369697,1.48304645974258,1.64589822095503,2.61455189940033,0.717376431029563,0.350234799520332,1.59742226514866,1.3418647763209
6.4775534625171,18.3893269713084,31.6381905661264,37.3149594615731,43.8845692179317,57.0823410425647,8,21,35,43,56,70,0.945373146298582,1.48422581197317,1.65055024136526,2.62402708122231,0.738831155577052,0.359402883695546,1.63742774702236,1.39446734245913
6.42861704819604,18.4467379504453,31.7725284811754,37.3297879112893,44.0273288538763,57.4028956362614,8,22,36,44,57,71,0.932345072559813,1.34330158562993,1.67036513600746,2.50868839573553,0.70931007881907,0.379054188668525,1.68322268305023,1.42709441976332
6.38879414462085,18.3893920880493,31.7192378077721,37.1978888497523,44.0164043517363,57.6050975515051,8,22,36,44,57,71,0.921780076037613,1.33906745993384,1.67141156006394,2.4972605772013,0.690092568733009,0.398055878347909,1.73859139584862,1.47234599803262
6.38366492335947,18.3418188917006,31.9309190427651,37.4534098732675,44.4893116824546,58.4712737095371,8,22,37,45,59,73,0.920421716808301,1.32882884955319,1.56355849310712,2.40274433321882,0.70079029315575,0.352249970343407,1.8420724695498,1.48033525951439
6.39853585070036,18.3158294140399,31.8709259968948,37.2814285575874,44.4268859362011,58.6311612215576,8,22,37,45,59,73,0.924361472913795,1.31899541720956,1.55515520850558,2.39018918306471,0.673563730043362,0.368282092533479,1.90129855778196,1.51938033196639
6.42243006097853,18.3098856218162,31.8121349211291,37.1094517396931,44.3531222063397,58.7597016624716,8,22,37,45,59,73,0.9307014897703,1.31182906351641,1.54212236194333,2.37790786363557,0.646387465649493,0.382925989668174,1.9556368310719,1.55296058407927
6.98682009895752,19.0808132979872,31.7413578918465,36.4630765118902,42.6467499319592,59.4871180788106,8,22,37,44,57,71,1.08378265024385,1.36168259784824,1.33919198786318,2.36315206913208,0.652930480248955,0.302966191939622,2.63906454615503,1.94273539364995
7.16572072812592,19.7401053429262,31.8678755832697,36.4821554115127,42.5230752404001,59.2515939135311,7,20,34,41,54,68,1.34112322921195,1.65627307072905,1.36989033249651,2.82634520468784,0.625874504529436,0.283208383523705,2.60656059795514,1.87078966358433
7.18624322116681,19.7564708559303,31.8841694045336,36.5134501352557,42.5620760475003,59.2851918417037,7,20,34,41,54,68,1.34737351222552,1.65517718082138,1.36987289546762,2.83005399587218,0.629631903288686,0.284259160377603,2.60499295286275,1.87420575796608
6.51855680671229,18.2088802420326,31.6016882701571,36.3795233639732,42.467726688287,56.1861318225707,7,18,32,38,49,62,1.14746345752437,1.80652338414329,1.68768279813527,3.08504509171565,0.839668865889739,0.455274193302496,1.96520536860675,1.82084396674018
6.59322480511551,18.7628226300569,31.3885636473908,36.3935961737077,42.7962014367026,56.6508936223256,7,19,33,39,51,64,1.16945108257753,1.737928251537,1.49262507021362,2.87289232311918,0.905777717854847,0.416397238567385,2.00293189252152,1.82860232616788
6.66818433959014,18.8297031601588,31.102326235772,36.4056707381042,42.6440869458834,56.9473686292961,7,19,33,39,51,64,1.19162174692846,1.73571511672665,1.40526073284919,2.80701957112827,0.994305893810778,0.389144810494403,2.12840118237924,1.94787523647404
6.74468716607563,18.977077741099,30.8228221001174,36.5297877027005,42.5673896857093,57.2408848633954,7,19,33,39,51,64,1.21434747487563,1.75515485904575,1.30183158370403,2.74317273178499,1.11693270270939,0.356884056978153,2.23338588026184,2.06774443508611
6.88784969056278,18.8401968166439,30.3534882895772,36.2953112386876,42.2678877549035,57.0931159119862,7,19,33,39,51,64,1.25713640555098,1.67867780064106,1.22301900743911,2.6370426156246,1.18966375255758,0.346696301625138,2.27677536535366,2.1360988425338
7.36331667395163,20.6720041687344,31.6950139102958,37.8017801228454,43.4740725019877,58.7110737237545,7,19,33,39,51,64,1.40156346699952,2.05707213333808,1.10972584611695,2.9439551605921,1.24130597811887,0.301341750894881,2.39554639698138,2.19546905630343
8.06142616138985,22.0034690504194,32.9160422264273,39.0839975987681,43.9342274392912,58.8038167301333,7,20,34,40,52,65,1.61947472371312,2.02720964590084,1.08470969442067,3.06807685849681,1.2605769317491,0.192315838836008,2.28949965860882,1.95672716530151
8.19308913342382,21.5286148140276,32.3368824164108,40.2593608505392,46.6019509787854,58.7787556939175,7,21,35,42,56,69,1.66128260473425,1.67287756587786,1.06125774905972,2.77920303127032,1.57558841432551,0.258494775053252,1.55239389565292,1.6883678911642
8.20135523966902,19.4795513508311,30.3238692415996,38.3401449497156,45.1303741916979,57.7533457058044,7,21,36,43,57,71,1.66391448374993,1.16824607429702,0.934674544613499,2.20454248581437,1.60518729537569,0.317483623004035,1.49193371656451,1.75727477990507
8.20111170121542,19.2217693826555,30.1409891596898,38.3046458297366,45.2953504251028,56.5674188352296,7,21,36,43,57,71,1.66383693070541,1.10919108446953,0.950352875756907,2.16713521137798,1.65191823094843,0.345730047143583,1.1668293375471,1.56991012778037
8.19409606863193,18.8308933977568,29.7959990263297,38.1297271667293,45.0331666042915,54.1385998198884,7,21,36,43,57,70,1.66160316255247,1.02308148563873,0.96000345646477,2.09719412415139,1.70617313465512,0.333298834350263,0.824848191827222,1.30814250533497
8.17987458489818,18.4306180783244,29.4201813072539,37.9293144251076,44.6633995905495,52.9584883045117,7,21,36,43,57,70,1.65707689539729,0.938898980277259,0.9651614466352,2.02194845084505,1.76248699346851,0.309772539747179,0.660107062680682,1.17287207626199
8.18425321605337,18.263618383647,29.2261481766015,37.8491598688779,44.3894817639281,51.9141742710858,8,22,37,44,58,71,1.42713663594999,0.90234044558618,0.959460796275346,1.86060616109525,1.79923622177705,0.283843266674791,0.516726693374268,1.03661292296763
8.1657408024726,18.0394420011621,28.9695737330915,37.7185251854079,44.1320521637576,51.0106726607722,8,23,37,44,58,71,1.4216589147388,0.740314732899987,1.08867436781922,1.81185299493448,1.84004575457043,0.267457799079624,0.407645815688087,0.937798489432253
8.14003728551276,17.7316737374033,28.7175528280443,37.6001003319491,43.9779076420254,50.3845362893613,8,23,37,44,58,71,1.4140615250598,0.687085307050065,1.10129384672455,1.76444266273569,1.88352456348894,0.262926130932557,0.335040795586715,0.8826398980611
8.10723604606463,17.461895535448,28.4851712595989,37.489751328906,43.916282315189,50.0275400254153,8,23,37,44,58,71,1.40438002055994,0.643573314768632,1.10978632498211,1.72115198259828,1.92340535682254,0.269116829807003,0.2928664649372,0.864597133594227
8.09800928207305,17.2842293330407,28.3728246583139,37.4708264582143,44.0936952357223,50.0732725405517,8,23,37,44,58,71,1.40165948387131,0.613337521941118,1.12467159059779,1.70037062415502,1.95404031766115,0.294759246430644,0.274908745091348,0.887513435676094
8.12263462656012,17.1964271228949,28.3828213998576,37.5441917605531,44.555077195015,50.5184657964499,8,23,37,44,58,71,1.4089230795984,0.59348348877986,1.14708019117572,1.70221584592198,1.97487080063516,0.34863439895469,0.272737699333865,0.95197074786203
8.14358545890525,17.1440072244307,28.3668259599607,37.579736751815,45.0717362403526,51.1172068092372,8,23,37,44,58,71,1.41510972191468,0.580670191661968,1.15546309982294,1.69926373978993,1.99184291156604,0.421075115346747,0.28382868872072,1.04636240917337
8.16062029900704,17.1613420561685,28.3236158686528,37.5748022496354,45.615208250025,51.8173689836091,8,23,37,44,58,71,1.42014465144342,0.580722348818619,1.14154000104054,1.69129877372551,2.00446406236786,0.510795334208641,0.30556982305106,1.16555724280281
8.17358425937261,17.3090910379292,28.2603727726812,37.5352459233952,46.1593321824514,52.5706389642388,8,23,37,44,58,71,1.4239791524636,0.604349104384924,1.09345637657206,1.67966709394178,2.01228189026931,0.614047456671162,0.335729412548782,1.30258838020923
8.18232952483276,17.6224941838817,28.2020167593453,37.4842437154688,46.7628664458969,53.3446243506019,8,23,37,44,58,71,1.42656719841322,0.659143413594172,1.01043582792304,1.66896172633639,2.01471014016642,0.738579510891525,0.361249141038877,1.44855607955571
8.1867038866425,16.5490758769797,27.7778599326992,37.1014986739482,48.1965522021166,53.5912891431572,8,23,37,44,58,70,1.4278621426629,0.474199066769869,1.15683789032458,1.59195092960617,2.02839433787164,1.12614686367384,0.261979447974545,1.68781123744233
8.18622005520583,14.8876260150474,27.5429955374961,36.9575174134566,48.3798171336844,53.877700864898,8,22,36,43,57,69,1.4277189004074,0.305324903547068,1.50002725216563,1.6615838183246,2.05848435908192,1.20172349357359,0.276313325623364,1.78902229887322
8.18096047235272,14.7488294947197,27.450279840052,36.9073690908578,48.6227775007935,54.2071670814527,8,22,35,42,56,68,1.42616197329441,0.28746442892477,1.68986819827452,1.76124527645733,2.07260506859426,1.27074781443057,0.288604156973343,1.87257796020971
8.17047233934836,14.5999886967291,27.3402662536066,36.8297118048915,48.8512633328639,54.5217997871248,8,22,35,42,56,68,1.42305848440341,0.269498393732633,1.70017107964466,1.74028654040787,2.08335003113996,1.34413102414095,0.301084879805463,1.95801354280929
8.15408170272175,14.436819771034,27.1973984139836,36.7070001838512,49.0581488919204,54.816790124051,8,22,35,42,56,68,1.41821156830331,0.251047319115363,1.70556490822652,1.71321022314678,2.09004856580243,1.42455024955062,0.314094578857301,2.04753253126846
8.13055465229187,14.2475672127198,27.0016074576238,36.5170804914408,49.2373858573565,55.0833380986138,8,22,35,42,56,68,1.41126106710495,0.230981089300008,1.70382719503891,1.67636583359181,2.09200048858089,1.51628854351666,0.327228470219096,2.1435867724235
8.09653478035005,14.000167012628,26.71423469171,36.2154869948113,49.3637584342089,55.2814525509532,8,22,35,42,56,68,1.40122483742871,0.206364891814726,1.69321433117419,1.62284243545403,2.08727331481227,1.62474294361748,0.33819786122937,2.24609679028458
8.03465832177534,13.580058863865,26.1764436811777,35.577127185815,49.1718183674445,55.0518679933227,8,22,34,41,55,67,1.38301376448236,0.168201538571472,1.8558819661547,1.63823425123396,2.05389754361107,1.74015697619568,0.332422149349618,2.31202835791695
7.93261411739946,12.6136545020506,24.9710679543212,32.7437442868564,45.780373852323,51.164191408277,7,20,32,38,50,62,1.57878144613614,0.127796761654382,1.78958643788423,1.64625974605396,1.78478944147213,1.97961464197432,0.260482691991012,2.16001128571428
7.97597265459558,12.4832301365737,24.1490730993767,31.593794453869,43.7400058829776,48.7503286107462,7,19,30,36,48,59,1.59245546520847,0.153854610755368,1.79956933508226,1.73262121528678,1.67501310567962,1.73152391163088,0.276929504995443,1.95894098277851
7.99074211522072,12.552971649863,24.3753921607358,31.6173328748984,42.6651237989964,47.4418363601712,6,18,29,35,47,58,1.85843437471739,0.159727742220629,1.84416257513687,1.91119047417242,1.60775921138628,1.43815440638486,0.243404655808896,1.64281065873583
8.02688449768573,10.9154758798045,19.967944740467,25.8311423336425,34.3108357703341,38.0687736106919,5,14,22,27,36,44,2.17442940394888,0.118047844883311,1.68923519868822,1.95862060568081,1.41189258173014,1.30666193579149,0.316837696422582,1.5392712490562
8.07867744698098,11.0514088154431,19.9221817211514,25.7781826685512,34.5804232979185,38.2831104644414,5,14,22,27,36,44,2.19321737075949,0.127631600162218,1.63357972839662,1.9479511407088,1.40944376344923,1.3974015860974,0.306631429349323,1.59563895396195
8.12818626002102,11.1391344853594,19.8446078063122,25.6926487340496,34.7294651033738,38.4230908289232,5,14,22,27,36,44,2.21119624946239,0.132105608549463,1.58330442545665,1.92990783470978,1.40673600187451,1.46434117444356,0.304969940715125,1.64331627914983
8.44638452424616,11.8330394958151,20.3785754117775,26.4407335385112,35.3645089006266,39.0197927872959,7,16,24,29,38,46,1.74230060995581,0.179990661294495,1.53499502766103,1.75182835714107,1.47986377691069,1.43198629600839,0.297978705690036,1.65715288677389
8.37804336045965,13.1719058155444,21.2804117129908,27.3272810924478,36.4836556019727,40.1665561805127,7,17,26,31,40,48,1.72036678113333,0.321138932896485,1.20421865206539,1.66809839744476,1.47462246853497,1.49875356217147,0.303007945849278,1.71154640668873
8.38781566016771,13.3005584305403,21.8642571337311,27.9068940417649,37.3284532746473,41.1283346211008,7,17,26,31,39,47,1.72349983269921,0.341096798044371,1.33014478442175,1.79144674239861,1.47317201348281,1.80350479763873,0.324671653087742,1.95199327692458
8.44453467308665,14.5495608953189,22.277330109937,28.3369656694346,37.8138444307939,41.4357423896574,7,18,28,34,42,50,1.74170619461836,0.458341861963362,0.934363416914828,1.61146356444451,1.22650394434347,1.82076662075323,0.291942977914748,1.77269689895404
8.51924198104804,15.4446643108402,22.1192437118843,28.2151118294345,37.5798742033661,41.0030003193621,7,18,27,33,41,49,1.76574325101114,0.617340040930436,0.831404939164537,1.70918266093866,1.23788006392329,1.78581792089296,0.257032833030211,1.71101326985876
8.59240042198568,15.8264979177459,22.2160488804775,28.2885081867014,37.8674442835268,41.2306627407638,7,18,27,33,41,49,1.789343467933,0.681603094076266,0.762307875820393,1.72931979627758,1.23052782815813,1.85270191472998,0.246865192445682,1.74031129282728
8.67166186984713,16.0188848692874,22.2947385434842,28.3185194986355,38.1585929035237,41.5390575911953,7,18,27,33,41,49,1.81498012546917,0.705716797059764,0.735271999593566,1.74574997407231,1.21526770348764,1.93493123269908,0.24977506858165,1.79213846071915
8.7525000953296,16.1474952926171,22.3308583790066,28.2796212797359,38.4181837769282,41.9007920412971,7,18,27,33,41,49,1.84119817415611,0.715987816877775,0.713508622274725,1.75331003150753,1.19182744159499,2.02979585253756,0.267292558718849,1.86645701962909
8.83179962854935,16.4052811497718,22.3904934430226,28.2622670584558,39.0166400412636,42.6318023358406,7,18,27,33,42,50,1.86698614843228,0.754814956704049,0.667598372377089,1.76581708850192,1.16787020804588,1.97578760681377,0.290731154980823,1.86770769913953
8.90754156794426,16.7852485060983,22.5620408818787,28.3778767044136,39.2075941971035,43.0924140393487,7,18,27,33,42,50,1.89168001355975,0.822588513097884,0.620402074679902,1.80196869027972,1.15052776796053,1.99898875479284,0.340759103717345,1.93351243854365
8.9652562085694,17.1243725251023,22.8088450107028,28.5926319422127,39.4688211453815,43.5899923959725,7,18,27,33,42,50,1.91053714298773,0.886987242402503,0.59986852610978,1.85442649063875,1.14061628906779,2.01332792875586,0.387043836469557,1.99119898893766
8.98042754372046,17.2600558991126,22.9914262993958,28.7631666007871,39.614997308206,43.8193894739986,7,18,27,33,41,49,1.91549985877299,0.915046856316617,0.610270325785855,1.89356825334506,1.1368954227455,2.25999681129203,0.40385326141806,2.16251833508123
8.99208178495398,17.3962477890825,23.1679074332182,28.9277650330097,39.8855537974457,44.1820658339211,7,18,27,33,41,49,1.91931371831883,0.944337665272288,0.619254369164911,1.93166873760256,1.13322771230543,2.29459101626317,0.422759438099001,2.20748491174789
8.97789733405242,17.5277457028871,22.3339687620724,28.0330192158066,39.2609708557078,43.8346709731616,6,17,26,32,40,48,2.19766276026842,0.978972160948795,0.417072774977414,1.89287617465186,1.11449852710386,2.3832347335894,0.481466917008073,2.32631231385076
8.98225279271988,17.6470618060801,21.3571294080575,26.8072641436248,38.0966258444597,42.8063574086455,6,17,25,30,38,46,2.19917901428607,1.0065786608201,0.307987285810156,1.82271652651481,1.27251082340806,2.40346995758202,0.51123122444443,2.48964926207375
8.98181269871653,17.7285336151992,21.5275615268067,26.9590832894116,38.3711679313959,43.1932645343139,6,16,24,29,37,45,2.19902579826387,1.19291255329898,0.3245115216424,2.00859697685393,1.26628869863994,2.44400141416391,0.536268294929761,2.54498648048095
8.9759416015635,15.6854615645546,19.9362291317468,25.5947566118784,37.1095735872434,41.9754290436562,6,15,23,28,36,44,2.19698196865826,0.840001128777651,0.413332260623479,1.79907669253519,1.34252589148871,2.47802456814699,0.546126125960052,2.64127754322693
8.96370694362437,12.0210361849793,15.7530516264012,22.3636791223808,34.0726359768528,39.5437864648761,6,14,22,27,35,43,2.19272381282394,0.197643627262181,0.312033022430864,1.06441725575551,1.66976322256803,2.54254914591166,0.688267346673704,3.10579099329978
8.49215032808269,11.7348965895115,15.3364793894063,22.0769574691898,34.0277776725702,39.7127858651073,5,13,21,26,34,42,2.34393366178248,0.226932662194896,0.288294096916964,1.10085996583297,1.7152238599263,2.6233426495247,0.740879715514816,3.26553099309638
8.48020828417782,11.7616615062536,15.4646888354221,22.1759603087349,34.2546869655108,40.041658856224,5,13,21,26,34,42,2.33956304777748,0.233260967548499,0.306693869331218,1.12585843165279,1.7049828176597,2.66624698621474,0.766370511811973,3.32075131134974
8.46300749389675,11.6331654001796,15.4463165423762,22.1376610981014,32.8748771061179,38.8058315878977,5,12,20,25,32,40,2.3332695981662,0.300490819925365,0.327165379264067,1.24700003391934,1.69800085116724,2.50474759345478,0.802795744706083,3.1927288547477
8.54412150277248,11.7201447375134,15.0689766699508,21.7289269290483,32.558868947563,38.563226807984,5,13,20,25,32,39,2.36296614190949,0.216195586654817,0.336277491572789,1.16973895850459,1.68700963136036,2.53656887590887,0.998817674798297,3.44548013422437
8.90237509859891,12.2998170846033,15.6279558343061,22.4033469141729,34.1634277942496,40.2656534042761,5,14,22,27,36,44,2.49466978068516,0.181467178904893,0.24098961860139,1.0409748211003,1.72747768146345,2.29005240905527,0.846757738031294,3.13423591342865
9.1787370717212,12.6929340152785,16.2036979373913,23.355123852121,35.4791996013528,41.5839478825546,5,14,22,27,36,44,2.59684547787076,0.197799052136228,0.272205262365596,1.15051428261438,1.86024996071554,2.40607658748102,0.847410268880206,3.33496856723065
9.34870453395009,13.0281703353716,16.96546798944,24.3931982991078,36.6186783116971,42.6047856212357,5,14,22,27,36,44,2.65992224687383,0.2219911153399,0.350845265252957,1.30168922509865,1.95868156171403,2.4386001445826,0.816878523875835,3.40577363889345
9.42393622172503,13.2743445802417,17.6590832738208,25.1855002597895,37.2601306585871,43.1172587153044,5,14,22,27,36,44,2.68789724387947,0.248293733392896,0.441154258178451,1.44516167608859,1.99400676119164,2.39024913974328,0.784056904251518,3.35622498904654
9.4298187549549,13.4288621683196,18.1734093038496,25.6736762766691,37.3866329245192,43.1452719175755,5,14,22,27,36,44,2.69008608913564,0.272183101710334,0.518945836135498,1.55493034578756,1.98463786802,2.27511593499675,0.759261642336456,3.22415771567769
9.39149220918036,13.5273388915067,18.5835428467925,26.0636739178186,37.5610064131933,43.2735616361831,5,14,22,27,36,44,2.67582876208597,0.294979158859927,0.589687062840581,1.64443081152127,1.97742779819473,2.20702659373861,0.747741106553717,3.14826994667444
9.36024306410996,13.5521539581388,18.6458389040028,26.1451270092282,37.6698870468057,43.3418102725882,5,14,22,27,36,43,2.66421067015232,0.304539201916124,0.598391707217076,1.65817375535303,1.98428728150464,2.21566411851508,0.905500994327713,3.35361248005041
9.32423291730614,13.5590544152567,18.4679218290324,25.9762752076716,37.0617924436595,42.6931717221089,5,14,22,27,36,43,2.65082974485022,0.311940264610207,0.555873395397894,1.61902694987275,1.98753438016864,2.07818666506357,0.894281388405036,3.22412208592902
9.28633234076355,13.6070328244516,18.3216560104302,25.8339521938147,36.3797936199122,41.926002514158,5,14,22,27,36,43,2.63675480685264,0.326967809465724,0.512312783106206,1.58708338763933,1.98894688344207,1.91188167274936,0.870831392622839,3.05539447956685
9.25179379778922,13.7008337815816,18.2286534797215,25.7376945560594,35.6810759656257,41.1074358489491,5,14,22,27,36,43,2.62393600700003,0.349949932100937,0.471566612355992,1.5668857467075,1.98778073685694,1.72992151247645,0.838112400525598,2.86135649466561
9.2819725297381,13.8449494540908,18.2546127281165,25.7154555164276,35.2109236052698,40.6525646414906,5,14,22,27,36,43,2.63513628514222,0.370865959329468,0.446400932281008,1.57251446023319,1.97052461272363,1.59739350124058,0.842265719305261,2.73471431731585
9.3145210132568,14.0217695860543,18.3885427939853,25.7774386702057,34.6792013121282,40.2212970016111,5,14,22,27,35,42,2.64722225807634,0.39802175615962,0.43738606553786,1.60166408596372,1.94480455570128,1.64304345164426,0.86970302992464,2.7777895353916
9.34520168086082,14.2067560985641,18.2816166085143,25.5215556816362,33.7627362295053,39.5456460482699,5,14,21,26,34,41,2.65862053054617,0.427869054335571,0.495424361054689,1.72390523967313,1.89170468278443,1.44401167048021,0.936396927699752,2.62728639635919
9.3645252582287,14.0210479209677,18.271992452454,25.3785888524209,33.4394329270627,39.5284690428996,5,13,21,26,34,41,2.66580239827332,0.49951657569912,0.413368583062214,1.72171668004733,1.84434758556088,1.39071375501092,1.02294959696081,2.62530335300776
9.3647845914438,13.8026914774529,18.1618404207082,25.1363738373977,32.7981420552043,39.0663884046514,5,13,21,26,34,41,2.6658987981689,0.452372557073596,0.435790358995913,1.69673312901938,1.79761501695295,1.27448444318445,1.07448226702869,2.53337010519235
9.37923397967726,13.5799240063312,18.1707669679601,24.9915871142013,32.1016107171573,38.6935690743262,5,13,21,26,34,42,2.67127059089626,0.403099978982694,0.485184214103546,1.6987532681081,1.74344164446979,1.11800391241591,0.976022235176821,2.25690501862742
9.3440904498405,13.6010886569982,18.2195443623259,25.0310172978389,32.0700032657417,38.6705275752137,5,13,21,26,34,42,2.65820759469194,0.414611807680425,0.491192396073441,1.70980593144702,1.74015523248338,1.09823876872653,0.978327717941316,2.2391473672721
9.30959325679805,13.6278113312286,18.0294837796626,24.9086372507847,31.8905202274505,38.2668122875529,5,13,20,25,33,40,2.64539206079387,0.427259210770467,0.573350170748635,1.81994746337022,1.76397168431129,1.08241706228838,1.10584431301565,2.3616601473024
13.860694846121,18.2714041979886,25.6518267970918,33.2342670047867,42.4865819878126,49.7736074964635,7,18,28,34,44,52,3.60735081496256,0.194926109110507,0.850696741095268,2.33631195947386,1.72096395740228,1.32767214579126,1.16764121630438,2.62809493236326
13.8023405325197,18.2982340368889,25.6641664294311,33.232819868222,42.4487328517594,49.829225157065,7,18,28,34,45,55,3.58624986418075,0.20575568361309,0.847260259801859,2.33912576613662,1.71635412276182,1.14214562480437,0.850713283196824,2.15171197481217
13.7358794276991,18.2967274230109,27.7736454002267,35.3889819693552,44.5126304822023,51.8540761250228,7,18,30,36,47,57,3.56223761974709,0.214200372003905,1.04745635793241,2.51196551239657,1.73197208266068,1.11908928824043,0.841463055882078,2.13273016844042
13.6895060499705,18.3034252800413,27.7726088731006,35.3693317755319,44.3332849607792,51.6196921409713,7,18,30,36,47,57,3.54549581645752,0.221218934301817,1.04562856593357,2.51172901030696,1.72574188262548,1.07951880771761,0.828479133713651,2.08068117589366
13.7268262773018,18.3716977398402,27.8831774602839,35.4792749932462,44.3679679432367,51.6642939320858,7,18,30,36,47,57,3.55896840579741,0.225361245330216,1.05563640414944,2.53699781124026,1.72553263235598,1.06102086664428,0.830814281959047,2.06604493818884
13.7372274752537,18.4088457750465,27.9790361735197,39.8636247648416,48.6401814407478,56.1378785731289,7,18,30,37,48,58,3.56272445210591,0.228969622004863,1.06957822344842,2.55897096924277,2.90281298232572,1.03364180771756,0.878670450890473,2.92943388308024
13.7317515789027,18.4268216676271,28.0680069144246,39.9315981079132,48.61774806679,56.0781455259614,7,18,30,37,48,58,3.56074694844613,0.23215539505768,1.08651418016337,2.57941982082849,2.89544831777648,1.01172978618578,0.869742399742353,2.89310888918354
13.7164115652391,18.4322745516056,28.1544542857331,39.9985814711323,48.5913178528468,56.0195882754004,7,18,30,37,48,58,3.55520801039699,0.234997043710532,1.10593745577658,2.59933876607391,2.88862398830769,0.989243093042963,0.86207549739543,2.85782003557122
13.7132272696412,18.4483148615993,28.2638371793237,40.1211421526425,48.6184726340361,56.0186836077537,7,18,30,37,48,58,3.55405837664131,0.237638586732434,1.12845489837278,2.6246127506185,2.89324402430318,0.966441098832703,0.855396842818605,2.83106839725751
14.1963102614621,18.9584253213607,28.91954018434,41.9022306548426,50.3084679754753,63.2203638424441,7,18,30,37,48,59,3.72902394218314,0.241375304091548,1.16385640893949,2.77773790936772,3.29167039668821,0.944827320517094,2.1615790873729,4.32799361666378
14.8410145926083,19.6557180948895,29.4930072893553,43.8683428741455,52.1327786173483,65.1717253092864,8,19,31,38,49,60,3.61879587204835,0.248722692366869,1.1337260839034,2.75109311807523,3.79414102978376,0.911493924814223,2.19935770467762,4.70494950374108
14.8401395547744,19.7215391996655,29.6005065405874,44.325222167641,52.5680264127604,65.1931152651828,8,19,31,38,49,60,3.618487217223,0.258185703818549,1.14384030569755,2.77611665417264,3.92163415990889,0.906442896637987,2.07686131121,4.6811543640844
14.8535051995722,19.8083496493202,29.7979539425481,44.8555702578783,53.061738425372,65.5695168094512,8,19,31,38,49,60,3.62320214500235,0.268791235416701,1.17082305906497,2.8222646896726,4.04360355734382,0.897908961437603,2.04244070052848,4.73064055705114
14.9003260632326,19.9540703205367,31.2832482705338,46.2322653695984,54.4060844019205,61.8527648319868,8,19,32,39,50,60,3.6397260024225,0.283374707636898,1.33758624453803,3.00937792641168,4.00376328336956,0.890395387668043,0.866466306870591,3.5364847716929
15.0271810359515,20.2685038215577,30.3480468078017,45.5282800635523,53.7590772382806,61.2580976633324,8,19,31,38,49,59,3.68455037975876,0.31196747433869,1.19289946548584,2.95208690972837,4.08864490590982,0.903643118381706,0.878987719483067,3.624841814313
15.1600604019341,20.6165535887015,30.563633196276,46.061919961779,54.3546004025479,61.9290620118696,8,19,31,38,49,59,3.73158882427543,0.346226550293106,1.16042900288521,3.00345906526351,4.2057599982119,0.91810275722771,0.897134340219182,3.74394230886707
15.2975094691008,21.0030980128126,30.794974740613,46.6325529019565,54.9834364148902,62.6335468801539,8,19,31,38,49,59,3.78033532797495,0.387760600636739,1.12273740733156,3.05888887561627,4.33113238588102,0.931769662916746,0.915446364676842,3.86880759618772
15.436740475892,21.433254750194,31.0439518006299,47.2305928446926,55.6311839162518,63.3559294022733,8,19,31,38,49,59,3.82980601276163,0.438698849176941,1.07923088176428,3.11889044780779,4.46056798300733,0.943492748301966,0.933624636073562,3.99485281707606
15.5692588013471,21.9076525152886,31.3040806705189,47.8265785770464,56.2673545396216,64.0545773070866,7,18,30,37,48,58,4.23194831075143,0.501725031000828,1.02848497437299,3.35658516100315,4.58552312573749,0.953004077673568,0.948925867696853,4.11257523569739
15.700783143031,22.4404074327502,31.6030818699232,38.7398342962208,57.0540311951839,64.7946688661249,7,18,30,36,48,58,4.28053176460845,0.579782672665697,0.974026835894082,3.43144825381563,1.57306936323983,3.59074806975129,0.937509542396695,4.23190168152456
15.8067819587865,23.0200148283687,31.9325998643357,39.022922960282,48.3110547887805,56.3988419295624,7,18,30,36,47,57,4.31973464880289,0.677187963412445,0.916845116581604,3.51450755801671,1.55780145706829,1.1602902129753,1.02357902366174,2.2197144577522
15.8600822964215,23.628294318225,32.2864712617188,39.3335095085173,48.6847293292758,56.8787180204369,7,18,30,36,47,57,4.33946347210016,0.797969685272547,0.859870377402886,3.60434229761922,1.54359219674008,1.17620993142041,1.05035765362137,2.24836944460675
15.784987210419,23.9491638407979,31.3032010140313,38.3176735783727,47.7630608450404,55.9331011124637,7,18,29,35,46,56,4.31167053428999,0.888159762808999,0.707178673973777,3.53822690653369,1.5329175577565,1.20009082921618,1.04430124373363,2.25695550038836
15.6643389474195,24.2609324468868,31.4568846989405,38.4613509154911,47.9588679984474,56.1554135657164,7,18,29,35,46,56,4.26706305595583,0.990168453416933,0.673538937986465,3.57762713721802,1.52964034157965,1.21337132006159,1.05100488143294,2.27263220831283
15.5003700861076,24.5881558910957,31.6330506989494,38.6426799509808,48.1662585952506,56.3915537656749,7,18,29,35,46,56,4.20652845212918,1.1101655651012,0.641941704928353,3.62294339533146,1.53133114496042,1.22002668664322,1.05829040004669,2.28636078962994
15.2898464693303,24.9173476249937,31.8218278380368,38.8532313522539,48.3676172736892,56.6288455646112,7,18,29,35,46,56,4.12896142754292,1.24667032110092,0.613063680259599,3.67168236430294,1.53846561781589,1.21767792098152,1.06741705920451,2.29748577465405
15.0306170550929,25.2279764919275,32.02550638279,39.1000625278575,48.5723848366276,56.885711885263,7,18,29,35,46,55,4.03369413609825,1.39564066736817,0.591394678412851,3.72447371618671,1.55262282505845,1.20694741375533,1.26047665804639,2.46920003499768
14.7220340692262,25.4884831143781,31.7349240104879,38.7193960650336,46.6698170555535,54.8274963542371,7,18,28,34,44,52,3.92065359326991,1.5489481736958,0.596154949602749,3.84135828005181,1.5230958626346,0.989249386499404,1.41927509260528,2.37616591121768
14.4571897685698,25.421741458282,31.2684107912035,38.324337581893,46.553981117175,51.5461963592304,7,18,27,33,42,49,3.82396222590143,1.60330772457704,0.636097445465677,3.91544341302981,1.54650811855532,1.23740973666666,0.722488205523408,2.03134514088825
14.1875564709687,23.0062314761907,29.4740218343508,37.0409386407143,43.1928886607715,47.8280511932652,7,15,23,28,36,43,3.72584367525115,1.61769700212938,0.942770007172973,4.26644028344807,2.00852867820127,0.859646127784338,0.631106973893549,1.89683346232759
13.9646632702904,22.7338879659982,27.7263952465348,35.3221956597601,40.9357951844961,45.3970500897229,6,14,20,25,32,38,4.01373729066057,1.60265308416586,0.902102624719369,4.45434650541089,2.01889413159898,0.889372700951614,0.749620998995304,2.06754428464267
13.8123874445807,22.4597049676981,27.2425315885375,34.9971380112693,40.5984250065054,45.03831826709,6,14,20,25,32,38,3.95644861252512,1.56569968959793,0.841108396442965,4.3097700746593,2.07601245733751,0.885977538344925,0.743637040679787,2.09930563592054
13.6613650595949,22.1854119220231,26.7180587925883,34.5854287390818,40.1619966520429,44.5985769507933,6,14,20,25,32,38,3.89972093487904,1.52852988826542,0.769706531929819,4.1543031653074,2.116698737354,0.879171508555893,0.742710075422208,2.12089236920767
13.7095845614634,22.2327013502104,26.8514048138793,34.7702670488784,40.3321532988734,44.77325501642,6,14,20,25,32,38,3.91782356244356,1.5282502076841,0.794091950235068,4.19370522301121,2.13531227250879,0.875135621986534,0.743975238916558,2.13144561971966
13.7552101364793,22.2775471225879,26.9837993212058,34.9535045841951,40.5003329075921,44.9457860879648,6,14,20,25,32,38,3.93496085158093,1.5280157237011,0.819090397889672,4.23291097115596,2.15371204235259,0.871001351899592,0.745193358164774,2.14170813510743
13.7972115035533,22.3185229956703,27.1135910237966,35.1332674901148,40.6646153574058,45.1142489167668,6,14,20,25,32,38,3.95074410501719,1.5277073735233,0.844641258656389,4.27142729308173,2.17181634552039,0.866756424636214,0.74636405771648,2.15160942083552
13.8342871433276,22.3535851893432,27.2385059701959,35.3069967766819,40.8223800214391,45.2760195974844,6,14,20,25,32,38,3.96468210841371,1.52710200227114,0.870680369380558,4.30857180053257,2.18952049851131,0.862384439814014,0.747486361488525,2.16105815380408
13.8646892541557,22.3794025654206,27.3551248465499,35.4710004623878,40.9698010403447,45.427272655051,6,14,20,25,32,38,3.97611529871814,1.52572373847167,0.89718313401245,4.34331558718727,2.20672393261411,0.857849362844036,0.748560321244389,2.16994821040245
13.8861105577689,22.3905045435584,27.4581892562316,35.6196941326853,41.1010345099796,45.5621080345447,6,14,20,25,32,38,3.98417326910773,1.52262256914771,0.924212751259086,4.37407393870588,2.22330635743026,0.85308111244299,0.749570138769423,2.17811255304935
13.8953554584898,22.3745644952535,27.5365121000806,35.7414506725162,41.2036989042032,45.6680240473892,6,14,20,25,32,38,3.98765143674309,1.5150599678187,0.952109427392474,4.39748136847966,2.23910564095162,0.847875232562453,0.750482043626773,2.18521044934639
13.8878510819587,22.2899170083558,27.5538418486599,35.7994605660957,41.2378612243754,45.7042857391335,6,14,20,25,32,38,3.98482807349394,1.49194853445529,0.982500564755981,4.40266432960137,2.25391624109081,0.841384550235813,0.751070952775295,2.19008421737296
13.8560265667236,21.8803391061948,27.2952574173327,35.5766251663407,40.9652096810993,45.4274805683275,6,14,20,25,32,38,3.97285719353851,1.37997433439807,1.02788943271534,4.32547157714363,2.26694179250643,0.82786879135111,0.749905902470355,2.18539348261378
9.6917573888121,21.3315296689434,27.0198881633214,35.187948313804,40.5451523249069,45.0038121845319,5,14,20,25,32,38,2.78775546906553,2.25195876861364,1.11121219015898,4.243612459378,2.22568996094518,0.819384923009984,0.748893415183833,2.14732329121869
9.72180082890447,16.760708136356,22.4981351210303,30.2901902953646,35.5207062329949,39.9596602906914,5,13,19,24,31,37,2.79898284764888,1.09821693314911,1.12631114505803,3.16353589282356,2.08951272921288,0.785375067565616,0.743374222532383,2.01478074559997
9.78150347549797,15.4957820765294,27.5486471063653,33.7418237246376,39.0237676891694,43.8588783430017,5,13,20,25,32,38,2.82130898213317,0.74817099123013,2.96193506450943,4.40111054702603,1.52490015693227,0.799134085488362,0.856222233675698,1.73179458657786
9.87385203240417,14.6557107668115,26.4919314975067,32.6929735714218,37.9019415445704,42.7207238418917,5,13,20,25,32,38,2.8558820251656,0.527256507150509,2.8858525761847,4.08768366881318,1.52761060204978,0.779629506565973,0.851495257865115,1.71227993846969
9.96445666983542,14.1310532424426,26.1215417926964,32.3228163143806,37.4982196921038,42.3425193813106,5,13,20,25,32,38,2.88984730921665,0.396186896437896,2.93999905955241,3.97911090403355,1.52769071533643,0.770702834427794,0.858885154229661,1.71041098033637
10.0531391046607,13.9136101186755,26.1064581079147,32.310930226897,37.4775275113232,42.3423760290338,5,13,20,25,32,38,2.92313458620261,0.33611715588713,3.01125049578705,3.97470403081753,1.52879283652293,0.768365478961247,0.864847177363275,1.71398463095349
10.1396908161528,13.9443405128102,26.3019998264098,32.5178213120549,37.692266173445,43.0329965148213,5,13,20,25,32,39,2.9556620607085,0.325566903910917,3.06946519636154,4.03192295579461,1.53270564936028,0.770448325997001,0.814940573771116,1.67262901404679
10.2239205146367,14.1503247673665,26.6129003053951,32.8487776924191,43.906125987285,48.3264615120164,5,13,20,25,33,40,2.98735421834326,0.348742457000543,3.10660784878447,4.12329116677462,1.53962396367,2.32718522914936,0.577905149040862,2.74605643394465
10.3168102805813,14.4750226756268,26.9765550155507,33.246649853345,44.0364402682367,48.4358238623513,5,13,20,25,33,40,3.02234684109102,0.394493506881238,3.12041582583406,4.23076355416837,1.55143856015307,2.23978731720243,0.572792298953581,2.6786917486725
10.393432962505,14.864632890621,27.4533768401655,33.7299254324357,44.2199506371744,48.6187370594228,5,13,20,25,33,40,3.05124416857142,0.459447376477661,3.15135925852042,4.3726366329847,1.5536684907311,2.14263052518493,0.572646774988674,2.60141322640602
10.4459770747273,15.2737642900768,27.9471918110564,34.2184991660111,44.4020472898218,48.8014537882555,5,13,20,25,33,40,3.07107741870606,0.537546881472226,3.18144745039696,4.52067547360265,1.55185747648026,2.04417104867249,0.57279788069852,2.52030964443525
10.4951820585096,15.6849490347883,28.4141993113285,34.6850695257834,44.5881554651392,48.9783707164847,5,13,20,25,33,40,3.08966259937741,0.620891677681933,3.20130359539383,4.6616840726151,1.5517064454148,1.95488147458217,0.570559318767832,2.44534247272039
10.5419814024225,16.0880239886203,28.8542793716431,35.1293942778533,44.783563729695,49.1539871004192,5,13,20,25,33,40,3.10735010483073,0.706558053593944,3.21447596479884,4.79543044246763,1.55317307385922,1.87631686267772,0.565748013493628,2.37756621238141
10.5862840026705,16.4737721770777,29.2640800495032,35.5474070980523,44.9832330851228,49.3257369818335,5,13,20,25,33,40,3.12410374670079,0.791747340787545,3.22304181624699,4.92071085343073,1.55601115108937,1.80795328365062,0.558982140525905,2.31703287279778
10.6266832499919,16.8289839802179,29.6392953583479,35.9319640584917,45.1834850420392,49.4954950186501,5,13,20,25,33,40,3.1393894982188,0.872752969095193,3.23016815162735,5.03602490125216,1.55924056185917,1.75066401500426,0.551620978567009,2.2651559082551
10.6633228343754,17.1570121930447,29.9846886353659,36.2872219293858,45.3814432264897,49.6616950207697,5,13,20,25,33,40,3.15325944764141,0.949679771188788,3.23635633324776,5.14267448190178,1.56265188399984,1.70208122577987,0.543986655976697,2.22019400005753
10.6974022364333,18.4065267386463,30.75475375639,37.1713251846658,46.1631029632927,50.3905260947118,5,14,21,26,34,41,3.16616594877145,1.09653218577459,3.06612913776177,5.12337827785662,1.60217124770407,1.67059985973043,0.531360484132909,2.20988568938212
11.6915868780203,18.6246348944221,31.1667724706942,37.6925576783889,46.5620879256721,50.7637531437564,6,14,21,26,34,41,3.16890194013408,1.06893372343867,3.1348174554,5.24968732665354,1.64015957420134,1.6332004918549,0.525237855785052,2.20020098421024
11.9735585862763,19.1136058428908,31.5640486528601,38.1034554039512,46.8752249413618,51.0264683029367,6,14,21,26,34,41,3.27238954308768,1.1263847263898,3.10230929163364,5.37209666175705,1.6449070830551,1.60342652617513,0.513317205959417,2.16670501142659
12.1364770420428,19.4723092300567,31.8761669217809,38.4233949751688,47.1105316061131,51.2129610870341,6,14,21,26,34,41,3.33236777500106,1.1814238679242,3.0858124582817,5.46868445030274,1.64763397518245,1.57774887515761,0.501859220213428,2.13557249884682
12.2242356729433,19.7447667431637,32.1310006857501,38.6865458232525,47.300269171578,51.3546658696804,6,14,21,26,34,41,3.36473062670215,1.23394475355852,3.07957482064123,5.54781231648249,1.65053447014598,1.55555021567443,0.490665055944426,2.10765311176999
12.2675344164378,19.9637985262365,32.3490262437074,38.9152342418486,47.4660544143553,51.4731850597509,6,14,21,26,34,41,3.38071183787477,1.28443436444556,3.07921873900641,5.61569877820501,1.65425415626473,1.53658577581761,0.479728706647327,2.08318764232871
12.2843061934971,20.1472724667951,32.5404975462458,39.1203595612903,47.6162769256729,51.5765168233713,6,14,21,26,34,41,3.38690461017972,1.33277943937009,3.08204900002141,5.67545808684518,1.65901913528392,1.52007623700173,0.468957937379849,2.06158943117081
12.2847495991565,20.305291318476,32.7107496541681,39.3073605706833,47.7560556707127,51.6698508501326,6,14,21,26,34,41,3.38706835074731,1.37886691790667,3.08637907067767,5.72870430169347,1.66486698355031,1.5059086049267,0.458368107464192,2.04279708652399
12.274722284365,21.6926020378143,34.2683874470266,40.7459626395569,49.1600830453942,53.0352502108932,6,15,22,27,35,42,3.3833657027682,1.57469111747688,3.14675868522956,5.95015019704671,1.62337373831453,1.49555462736068,0.44962090862323,1.99606113170175
12.298510013619,21.9211847172665,34.5398866820287,41.021842683459,49.4032927131599,53.2399554739819,6,15,22,27,35,42,3.39215026064323,1.63477973426733,3.16199870989702,6.03505678982421,1.62489796915492,1.48578590041699,0.440956975518405,1.97990057064636
12.3254592143918,22.1547924716456,34.8073847132535,41.2904456395922,49.6461797548908,53.4479039902725,6,15,22,27,35,42,3.40210561746808,1.69594511825522,3.17404086031316,6.11895282791175,1.62528244411834,1.47810691167355,0.433143747067161,1.96552702914493
12.3422548732559,22.344840601632,35.0214715821315,41.5065379165603,49.839390885316,53.6100352985957,6,15,22,27,35,42,3.40831190236186,1.74761994240668,3.18258644442535,6.18626722705017,1.62598029090408,1.4712820724483,0.426232529345019,1.95301296196486
12.3439879983984,22.3192887490329,35.0659528519929,41.5155291536977,49.8186104619496,53.6339017326603,6,15,22,27,35,42,3.40895239901029,1.739458308897,3.20750127998869,6.20027204536014,1.61363714290315,1.46241283548646,0.436172216456776,1.94805452561736
12.3291209585356,22.2928867467068,35.0935502601069,41.5057820489366,49.7801201267472,53.6429209423715,6,15,22,27,35,42,3.40345857938324,1.73601053273969,3.22673078024353,6.20896425051097,1.60066458982619,1.45386169139429,0.446832288844006,1.94358931105572
12.2937933769724,22.2749276712561,35.0998099144812,41.4750132655138,49.7211502442753,53.6320659271614,6,15,22,27,35,42,3.39040823891785,1.74120253770733,3.23536048480747,6.21093616327775,1.58781774809994,1.44548308132296,0.457714153570931,1.93947867013346
12.2344112666917,21.1634608887978,33.6597046750677,40.2339673852263,48.4151210598781,52.3603439638652,6,14,21,26,34,41,3.36848553429452,1.65138629061489,3.11854081557738,6.02733201720384,1.65706483985895,1.42621915751955,0.465525320591007,1.98003842862744
12.1485055467749,21.3639483571678,33.6817762304108,40.2240997564527,48.3703541667594,52.3647496807469,6,14,21,26,34,41,3.33680129872866,1.73949534428425,3.05538102294893,6.03431413330597,1.64592393490878,1.41589829944613,0.47679564901904,1.97577093443716
12.0350979547079,22.0048521486547,33.6703470391983,40.1797988392516,48.2825102327347,52.3343480891864,6,14,21,26,34,41,3.29502955057109,1.97603394540269,2.82610732285196,6.03069841995721,1.63446964633642,1.40304576009059,0.490070974548335,1.9711909871284
11.8948278411882,26.733120302034,33.6023448452388,40.0808124612364,47.9161469447156,51.8532376438855,6,14,21,26,34,40,3.24345293648899,3.61783569874179,1.2515506737683,6.00919441601829,1.62368422479349,1.32473633671825,0.606483028011375,2.03842588089511
11.9212040251403,26.4568576420267,32.3092386120617,38.7060282622663,46.2832741516534,50.5654600847359,6,14,20,25,33,39,3.2531436849598,3.51132317998709,1.16185172995925,5.87217933855327,1.595305077434,1.25018511653933,0.699839510317324,2.03974690735252
11.9615073608132,26.2652703738154,32.1536327036175,38.5774516159837,46.1046948489482,50.4080145990419,6,14,20,25,33,39,3.26795820346596,3.43003502299088,1.1730236444701,5.82273936445286,1.60468795036263,1.23586405853712,0.705669095148374,2.03929083049024
11.9676590216481,26.0253830769769,31.9692190727762,38.4281624430721,45.909536701732,50.2343930796859,6,14,20,25,33,39,3.27022013017804,3.34410561886311,1.19029128207851,5.76425478527646,1.61689353918604,1.22276280222924,0.711622553612128,2.04196689966678
12.1329142713299,26.0990478226395,32.036433287299,38.5042371716064,45.9828747713957,50.3054250973,6,14,20,25,33,39,3.3310547292858,3.3122033059276,1.18828069257343,5.78555728659397,1.61997475731429,1.22198224139252,0.710984469130287,2.04291383446425
12.3189104808246,26.2224831237105,32.1432799915829,38.6165360917522,46.0991327891128,50.4160856225591,6,14,20,25,33,39,3.39968611521451,3.29043964091714,1.18311337654946,5.8194530018847,1.62187119419929,1.2231115110079,0.709436253894413,2.04385991304934
12.4891393589517,26.3365439860236,32.2425359559076,38.7226827078278,46.2092892570909,50.5215906370993,6,14,20,25,33,39,3.462645555894,3.27091892421853,1.17850563783509,5.85097600783389,1.62426844394987,1.22425552084064,0.708150363342199,2.0454103726846
12.6383231701028,26.4354414421386,32.9670021208831,39.3288194588846,46.8188799399999,51.1178754200022,6,14,21,26,34,40,3.51793344049721,3.25345768591884,1.1512857068586,5.8090391805215,1.58317746414206,1.22524113909907,0.704475269430717,2.013677957962
12.7626386377711,26.5161564764951,33.1076247090732,39.4707891561004,46.9634838102337,51.2580535464775,6,14,21,26,34,40,3.56408327056907,3.23832986150704,1.1689327047343,5.85322126544759,1.58364434689912,1.22599296193288,0.703253967887221,2.01356818764845
12.8602977711415,26.5843132796094,32.5071266670695,38.993770691566,46.4878604543868,50.8003277429538,6,15,21,26,34,40,3.60038641504022,2.92853498669563,1.18374126863223,5.66503342006493,1.62652933138488,1.22639118799656,0.708196218331436,2.04892155410581
13.1493657674559,27.270130467463,33.7451386347202,40.0471839276642,47.5501175167666,51.854291053653,7,16,23,28,36,42,3.35129086366415,3.0609161599375,1.13468491848615,5.53025936582642,1.5624830987773,1.22891635339499,0.705904866319661,2.00338187575183
13.1532336562132,27.2183455027665,33.3666437879977,39.7261714719308,47.6296581282017,51.8454978897894,7,16,23,28,37,43,3.35267618455973,3.04228476260023,1.03992228443608,5.41531879143766,1.58238396169748,1.14859759714598,0.681620076568135,1.92666989868184
13.1459502012105,27.1695492639073,34.6188503494359,41.0652875500804,48.6482576564758,52.8536536173842,7,16,24,30,38,44,3.35006761224503,3.02840016875874,1.21362253873909,5.54505588460182,1.34902256206984,1.25182715118273,0.678763487531334,1.86847187582971
13.1298371639667,27.1180555009223,34.6592693075438,41.0823394852934,48.6430115556345,53.0455847470126,7,16,24,30,38,45,3.34429772101688,3.01657535955672,1.23986122279062,5.5572468707185,1.34155581243658,1.2454337796695,0.573569757771708,1.74777291611433
13.107044955642,27.0654931713252,34.6969032126973,41.3581126556476,49.0573153942772,53.3639659121772,7,16,24,31,39,46,3.33613845226971,3.00663202354115,1.26574361578731,5.56860317672201,1.18955473051512,1.28528284488423,0.55033032215974,1.66286469235588
13.120580131271,27.0288858693394,34.7515546922187,41.3831483202169,49.0676202478944,53.3861207309419,7,16,24,31,39,46,3.34098350886139,2.98989736010189,1.29206316023937,5.58510379880481,1.180787313908,1.28103093649049,0.553185257831204,1.65568401823382
13.0921235826593,26.9825051288363,34.7608300941204,41.3870708896972,49.0645681025452,53.3884109072702,7,16,24,31,39,46,3.33079832337721,2.98391931101538,1.30817893381689,5.58790534256761,1.1792042742408,1.27901894650172,0.554473834728395,1.6541418881971
13.0342494287819,26.9312443565638,34.7494238088376,41.3827448572467,49.0585395399174,53.3902412151571,7,16,24,31,39,46,3.31009732860162,2.98612474936509,1.31974870183411,5.58446023039182,1.18129828400018,1.2785279358959,0.556371081350939,1.65706454590447
12.9785133444116,27.7538973971248,36.8258724566861,43.0872750800282,50.8002357532831,55.1835723136647,7,17,25,32,40,47,3.29017814100417,2.99388798264036,1.69523408765469,5.96312962799058,1.07250307998456,1.28925702818623,0.568885735745529,1.59493494750167
12.9252406572608,27.7060140570815,36.8304017511989,43.0910950828454,50.8001398067844,55.18809134142,7,17,25,32,40,47,3.27115508247833,2.9956431098751,1.71137556251505,5.96450436153064,1.07229800508336,1.28812554522116,0.570008391974342,1.59493270917057
12.8797858215643,27.6620715673124,36.831820327782,43.0910459357724,50.794875289943,55.1852479360777,7,17,25,32,40,47,3.25493594727056,2.99613566446988,1.7253717960562,5.9649349428107,1.07187367758074,1.28661897911779,0.57059763038546,1.59400361600842
12.8387994888001,27.61945257987,36.8271298008858,43.0858400353056,50.7841437207435,55.1758402331024,7,17,25,32,40,47,3.24032099933334,2.99560392728234,1.7370933519941,5.96351125071952,1.07172468967592,1.28502324371272,0.570919904942263,1.59297550840228
12.8000929053805,27.5821730977477,36.8197724954743,43.0785983731356,50.7707744301531,55.1625585156038,7,17,25,32,40,47,3.22652749844473,2.99606871707457,1.7463525286061,5.96127827463647,1.07175812022254,1.28325423320625,0.570941225197501,1.59168460538283
12.7636085435907,27.5490752480163,36.8093174088015,43.0687907677391,50.755333831829,55.1467011419673,7,17,25,32,40,47,3.21353353894214,2.99717171797661,1.75336609488811,5.95810542274671,1.07194530098775,1.2816285434561,0.570839760627073,1.59050778322814
12.7292409879369,27.5187570884343,36.7952371270169,43.0561288807224,50.7369031598855,55.1266585728526,7,17,25,32,40,47,3.20130028997884,2.99849072356753,1.75839942518065,5.95383300148619,1.07235537317104,1.27996418322567,0.570447393552022,1.58920931764475
12.696874129492,27.4927887406186,36.7794248383021,43.0422276532582,50.7172412703371,55.1045948499445,7,17,25,32,40,47,3.18978526364906,3.00057512712389,1.76154909904301,5.94903583294894,1.0729079400043,1.27830269151337,0.56986289312896,1.58784827158482
12.6663863328138,27.4695441880027,36.7603916045894,43.0259484452475,50.695251096191,55.079414751516,7,17,25,32,40,47,3.17894415146605,3.00293504414469,1.76285549503008,5.94326261109877,1.07370436344218,1.27665605158864,0.569086888400681,1.58651038145979
12.638476183383,27.4455498149574,36.7426911598487,43.0183969718252,50.6835722417374,55.07068124903,7,17,25,32,40,47,3.16902424074752,3.00421098666707,1.76480832054352,5.93789475840181,1.07664052458345,1.27546632764556,0.569803385243097,1.58846220213916
12.6138626965726,27.4695599009817,36.8064566182913,43.1352362332087,50.7706477414576,55.211947722102,7,18,26,33,41,48,3.16027971855144,2.75483902966797,1.77715381491879,5.71029118246369,1.09202642785658,1.26689489119682,0.58303482196252,1.6053658899245
12.5911995637864,27.4573466005467,36.8274277698387,43.188833622188,51.0034157110699,55.3898641142696,7,18,27,34,42,49,3.15223116535534,2.75811018228301,1.56074387137336,5.47801867861004,1.10151054704875,1.31870338132411,0.569642660435217,1.6397833553282
12.5700089288258,27.5084599751887,37.1920783965952,43.5723696508766,51.7592418807059,56.1273351079049,7,18,27,34,43,50,3.14470821542689,2.78076582327942,1.65276293359705,5.58485625174701,1.10700927408334,1.22566340021418,0.56518238604117,1.5800708906768
12.5492160176044,27.5662116077794,37.3344324314657,43.7288154748673,51.9409576495223,56.3377510870192,7,18,27,34,43,50,3.13732897139156,2.80542020899974,1.6778031491599,5.62669415949762,1.11111652232541,1.23259974869032,0.572161188779371,1.59465221428799
12.5287897400604,27.623663877136,39.6288031301831,45.8462842202731,54.0036723791309,58.2879904804676,7,18,28,35,44,51,3.1300822697733,2.82990970886535,2.12072314680648,6.06520429864874,1.05982211658546,1.21758339984222,0.544962316789991,1.5214075072168
12.5087698239205,27.6808567602464,39.6179633568032,45.8428988236636,54.0031190100904,58.3306645560329,7,18,28,35,44,51,3.12298207533003,2.85423287633407,2.10010519060753,6.06198860905539,1.06197176116494,1.21835889272283,0.555367482702611,1.53271819694721
12.530857365419,27.7810054235206,39.549794647883,45.7687840972612,53.9310739858802,58.2715469326748,7,18,28,35,44,51,3.13081569879974,2.87886642311813,2.04928951697596,6.04177484687389,1.0602570022257,1.21892572100459,0.55849094320222,1.53463414005047
12.6009686953525,27.9310199543787,39.405290419742,45.6033720097165,53.7673846510828,58.0821476461728,7,18,28,35,44,51,3.15570020068349,2.90412578868952,1.96105714550088,5.99897679390687,1.05423277150248,1.21939758360912,0.552284318015663,1.52513895968915
12.6637831178651,28.0718660993298,39.2588918232894,45.4393785576552,53.6039441424064,57.8920484464327,7,18,28,35,44,51,3.17801872182962,2.92883660539238,1.87587393530276,5.95568895400414,1.0491695928088,1.2195490452449,0.545871255758995,1.51591630062151
12.7190700334241,28.2028136405431,39.1204671761529,45.2865099501981,53.4497815911344,57.710186198544,7,18,28,35,44,51,3.19768117512258,2.95283682686949,1.79680534145785,5.91482532172822,1.04501756890602,1.2191946174003,0.539232342617372,1.50676867008201
