"QTL1","Log Like - Additive","Log Like - Dominant","Log Like - Full","Log Like - D-Additive","Log Like - D-Dominant","Log Like - D-Full"
1,2654.13128390202,2676.15949348384,2704.00937647782,2707.547332248,2721.00210677445,2752.32741815725
2,2654.13148717663,2676.15648800145,2703.97570743255,2707.51052287095,2720.96759365491,2752.31717160235
3,2654.13167898558,2676.15744173985,2703.99844559653,2707.53418281958,2720.99841699252,2752.32314611779
4,2654.1318973292,2676.15616201549,2703.95880996955,2707.49356564024,2720.95949116491,2752.30487864068
5,2654.13210929042,2676.16260707616,2703.96017011242,2707.49860655889,2720.96911192799,2752.29223098231
6,2654.13235598186,2676.16334206367,2703.96961599223,2707.50961350878,2720.97824104921,2752.30272142671
7,2654.13261031101,2676.16447322192,2703.92696923802,2707.46571464529,2720.94159026497,2752.28318160849
8,2654.13286828076,2676.16249911997,2703.93467150491,2707.47496085139,2720.9577980345,2752.29656758131
9,2654.13312866728,2676.15520738196,2703.94413162818,2707.48261142761,2720.95672464603,2752.27256858367
10,2654.13339266917,2676.16307453653,2703.95436524299,2707.49508575636,2720.97654837533,2752.27749133686
11,2654.13364815138,2676.16073597279,2703.94845236479,2707.49051644468,2720.97457496828,2752.26769587285
12,2654.13390792589,2676.16172510919,2703.96557272733,2707.50696138595,2720.99419645889,2752.27025451895
13,2654.1341805461,2676.16167496037,2703.92393780872,2707.46763345208,2720.95252004079,2752.24290576471
14,2654.13447642945,2676.15973323287,2703.95342542407,2707.49774770668,2720.9873180842,2752.25769622915
15,2654.13479553942,2676.16029077478,2703.92973503738,2707.47361666855,2720.96110451525,2752.20948249276
16,2654.13510506106,2676.16030049273,2703.93967094015,2707.48413821831,2720.97435862342,2752.2169588539
17,2654.13543207127,2676.16062908857,2703.91374459916,2707.45855348994,2720.95112883241,2752.21050102965
18,2654.13580820466,2676.15472421995,2703.90181971969,2707.4476463518,2720.93527183726,2752.20067413898
19,2654.13617464601,2676.1437926477,2703.86429339528,2707.40771341577,2720.89126774038,2752.17484985347
20,2654.13654956386,2676.14752198599,2703.88066938225,2707.42599156599,2720.91234082702,2752.18597855791
21,2654.13690702916,2676.13672934633,2703.87929361858,2707.42382020035,2720.90798648957,2752.20082237362
22,2654.13728972079,2676.1424621934,2703.89184159317,2707.4381746558,2720.93068323178,2752.21764196325
23,2654.13766835483,2676.1363820288,2703.8985715677,2707.44396788681,2720.93590160707,2752.21660670714
24,2654.1380309046,2676.12620330455,2703.84305020621,2707.38912332935,2720.86987685155,2752.19970638947
25,2654.13839851874,2676.12812342742,2703.9039286362,2707.44949879958,2720.93928334847,2752.24232222167
26,2654.13879300672,2676.11849585356,2703.88829412973,2707.43528776821,2720.91766237357,2752.20129339239
27,2654.13914850066,2676.12152760451,2703.90674990447,2707.45365502841,2720.94489383495,2752.22979367608
28,2654.139533445,2676.10994875036,2703.90297323472,2707.44880093466,2720.92667960988,2752.21193099982
29,2654.13990627824,2676.1076990745,2703.88677758957,2707.43480126087,2720.90949578874,2752.19699516345
30,2654.14027553735,2676.10281322808,2703.90102789458,2707.44587807507,2720.92066164375,2752.20364621707
31,2654.14070792385,2676.09861226275,2703.93407686415,2707.48071653697,2720.9489628069,2752.20926834913
32,2654.141194516,2676.10249445716,2703.89058876246,2707.4405568187,2720.91671817778,2752.17856838346
33,2654.14170328348,2676.09900296989,2703.87075449099,2707.42141811041,2720.89242339849,2752.14335175696
34,2654.14229097416,2676.09887234094,2703.88545444728,2707.4377229916,2720.90953509396,2752.14477028734
35,2654.14285819933,2676.09419705507,2703.89426034162,2707.44610940045,2720.92693431061,2752.17865440747
36,2654.14343010923,2676.09585166625,2703.88569800091,2707.43784376685,2720.91455969667,2752.15520994622
37,2654.14400542955,2676.09019597158,2703.89590409301,2707.45067112091,2720.92580286207,2752.15627244847
38,2654.14458066756,2676.08873196268,2703.8932440488,2707.44909710691,2720.92668612178,2752.14921209769
39,2654.14516387908,2676.08530138818,2703.91148539274,2707.46727996154,2720.94585107279,2752.14625529218
40,2654.14572787029,2676.07974457214,2703.93899115027,2707.49553657494,2720.96784597725,2752.16282728417
41,2654.14631490686,2676.07999492683,2703.95251831717,2707.51140948826,2720.9837236447,2752.1453564305
42,2654.14688603379,2676.07816941613,2703.9124829526,2707.47223227776,2720.94237606709,2752.11457549875
43,2654.14746807214,2676.07530607771,2703.91908637295,2707.48121699451,2720.95916697603,2752.12916748086
44,2654.14806545048,2676.08159515943,2703.9573114928,2707.52022071267,2721.00188348588,2752.10017694647
45,2654.14863692816,2676.0690037227,2703.94255812302,2707.50723525582,2720.977438918,2752.08194782931
46,2654.14922531567,2676.06438485886,2703.97737936012,2707.54182914211,2721.00516881655,2752.06719642303
47,2654.14980852447,2676.06199811859,2703.95181513721,2707.5167135136,2720.97930054942,2752.03740459203
48,2654.15037791759,2676.05930413922,2703.95294537927,2707.52053099804,2720.98166144849,2751.99482744318
49,2654.15100895626,2676.06685296751,2703.98198185852,2707.55176190818,2721.02329847238,2751.99011727601
50,2654.15167971896,2676.05997753455,2703.91142766103,2707.48038605251,2720.95196079091,2751.9500330675
51,2654.15236582315,2676.06338605829,2703.93983730613,2707.51207602996,2720.99246296941,2751.94498229921
52,2654.15309819145,2676.06970720902,2703.88981245407,2707.4624839231,2720.95228088754,2751.93668437536
53,2654.15324884634,2676.04984543331,2703.82610568573,2707.39798068582,2720.89103889679,2751.89517111754
54,2654.15215838288,2676.00444258859,2703.77624231598,2707.34915032164,2720.87414400495,2751.83265700119
55,2654.15094295955,2675.95592517116,2703.74152921967,2707.31514248201,2720.87443947118,2751.80850098222
56,2654.14961568959,2675.90729361483,2703.68318157453,2707.25615057745,2720.84008110757,2751.75409316399
57,2654.14812874306,2675.85670255212,2703.5607186826,2707.13505523175,2720.75002498464,2751.6955915307
58,2654.14645850998,2675.80143199495,2703.51062866368,2707.08402991891,2720.7264101264,2751.67173808659
59,2654.14454796576,2675.74403831367,2703.43307770193,2707.00648210503,2720.67956539219,2751.63646826385
60,2654.14236817425,2675.67656889104,2703.35214566986,2706.92391035959,2720.60921061768,2751.56279967957
61,2654.13984876413,2675.61654886608,2703.29383006186,2706.86252781028,2720.56296848963,2751.53602715483
62,2654.13687736657,2675.55046722181,2703.17961060386,2706.74441169351,2720.4559114239,2751.4680892881
63,2654.13336870879,2675.49829456187,2703.09981383234,2706.663234676,2720.39801420939,2751.42438562509
64,2654.12914586119,2675.43423495937,2703.02650334657,2706.58498426837,2720.31266211112,2751.3729783911
65,2654.12398670707,2675.36874506125,2702.95216358795,2706.50528578521,2718.15055652956,2751.31814193782
66,2654.11753425026,2675.30655287245,2702.87604158815,2706.42234064789,2718.13334995634,2751.2702919225
67,2654.10928774231,2675.24918774254,2702.77239181807,2706.30986935205,2718.0959357696,2751.19582921228
68,2654.09828617569,2675.19364260575,2702.69390119634,2706.22198674566,2718.09309113382,2751.09716896647
69,2654.08202061475,2675.14605212693,2702.61462293587,2706.12831414776,2718.09571972193,2750.98103681546
70,2654.05632841601,2675.10368623289,2702.58048637428,2706.07726031249,2718.16631258789,2750.7526937385
71,2654.01091656,2674.70274367153,2702.57928661944,2706.04017429483,2718.30613998141,2750.51084975028
72,2653.91078867546,2674.58681145734,2702.50147939801,2705.94481110251,2717.47859309417,2749.36827067516
73,2653.52174429067,2674.46107315933,2702.31332199329,2705.70462368053,2717.37714932583,2748.95621701079
74,2652.87296387581,2675.69890828696,2703.79847336472,2707.23374362874,2719.64420796538,2752.44980060607
75,2652.84972299824,2675.72308375064,2703.76450955743,2707.20044730958,2719.60206480159,2752.44878780045
76,2652.8263545815,2675.74884271177,2703.80081874402,2707.23753686653,2719.63168508474,2752.4825756017
77,2652.80289950879,2675.77115811186,2703.75689531189,2707.19428830489,2719.5838987465,2752.49699052327
78,2652.77941697811,2675.80167228452,2703.7785119378,2707.21824524157,2719.59778054087,2752.50312617414
79,2652.75406756712,2675.83546372102,2703.78219561818,2707.22320166366,2719.59876355188,2752.53538200131
80,2652.72687928436,2675.87270055548,2703.75269821017,2707.19603994198,2719.55379743884,2752.54287649741
81,2652.69989927436,2675.91357323296,2703.79278792306,2707.2369448567,2719.58651536975,2752.52916601198
82,2652.67324353452,2675.95628825296,2703.78144090432,2707.23012887012,2719.57158669084,2752.54196146126
83,2652.64704044169,2675.99616084259,2703.75457956957,2707.21082709237,2719.5409589622,2752.55555229386
84,2652.62148048141,2676.04381004201,2703.78421178637,2707.24336558757,2719.56065125531,2752.60388602039
85,2652.59670463973,2676.10529101414,2703.83746672618,2707.3010753018,2719.61112655375,2752.65372346434
86,2652.57296659186,2676.1596778384,2703.80152077282,2707.26951494413,2719.56953013088,2752.63767905659
87,2652.55045736066,2676.21919304922,2703.77024444858,2707.24686818723,2719.54149471602,2752.63693283038
88,2652.52940732565,2676.29215093552,2703.77589441732,2707.25978050362,2719.55148994116,2752.64780942878
89,2652.51011861122,2676.36770496903,2703.78413454387,2707.27309599982,2719.56350734909,2752.65005955319
90,2652.49290557746,2676.44443537821,2703.74560207109,2707.24611121692,2719.53250731735,2752.61026104384
91,2652.47805227344,2676.53548333784,2703.74301242729,2707.25157372132,2719.53832126725,2752.59453562853
92,2652.46595287688,2676.64683214621,2703.7484533758,2707.26437640423,2719.57115264999,2752.59299103485
93,2652.45698524996,2676.75738569264,2703.75149935088,2707.28455431568,2719.6060542134,2752.56766964909
94,2652.45151270123,2676.88466203307,2703.78036817732,2707.32061564102,2719.6680148551,2752.52831998177
95,2652.45001550731,2677.00917453948,2703.68082505581,2707.23357368273,2719.6060430478,2752.46031574574
96,2652.45287481493,2677.15805693119,2703.79030380115,2707.35520719264,2719.78135759765,2752.43954580201
97,2652.4605738416,2677.32764379833,2703.70677184331,2707.2916667273,2719.77186488744,2752.33085107544
98,2652.4735340793,2677.50763968933,2703.70421530134,2707.30121322747,2719.8651256992,2752.25185105311
99,2652.49218872392,2677.71308973202,2703.67273888181,2707.2795163532,2719.94070007172,2752.16954371825
100,2652.51697503764,2677.9304601088,2703.50960893287,2707.12927345145,2719.89724305747,2752.0458165213
101,2652.54823323942,2678.15413910964,2703.5688611436,2707.17807661292,2720.07082529677,2752.10535939947
102,2652.58630841484,2678.40805221604,2704.54663892446,2707.9907800594,2720.86836579517,2744.16043556239
103,2652.62494769391,2678.51867859007,2708.12685840037,2711.14444750488,2723.54457612003,2745.52828633081
104,2652.6579015813,2678.36612279376,2707.84688586308,2710.85039830915,2723.29167611886,2745.32377370053
105,2652.69295711967,2678.20153203383,2707.56595474296,2710.5491798878,2723.01670385926,2745.10269484233
106,2652.72940170321,2678.06330530207,2707.2738698122,2710.23094246123,2722.7015156241,2744.84627524895
107,2652.76633093911,2677.92297704779,2706.94848082032,2709.87393950061,2722.32616238171,2744.54470895736
108,2652.8028567833,2677.74975880042,2706.72052744913,2709.60598588652,2721.9920554102,2744.2984165744
109,2652.83807070383,2677.58530925162,2706.34167671381,2709.19384174521,2721.51741771988,2743.90199392738
110,2652.87113715511,2677.39587912679,2701.22263639357,2704.54918979639,2717.56154613393,2740.25019899626
111,2652.9013942347,2677.1394220516,2700.90629883639,2704.17655031507,2717.09461909366,2739.94754465839
112,2652.92839561714,2676.82132416363,2700.60398697259,2703.82404510622,2716.63460206513,2739.66054989796
113,2652.95188709899,2676.3498488019,2700.36711709553,2703.55454304765,2716.27671208026,2739.47886922257
114,2652.97173148253,2675.58654479264,2702.61293712703,2705.77964365354,2718.41171795943,2742.24170416509
115,2652.98803687026,2674.27532858181,2703.34450444822,2706.54121665701,2719.09805624362,2743.80696520239
116,2652.95503596809,2673.18413522394,2703.36300598147,2706.61887918799,2718.96966954054,2744.56875026064
117,2652.88558569121,2672.80961851391,2702.96136287964,2706.31216513144,2718.42097955604,2744.43607677869
118,2652.83678067,2672.13831702548,2701.67880013073,2705.17160022905,2716.8320687321,2742.79869860064
119,2652.82438693666,2671.88773156106,2702.20513711802,2705.69711947842,2717.25605422493,2743.54038320074
120,2652.81211467269,2671.66625252845,2701.7802309376,2705.26923726341,2716.77113473616,2742.91674418439
121,2652.79878180776,2671.51454973462,2702.38545534192,2705.85031825881,2717.28902300797,2740.14583053497
122,2652.78427415291,2671.40099176702,2702.31618675006,2705.75487626542,2717.17013332883,2740.02609486393
123,2652.76854815261,2671.29597846289,2702.0176107663,2705.44525223835,2716.84643679909,2739.73096739578
124,2652.7515318042,2671.23241563575,2701.926248481,2705.34534266766,2716.43003610909,2739.2297044197
125,2652.73295063121,2671.221221509,2702.14103214081,2705.54237593085,2716.61156983767,2739.48421695291
126,2652.71226775242,2671.20530638107,2701.83532364247,2705.21497939468,2716.26901855884,2738.92668166659
127,2652.68995055001,2671.24527963888,2702.03281046762,2705.39411772354,2716.45127714353,2739.14126308698
128,2652.66603586862,2671.28087983012,2701.8320066937,2705.16111320049,2716.2277601145,2738.90224049322
129,2652.64065932722,2671.34939288384,2701.86954874116,2705.17768624898,2716.25440321086,2738.93751650732
130,2652.61410295392,2671.42376614192,2698.47730736075,2701.76776006374,2712.95524750106,2734.77274663064
131,2652.59246868792,2671.23312185087,2697.79491786586,2701.10614379122,2712.43360089878,2734.23125242667
132,2652.56803499124,2671.32003284362,2697.77249471843,2701.09919612987,2712.49321799264,2734.42137568206
133,2652.53893837333,2671.41893043425,2697.76613092018,2701.11813701342,2712.6049215401,2734.69853119528
134,2652.50463092992,2671.53395753718,2697.80187443337,2701.19521623105,2712.82343954042,2735.14277169338
135,2652.46539775912,2671.70496969742,2697.94168887428,2701.41032299853,2713.1794384383,2735.86139288114
136,2652.42442248276,2671.92427339213,2698.25401466613,2701.86294627893,2713.36463695184,2735.90278652213
137,2652.39317633123,2672.27688919238,2699.06285157237,2702.97213149632,2714.89142364052,2737.89967168163
138,2652.40589427401,2672.93693159465,2701.34884570085,2705.8759433271,2718.67445555997,2742.35725174723
139,2652.63852237181,2674.72407666673,2714.89367263335,2719.65138921229,2733.23174280403,2755.73725697367
140,2652.81125958328,2674.22989230103,2719.4016577516,2723.69069581843,2734.95344429552,2756.34820702821
141,2652.73438026226,2674.32655348934,2719.46045741761,2723.63044298145,2734.26533019995,2755.10687988018
142,2652.76016777275,2674.13063595736,2718.97940422631,2723.24412798254,2733.76084825106,2754.27627218726
143,2652.79667594443,2670.89806909324,2716.06579622648,2720.55202734171,2730.9078084567,2751.28685087699
144,2653.09267760863,2670.82151034753,2715.93398803692,2719.80969864916,2730.26573027404,2750.22719499864
145,2653.37905078106,2670.9913456953,2716.03117542291,2720.24871453141,2730.63231911772,2750.28720725957
146,2653.45837192508,2671.37595735044,2716.96369093083,2721.39079966197,2731.83575054141,2751.08488106034
147,2653.5988030616,2671.74740313051,2717.23581880967,2722.26875193607,2732.78039514055,2752.85269509852
148,2653.81067628919,2672.14332180452,2717.45486168119,2723.12565638395,2733.68567542622,2753.67850120682
149,2654.08817763333,2672.61837194943,2717.87817994106,2724.03591436889,2735.47926295579,2755.84268810305
150,2654.41827564652,2673.18285695244,2718.26811145645,2724.86805029275,2736.83394121969,2757.27792918652
151,2654.7879383531,2673.82489630912,2718.651932768,2725.61908822102,2738.21346616773,2758.73293733659
152,2655.18660024001,2674.41550441486,2718.98319820183,2726.26282074004,2739.35582695472,2759.97191575789
153,2655.60646847673,2675.10226872841,2719.34843126593,2726.86070720465,2740.46332994086,2761.16847556251
154,2656.04157921523,2675.74870862441,2719.62492965957,2727.33710271391,2741.3236562147,2762.12760370863
155,2656.48740639243,2676.36503714737,2719.82097936198,2727.6991976138,2742.05983093445,2762.980570005
156,2656.94029543921,2677.01475773693,2720.01299073617,2728.01620158859,2742.66032263024,2763.69639481695
157,2657.39703749768,2677.65672079471,2720.18856999101,2728.29007109919,2743.11537794907,2764.2538125211
158,2657.85509763442,2678.24653997523,2720.2789922112,2728.46290541036,2743.51585713098,2764.79289193835
159,2658.21707571367,2678.76639851134,2720.32514514561,2728.3096628842,2743.74739339974,2765.10679206175
160,2658.25164314834,2678.58495551842,2719.73712437789,2726.5927669028,2743.57960670276,2764.9022620014
161,2658.34761914675,2678.03320046052,2718.74701505952,2725.16568615165,2743.3579048714,2764.61388964071
162,2658.47143552466,2677.71438040822,2717.81576311026,2724.27453039405,2741.76581997584,2763.141070869
163,2658.60449193302,2677.64562387841,2717.3150149271,2723.73703210388,2740.14124783611,2761.17164951554
164,2658.74667168348,2677.78556112781,2716.90910806099,2723.25926576752,2738.69558239546,2759.59548991566
165,2658.89808730375,2678.02943884649,2716.66165116896,2722.93531709886,2737.37242284775,2758.26036375832
166,2659.04169341324,2678.31183584228,2716.5187702929,2722.69826676116,2736.40047845162,2757.26748739337
167,2659.17016036194,2678.60769425486,2716.43274246604,2722.51278611031,2735.67721172717,2756.56108241225
168,2659.30479639258,2678.9329054326,2716.37055431727,2722.36088741034,2735.13128172136,2756.00088145312
169,2659.44464947962,2679.29461797584,2716.31884273313,2722.2254067471,2734.74093694912,2753.88833086034
170,2659.49926407772,2679.6137379698,2716.29181344124,2722.08394689995,2734.36481171599,2753.60403658321
171,2659.47346751116,2679.96134841853,2717.24581044595,2722.91477280635,2734.70528895424,2753.82774835248
172,2659.39675803712,2680.41462866974,2717.27133519807,2722.86936601928,2734.75994417691,2754.12559219543
173,2658.79666446621,2680.63680550974,2718.88714155509,2724.22177471433,2737.48604538908,2758.01064251685
174,2657.55681585643,2680.41707950668,2718.80378983314,2723.82802011403,2737.2704983646,2759.13099120038
175,2655.77210295042,2680.30166141919,2720.5826313713,2725.23209773379,2739.16122986595,2762.65865054563
176,2654.23277286718,2680.29031259527,2719.97270847023,2724.32651528236,2738.12680074366,2761.02130106226
177,2654.24466083491,2680.34131895202,2720.05782062893,2724.11992347468,2737.70341177745,2765.37321086264
178,2654.23155241353,2680.46750833491,2720.32891289757,2724.19776142824,2737.90860893546,2765.56818451441
179,2654.18138386861,2680.64637516008,2720.62789757951,2724.5537294864,2738.13207931677,2765.65813555776
180,2654.09501741706,2680.85481639372,2720.89286727599,2725.21176903315,2738.33055729938,2766.57154357213
181,2653.9864618505,2681.08860017448,2720.15635558213,2725.00630550904,2737.50051093031,2764.5714285992
182,2653.88213894994,2681.04841568906,2719.8359049527,2725.24864809319,2734.83377413593,2763.66863540518
183,2653.7632251133,2681.44261881702,2719.99542430903,2725.42203774198,2735.06375401966,2763.59200438295
184,2653.39654491738,2682.48736221587,2719.47162720815,2724.84166285658,2734.6512052023,2763.04678788973
185,2653.05019679369,2683.12341217654,2718.23314553194,2723.50407348043,2733.54327137433,2763.09111526858
186,2653.05696576777,2683.13133739903,2718.28705744542,2723.55806932145,2733.59804255434,2763.1314678557
187,2653.2028415622,2683.12634569404,2718.38540563375,2723.65817770235,2733.73050663188,2762.44744636788
188,2653.45625846638,2683.29202897931,2718.85137616346,2724.18709061064,2733.73702009519,2756.35929380424
189,2653.7549241293,2681.85419037581,2713.4065197565,2718.64125004773,2728.63153778434,2750.29134534035
190,2653.8934770114,2678.99616953163,2709.60209519421,2714.72616502156,2725.29120484443,2747.04354969874
191,2653.94102637042,2676.19152324946,2705.31360711399,2710.31321223295,2720.79025478201,2745.16079341547
192,2653.96921442858,2673.7848206563,2701.4513061473,2706.39469731956,2716.40423198821,2737.50365954454
193,2653.98928358018,2671.99750369088,2698.52294661062,2703.38563944626,2712.75759492661,2733.12486776429
194,2654.00425251929,2670.9318197808,2696.75684205787,2701.48402601919,2710.51270172154,2731.8335671667
195,2654.01570961296,2667.90439456981,2693.26530253277,2697.79671568898,2705.02351723546,2723.83135882162
196,2654.02107664741,2667.80045658744,2693.09777748864,2697.59845654042,2704.81588290166,2723.4924508516
197,2654.02171809624,2667.78798368705,2693.08915781922,2697.59132433608,2704.79076887006,2723.4403948699
198,2654.02203923548,2667.77136296565,2693.17026333189,2697.65356329107,2704.91619359281,2723.51600930593
199,2654.02272062143,2670.58182431575,2699.57145590577,2703.94330452386,2720.87345386946,2740.55981332216
200,2654.02303567436,2670.44850016647,2699.70083730685,2704.08105795276,2720.8618163167,2740.91341225425
201,2654.02212544401,2670.47014785461,2700.51132726171,2704.8888772011,2721.96872595364,2742.01136073395
202,2654.01751042809,2670.44845743471,2700.74441414652,2705.10743976131,2722.1573189002,2742.36057656313
203,2654.00459679726,2670.64810462514,2701.07258261486,2705.44310734474,2722.87932324822,2744.79292271896
204,2653.98312082498,2670.6483989654,2701.14898154392,2705.5412198465,2722.6786787126,2745.87332146943
205,2653.9448174112,2670.35307884451,2700.64576887338,2705.04914489039,2720.96293760649,2746.51508825893
206,2653.86922526538,2669.84328613363,2699.77123684793,2704.20479872389,2718.03928682486,2742.0341913025
207,2653.70229777669,2669.28194078236,2698.16917027963,2702.64840777118,2714.21334155837,2737.82178622569
208,2653.33266071956,2668.91541205709,2696.693991163,2701.21480695349,2710.45009561397,2731.25216373778
209,2653.00992596184,2668.34190545004,2694.16475390596,2698.79628942193,2706.84720329352,2725.2598354271
210,2653.04798656913,2672.46320462315,2700.1250245215,2704.38006375547,2711.81520285888,2738.89689395157
211,2653.12953252474,2677.71483452916,2701.50003573487,2705.71162888454,2717.91326540316,2743.52390866349
212,2653.25732266948,2677.50104950658,2702.68123268469,2706.8058998774,2717.90409509303,2743.84354390914
213,2653.33554518698,2676.51535809409,2704.16825661823,2708.02933837942,2718.02787731888,2745.33109275032
214,2653.28098845738,2675.22375216123,2703.97019152957,2707.75130291961,2715.71425176951,2743.21922997915
215,2653.23607131888,2674.44198348121,2703.23151114281,2707.04454916103,2714.8271840228,2742.00837124067
216,2653.17273137673,2674.24068446504,2703.21659586125,2706.94480120645,2714.01305490123,2741.55447374863
217,2653.49085507856,2674.45169321695,2704.27444551509,2708.45448625937,2715.33101614412,2735.95595778235
218,2653.14428034854,2674.60298455824,2700.7307184269,2704.80805734098,2711.93810920298,2730.14888853225
219,2652.87372460127,2674.44034052292,2699.83172206566,2703.40901541711,2711.67282918084,2730.30622167612
220,2653.00893619282,2673.70788755966,2698.78021759671,2702.11926749018,2709.7002395032,2729.27110558492
221,2653.01362428941,2675.0224849546,2700.41251080781,2703.90623576443,2710.00506480287,2728.92007237751
222,2653.05236296067,2674.98595136289,2700.73054633212,2704.6615659858,2710.77944628806,2732.69570945275
223,2653.20440914204,2674.73253057285,2701.68707339175,2705.78031836494,2712.00019694669,2733.65162908378
224,2653.39089547447,2674.80695605568,2703.06656791952,2706.95579249892,2713.09713031903,2734.8875939389
225,2652.94491235205,2676.12732747924,2705.66563716845,2708.44201756495,2717.51080226916,2740.53499855371
226,2652.95416203441,2675.81380308793,2706.78201646177,2709.45004391362,2719.07301356996,2743.54326415837
227,2652.96074937088,2675.75561145285,2705.52525391612,2707.92681284312,2718.61105391109,2739.57659233758
228,2652.96498165559,2676.08917170342,2705.49333842904,2707.76513469448,2719.80914619861,2740.6104079877
229,2652.96394065788,2677.62946227586,2705.5084643885,2707.79135570198,2719.79966053978,2740.37413194992
230,2652.96272485248,2677.71317244981,2711.01183059932,2713.25561622158,2724.22943845253,2743.06984054134
231,2652.96132972255,2677.68883851684,2709.95869971829,2712.1586107344,2722.38668216627,2743.22929245528
232,2652.95973008811,2677.66760153505,2709.60464289016,2711.80955325042,2721.63914219588,2743.12311108739
233,2652.96540084793,2677.6067135957,2709.82618872423,2712.06232567043,2721.72183390199,2741.97050880317
234,2653.01998672641,2678.89770117723,2710.58862265848,2712.92533683732,2723.20872127129,2743.5153286105
235,2653.06379522387,2681.55635482333,2709.77117597434,2712.08853335478,2722.81209059916,2743.22254483317
236,2653.08965584894,2684.05871254689,2709.62188215449,2712.01151327367,2722.84348614079,2743.39088509611
237,2653.09120016188,2686.04773023327,2709.74995047651,2712.20146746883,2722.07611932164,2743.93471411775
238,2653.07752235476,2688.16188565781,2710.10711586958,2712.64142375163,2721.83451042621,2745.38576378457
239,2653.04431456126,2689.31290307713,2712.01461736957,2714.90318042624,2723.2069444041,2746.33918087835
240,2653.39882787193,2691.21877285264,2717.15668644064,2719.91544753807,2728.50570662776,2751.65253490081
241,2653.73727310358,2691.09138913087,2716.52844145732,2719.32512397162,2727.93008789968,2749.71521028103
242,2653.84577029362,2691.04830101258,2716.52843013426,2719.28451876574,2727.94166876636,2748.86387600617
243,2654.01796520394,2691.67338181877,2716.59789243632,2719.30417185016,2728.20445792914,2753.1072652454
244,2654.13037668974,2691.62752922523,2715.61581645409,2718.22944980886,2727.15849456815,2746.65442503264
245,2654.0419631402,2691.40267608642,2715.4362326162,2718.23601959299,2727.08101295697,2746.57887677115
246,2654.14213573333,2691.06523420001,2713.23608119313,2716.2303865343,2723.40299846331,2745.03233607751
247,2654.62685093611,2689.51587623659,2712.18300323275,2715.35648176377,2722.81317577819,2742.78230482029
248,2654.63448441878,2689.99891604817,2719.07234203472,2722.74364962891,2732.56539929892,2760.80983940308
249,2654.8142434011,2689.66656247572,2720.15097083094,2723.87774659554,2734.07454899423,2765.32442720485
250,2655.01511631401,2689.84500119655,2720.29848302478,2724.14044532919,2734.616874311,2765.6707279515
251,2655.23782145183,2690.25522860784,2720.03211006028,2724.00245912719,2734.81971705333,2765.45887032051
252,2655.48449266221,2690.73754452738,2719.89468740411,2723.98831780994,2735.16660696025,2765.41835093258
253,2655.75956038616,2691.25039436062,2720.13309241835,2724.34000213393,2735.8762729802,2765.84141300648
254,2656.07079559003,2691.79771902622,2720.69994083778,2725.00291504279,2736.91387087747,2766.77132716622
255,2656.43008376552,2692.42192923082,2721.54706207384,2725.92434246468,2738.25516781545,2768.13500771254
256,2656.74076736125,2692.6392796144,2722.39370636512,2726.55190254355,2739.20443528554,2768.95923303478
257,2657.08172902605,2692.86614869082,2722.94508991065,2726.93636785074,2739.87032774177,2769.41803547209
258,2657.45534268402,2693.06625284255,2723.4357652716,2727.26565734326,2740.50268458696,2769.97423940155
259,2657.86099668516,2693.21301602123,2723.86154856633,2727.54770357631,2741.10202646424,2770.58975990836
260,2658.29308815528,2693.35276143706,2724.28455661848,2727.87794579392,2741.73613591725,2771.16184564335
261,2658.74673019637,2693.19452029414,2723.94045266252,2727.42054551318,2741.3729180274,2770.00304658392
262,2659.23198941784,2693.80280905361,2723.40645158066,2727.06123752627,2740.46959320834,2768.51471044372
263,2659.85723743166,2694.29445091082,2723.86955167892,2727.65239024185,2741.62824515094,2769.32715166597
264,2660.60841717079,2694.61131259225,2724.16093450889,2728.09883184219,2742.55008937845,2769.55670970855
265,2661.54445653551,2694.93825201617,2724.36671910613,2728.58050915396,2743.28988347988,2769.6242029101
266,2662.76139163847,2695.40006487966,2725.98581819246,2730.67640987234,2745.32611330143,2771.16738662832
267,2663.91451711242,2696.19026023619,2726.09244585496,2731.675780119,2746.15655487324,2770.21527542856
268,2663.88795483073,2696.63803388492,2725.51881291687,2731.35264291475,2744.04987712715,2765.94930822645
269,2663.85097678836,2696.27449925635,2725.06418508251,2730.7202784981,2743.27631642549,2766.17070512729
270,2663.92987352149,2696.27509093018,2727.42461122733,2733.02085818497,2744.6581772727,2768.08575382924
271,2664.00209119347,2696.35442315598,2727.65516393779,2733.38912100636,2744.91613037396,2768.70521127206
272,2664.06654720131,2696.46512819996,2727.84081167283,2733.69962593693,2745.2310717324,2769.31005567265
273,2664.12206800497,2696.58295202646,2729.02550983854,2734.93002753556,2746.49272960405,2770.24846677322
274,2664.16738891978,2696.64499530373,2729.24958000564,2735.26610205512,2746.95930130181,2770.89844552584
275,2664.20106514884,2696.6669547737,2729.5142188659,2735.64711536234,2747.46067594982,2771.59866694619
276,2664.2215331533,2696.62811148801,2729.70102185671,2735.96065595531,2747.89546837532,2772.13998545026
277,2664.22698450728,2696.53616292363,2729.85224801678,2736.24272470457,2748.28443242702,2772.59607430545
278,2664.21524777043,2696.39727215876,2729.93456279717,2736.45782613933,2748.61043379532,2772.99904046173
279,2664.18375964462,2696.222979939,2729.97997732339,2736.63759501748,2748.87589252816,2773.25322184427
280,2664.12915211119,2696.02400662296,2729.94942455466,2736.738368442,2749.06082066916,2773.42719703244
281,2664.04710287086,2695.81483108064,2729.84689958255,2736.7614173964,2749.15216641077,2773.48381334645
282,2663.9315025972,2695.59136113759,2729.62676519451,2736.65589178299,2749.11413283639,2773.39096349312
283,2663.77356745519,2695.39080825303,2729.37956506108,2736.50410122375,2748.97787304874,2773.24330674394
284,2663.5600945883,2695.20532856019,2729.01294528165,2736.21016551522,2748.68632984406,2772.91944071665
285,2663.2702380242,2695.08782731043,2728.66895978346,2735.90405011413,2748.28785674766,2772.13601711236
286,2662.87021337647,2695.05633072948,2728.1544230229,2735.41083401551,2747.74872967833,2771.68922222663
287,2662.30446511357,2695.16942494851,2727.6025935538,2734.82697815238,2747.00507209434,2771.26023726211
288,2661.48985292119,2695.48419603594,2726.65350415212,2733.81673719046,2745.79487517928,2770.82106729653
289,2660.37897008699,2695.90203239028,2724.5100870637,2731.47696273973,2743.29131587991,2770.58618710757
290,2659.52242812044,2683.41638835412,2710.9562978387,2717.31748416858,2727.57093144872,2751.92543983893
291,2659.48717227012,2673.16344020715,2703.31005234259,2709.33729617607,2719.04866085109,2743.046050343
292,2659.6419674038,2675.46043416085,2700.32480018096,2707.05867157641,2718.88343081917,2744.34589774885
293,2659.85367143772,2677.2007119095,2700.54504462084,2707.29978187898,2719.16826405208,2745.37721749708
294,2660.06766781541,2678.70693721412,2701.0622169963,2707.85812700333,2719.56338115575,2746.33689085506
295,2660.28304221267,2679.71571223863,2702.26463344691,2709.08273718349,2720.35433864575,2747.60890715216
296,2660.49759925308,2680.21052313097,2703.90134503221,2710.704822607,2721.49543206385,2750.85252864408
297,2660.7091906941,2680.51822668822,2704.7138898428,2711.29359998439,2722.03828805908,2751.55456433847
298,2660.91686324369,2680.69749870575,2705.91651260145,2712.2670535264,2723.06000479969,2753.14276781541
299,2661.11730929973,2681.65122523309,2708.18446834439,2714.60837434358,2725.43615665236,2755.81136468874
300,2661.1148949333,2687.33592551816,2715.365671832,2723.31793908576,2744.96030302742,2773.61760843924
301,2661.10253977659,2687.85490004411,2715.39220961588,2723.46871151863,2745.24303080287,2774.27697218117
302,2661.11326339645,2686.58478712536,2715.28272345672,2723.25713034298,2744.68378067283,2774.03358791857
303,2661.54769376666,2687.56209770517,2715.27730826766,2722.99594592903,2745.20929249381,2775.06740982695
304,2663.8007313207,2688.55359119497,2712.93287717707,2721.14260982611,2746.0884953282,2773.93389211242
305,2663.88821840995,2689.24574047865,2713.38163117083,2721.59745710234,2746.78300143659,2774.20009060193
306,2663.88119897602,2689.60698742496,2713.82392342355,2722.01274079008,2747.03967345914,2774.68245910633
307,2663.22931937943,2687.39723279795,2719.37834846951,2727.41048728378,2752.90332893279,2783.48015641698
308,2663.44335842042,2686.66018803889,2720.78107230152,2728.0473720758,2754.37592050246,2784.40630778577
309,2663.69636240091,2687.90808866303,2725.66639601707,2732.44427095584,2764.53431374785,2794.41234193722
310,2663.80816232017,2687.50921947331,2727.70774755802,2733.92777441834,2766.82427662832,2796.91415995468
311,2663.85568390967,2687.13510944189,2729.13588404887,2734.91559297219,2768.05090835092,2798.38060412789
312,2663.86192073707,2686.74881738696,2729.12088802979,2734.60953216822,2767.85658456709,2798.9832284937
313,2663.8312322516,2686.49472687432,2730.35198788873,2735.49630781345,2768.87806403466,2800.17718468189
314,2663.78591940958,2686.23224114597,2730.68967425587,2735.63024332475,2768.90305313463,2800.83780827953
315,2663.72872039051,2688.19404561003,2731.10760912475,2735.89249332153,2769.08080835771,2801.44943027172
316,2663.6608329431,2687.56648976028,2731.4618666826,2736.11507475965,2769.2663017429,2801.96830238145
317,2663.58317034603,2687.02713684214,2731.75950806736,2736.30620076841,2769.4742723639,2802.46300133663
318,2663.49653845178,2686.48227019753,2732.00894974106,2736.46621975997,2769.69162808435,2802.92182182033
319,2663.40161859,2685.98315928194,2732.21605383255,2736.59838685234,2769.92043079505,2803.61523355008
320,2663.29902724545,2685.50848477701,2732.39382964421,2736.71238302483,2770.14888265357,2803.98140085372
321,2663.18935414941,2685.05594549693,2732.53952690743,2736.8041163399,2770.38187169374,2804.31022827626
322,2663.07317739517,2684.61614820319,2732.66642279137,2736.88430758408,2770.61843884594,2804.59274684953
323,2662.95100960346,2684.23358779963,2732.76614140179,2736.94527311615,2770.84673019569,2804.81523020513
324,2662.82343548733,2683.8576307706,2732.85980603834,2737.00432892542,2771.08732528978,2804.99330435532
325,2662.69097163982,2683.53239328381,2732.92993895966,2737.04667078707,2771.31936879678,2805.12656126272
326,2662.55416633306,2683.22236810998,2732.99802114348,2737.09013399379,2771.56239152616,2805.22341501498
327,2662.41356910151,2682.95488505326,2733.05301059047,2737.12481679815,2771.78968705001,2805.24107206696
328,2662.26971428829,2682.70130295067,2733.1129657145,2737.1673130193,2772.04873658334,2805.27512989531
329,2662.12311111913,2682.48875570578,2733.16877527941,2737.20873256094,2772.30520994725,2805.26391417412
330,2661.97428750992,2682.31689845496,2733.22953240304,2737.25786062833,2772.5673977968,2805.22786547131
331,2661.82374751322,2682.17809958602,2733.30095848845,2737.31974237894,2772.84428612255,2805.1814324518
332,2661.67198188463,2682.07511720838,2733.38810927211,2737.39923373541,2773.13965430497,2805.13983604453
333,2661.51948686918,2682.00951157597,2733.49718272037,2737.50226102853,2773.45008065069,2805.09394298386
334,2661.36668992708,2681.98707942606,2733.6379793584,2737.63868812514,2773.79159137215,2805.0736983582
335,2661.21401994661,2682.06067180463,2733.83244884977,2737.83225142811,2774.26101357948,2805.38021877234
336,2661.06188303943,2682.15260221624,2734.04873454788,2738.04581738709,2774.63210346999,2805.34744771946
337,2660.91064672284,2682.29917812355,2734.33127522621,2738.32694562116,2775.06722178457,2805.38755222515
338,2660.76066071341,2682.49947240773,2734.69083127677,2738.68651986063,2775.56961479981,2805.49526461818
339,2660.61221508555,2682.76277594822,2735.13626478029,2739.13384571462,2776.14173184088,2805.66040655793
340,2660.46557884833,2683.08653934482,2735.66406775303,2739.66514774626,2776.79467760051,2805.4956101255
341,2660.32101279954,2683.47536357823,2736.27372430435,2740.27976176054,2777.5211122967,2805.89838026354
342,2660.17867393739,2683.9200238763,2736.93888169894,2740.95121038902,2778.27596932639,2806.34769554925
343,2660.03875073466,2684.41213183632,2737.62223523428,2741.6395737502,2778.96214323058,2806.7972557249
344,2659.90136348491,2684.9400413164,2738.27014742826,2742.29001828417,2779.54865340158,2807.20764199142
345,2659.76659374904,2685.77524043495,2738.90492208312,2742.92674969665,2779.96535691155,2807.64382374017
346,2659.7328781925,2685.72827944777,2736.72913449857,2740.90954261124,2775.95349925981,2807.16744694597
347,2659.84216328094,2685.71414842578,2736.64250697906,2740.89251861592,2775.59191950584,2807.01738517024
348,2659.94212857865,2685.62831594739,2736.51275497814,2740.84744510746,2775.13490258166,2806.78617026395
349,2660.03626528859,2685.47111031093,2736.39204750912,2740.8134075703,2774.7225988237,2806.43725544836
350,2660.04807228234,2685.32862577986,2735.63991659498,2740.2280865091,2775.06049253029,2805.88494271523
351,2660.02914088432,2685.3046378536,2736.95570387301,2741.73356350185,2776.72782371541,2806.41743544815
352,2660.0050587387,2685.29562799118,2736.17804927588,2741.141120631,2776.51983052562,2805.37462290616
353,2659.97802188704,2685.39246197891,2735.245437366,2740.37312352269,2776.15052920951,2804.51562863454
354,2659.95034980257,2685.50395109053,2734.25942158442,2739.54136571823,2775.73559825893,2803.29717699549
355,2659.92421550203,2685.63885176972,2733.2631632555,2738.68753816694,2775.29517675727,2801.99165607957
356,2659.90147535411,2685.78239621963,2732.25893864261,2737.81021089017,2774.82172203703,2800.61380714208
357,2659.88339705585,2685.93651538804,2731.26546391038,2736.92150442188,2774.30565599212,2799.18719189037
358,2659.87048687654,2686.0586715664,2730.27771178159,2736.01005533985,2773.7390382196,2797.72769619372
359,2659.86231198103,2686.18845983942,2729.2636329754,2735.02792547375,2773.07343765199,2796.23042056061
360,2659.85580889249,2686.2825015827,2728.26691899898,2734.00383135018,2772.38834627755,2793.86990573197
361,2659.84225476224,2686.59563162586,2728.02015272015,2733.73727526553,2772.46070285035,2793.34600267147
362,2659.82750656365,2687.06857187408,2728.13365477329,2733.84038020972,2772.94682206654,2793.43756100572
363,2659.83710968854,2685.20007554094,2716.32171072059,2721.84094906461,2760.56228750318,2780.0941351668
364,2659.83963029312,2684.06166686784,2716.07095958597,2721.62369335221,2761.04186809536,2780.92531726746
365,2659.84978380695,2666.76835561123,2691.62800441802,2695.29910120421,2738.1075752666,2747.89339112066
366,2659.87126814532,2667.70412768337,2692.15865226793,2695.74418540801,2736.54643790708,2748.81860526481
367,2659.7206960864,2669.02328503522,2692.2057369474,2695.67347418514,2734.12843039034,2747.08397066406
368,2659.34535443991,2669.92684776712,2691.94411725401,2695.03833164519,2730.44336575173,2743.67069855611
369,2658.71194142879,2670.40983697073,2692.17442081389,2694.93993874544,2727.75660841039,2740.48319771753
370,2657.59961372003,2670.46883251434,2692.9069066477,2695.73291385656,2726.502071658,2737.590922455
371,2656.30556048804,2671.85680828638,2695.3010987636,2703.21417254168,2726.31594292065,2733.52329981795
372,2656.02478895754,2672.03027137228,2699.53455608571,2706.54587203314,2728.88252047602,2739.37158681298
373,2655.51398559324,2670.19684129392,2700.87311977137,2707.42239276043,2729.67621421374,2741.81670225631
374,2655.21666102573,2669.02226000991,2701.43035177664,2707.34184838594,2729.29318970174,2743.70816873601
375,2655.17766293636,2668.49300332414,2701.98491298498,2707.14860459061,2728.25026866787,2744.7731244123
376,2655.322914739,2668.52117766012,2701.54245144491,2706.06009464875,2726.3941507106,2745.29352761547
377,2655.55223282461,2668.63599699695,2701.73564621771,2705.66883152565,2725.78269919159,2745.12589777784
378,2655.79694827201,2669.08431548394,2700.976995099,2704.32972588038,2724.34019166726,2736.55776585157
379,2656.03490844607,2670.25102226956,2702.95694334548,2705.84314852572,2725.3854773922,2737.24677176168
380,2656.28013623208,2672.67289098988,2703.01420368105,2705.56432513372,2723.8888455729,2735.75090761034
381,2656.54753982633,2666.92797167206,2696.74850924457,2699.48753436658,2718.19984404583,2730.25530114148
382,2656.79454215184,2666.32658465825,2696.15366871179,2698.22969957147,2715.68856096342,2725.7027344847
383,2656.86934040992,2666.21750656774,2699.0119200696,2700.48395216064,2715.65340961527,2726.10030854212
384,2658.8781562491,2667.340480597,2698.13351677971,2699.34743146607,2716.94703162548,2734.70806776925
385,2659.23109893851,2667.66354396546,2694.67532062087,2695.72374241082,2714.04127871161,2725.50328191258
386,2659.13598783937,2668.37825182047,2693.69641884019,2694.72405824984,2713.6471891667,2730.77653248338
387,2658.99549817616,2668.68899116743,2694.45940697044,2695.4788178087,2713.75601055408,2729.20263265905
388,2658.83507993222,2668.88016716861,2694.9573428277,2695.95335841952,2714.18685905505,2728.21970899482
389,2658.64152395149,2668.8868493342,2695.33324127273,2696.31074984639,2714.52165623794,2727.3279895506
390,2658.42476427484,2668.85742206011,2695.73604231022,2696.69576521954,2711.83928442962,2725.68866186551
391,2658.19793181811,2668.79405322816,2696.06562514783,2697.00993890059,2712.06603251586,2725.53065003552
392,2657.97575834451,2668.72548453731,2696.34651889673,2697.27655088547,2712.21646233433,2725.49333908416
393,2657.77207255867,2668.66108515892,2696.64513892486,2697.56304787423,2712.34219425776,2725.58826839822
394,2657.59750663245,2668.56541517949,2696.76652031139,2697.6763401774,2712.34169586778,2725.55520866821
395,2657.45815197344,2668.47155582777,2696.53167475026,2697.40535112442,2712.10686659082,2725.30273780296
396,2657.3550918503,2668.37356323236,2696.4699158512,2697.3336260477,2711.98168424707,2725.14888854211
397,2657.28504581646,2668.25767405984,2694.87634198427,2695.71290522975,2710.67928845225,2723.4476973898
398,2657.24143682687,2668.11654036378,2694.88462166302,2695.71801325006,2710.54483308159,2723.2097119478
399,2657.21544733467,2667.96066321614,2694.96756998093,2695.79909571855,2710.49755632096,2723.04842196323
400,2657.19663846351,2667.77880473417,2695.05800186419,2695.89220347239,2710.42026118583,2722.7609212809
401,2657.17307320262,2667.57926642544,2695.1943843965,2696.03587465927,2710.48825890924,2722.56522473697
402,2657.13057357023,2667.37841893359,2695.4594393773,2696.31321198032,2710.71318592787,2722.3764939062
403,2657.05108997946,2667.208577612,2695.87161951514,2696.73924212111,2710.90592581734,2721.93651533659
404,2656.91096720173,2667.12209392492,2696.45301399015,2697.3382534609,2711.45833288591,2721.74583883154
405,2656.66311666072,2666.69963355553,2695.73840663403,2696.6737748444,2710.22371308252,2720.60218324584
406,2656.32999281463,2667.4703823667,2694.00241010237,2694.94581371146,2708.40628078809,2717.27977877173
407,2656.2500075779,2667.9221291466,2692.87920747601,2693.78798393079,2706.79565274238,2713.40762812208
408,2656.27076255041,2668.13561082665,2694.08806674684,2694.94402481247,2707.71967401422,2714.36723552903
409,2656.30325487999,2667.99919825419,2693.05411756186,2693.84354018178,2704.84201894913,2713.52921423872
410,2656.27350650905,2666.33025987271,2692.22887180244,2693.011670355,2703.81815278689,2712.50138994048
411,2656.66906190134,2664.8582245378,2689.37639821756,2690.37226336677,2698.3815273643,2706.99006157905
412,2657.0143364112,2669.05231767422,2693.32809203291,2694.89991854487,2709.41446855377,2715.78220173258
413,2656.89722712907,2669.08446003981,2693.78364198344,2695.04901132681,2709.3536168091,2715.15623691406
414,2656.93446941928,2668.63003252372,2693.43185479825,2694.60757096632,2709.02453873962,2715.13237040302
415,2656.97672963484,2668.15570336056,2693.32752553856,2694.43707419455,2709.0956158217,2715.22791673729
416,2657.01642709399,2667.73386428936,2693.31425653633,2694.36761081278,2709.0604873387,2715.22311565974
417,2657.05096028112,2667.39755003227,2693.29227544729,2694.29660786884,2708.58776829323,2715.04175672136
418,2657.07861080552,2667.16847271321,2693.02735073565,2693.9821614788,2708.61716606108,2713.97130340425
419,2657.12754275224,2667.14840957655,2691.66423447566,2692.55995497244,2707.13081001034,2712.30150256738
420,2656.73720015539,2667.13673099291,2691.7632464612,2692.99999646969,2706.23778364914,2711.6294863393
421,2655.08810245571,2666.65644356439,2679.09692403065,2681.15871770399,2689.41191482622,2692.26757586736
422,2655.00287378497,2666.42113157785,2676.51203125708,2678.53449580044,2686.94315410312,2689.98289162026
423,2654.96756279814,2667.53707205592,2675.70760706338,2677.6658861914,2686.17729670919,2689.97746847098
424,2654.94247617931,2667.39484476143,2676.46913805828,2678.43116704925,2686.78985893393,2697.0622610012
425,2654.69900077904,2668.57290898078,2677.05493154528,2678.67317298783,2688.62436130092,2698.67716945141
426,2654.157867116,2667.58521189068,2676.96633524078,2677.83706037764,2688.21765403983,2698.97284578095
427,2653.73643148676,2666.91967231406,2679.01270249772,2679.57905677742,2690.28048310346,2701.64016356974
428,2653.45757337404,2668.08194573663,2679.00434138812,2679.58260241574,2690.47032176718,2701.68329350117
429,2653.29370598913,2668.59155767503,2679.12000014042,2679.96934508527,2691.05837083785,2701.82509444532
430,2653.46310280432,2667.11649514045,2680.82607867529,2681.81875382371,2694.42898375967,2703.35362186632
431,2653.94022474772,2671.35734318497,2682.21986302542,2683.53277706355,2700.7331883422,2710.553262389
432,2654.50912941063,2672.71296506007,2683.38344841331,2684.94981359348,2701.45202069791,2712.34106481156
433,2655.0491961368,2673.30867113615,2684.42873715344,2686.1810261125,2702.25931815901,2714.04477406805
434,2655.50064242213,2673.69442541808,2685.60704744269,2687.47090637061,2703.2843913331,2715.88304607389
435,2655.8511205112,2674.84257590191,2686.2869910162,2688.16624694825,2704.02016694165,2716.89402478994
436,2656.7758503509,2675.01730701687,2687.26084808883,2688.21708123704,2707.62434280675,2717.52666999709
437,2656.78162969362,2675.65337393935,2692.66896159973,2693.55159334704,2710.73297215357,2723.14763120164
438,2656.92038899281,2674.00783934202,2684.12256974891,2685.53735408289,2703.94549220413,2714.20553957313
439,2655.78847056569,2671.85089061432,2681.53617959065,2682.42039718393,2691.55564305181,2698.11630245684
440,2654.62170885637,2672.71355181872,2682.00303164473,2683.18791041391,2695.88412815403,2701.42215304051
441,2654.91991090155,2673.64455248376,2681.47246275306,2682.78635632743,2694.85635661215,2699.30480955147
442,2655.58380433136,2667.85225640781,2675.0697976373,2676.31104867923,2687.62409292595,2690.88069991897
443,2655.41503184059,2668.74246667723,2678.2221532908,2679.34833154686,2691.69748740759,2698.35267253926
444,2655.34703355797,2668.88827793285,2678.63612989208,2679.72072107156,2692.21723783282,2699.57499472325
445,2655.33519889974,2670.53105758141,2679.64467573296,2680.70586339608,2696.2619733171,2702.96989888541
446,2655.49949256604,2673.10451094384,2682.24621459038,2683.28200337835,2701.19365608587,2706.45505140276
447,2655.63343292283,2673.40274465436,2681.08437071867,2682.08673105008,2699.6346542141,2707.18653368974
448,2656.10666524976,2674.98769746881,2684.52561201155,2685.95801878668,2703.63862855684,2710.84345221863
449,2656.70348480195,2674.78033343022,2684.22976620558,2686.41111654618,2705.32737125426,2713.46702305394
450,2657.18085036013,2675.42639124289,2690.68633354973,2694.90208604204,2713.20455083873,2721.24040263781
451,2657.07082674685,2678.78713463683,2697.38623498161,2702.77877818398,2720.58232899729,2732.73935866412
452,2657.73642117166,2676.84551081436,2699.01742543201,2706.20204536454,2726.36158960765,2745.92350068623
453,2657.7772894969,2674.95223712367,2701.77614260136,2709.79343672408,2729.81979998858,2750.66313278963
454,2657.82521402497,2677.82891152898,2703.85302576802,2712.56009768934,2733.05661090499,2753.03413801124
455,2657.87968779835,2679.77928020975,2705.7030999003,2714.90921779691,2735.82871481773,2754.48656032253
456,2657.94009240061,2681.23371583442,2707.33089521489,2716.88743890177,2738.03923747355,2755.25435605537
457,2658.00574579489,2682.53896480434,2708.89406447658,2718.72446927762,2739.85089729478,2755.59861892025
458,2658.07587907786,2683.84069689459,2710.51793060939,2720.57896997601,2741.38755474539,2755.70676271961
459,2658.14967997644,2685.22338334729,2712.22043089717,2722.48178168096,2742.75866586533,2754.68651901298
460,2658.22632393538,2686.6358550767,2713.92710521027,2724.35259034036,2744.03891732353,2754.91968889226
461,2658.30495288687,2687.54409450636,2715.69904288823,2726.19981500069,2744.8038089143,2755.51668329615
462,2658.38371284548,2688.16795364578,2717.7582553175,2728.29568011117,2746.49980701926,2757.06431738774
463,2658.45873037134,2688.81507280688,2719.48045221574,2730.04131537547,2747.88069541792,2758.69412639093
464,2658.52871081321,2689.32583318135,2720.86917280291,2731.39185880558,2748.87274114856,2761.25471828483
465,2658.59255800439,2689.31918722101,2721.39911749578,2731.823514008,2748.99666429935,2762.6730286842
466,2658.63324811317,2687.58055488815,2720.74882096937,2731.33343799455,2748.11103098053,2759.67651274027
467,2658.61855919333,2689.54882624722,2721.27980068363,2731.80256032427,2748.77990766932,2759.65391572304
468,2658.57509211305,2690.44011418912,2721.51692354537,2731.91663389002,2749.18823656325,2759.41872296615
469,2658.50136411191,2691.52657266296,2721.53470738711,2731.76612464757,2749.3979611942,2759.46667468407
470,2658.43380640124,2692.55408269986,2721.51887428102,2731.64862649211,2749.330368834,2759.81619046487
471,2658.3738934633,2693.03183834811,2721.47777732044,2731.58972971888,2749.04676204808,2761.96816842727
472,2658.28007486642,2693.13530693299,2721.3276419293,2731.41989565459,2748.66779669233,2761.23211191003
473,2658.1534927523,2692.37586346485,2720.53131385081,2730.6225505393,2747.60285275719,2760.51027392683
474,2657.8090595623,2689.46113237383,2720.43925362786,2730.77522231019,2747.2923582356,2760.69683310377
475,2657.54135653266,2686.07471344805,2719.74956898187,2730.22896542113,2744.99333298507,2765.61607967117
476,2657.26087698239,2682.80967731366,2719.3790969655,2729.99995807402,2744.18803832373,2763.81045491022
477,2656.9891310008,2679.49824162857,2718.77082048015,2729.40020326185,2743.54847715618,2760.76264477398
478,2656.75414484946,2676.55228694893,2717.39046778253,2727.82100250389,2742.16000281369,2757.00465556941
479,2656.59208225708,2674.31490844735,2715.1848737454,2725.32818580392,2740.08706889175,2753.12778106249
480,2656.54918781869,2672.84263366913,2711.89084003682,2721.66492616204,2737.05988236144,2748.06449843813
481,2656.67794269158,2672.01133944799,2704.51296933594,2713.71464139607,2730.03206903524,2740.02634558129
482,2655.47762860578,2671.27472169902,2698.50242477551,2708.10570275092,2727.1563610659,2735.23623782113
483,2654.67257898207,2668.83969083476,2700.78680031973,2710.74079709621,2732.47946427086,2742.52943062915
484,2654.33003960165,2668.97306373176,2693.45513019031,2703.34121620575,2724.27230728525,2743.88823080859
485,2653.97504067774,2669.63227306916,2696.79125258569,2707.29290107251,2730.01959269168,2746.19968822811
486,2653.62232558957,2669.97584875479,2695.43657687613,2705.72029653032,2729.69821179122,2745.38821622839
487,2653.28295043959,2669.94470632103,2693.91221862787,2703.87152552534,2728.57135283228,2743.85191296636
488,2653.06560820814,2669.89673850201,2693.10976968116,2702.77192338737,2727.78381686572,2742.53888181363
489,2652.97442148714,2670.03960523697,2695.92033337227,2705.24640278595,2730.45544114674,2743.94521421925
490,2652.87493929729,2670.17652905277,2694.87249598546,2704.00335607281,2729.31497141315,2743.68538976658
491,2652.80927882721,2670.29704075587,2694.35374702643,2703.27108416091,2728.53140668402,2743.36346795361
492,2652.75395103796,2670.40619145558,2694.17358277778,2702.86939234487,2727.95546526661,2743.22529626051
493,2652.69520072083,2670.50006233061,2694.19775106232,2702.67160377085,2727.49295673068,2742.55220009717
494,2652.63327644742,2670.57024799756,2694.39797197943,2702.65465365663,2727.15479621187,2742.53247556746
495,2652.56848184467,2670.62038507823,2694.74319922225,2702.79445410571,2726.94014783517,2742.75342942814
496,2652.50111784876,2670.66422797988,2694.24391612873,2702.13438988741,2725.8207381063,2742.2262826863
497,2652.43137215374,2670.75819241972,2694.57021017141,2702.27815570495,2725.64215968758,2742.85315502502
498,2652.36303900232,2671.00341073607,2695.02660179715,2702.55589531445,2725.66749879181,2743.74342915532
499,2652.34357677172,2671.55982110126,2695.99690697206,2703.29842571838,2725.88781392048,2743.3493891153
500,2652.29116367984,2672.33099293773,2697.18155582751,2704.21829608662,2726.69690666311,2745.1364199925
501,2652.20670572646,2673.08356534646,2697.62193489154,2704.42372720601,2727.51185691183,2745.87588733207
502,2652.0805987044,2673.56164439419,2697.80590626783,2704.38663425494,2728.74778408039,2746.55483205412
503,2651.88036087488,2673.55614722058,2697.60837276848,2704.0011582019,2730.05203333831,2745.94892693907
504,2651.53246545383,2673.24019915412,2696.61215705369,2702.55284728737,2731.43556985519,2745.29221261032
505,2651.74896084002,2671.7528123068,2695.36399452483,2699.18524220663,2731.20499118268,2743.65285636107
506,2652.3731029709,2674.35231044143,2695.47839291414,2698.44480014058,2707.5319545667,2728.82398206085
507,2652.49859803207,2673.66102159367,2687.01270615551,2690.25117267188,2704.33632982893,2719.78051942522
508,2651.88729743335,2674.75118265167,2688.81402475394,2691.96763962567,2708.74898404163,2726.5846698855
509,2651.72639381178,2675.03348098862,2689.42415425276,2692.38678952107,2709.24107533756,2727.17287154387
510,2651.66125235501,2674.94048557384,2689.51987976824,2692.27589118434,2709.12403769616,2727.17836918529
511,2651.64005906786,2674.80392743512,2690.38248438719,2692.958045821,2710.2541028913,2728.71458928283
512,2651.61944040234,2674.80805274316,2691.10009644251,2693.50297648659,2711.13843576431,2729.95027183704
513,2651.60002631669,2674.75936443141,2691.15173219733,2693.38138729538,2711.22471956115,2730.35793619233
514,2651.581903777,2674.74831363593,2691.19498752261,2693.25836780247,2711.27645381036,2730.75560724896
515,2651.56522118049,2674.74080485354,2691.22554526367,2693.13441504707,2711.2813868166,2731.14257948573
516,2651.55027100981,2674.7307479473,2691.25143315761,2693.02090337472,2711.2466976041,2731.53803346854
517,2651.53733258756,2674.67249645749,2691.27320912329,2692.92125189696,2711.14880343399,2731.93489173364
518,2651.52670362312,2674.51846924739,2692.72076605795,2694.08721429215,2712.02935146304,2733.35135732183
519,2651.51853734713,2674.25483440485,2692.75562667194,2694.03591059943,2711.87628999504,2733.93538952281
520,2651.50382900687,2673.02975671133,2691.82099755551,2693.06400118403,2712.17426445709,2732.69178302171
521,2651.40506317523,2673.54017599206,2690.95866808248,2692.18081174724,2710.94689087347,2731.3705743067
522,2651.41697673238,2673.65040424376,2691.31891128493,2692.4330544667,2711.68704724105,2732.00052318448
523,2651.51903722328,2673.67559931278,2691.60529449848,2692.62771975995,2712.23502391202,2732.45785948983
524,2651.67423430843,2673.61040771003,2691.8770377363,2692.82817898732,2712.64433531771,2732.81998163825
525,2651.85183285335,2673.42327611747,2691.63682093633,2692.54196528447,2712.38739904878,2732.65175868105
526,2652.03130380784,2673.07966717623,2691.48370568729,2692.35722052194,2712.07373099795,2732.18748023057
527,2652.19814153295,2672.74045332388,2691.14886060412,2691.99607085861,2711.62837348507,2731.10310345246
528,2652.33901848601,2672.60841137706,2691.00438778211,2691.79807956006,2711.58572815605,2730.16782304562
529,2652.43844237168,2671.4333022564,2690.48545482449,2691.24997141257,2711.55887865232,2729.30939199794
530,2652.49632792878,2672.00085459253,2690.97602431257,2691.81414030022,2711.0249244303,2728.26304057816
531,2652.66403427155,2672.86036087204,2690.72784691031,2691.51906406029,2710.87515179512,2727.53374107403
532,2652.85337971296,2673.00625933066,2690.09306945208,2690.88158303254,2710.1094356957,2728.43864890845
533,2653.08559556381,2673.12582683137,2689.67761648891,2690.4555792349,2709.60460002574,2730.69296272197
534,2653.39979195186,2673.22666426809,2689.44730339097,2690.22376214053,2709.32113122887,2731.972088862
535,2653.78502209455,2673.55011877793,2689.58733918549,2690.3745155552,2709.41466946962,2732.75771866321
536,2653.65234304823,2667.54399759688,2680.60662572365,2681.27024572557,2696.53702828871,2716.91747108578
537,2652.41039778202,2667.43205778886,2685.23991066269,2687.24995582329,2709.67779833915,2726.96336249859
538,2652.49183132421,2668.49023895786,2686.98206389505,2688.7869807624,2711.34901052729,2729.10622724721
539,2652.58656574376,2669.18016296084,2688.32090866721,2690.13713819285,2711.93519354044,2729.69359999918
540,2652.68645609657,2669.60176902003,2688.67652933065,2690.45439065394,2711.9448183733,2729.99529736182
541,2652.79297642023,2669.97755405278,2689.38089911001,2691.16885996993,2712.24699940136,2730.24679408727
542,2652.9059206032,2670.50279796373,2690.21760131941,2692.04275145987,2712.75131561188,2731.00265155578
543,2653.02465813417,2671.11236778215,2691.59574034608,2693.48642241814,2713.81937991952,2731.26785213215
544,2653.10672495477,2671.92205566758,2693.06726117572,2694.99287371787,2711.22157699136,2728.64215591267
545,2653.07573248418,2672.00368537276,2692.4377897502,2693.74413057814,2709.38072935463,2727.73581853321
546,2652.58430345051,2670.01434602192,2689.68179831273,2691.03117262736,2705.83577646838,2723.55077554554
547,2652.31274252133,2670.10367097549,2690.29118994951,2691.99081218728,2704.08358016625,2726.71640355453
548,2651.8238629378,2670.09576879765,2689.57719229515,2690.48564914768,2703.20770362523,2723.37591222864
549,2653.03648812122,2671.49064947863,2691.33761614955,2692.40477635368,2706.71019102792,2728.10663728549
550,2652.82169415021,2673.49974179915,2693.75676625162,2694.96296599492,2711.08533470561,2734.05531356307
551,2652.79354752956,2674.0376708476,2694.18291526189,2695.40830412364,2711.62261407405,2734.64072423045
552,2652.98822869851,2673.65079429642,2693.86424876527,2695.54145047878,2711.10456447517,2733.53854045948
553,2653.44776178145,2672.63452384895,2691.62407364736,2694.27387116073,2708.84484016915,2731.86394251337
554,2652.43596673139,2671.21890904682,2695.11407015259,2697.28506235421,2710.76705581081,2734.54269301135
555,2651.97897460124,2670.47608378174,2693.79487221457,2696.04155292873,2708.39467689656,2733.15322722151
556,2651.85661428163,2669.6584897791,2692.70019979391,2695.16639845898,2706.91071566592,2730.99467322578
557,2651.77808766181,2668.8762969486,2691.59676570973,2694.28646735486,2705.4078963046,2729.37342336369
558,2651.72045491701,2668.7110906752,2690.94940439586,2693.89611614405,2704.79417784993,2729.31827553894
559,2651.68802466713,2669.69295975215,2690.44468839967,2693.73713016888,2704.93583483559,2729.3096988294
560,2651.65565187301,2669.9058275262,2690.28381200915,2693.86234418089,2705.73036640091,2729.21155767755
561,2651.5250331168,2670.64166533179,2691.53503018228,2695.42637498242,2707.21641945433,2730.16170224675
562,2651.33981526293,2672.11039154024,2695.39717857513,2699.82874558326,2711.60164026003,2732.91057488609
563,2652.30794999099,2675.5898281526,2696.13334610061,2699.37092409525,2711.97932236804,2729.29164377699
564,2653.9268125229,2678.13277767616,2696.88673417479,2698.64911270837,2712.60693874854,2731.18575828386
565,2654.27486783048,2679.39056711486,2697.69587243827,2699.29813431331,2712.90832815344,2733.62564155101
566,2654.66220057932,2674.90553773333,2695.72355137138,2697.1620576906,2714.79320835253,2731.62810994528
567,2654.82050726309,2674.89388222423,2695.10649673122,2696.64391894642,2710.31204327951,2731.29895159678
568,2655.08582801823,2675.48771296649,2695.50829493772,2697.17516797362,2709.33345470278,2731.78152350807
569,2655.18160776693,2675.70643681537,2696.53459087795,2698.29070287851,2709.14935535017,2734.01038380576
570,2652.16807298914,2670.76875189459,2692.78475838866,2694.58378770689,2705.83779562596,2735.34716890589
571,2651.88410391566,2674.69255124843,2700.26439370405,2701.9369076331,2714.57035846045,2747.20756972306
572,2651.66508509775,2675.67917119468,2699.57294058504,2700.78812967892,2713.7274134557,2746.45908410611
573,2651.55679617683,2673.53581829056,2700.75574233345,2701.79291363288,2715.57505415035,2747.38425893005
574,2651.66633377698,2671.3904416131,2703.19554719938,2704.49905710819,2717.67464270291,2751.47478640669
575,2651.76714301714,2671.66403805626,2697.60921525525,2699.00617060992,2713.38408343977,2743.35993871085
576,2651.8929313824,2671.65700944209,2698.07558943031,2699.35160000919,2712.99136112732,2742.05390409927
577,2651.98696598569,2671.61800077346,2697.9157700197,2699.14250915802,2711.97544138431,2739.79071007581
578,2652.00388622945,2671.40222631469,2697.97406252689,2699.35298215555,2712.24843619512,2739.1540183758
579,2651.80858245092,2670.88869284097,2697.00443748659,2698.68875523609,2711.49675096156,2738.02640063174
580,2651.99003131189,2671.08308385861,2696.88061440615,2698.56223747763,2711.41654607288,2737.13400065515
581,2652.18114526376,2671.34619903275,2696.89513314265,2698.57954453045,2711.19806386541,2736.55368699556
582,2652.3817968718,2671.70254893554,2696.79838594618,2698.48580214874,2710.86227054879,2736.07090862676
583,2652.59191012198,2672.13913621939,2696.58549372718,2698.25980218182,2710.54233729164,2735.69063993854
584,2652.81166187309,2672.63307003311,2695.61690393156,2697.24631322162,2709.54292842253,2735.01227751793
585,2653.0132291883,2672.6024424802,2696.30045201986,2697.88646447863,2710.53036579691,2736.45136503361
586,2653.20741610785,2672.65963690962,2694.49010021102,2696.30706464813,2708.98054468925,2723.26626617685
587,2653.36321720171,2673.05812275848,2694.38781777448,2696.25140281271,2708.71226891181,2725.87620127881
588,2653.52176570855,2674.04238879233,2695.24774065736,2697.12751510377,2708.93446421619,2724.71605731914
589,2653.68402782026,2675.45048353994,2696.26351354973,2698.12809178701,2709.77881888977,2726.00928393914
590,2653.8507962883,2674.9226463023,2696.93497368946,2698.77528279667,2710.59001104957,2726.81796365662
591,2654.02207545568,2675.39267447219,2697.18294735812,2699.01603327244,2711.31715747085,2727.59042313396
592,2654.19659855812,2675.85966210075,2697.39768843725,2699.23240304651,2712.22416099457,2728.88707210613
593,2654.37212977002,2676.31177537331,2697.56173858411,2699.40382852864,2713.19932354343,2730.41963665422
594,2654.54619671842,2676.71590474723,2697.67458296898,2699.52329840536,2714.15568799591,2730.83716363191
595,2654.71691943629,2676.94014628485,2697.21755031262,2699.06238585525,2714.52770344656,2732.10406854509
596,2654.88311485042,2676.92264295595,2696.59124304918,2698.47520131618,2714.51105400727,2732.83460245761
597,2655.04470622641,2676.35622488299,2696.57302093295,2698.43698944331,2715.10393120781,2733.83510345416
598,2655.16415911763,2676.37384945504,2697.28384121146,2699.18483627096,2715.55500215568,2733.89830151768
599,2655.41580984872,2678.22128301103,2698.4207663111,2700.42024526287,2713.75962189324,2725.509982837
600,2655.23062991439,2685.75117340477,2710.94257097467,2712.92395286854,2730.64522737166,2748.17680037383
601,2655.34310743039,2680.45531170447,2706.54467470997,2708.49326530397,2728.85219857895,2743.32236404253
602,2655.26392880161,2687.40533228509,2718.31017773779,2720.6227125407,2740.46011844354,2754.84190825278
603,2655.1569363039,2683.49286842339,2714.41608159095,2717.13438308375,2734.93826727557,2750.44440203089
604,2655.12637390625,2682.4522017694,2712.1088128701,2714.80596358854,2732.62563889637,2754.52688407357
605,2655.0580429593,2681.2778774398,2711.37903727842,2713.94291345332,2733.65571990847,2761.52723451869
606,2654.95188499055,2680.06951842041,2709.30378724776,2711.8105458597,2732.3779230962,2762.80531744738
607,2654.83182268324,2680.41744567945,2707.2305589357,2709.77374145056,2731.38388601881,2761.68057114505
608,2654.69616969264,2681.46992186793,2705.85866413632,2708.56801565398,2728.20033323326,2758.34455368892
609,2654.25069776864,2680.32064669431,2706.03311080919,2709.91969565577,2729.64325428105,2752.40874689557
610,2654.04065051756,2680.61803674692,2707.42371248082,2711.02356784136,2730.37673204803,2755.3513717069
611,2653.83777331815,2679.80185541575,2707.55604552526,2711.01505713113,2730.51255872342,2754.96758581535
612,2653.62321302416,2678.94582891501,2707.34234605339,2710.72071152357,2730.46321326568,2752.6670763643
613,2653.4000124434,2678.29996381788,2706.9150118995,2710.2447111978,2730.26604379221,2750.15358018408
614,2653.17243744209,2677.88289498123,2706.39234767102,2709.69670713853,2730.01205515569,2748.00002042258
615,2652.94413920438,2677.69420336822,2705.85635650148,2709.15490544646,2729.76139660586,2746.49761020085
616,2652.7183401174,2677.71058155294,2705.33349113376,2708.64288060456,2729.52499670483,2745.7436507202
617,2652.49785386803,2677.9181877558,2704.83619731741,2708.16944237611,2729.29006142061,2745.64990889211
618,2652.28509317133,2678.28179453885,2704.36889650892,2707.73449725199,2729.05151008721,2746.04706035155
619,2652.0821975659,2678.70648711426,2704.66815217495,2708.11570300647,2729.57275249321,2747.50889100481
620,2651.89085293602,2679.9607910694,2704.05227453863,2707.53568982904,2730.00744118528,2748.24717222471
621,2651.71237455194,2679.64182411639,2702.78469697237,2706.29994467767,2728.09438745618,2748.38434456099
622,2651.54765669084,2679.23544601665,2702.36203395142,2705.88918772915,2727.81129220852,2748.72049442342
623,2651.59375399526,2680.21885005688,2703.51450248265,2707.11619239466,2729.00012286986,2752.0387959504
624,2652.00899635437,2682.60756226312,2702.83073844914,2706.1115266734,2729.14489705555,2752.71554081561
625,2652.58257695597,2685.21784790088,2704.14659903468,2707.12772061138,2731.19440201562,2756.36762799068
626,2653.18313574168,2687.4104077415,2705.5445132823,2708.41037556539,2733.15799775993,2759.85391616442
627,2653.71427221341,2688.92461501782,2705.90145572129,2708.84704867918,2733.27140656487,2760.56382451012
628,2654.11474368916,2689.44794524831,2704.76717753536,2707.87551792752,2731.17785831794,2757.28972307087
629,2654.0846240581,2687.47151012779,2703.64309834755,2707.21494861635,2730.75296043678,2755.43864492503
630,2653.88405527072,2676.93230244331,2695.04547853957,2698.49834573248,2717.28463818308,2731.20181735181
631,2653.86665767999,2676.35884160855,2691.87558851576,2696.13014269634,2713.71868106138,2727.89181840172
632,2653.84304270384,2675.97957066512,2690.46777972173,2694.93740607025,2712.21827674947,2726.65007262257
633,2653.80736359134,2675.55953803293,2690.90960270275,2695.49178818635,2712.51664883835,2727.13063663757
634,2653.78753911922,2679.40685526385,2694.70809463948,2699.0707080129,2718.59955591739,2730.32051826461
635,2654.22937847091,2678.86514666223,2692.84748058061,2697.86234023641,2717.02022410614,2730.79053589093
636,2654.77116827443,2678.99987508042,2692.74478713136,2698.01670436628,2716.6794638146,2731.14577057995
637,2655.33530066047,2678.92594519094,2692.937336294,2697.8607370626,2716.88571202082,2731.3102885688
638,2655.81432280526,2679.00602536259,2693.63208326379,2698.13464134821,2718.07154885829,2732.8316996913
639,2656.17705696256,2679.67829863388,2696.09906576546,2700.28302454062,2721.40560212924,2737.13931992658
640,2656.58110811496,2680.05192520802,2696.05162244336,2700.08109549634,2722.27592045536,2735.04340751435
641,2657.90148619096,2684.92124334766,2701.32301982384,2706.29435172323,2728.81672126431,2745.70030769975
642,2658.59029759371,2676.43493273926,2702.64172900498,2709.50787844223,2722.91897755203,2745.74590779381
643,2658.90993068951,2676.65107555552,2707.02884219334,2713.82473202798,2727.54632048084,2751.78663325201
644,2658.34941012674,2675.39426087502,2705.8467098551,2712.60471219144,2727.87035304903,2751.89467770335
645,2657.7463850477,2675.02538059142,2702.73440333419,2709.69552398508,2725.18007404806,2752.14658219816
646,2657.22912218909,2675.69773022482,2702.19633531362,2709.59784317341,2724.82870983736,2753.17938323357
647,2657.60347942833,2674.47778926191,2687.53178858759,2694.92575160686,2708.66412434817,2723.09067842221
648,2658.39696185018,2672.60799215022,2685.95555865971,2694.51172444548,2708.78216862399,2722.29693061864
649,2659.23490442843,2670.81695265572,2685.12645348519,2694.99106536977,2708.91664308825,2718.41083857543
650,2660.21243515395,2667.56304034862,2685.39520677466,2696.19208154947,2711.60440746901,2721.46272524722
651,2660.38528215744,2668.45974347015,2684.19788670002,2693.65653579977,2710.86364471652,2720.93429630675
652,2661.18357809353,2671.05851070281,2687.4864666506,2695.9221297967,2713.60887100783,2723.72347342986
653,2662.19765231429,2672.15008880638,2692.2161613633,2699.43672892359,2718.04376147826,2730.84604084504
654,2663.17620166033,2673.76326109836,2693.86104343068,2700.81215877018,2719.70709261842,2732.96710006637
655,2664.13958547824,2676.46472939136,2695.5002498124,2702.55304638146,2720.13139518612,2734.97459991667
656,2665.24424141521,2679.86560196721,2703.25930078857,2710.25949611462,2723.92273582275,2737.16182844402
657,2666.48842071575,2676.91999308964,2697.43041224242,2704.71319390422,2718.46955104146,2732.05659421023
658,2666.14360793671,2678.15398602577,2702.81079442988,2709.53649187259,2724.14578006195,2739.29225135806
659,2665.75480761979,2675.57325341697,2694.26033540657,2702.43759542041,2716.71298851298,2733.65851065107
660,2660.24214509401,2680.26349317046,2700.46980605075,2709.87339291009,2725.77409365648,2746.4866048372
661,2660.01015425689,2680.24722346669,2700.004922374,2709.49531963857,2725.63720212448,2746.5490432054
662,2659.75056214899,2679.87512390749,2698.21500295988,2707.79876167743,2722.61495154702,2743.62330943785
663,2659.58228222948,2682.50572062788,2700.3351259186,2710.2688918694,2727.12958441929,2747.12278136279
664,2659.39196930962,2682.04664608325,2700.9569539583,2711.20034405111,2727.11641986038,2747.24055908314
665,2659.17357928676,2680.7479512157,2701.43180849986,2711.91156662052,2726.73254074016,2746.82571031061
666,2658.94501505064,2677.90386847078,2700.20506859549,2710.79195287911,2724.79159866522,2744.81875516749
667,2658.73691591523,2673.99524285658,2699.39815087696,2710.16160537578,2723.4638613296,2743.26239719851
668,2658.6643159781,2669.28071229991,2694.00205321645,2705.27037268524,2718.17055657094,2738.50312294173
669,2658.56435749285,2673.5664059595,2695.10279542748,2706.70505599324,2719.83915975016,2738.81049714239
670,2657.99755219424,2672.02226288188,2696.12651771764,2707.86009919156,2720.12584593276,2738.14546471501
671,2657.83702911645,2671.90728285892,2694.76690027805,2706.52119272594,2719.98992840475,2737.0617904529
672,2657.80829730332,2671.83401713121,2693.69496183181,2705.50122225032,2720.33598280459,2737.12371143224
673,2657.79854155531,2671.75452806197,2691.26134791107,2702.69320048189,2719.21549740766,2735.41888033492
674,2657.69425963505,2671.68733292965,2688.58958890201,2699.59980405365,2717.89303003111,2733.99310507377
675,2657.19915357623,2668.09147633304,2685.29256713137,2696.13981356954,2713.06123461712,2730.48544308444
676,2657.23098495529,2671.64071663874,2681.20450587461,2691.88813856505,2709.85910981312,2726.52498161524
677,2657.67408167237,2671.57210571895,2683.70244419987,2694.21862495208,2712.03322389153,2722.36602590548
678,2657.60845911016,2671.63242249349,2684.88584794377,2695.12128408716,2712.74040444486,2723.62180523616
679,2657.36947170226,2671.26243637691,2685.95720198125,2696.04159473429,2713.6381778891,2724.11611247115
680,2657.09318116132,2670.81703899761,2686.67814050051,2696.57505371062,2714.09506470437,2724.39941397509
681,2656.84343352203,2670.81399179441,2687.70179085605,2697.23475037087,2714.10273630473,2724.88868154417
682,2656.6194033731,2669.20158602472,2686.7737439233,2696.29362164803,2713.79191725077,2728.85160287977
683,2657.66271038857,2671.35336135831,2690.04799532623,2700.11462680703,2716.15432492875,2730.67527253779
684,2658.62103531623,2672.46539986619,2691.29938008017,2701.57330553126,2718.32094355381,2731.39387929186
685,2659.24259915332,2673.18326339071,2691.68664703492,2701.92816906472,2719.48287483163,2731.69594153485
686,2659.52739508826,2673.4086566704,2691.78494908885,2701.9097580172,2719.77058291949,2731.99298688684
687,2659.82644582513,2673.67618578622,2691.91509731253,2701.93219606436,2720.11437601755,2732.38479653284
688,2660.13471181608,2673.98563119674,2692.08793235639,2702.00539648984,2720.53721100136,2732.86675540853
689,2660.44593883873,2674.31548913442,2692.2998823385,2702.13417319929,2721.02577867382,2733.43765963797
690,2660.75258821676,2674.64508474844,2692.52658870759,2702.29474078295,2721.57926295886,2734.06975522575
691,2661.04497737233,2674.97110462417,2692.78557635712,2702.50284009783,2722.21946502216,2734.80178550533
692,2661.30907597862,2675.29314712361,2693.06958713218,2702.76047894154,2722.99042362426,2735.67521110665
693,2661.51994907642,2675.68362129295,2693.47388255819,2703.17511207157,2724.03618490034,2736.8451545291
694,2661.62370509752,2676.35645561829,2694.219549728,2704.00707835063,2725.59002811012,2738.64340524557
695,2661.51377002895,2678.45151686543,2696.66161495756,2706.73831925403,2729.26676884253,2740.58844353584
696,2664.78586524406,2686.58968570999,2701.88119013163,2711.42491542242,2731.4762147613,2741.18843265397
697,2667.02518356539,2691.10135883409,2706.95757476614,2715.83282221601,2735.55193755868,2745.38050310621
698,2666.7840384897,2692.54994915731,2706.70033860103,2714.74412539093,2736.67408345574,2745.44256258151
699,2672.71239233354,2696.07075860799,2715.29454694719,2729.88118889951,2750.04682027399,2760.07576594067
700,2674.30847040535,2694.81292568865,2719.43185181927,2733.95789378199,2754.93907085259,2770.15193495727
701,2676.06343151878,2692.69863299087,2716.38602864308,2730.70319871526,2755.39794826664,2768.87459881502
702,2675.54806274091,2689.29600894704,2713.91087184485,2728.25313280695,2755.71027782381,2767.75850232264
703,2673.79370692171,2686.49321091391,2706.93870279037,2721.59131823555,2750.46280471054,2761.65199376893
704,2670.11820359519,2682.88849115551,2700.80113235331,2714.15236370594,2747.02266828125,2757.46236059487
705,2669.96527507268,2682.38902453146,2699.0537918887,2712.54310428152,2748.63070968509,2761.14263008484
706,2669.79734068397,2681.27703442111,2695.12487087032,2708.76873513626,2745.99217550793,2757.92922929666
707,2669.63348425622,2678.31460971348,2690.781378042,2704.3147778863,2739.35298922751,2751.03567187005
708,2669.65253114818,2678.08582762497,2690.80548047815,2704.19112195926,2739.14149131594,2750.34373606446
709,2669.673967715,2678.08906256325,2691.24280023689,2704.49850343598,2740.9683212806,2750.19173472515
710,2669.69167046889,2678.15955144003,2691.91602355826,2705.05773077479,2741.92342207007,2750.35662148852
711,2669.70551263509,2678.24888991745,2692.50033649579,2705.56631193553,2742.59377222374,2750.523184177
712,2669.71544369281,2678.34674916412,2692.85532704377,2705.87150998613,2742.93738022629,2750.56956595519
713,2669.72134459221,2678.43538202968,2693.01900320673,2705.9991292042,2743.03378427465,2750.5057562299
714,2669.7231581576,2678.5186239351,2693.06688466545,2706.01578257953,2742.99222929443,2750.403961087
715,2669.72081110233,2678.59456849711,2693.05285380615,2705.96997266991,2742.86181694378,2750.29647259177
716,2669.71424748901,2678.66438027766,2693.00706470319,2705.89172007708,2742.6821935115,2750.20586462401
717,2669.70756607685,2678.7705571724,2693.54308809908,2706.62111928386,2742.69226134071,2750.69126797304
718,2669.7016020527,2678.93082162383,2693.58351561877,2706.77144441534,2742.18197457163,2750.56866046392
719,2669.69208366005,2679.09745854872,2693.49414069444,2706.69215189551,2741.57394598977,2750.72965212282
720,2669.67896610698,2680.43815136437,2693.38794380495,2706.57560800902,2741.12631914089,2750.93049594505
721,2669.66225288939,2680.41814983251,2693.27751862115,2706.46319508822,2740.80185575148,2751.17744408578
722,2669.6418937663,2680.46094909434,2693.19520917546,2706.37688945056,2740.5911712409,2751.41332838398
723,2669.61788098084,2680.5236051189,2693.09962065298,2706.27512625014,2740.41639561294,2751.64585686905
724,2669.59017009313,2680.62477604407,2693.03103794328,2706.1994691563,2740.29475118421,2751.84289638219
725,2669.55874506888,2680.71275653309,2692.94131526377,2706.09777217985,2740.15275422194,2752.03774264348
726,2669.52335428728,2680.80710907217,2692.85556270574,2705.99315031815,2740.00631045707,2752.1427779051
727,2669.48022880148,2680.83706300892,2693.02650322696,2706.20701476663,2739.90636481198,2752.26041937464
728,2669.43241611964,2680.87323636924,2692.87842059509,2706.04126266645,2739.66613073142,2752.22565297583
729,2669.37971379693,2680.91900541692,2692.72976680685,2705.86980440859,2739.43250579246,2752.12209857281
730,2669.32189785984,2680.94805729932,2692.59943040901,2705.71452513419,2739.20738933647,2751.97696460556
731,2669.25863162118,2680.99682765793,2692.45509780661,2705.5384861385,2738.98809483897,2751.74867013707
732,2669.18950974634,2681.0034544508,2692.36098889813,2705.41179063557,2738.79375423816,2751.54521133416
733,2669.11394615959,2681.05242545166,2692.21678022953,2705.22675355299,2738.59334932623,2751.21331660758
734,2669.0312169067,2679.64414180908,2692.02142917834,2704.96712145628,2738.4122097616,2750.78186964559
735,2668.94035542358,2679.68088987373,2691.92399198426,2704.82386352053,2738.25427978697,2750.48692762038
736,2668.84005206353,2679.71585190474,2691.81539648932,2704.66756870558,2738.09529011438,2750.18162275157
737,2668.72862154502,2679.74922157619,2691.672130114,2704.47924073863,2737.91939131414,2749.87172104598
738,2668.60386048078,2679.78243533441,2691.44708432064,2704.21901021221,2737.6933836372,2749.53037818462
739,2668.46297273392,2679.81648068505,2691.11798204082,2703.87474217121,2737.40132374925,2749.09382337305
740,2668.30244557174,2679.85307695262,2690.91222372273,2703.64902115444,2737.21090106793,2748.63112552076
741,2668.1742339772,2679.89850367135,2691.47725797138,2704.15152758715,2737.54543228,2748.48198012082
742,2668.08158161535,2679.96368691642,2692.07699645159,2704.53402426791,2738.36397990578,2749.2647753515
743,2667.94430746024,2680.05932099082,2691.07718522257,2703.4600579259,2736.76159531712,2748.34789853241
744,2667.76004138644,2680.16812536874,2690.655578334,2702.91142025679,2735.70000008552,2749.42572839999
745,2667.54040558892,2680.14403758221,2689.80622149356,2701.80350801901,2734.68863649746,2748.94396581431
746,2667.44259875663,2679.35117700237,2688.75362011757,2700.27146272273,2733.93732204323,2743.81126302038
747,2667.68094271455,2679.35251889839,2687.27476341887,2699.13355321553,2732.1179102293,2743.28126793213
748,2667.95654859188,2679.62621912191,2686.15114815264,2698.33011184284,2730.57450963943,2741.31901071552
749,2668.24004770315,2679.86890624619,2686.90574635089,2698.97611911847,2729.92594749192,2739.89117528065
750,2668.50315205015,2680.04029942117,2687.83044217152,2699.78934073805,2729.19496806419,2738.55094093002
751,2668.74481349335,2680.14036855813,2688.81560497676,2700.66601832957,2728.35949120512,2737.44612126651
752,2668.96446742982,2680.181087378,2689.73199023489,2701.47011372214,2727.41598301891,2736.67892482035
753,2669.1622065016,2680.18407793866,2690.52492601043,2702.12939315924,2726.36912943479,2736.25034076606
754,2669.3390541305,2680.1000670747,2691.29393735707,2702.71333352315,2725.40302472023,2735.98849248728
755,2669.47610067793,2679.80955503508,2693.37837388122,2704.40029110735,2727.1937940206,2741.41590366225
756,2669.56541087838,2679.34155709487,2692.78011809862,2703.520880068,2726.60649697887,2740.2271746448
757,2669.64305192719,2678.87194616096,2693.998638609,2704.36309506911,2727.11422059543,2739.25078201293
758,2669.71280737867,2678.5889239915,2695.95497873346,2705.93179596428,2727.29530268069,2738.84079491962
759,2669.75149245489,2678.27070745116,2699.3375112428,2708.91182299041,2728.83684895028,2739.7039834017
760,2669.55212335741,2677.81837593756,2695.66353070855,2704.59976507803,2723.70102637321,2731.4956158236
761,2669.48911790803,2678.5754103965,2692.72080955176,2701.27323566478,2718.96729379759,2726.7495191143
762,2669.56436694425,2675.8234288472,2684.01539486338,2692.45915363893,2706.87671906771,2711.2334582533
763,2669.58772758257,2678.30010991054,2687.02401071103,2695.69879803262,2709.4285199447,2715.95327378585
764,2669.58582919508,2677.88383416648,2685.90516867355,2694.49306909121,2706.51880092071,2713.93144659526
765,2669.57165239298,2677.63912182916,2684.3430668878,2692.84558173402,2703.77562034774,2708.77477835824
766,2669.4156446002,2677.5259071982,2684.9949108108,2693.27840362813,2701.54715808784,2707.21255910654
767,2669.10570562853,2677.1633853141,2693.59062880902,2702.05448902372,2711.51527306351,2718.11700017377
768,2669.00300298223,2677.15282476119,2693.65249419484,2702.07091231681,2711.43744933209,2718.01496399247
769,2669.06176877451,2677.35444970195,2694.38826125775,2702.82335868764,2712.40796119037,2719.27455498541
770,2669.11909308402,2677.47918938493,2694.98186809155,2703.42903826651,2713.15330083257,2720.28288672181
771,2669.17478731651,2677.58520698609,2695.71113691333,2704.17135976169,2714.02085064976,2721.33224495822
772,2669.22866513828,2677.68415492149,2697.67295204517,2706.15078484112,2716.17159680794,2723.73060477431
773,2669.23378157077,2677.895822696,2699.62843379402,2708.15698495118,2718.81415063241,2727.80409592642
774,2669.13644093989,2678.04917572759,2700.23759672095,2708.83145840699,2720.27011607771,2727.605770613
775,2669.02989238966,2680.09162045296,2700.45098495886,2709.06642544301,2720.66849298263,2727.7752400215
776,2668.9139418976,2679.78046396953,2700.02705269193,2708.67907465404,2720.62868457388,2728.03573274916
777,2668.78870177537,2679.51631254288,2699.41519050656,2708.1096688408,2720.13621412652,2728.18182429249
778,2668.65453952902,2679.31785967631,2698.55928072401,2707.30304312934,2719.49555789072,2728.5162968753
779,2668.54788120034,2678.93749399152,2696.78444742067,2705.53209905416,2716.44924786175,2727.00707490047
780,2668.54740916542,2678.95606258232,2694.51433485313,2703.24588525762,2714.10320999303,2722.08248928668
781,2668.54385077304,2679.70314716072,2692.98786911713,2701.69540201196,2713.11898659857,2720.2149727191
782,2668.72920180608,2686.19310482128,2696.78393930975,2704.4493535155,2717.98148660619,2725.89337238333
783,2669.53851909966,2682.87077411659,2691.61417206733,2699.10562389169,2711.51989824156,2716.5731762811
784,2669.52280527582,2684.01849665262,2695.13064072239,2702.82799564605,2715.8204616749,2723.17234481251
785,2669.52980242071,2680.63231681246,2694.66825181269,2702.71215505505,2714.09174373005,2720.38985962218
786,2669.55098716342,2681.6302502753,2699.63105433114,2707.78844378671,2718.86114135425,2725.69452321196
787,2669.60623465881,2682.27412074436,2701.23092553116,2709.23394419726,2721.12840830316,2728.27947658744
788,2669.65120672452,2682.82498722079,2704.01696183816,2712.01703529459,2724.83699623866,2731.91946192001
789,2669.85821503364,2682.11352832215,2701.13193051324,2708.95537102514,2720.81985795575,2726.31637845648
790,2670.24009284515,2683.18472129493,2702.6646151573,2710.43881611764,2723.54500734575,2729.7717509821
791,2670.60526887091,2683.92286012015,2706.792037558,2714.61376084764,2727.88035590205,2735.47273874281
792,2670.86470179209,2684.05830551657,2706.83982935971,2714.44723875339,2728.60878449427,2735.67004368201
793,2671.00932171556,2685.03254132004,2706.69045176324,2714.11216693536,2729.1812959782,2735.75030633744
794,2671.11109578572,2685.92350963944,2705.36415075691,2712.74263597948,2728.24758482919,2734.76503089533
795,2671.33965666578,2686.46078275285,2705.6307853827,2712.99389246631,2728.13021703808,2734.83069462073
796,2671.69495174769,2686.38161607735,2704.04881980493,2711.45042225041,2723.91109930632,2735.60009872838
797,2671.58127169704,2687.56104884387,2704.60501639892,2712.00735707926,2724.4174130048,2734.35203192612
798,2671.26439315441,2685.98126623976,2706.16986640664,2713.50136242924,2726.26788062184,2736.15747603035
799,2671.00305119162,2685.59656414969,2705.61801426593,2712.88898392136,2725.94573502,2736.07691095323
800,2670.74178630125,2685.35875304883,2706.40574136234,2713.60537679795,2726.87287732354,2736.96988605257
801,2670.46501761845,2685.08030007443,2706.75447727937,2713.85789222676,2727.29452702954,2737.2162115728
802,2670.16900089892,2684.80685576956,2707.62786863189,2714.6166953034,2728.36245717672,2738.12810269897
803,2669.85422507335,2684.52743223654,2707.72477788508,2714.62074909611,2728.60087656705,2738.29541049569
804,2669.54412102,2683.87644814648,2706.87985388559,2713.71124188023,2727.19743075023,2737.80846878315
805,2669.21203753251,2683.17957101333,2706.32767404075,2713.07430507599,2726.37550702203,2737.47311670258
806,2668.85620570362,2682.50383042645,2705.98046754408,2712.63312649222,2725.97965080209,2737.52955635412
807,2668.47895693965,2681.83136835611,2705.69447408834,2712.25138660888,2725.83023717133,2737.78194245416
808,2668.08419518724,2681.1620025202,2705.42988869837,2711.89317346126,2725.85676455467,2738.14688945038
809,2667.67646400857,2680.50039734358,2705.20574534117,2711.57871352964,2726.08125812298,2738.61035308824
810,2667.2604557445,2679.86423754414,2704.99362842401,2711.27799286147,2726.48426193092,2739.07923098856
811,2666.84065589127,2679.31368652395,2704.80857293001,2711.00281781742,2727.06009334275,2739.57533067793
812,2666.42118588029,2678.98635475033,2704.72214330415,2710.82296199043,2727.6666717956,2740.17404530333
813,2666.00563893196,2679.08443946517,2704.82064184164,2710.83453688245,2727.82841966889,2740.60945419022
814,2665.59713115405,2679.87299037097,2706.47638305816,2712.35688989725,2728.69733813828,2741.41751031847
815,2665.4891316836,2677.71684504278,2701.06281975116,2706.60408301472,2720.45704396966,2733.20707964765
816,2665.33949027853,2677.00753691106,2700.77466780808,2706.37334069901,2719.95471309835,2733.38219328645
817,2665.1639722131,2676.90298764562,2702.31237571378,2707.91886243723,2722.82570890196,2735.52832821159
818,2664.9631033701,2677.00376064124,2704.53126651357,2710.22215570354,2724.25477820416,2736.00120167776
819,2664.59016269381,2677.79532091301,2701.40203257247,2706.95917624547,2719.96561482532,2734.52810999246
820,2664.04510312729,2678.48553704641,2701.07765063661,2706.50951854198,2719.62570812519,2733.35957045049
821,2662.86315103759,2678.13707485616,2700.9600837636,2705.87372149359,2718.62428474184,2731.62302949988
822,2661.61799866306,2676.76158312458,2700.57085892675,2704.88441848197,2717.26900881845,2732.13695680046
823,2661.52185660059,2676.9318913192,2702.55961205254,2706.38297766907,2719.87582323217,2738.68292489859
824,2661.45344671505,2676.14325461773,2704.07228575122,2708.21673000834,2722.69887730926,2739.49895203089
825,2661.54601058021,2676.75906767477,2702.48308655248,2707.12549714482,2721.65061108908,2739.80449556897
826,2661.78456260388,2677.64059183178,2704.17574062577,2708.764663505,2722.5483678738,2737.86457549504
827,2662.01426238092,2677.9243261682,2703.70119464083,2708.31328376672,2722.15542645221,2738.09878921376
828,2662.21892801337,2678.04804383051,2703.56018285857,2708.12880824666,2721.4841883376,2737.82301031097
829,2662.41338379057,2678.17398527315,2703.63351856137,2708.10085921413,2720.9736143,2738.7902231243
830,2662.64126312943,2678.36723470588,2707.22291921896,2711.09691398783,2723.05169107702,2741.32476772859
831,2663.25117430242,2678.76294168311,2707.93710174757,2711.62466337518,2722.95039257903,2742.24840973721
832,2664.17708897753,2678.97455359365,2708.44064662477,2711.94534476965,2723.0119175433,2743.58185148711
833,2667.50682769354,2689.01337328116,2716.45221739093,2720.33195674336,2735.35852133423,2754.10482569221
834,2668.03346819671,2692.358339003,2718.26009677934,2721.94768605921,2738.29841809716,2758.8856179979
835,2668.48301297666,2694.33522202086,2720.44206792897,2724.25137973704,2741.89312736286,2761.84027667295
836,2668.61935821514,2694.87907086088,2721.67048107292,2725.67358825338,2744.31163446604,2764.23100418392
837,2668.68052507682,2695.4462792217,2722.2667703972,2726.4610239668,2745.44067676927,2765.91433397745
838,2668.66458033224,2695.87934365026,2722.51280322722,2726.88837549831,2745.91094370868,2767.27545103694
839,2668.59281129061,2695.41792595705,2722.64626191411,2727.22788613454,2746.95978622835,2770.62918317171
840,2668.47162772204,2695.22164117795,2722.90764402027,2727.52768898559,2748.77307107466,2773.07744266996
841,2668.29682215366,2695.41564812397,2723.03523949591,2727.68677210324,2749.50647614995,2772.78299642576
842,2668.0683777487,2695.56168531358,2723.03415919848,2727.72433025319,2749.57816605842,2771.50880156426
843,2667.78772937391,2695.5479964574,2722.95093308516,2727.6898337671,2749.31684096824,2769.7895309123
844,2667.45732639952,2695.2852225704,2722.80730483138,2727.60972991769,2748.95481292153,2767.50436850409
845,2667.07852000945,2694.65840276138,2722.5525536247,2727.43491248812,2748.51200367937,2766.27642393104
846,2666.63916505475,2693.5292490502,2722.08575633271,2727.05681099537,2747.7882177034,2765.03016975955
847,2666.00894703966,2691.92505523558,2720.25263287616,2725.13467488166,2745.10995376804,2762.43852319418
848,2663.42963636197,2690.10857221606,2717.7547154362,2722.11224906203,2741.89417444589,2758.55548823565
849,2660.99688440653,2684.32317532688,2709.96394456358,2713.83229035029,2729.76370954466,2747.44972036025
850,2660.27080679116,2683.77798627623,2708.52700949145,2712.2728235106,2730.15951502861,2747.70321971218
851,2659.5783788567,2683.89224149299,2706.9959960982,2710.76576193229,2730.7339262544,2750.0064209794
852,2658.93799256465,2683.73921184699,2705.4515363556,2709.41011872277,2733.52714990832,2749.84422539744
853,2658.75870220942,2681.06401042881,2702.98284443542,2707.26307969138,2732.3879360135,2746.64174980308
854,2658.73567251114,2680.42858567124,2702.62227519145,2707.04137777657,2732.2463489168,2748.37197260965
855,2658.79645381714,2681.26981242481,2702.8278037955,2707.46917469283,2730.6657618306,2746.70245673101
856,2659.19274276086,2684.86405309864,2707.02179962688,2712.40862152649,2732.9399091346,2745.31250640403
857,2659.54988810387,2687.20448829932,2712.88273468283,2719.0655312516,2740.08900755912,2752.19320963878
858,2659.86255613428,2689.17742288136,2718.61695826127,2725.62365844655,2748.50919630416,2760.33778620599
859,2660.12672844652,2690.99154824837,2723.10111381959,2730.97564309444,2752.63470892161,2765.7995022056
860,2660.33864524022,2692.45498934326,2718.0656734345,2726.90276842965,2752.42874325734,2767.67203770224
861,2660.50390800503,2693.44825852999,2721.49191723464,2731.3383305899,2756.41421898958,2772.32482018856
862,2661.06771492228,2698.27605297177,2726.09066780916,2738.50000163095,2764.20283361868,2785.80113585278
863,2661.16393107501,2699.85921757642,2728.37564421445,2740.54854421468,2765.30887893734,2786.39407170134
864,2661.24703473529,2700.5318285129,2729.69538302928,2741.60407103253,2765.4755289415,2786.35179654513
865,2661.31734159038,2700.80966309032,2730.20249655621,2741.81815421476,2765.02551218639,2785.7512893571
866,2661.37521699134,2700.87665001039,2730.05278483155,2741.31301469232,2764.00527918237,2784.27813956651
867,2661.42079197626,2700.83936045945,2729.64216743051,2740.52796747841,2762.74961377656,2782.24329226115
868,2661.45357294685,2700.83311658978,2729.24555583288,2739.7900690317,2761.51879282873,2780.4336748068
869,2661.4720257656,2701.00904410251,2728.93940262341,2739.16993172149,2760.41728625766,2779.05152690084
870,2661.47319213427,2701.38443954293,2728.64161581152,2738.589733453,2759.32660153335,2777.75458755354
871,2661.45240274126,2701.68587802398,2728.3575608003,2738.07682533824,2758.22772263347,2776.30621129124
872,2661.40313329907,2701.51278739889,2728.1021955212,2737.68103313631,2757.20634029419,2774.68937038082
873,2661.31714241786,2700.68881847783,2727.51602753866,2737.05583188107,2756.03443286251,2772.85463842216
874,2661.18426092217,2700.35452341531,2727.32655175944,2736.95877907345,2755.48681252347,2770.7555002339
875,2661.00380786922,2702.35737486636,2726.95530917405,2736.62764878109,2754.74078307093,2767.85403338793
876,2660.8952259359,2701.56200688445,2725.87585215663,2735.27460564356,2752.30356285714,2763.18517313797
877,2661.09098819083,2699.83106612447,2719.37241070604,2727.72586666961,2742.81818667156,2750.02093943184
878,2661.86412012498,2698.95171022114,2719.67067186655,2728.01579350621,2742.41111451817,2749.26296865433
879,2661.95369529459,2698.13068877334,2717.0863709,2725.4313212802,2739.68504312379,2746.8196910363
880,2661.77184919213,2697.3116674935,2717.22222065673,2725.4358615697,2739.46660546559,2746.6592988145
881,2661.44252598876,2694.51398279535,2708.40809249958,2716.60922153188,2730.40206090608,2736.53627447233
882,2660.99361255374,2700.71373390182,2714.93876228401,2722.89424844908,2738.10055367907,2747.28821205406
883,2660.79491523392,2701.84346298907,2716.90511045028,2724.50429046776,2739.85262747546,2750.52531666944
884,2660.30338313069,2700.88523627085,2715.99308102582,2723.05226826761,2738.44128615953,2749.15338362439
885,2659.96061566278,2701.03087880659,2715.07268407557,2721.48277804837,2736.8361980361,2747.57250528369
886,2659.74334125448,2701.32214195528,2712.28688962371,2717.8852039742,2732.96451798119,2742.59254545909
887,2660.27487635492,2699.87721457927,2711.09488280007,2717.37561221658,2732.87376223097,2742.05467199872
888,2660.54125071038,2700.07933422174,2711.49836906395,2718.40062870584,2733.88656279963,2742.94289644442
889,2660.85719874498,2701.08756245308,2710.42405354448,2718.10709759635,2732.38166348873,2742.01768526551
890,2660.86230699809,2691.70649945638,2701.56869111694,2709.44839137476,2723.44988289717,2730.31977133087
891,2660.57443237384,2693.04417084689,2704.09742051918,2712.15573597822,2725.38467302957,2733.55156439829
892,2661.82264269378,2686.0745831342,2698.85803575946,2706.52952442164,2720.31262778083,2730.09941038528
893,2661.98621492434,2684.67802540837,2696.52574623315,2703.77364468686,2717.95838931777,2728.28745819367
894,2662.0136966425,2683.52019432783,2695.74762329825,2702.2723830984,2717.49846828362,2727.90065137614
895,2661.89606680407,2678.6732020061,2694.3169092967,2699.90623933858,2716.29347326532,2726.0655508854
896,2661.86572273391,2676.53728873303,2690.40211238206,2695.844307427,2708.97449762928,2717.88171679957
897,2661.77213140587,2676.28222779331,2690.49022924712,2695.79694753187,2708.28330402007,2717.11071177835
898,2661.67520202815,2676.21703671513,2687.13183601048,2692.4420017694,2705.49246869287,2712.92851568552
899,2661.78700235291,2678.06503429117,2686.93799536711,2692.14761678306,2707.07552994226,2714.12480049999
900,2661.96277925324,2678.26259440065,2686.21586909232,2691.50308353066,2706.36895197906,2712.99071851619
901,2662.30811386275,2679.43720028903,2691.38846420296,2696.07038372947,2711.1423649518,2717.60307457229
902,2662.37338984886,2680.44440182938,2693.3189558869,2697.99079034531,2713.07963285331,2719.67493534962
903,2662.27677485031,2680.83091551897,2691.26731707531,2696.13960326412,2710.89027611722,2717.27664033685
904,2662.18546383486,2681.52145453169,2691.11749098266,2696.07668085315,2710.42143298064,2719.07883417228
905,2662.20500720389,2682.19905462587,2691.99948340751,2697.21803987627,2711.09143941239,2719.33501034594
906,2662.32039041442,2682.24843728438,2692.31014413315,2697.69688520271,2712.51888549309,2720.33966343713
907,2662.93126550111,2684.22190533819,2695.42304187173,2700.83976532634,2714.58592051967,2722.11909923959
908,2663.03636996574,2684.75171469969,2696.35805905257,2701.86004744758,2716.36865943251,2722.69649399663
909,2662.80851696884,2685.22697360801,2697.42079964893,2702.99137058844,2717.9945982025,2724.21853988275
910,2662.59293313176,2685.61957916308,2698.3065125145,2703.91198745369,2718.85161636114,2725.03390362999
911,2662.3960599595,2685.99887292306,2698.98966629941,2704.65003930042,2720.55980429514,2726.56936295247
912,2662.21883395928,2686.30163015087,2699.22925103229,2704.93819244913,2720.63319261151,2726.72203901592
913,2662.05754614674,2686.42712457111,2699.14741137163,2704.89625637691,2720.24247758268,2726.87518279083
914,2662.05804692914,2686.41990573776,2699.08717580006,2704.92544851524,2719.99013449743,2727.06439499017
915,2662.35836061572,2686.60419788655,2699.12019442256,2705.1914731485,2720.1222574705,2727.05755803535
916,2662.65049150271,2686.80308872104,2699.34549181563,2705.63121350522,2720.39384677607,2727.29252328552
917,2662.92898253563,2687.0381356708,2699.52001779217,2706.01884443495,2720.53658411197,2727.46053949322
918,2663.18695759561,2687.20444299117,2699.69981641481,2706.40211562191,2720.63444611606,2727.61631340637
919,2663.4160646391,2687.33091453166,2699.79643373452,2706.68496523773,2720.58095686453,2727.66682257448
920,2663.60674395238,2686.10527814649,2699.74588505597,2706.75876373296,2720.25068830109,2727.47163964391
921,2663.7487822812,2686.35437694891,2699.69729768504,2706.82219453854,2719.95770432227,2727.31689381016
922,2663.8324707062,2686.62614777686,2699.57550506835,2706.76470578905,2719.62214807143,2727.09097696867
923,2663.84976868028,2686.89632461999,2699.42784688285,2706.62563800817,2719.35567546887,2726.82122855179
924,2663.79235661829,2687.06327223101,2699.24562549334,2706.37908634356,2719.34306980641,2726.37712205573
925,2663.60006155,2685.6994516664,2695.66986919435,2702.63565301138,2716.1999114283,2722.96204625628
926,2664.63462938794,2684.20500198966,2694.82535538683,2701.63634324145,2714.16920349088,2721.77081859176
927,2664.8562712319,2684.28589640789,2694.96944059079,2701.55820945417,2714.16145360747,2722.93995403277
928,2664.84303824345,2683.9939577459,2694.5623283246,2700.92599844668,2713.74525737347,2723.26720768772
929,2664.24124298444,2683.64297530976,2694.13659193643,2700.38348012605,2713.03245966522,2723.34970044534
930,2663.37729948431,2683.73440364294,2693.23708852019,2699.44942740414,2711.88973138818,2722.61739448836
931,2662.71006287517,2683.30850170881,2691.86562326622,2698.10483896198,2710.42405213956,2716.26781521779
932,2662.26446889319,2682.51725228935,2689.39893986681,2695.65769009585,2709.12070355485,2714.88695408669
933,2661.81770137306,2682.97498276726,2691.39430116946,2697.64115236346,2711.37683493421,2721.82181296853
934,2661.30678179916,2683.03126475177,2691.82938242211,2698.13345206066,2712.40103471976,2725.20674204288
935,2660.86555277752,2678.04098849544,2690.36005847371,2696.94485714974,2710.2365606183,2725.86174478674
936,2660.54828825602,2680.41424401785,2689.22485035454,2696.12800716632,2710.71625504018,2726.01473959351
937,2660.14685115505,2678.52444568046,2689.81253756823,2696.96840072248,2710.67378993587,2726.07550717502
938,2659.77266045245,2677.17719689989,2690.54665172413,2697.83967074405,2711.08507744307,2726.54079872345
939,2659.46822482393,2676.15898708651,2691.24107991742,2698.62559433,2711.72118680271,2727.42207835904
940,2659.24578677548,2675.57974041349,2691.80169747999,2699.26192922398,2712.33147025965,2727.85677381814
941,2659.09097629431,2675.86763266627,2692.35007744162,2699.86606554224,2712.79908020197,2728.46986982234
942,2658.97598731715,2676.18048170946,2692.89474239553,2700.45814973266,2713.31614125557,2729.19658581908
943,2658.87209681623,2676.69481124415,2693.62285611082,2701.23036255545,2714.02500140539,2730.68996430985
944,2658.75684417122,2677.37829755747,2692.3361268241,2699.97856896805,2713.21137359455,2732.5513201885
945,2658.63619051112,2677.00881153242,2695.44696407133,2703.40115694109,2715.92607698283,2735.11869262403
946,2658.59442040464,2677.22263730295,2695.50879721434,2703.60762470689,2716.38948349666,2736.5724902332
947,2658.5781413332,2677.58992725173,2695.61518822059,2703.80311832394,2716.90893882517,2737.16756566326
948,2658.54939296351,2680.74197708867,2695.99252208282,2704.2132357507,2718.20552233163,2738.2242587424
949,2658.49789014983,2681.2004855511,2696.3825361746,2704.60682330007,2719.03830618806,2738.92391917181
950,2658.44463532255,2681.48454846473,2694.84133275243,2703.2703092976,2717.80850528962,2740.34613266864
951,2659.63561295876,2680.75237638293,2692.83353450106,2703.71628039064,2717.50000656501,2741.48119936874
952,2661.40269902476,2682.15151144852,2696.60061420016,2709.66972150746,2724.92889616866,2751.18488437529
953,2662.90450774771,2684.24768875442,2699.64207931795,2714.47499510324,2731.7880567558,2758.20158596421
954,2664.01011458365,2685.94528305314,2702.68367576677,2718.53622744649,2737.23332898947,2763.41761553233
955,2664.81931533135,2687.22539649294,2707.01919072314,2723.18802640919,2742.54726032102,2765.9477912719
956,2665.24534576548,2687.72198904765,2707.79381406979,2724.30315331843,2744.3659688282,2766.81524617544
957,2665.52137732735,2688.41126926103,2708.25780688095,2724.78215007489,2745.65815132417,2766.25391810711
958,2665.67804610756,2689.98022764333,2703.46776430544,2719.73866883959,2742.41787622696,2761.69280410576
959,2665.66378330575,2688.5521890385,2704.12262795338,2721.20993237802,2743.99634370782,2764.56451136757
960,2665.68135034579,2688.56490832696,2704.63945808128,2722.10901247006,2745.49760177391,2765.61930939317
961,2665.70268921593,2688.71001378261,2705.25290349549,2723.06763048056,2747.01211326411,2766.69210115429
962,2665.7221133238,2688.84135785528,2705.80142699334,2723.91958409475,2748.30754866078,2767.61535675635
963,2665.73945417135,2688.93928773872,2706.2746092391,2724.62533858665,2749.33768959469,2768.32948366028
964,2665.75464764271,2688.99317951142,2706.68623634998,2725.18971963604,2750.1198091651,2768.79602614
965,2665.76765095072,2689.0028459366,2707.05550339575,2725.6185783508,2750.68220939089,2768.9430689989
966,2665.77856888189,2688.97060757324,2707.38556178481,2725.91051176003,2751.05855827142,2768.70501603486
967,2665.78757597216,2688.92357241708,2707.69070106209,2726.08866621821,2751.29814158919,2768.17922738774
968,2665.7949511224,2688.90223182794,2707.95902969905,2726.16860677878,2751.30153059046,2767.59310972327
969,2665.80087065252,2688.92043299689,2707.99951568039,2725.89819134832,2751.07796324647,2767.17056131526
970,2665.80556230755,2689.04410251616,2707.64480474471,2725.34320587023,2750.68229667458,2766.6650270197
971,2665.80914712245,2689.87478727214,2706.98161202694,2724.5260152064,2750.04732170794,2764.69050084475
972,2665.66838011581,2692.31589597899,2709.9964466336,2727.20681781412,2753.59285105827,2779.36214207167
973,2665.42625949978,2691.92121992003,2708.65025418727,2725.42723941772,2750.87412291275,2778.20423869549
974,2665.08520874203,2691.27812020691,2707.76966253416,2724.14646345732,2748.92713273521,2776.3059070734
975,2664.6013680427,2688.47549804971,2708.7763255707,2724.85797162193,2748.62634749689,2774.13996769962
976,2663.89194422251,2688.14340132677,2707.27298927509,2723.50488395803,2747.27323843775,2771.92918605721
977,2662.94082527462,2687.63525448066,2705.64707347239,2721.46796480646,2745.42392110539,2768.20403082788
978,2661.71394304552,2686.95980845759,2704.7748900922,2720.24294139096,2744.42210921025,2765.56417869555
979,2660.27705456266,2685.94702949662,2703.15672009991,2718.32997292301,2743.03368089343,2762.5407108459
980,2659.20570771979,2687.56029545075,2706.13101293917,2720.88315168843,2745.47941101637,2760.38303865104
981,2659.24728550629,2691.16070196882,2707.18122606634,2721.80739481387,2745.06855609038,2761.17280832296
982,2659.1736153245,2691.36391300434,2702.29185515092,2716.98146789402,2741.07306811134,2758.03271935575
983,2658.4288611354,2689.81581494824,2706.65184407904,2720.98535595669,2740.57631599594,2749.08342028689
984,2658.26058452883,2690.4918859798,2708.63434958937,2723.09083383677,2744.00653818118,2754.79866910429
985,2658.10154467732,2691.3839969665,2708.30554262121,2722.47673017061,2744.01938792426,2754.87704059824
986,2657.9572523247,2692.314082803,2708.14848705458,2722.08142970015,2744.50737634705,2756.88189452588
987,2657.83155490767,2692.92429229574,2708.32643673297,2722.12485750659,2745.41451190592,2757.3884572561
988,2657.7232175846,2693.022923179,2710.63016178533,2724.43324744952,2748.10104138391,2758.69115891514
989,2657.64149330052,2690.10568064942,2706.09285603936,2719.86017120053,2746.9977524546,2766.15997271279
990,2657.65777196045,2689.426221563,2705.13784817796,2719.15003470812,2748.31256650233,2766.41912327839
991,2657.69229090861,2689.62362599776,2704.70434757738,2718.77539000546,2748.35093786163,2766.02851459621
992,2657.71718798573,2689.89497223984,2704.39501904666,2718.13235819224,2747.87883079651,2765.71778130594
993,2657.73220185425,2689.13606421637,2705.50546893433,2719.15979320856,2747.40588070029,2767.97186651569
994,2658.46975151284,2686.50934203048,2704.74307732473,2718.7971259338,2741.88881805682,2765.08071661785
995,2659.62927600178,2685.18622039515,2703.00851817731,2716.27262329202,2738.61098711546,2763.09725306764
996,2660.61324611282,2684.90129560769,2705.13564414992,2717.48328479256,2738.05241670052,2763.30632917296
997,2661.11722614817,2685.20099843921,2706.1684750132,2717.45784485331,2736.40745618853,2763.59677257227
998,2660.80056954322,2687.48933746788,2708.45034653562,2719.67098619716,2738.65117979445,2765.08519071225
999,2660.60738492568,2688.00096707088,2708.46870588126,2719.60753562648,2738.29304842978,2763.04124152892
1000,2660.51636450947,2688.15063537818,2708.3825714289,2719.41927090103,2737.8274181737,2760.69519657378
1001,2660.472298164,2688.19466190037,2708.42311293609,2719.34043861274,2737.39606292181,2758.70201456605
1002,2660.4484181032,2688.14608540585,2708.25431770242,2719.03017297348,2736.71727879906,2756.53958300033
1003,2660.43097010865,2688.00906015235,2708.01703839815,2718.62204548463,2735.96198828641,2754.34046475633
1004,2660.41234910991,2687.76815318383,2707.53226980034,2717.93897483526,2734.98017222621,2751.97398618975
1005,2660.38810005255,2687.40812240344,2706.62596868419,2716.79332417513,2733.63579914085,2749.20876430636
1006,2660.35553738856,2686.92087886926,2704.59930772915,2714.45631779685,2731.29741927004,2745.98186311112
1007,2660.31308533033,2686.36622106646,2702.06147685648,2711.54468976682,2728.37957993935,2742.90616768664
1008,2660.35349739609,2685.9309881612,2704.14505994097,2713.43404259995,2729.86986271443,2745.05985872146
1009,2660.45545804407,2687.06418313008,2705.20386367526,2714.60442310323,2730.77034565311,2744.21802901042
1010,2660.48066372084,2687.51640631275,2706.1612784886,2715.68987428372,2731.9363139827,2744.66886061117
1011,2660.48646556863,2687.71094894736,2705.16329458909,2714.63135466596,2730.39174971811,2743.55246767843
1012,2660.61423806979,2687.9294087458,2704.01399372753,2713.36179727955,2728.72103066758,2741.63047188868
1013,2660.73421829309,2688.11042371539,2704.0480942578,2713.33051373182,2728.16944445613,2740.85827330745
1014,2660.84749523156,2688.33896897887,2705.3359312573,2714.53081577469,2728.87457349649,2741.44080773325
1015,2661.0158157483,2688.58542506349,2705.4455980728,2714.66177408216,2728.19716427729,2740.9873904168
1016,2660.97111787025,2690.96116788369,2706.06736697881,2716.15596454341,2729.86877534486,2740.54247370542
1017,2661.00158146076,2690.15898508158,2705.55347562446,2715.35896168213,2729.22869498008,2740.77989482976
1018,2660.83637829602,2689.83224131789,2705.1150586355,2714.85056173704,2728.85837643494,2740.40061506827
1019,2660.62940795313,2689.07502462598,2705.04151900542,2714.69575374873,2728.55707183849,2740.11790964225
1020,2660.61136561737,2685.91543471705,2703.96599998601,2713.51399875677,2726.9209659614,2737.92515526448
1021,2660.66832764519,2685.82512540439,2703.35938275567,2712.83361797581,2725.92275836734,2736.8722950659
1022,2660.68876781412,2685.82054754125,2703.44381801183,2712.87810592131,2725.93214412516,2736.87869111211
1023,2660.70216740984,2685.83900000968,2703.65731048768,2713.05797106994,2725.99687560286,2737.00506997742
1024,2660.71254360743,2686.17486376377,2705.87734085988,2715.28558277592,2728.75838988807,2740.89996392145
1025,2660.59490137024,2686.00105245178,2706.17078113352,2715.48723148572,2728.79392608347,2740.86981758171
1026,2660.43534110783,2685.73507112727,2706.87639148358,2716.08031971342,2729.24708990416,2741.44643331747
1027,2660.44802053475,2685.6685045473,2706.66675654018,2715.78457062867,2729.34344375438,2740.99365633677
1028,2660.88133610929,2686.31281761056,2705.80077361393,2714.97500980019,2728.77682785547,2740.43105286674
1029,2661.31445869908,2686.96774422989,2705.36476724822,2714.6180550879,2728.77317799306,2741.16249250331
1030,2661.7349779762,2687.2197201449,2704.56701929803,2713.89731861458,2728.57474517782,2741.75933091294
1031,2662.13132886408,2687.74012823528,2703.77269843472,2713.23114168769,2727.20718213677,2741.13789259235
1032,2662.20985551857,2688.18759183957,2705.39005015633,2714.98552884427,2728.65689445279,2743.27408771794
1033,2662.15882464766,2688.57177783534,2706.25109111373,2715.9004467873,2729.20127192613,2744.95371057522
1034,2662.20644440457,2688.66931376741,2705.44010125932,2715.1538106555,2727.67533226875,2743.18785840374
1035,2662.25877370084,2688.68565114534,2705.13702258673,2714.92216570893,2727.49404961339,2742.33329088677
1036,2662.22612233235,2688.36219665533,2706.41174251581,2716.1158453609,2728.66205306882,2742.29800142738
1037,2662.17873547213,2688.17432040642,2707.05627745548,2716.72990451831,2729.32870425727,2743.06610471658
1038,2662.12878569764,2688.15737228214,2707.58263524354,2717.21049820782,2729.90374532648,2743.7998451195
1039,2662.08358579884,2688.37059033169,2707.98868029497,2717.56459487738,2730.37889482208,2744.31785240942
1040,2662.04951309874,2688.90080559953,2708.31486977925,2717.84052307392,2730.81321480858,2744.61860399588
1041,2662.03054720899,2689.63385810426,2708.34925464319,2717.82207712595,2730.97120355881,2744.7068675031
1042,2662.05018187467,2689.2728210729,2707.46753409812,2716.4181173507,2729.93449635202,2744.04860433458
1043,2662.08052666517,2689.16838294631,2707.12304273042,2715.24770322148,2728.35828291968,2745.26251329656
1044,2662.05897333062,2688.41709576587,2707.14083593232,2714.49868680931,2727.35272086958,2745.37242212125
1045,2662.01101447461,2689.42647483591,2707.77749543907,2714.44835769394,2727.37860656327,2744.8998769048
1046,2661.90485636237,2689.97334822002,2706.4257424162,2712.51645334785,2725.38838649084,2743.09020157328
1047,2661.70207555606,2688.40523290781,2707.09421322481,2712.81568657407,2725.21654164245,2743.51773125823
1048,2661.43591791371,2688.1626692506,2706.5219439298,2711.85962907736,2724.78486232811,2742.96310798387
1049,2661.13686482141,2687.76912456664,2705.83555914281,2710.88355368106,2724.03340413887,2741.9192966756
1050,2660.82488977871,2687.20634578527,2705.23787661904,2710.08714227145,2723.44715773818,2740.92771024067
1051,2660.51232123103,2686.50535554086,2704.75975056435,2709.49125233879,2723.09051977718,2740.10242718471
1052,2660.20560583327,2685.26361781572,2704.53567329626,2709.23461212198,2723.15869439857,2739.07390280527
1053,2659.90135208871,2680.36606922259,2706.1858729642,2710.93844666647,2725.16416578514,2741.44250500511
1054,2659.52516630754,2680.20324291261,2705.23202680635,2710.20336421826,2724.47618720468,2741.02712449197
1055,2659.12156614716,2679.8746206793,2704.30980663997,2709.57040950125,2723.87936819092,2740.71294429263
1056,2658.73339415282,2679.58614171768,2703.45562725648,2709.04831638043,2723.40577653175,2740.51040423879
1057,2658.38515774556,2679.64042539581,2702.52259426524,2708.47506848231,2722.99531173392,2740.31589735937
1058,2658.0868709841,2679.41198983907,2699.92105712732,2706.39834066706,2719.20582567269,2737.9501775667
1059,2659.02561630487,2683.81910661722,2696.56566409786,2702.82033377333,2715.67776697349,2733.33987836069
1060,2659.48575992746,2682.41279982931,2697.94488223831,2703.65102381699,2717.97220501657,2733.52218973147
1061,2659.47459625471,2682.19272027639,2697.86393113113,2703.57150788341,2718.62598731392,2733.69567293104
1062,2659.44011284909,2682.45543204814,2698.03002515007,2703.73457871128,2718.74078326112,2733.41956398647
1063,2659.40186515796,2681.88559406934,2697.10209995496,2702.99751852078,2717.13150946091,2731.96281895403
1064,2659.36055900686,2688.01358989533,2704.53391503944,2710.58490338187,2724.91343893377,2740.18909358826
1065,2659.30006712227,2687.30022196693,2704.13052302472,2710.24335663558,2731.59710430691,2742.90514744564
1066,2659.22677701647,2687.15115968501,2702.13889611615,2708.29814570694,2729.36942739473,2739.58018947123
1067,2659.15912781067,2688.95807000604,2703.69307426347,2710.05869100901,2733.7931725458,2744.24018634449
1068,2659.02830441285,2688.47340298106,2703.41909365871,2709.84028189923,2729.74064743755,2745.20909275056
1069,2658.90932844355,2682.87620592495,2693.90065369464,2700.19261369255,2714.37408687879,2732.34951231304
1070,2658.86376948371,2682.9054449692,2700.25362333445,2706.27663283085,2730.23526210923,2741.60173171623
1071,2658.8384662372,2681.97321078419,2702.87940726112,2707.87510817621,2731.87006432985,2742.38165516223
1072,2658.77877656339,2681.46397557451,2703.66044142619,2707.96158473584,2732.1577588468,2744.13718930473
1073,2658.76027728098,2682.33527553044,2706.00092995546,2709.80849791015,2734.33697504996,2747.20021316214
1074,2658.82150040246,2684.27161569681,2709.18038019269,2712.81223714051,2737.81386992841,2751.28151607646
1075,2658.98729506513,2686.30435802071,2711.71388842529,2715.29494933985,2740.50705010982,2753.80854117903
1076,2659.28361573987,2687.54086269996,2711.36396900807,2714.68954616991,2739.40282776962,2753.16941326801
1077,2659.57734879058,2688.83567822973,2710.13437802692,2713.19929134693,2737.0666178103,2749.36722344745
1078,2659.86180954757,2690.07568012666,2707.43993292075,2710.22694144754,2733.12564393864,2745.20174581653
1079,2660.12987033457,2689.43834175322,2704.31774192024,2706.88811337823,2729.19241836446,2739.56402488709
1080,2660.49684017344,2690.29187920302,2705.09331455219,2707.51848412915,2729.59783370444,2741.15175604033
1081,2660.86141663437,2690.97426185197,2706.43363349456,2708.96847329642,2733.87036535128,2744.29024356413
1082,2661.21631272846,2687.39868889727,2703.61379781712,2706.0672396081,2727.17868535599,2742.08519204948
1083,2661.59840793995,2685.79377201797,2702.02506699607,2704.50963829627,2724.07166867613,2739.01804813549
1084,2662.42913281474,2686.08708065977,2701.71094934391,2704.10975429022,2723.46925659162,2736.79593754696
1085,2663.29424700251,2686.91850532584,2700.86231074744,2703.07332011132,2721.77820574995,2736.15493532771
1086,2663.93370734903,2690.39638151717,2703.98415783936,2706.49936550957,2725.04296937719,2741.38098910206
1087,2664.35870858234,2689.19734269966,2704.42342062376,2706.96331324483,2728.57116508304,2745.22156721954
1088,2664.70061363551,2688.44963000459,2704.75934841182,2707.60601374333,2728.0872453206,2744.70252575692
1089,2664.90651270635,2688.46059202332,2705.45337789056,2708.84850880583,2727.82997752442,2745.56483488824
1090,2664.95720257413,2688.81960535458,2705.69063025739,2709.81034036294,2724.9644135806,2742.31656492616
1091,2664.9304349183,2689.14265907058,2705.6629811721,2709.91755087845,2723.87081958769,2738.28379861594
1092,2664.87895012421,2689.32846861278,2706.48238353962,2710.82973749783,2725.95465076781,2738.81511458714
1093,2664.79614039799,2689.51734325621,2707.26935048048,2711.71399530675,2727.06327840513,2739.41004730726
1094,2664.67962260605,2689.67147622487,2707.67341209897,2712.24834864133,2727.74235201453,2739.5066189317
1095,2664.52750634113,2689.7605923873,2708.10697758374,2712.81743305821,2728.44148064657,2740.02325415575
1096,2664.33866003827,2689.78939840996,2708.49129273563,2713.3322261092,2729.06749876356,2740.48944248856
1097,2664.1129586675,2689.76884592137,2708.48282033614,2713.47429189377,2729.29604872852,2740.86221683751
1098,2663.85140633615,2689.77120808944,2708.86837087083,2713.99910207068,2728.66767952263,2741.83430155623
1099,2663.55621750461,2684.97886207231,2707.44387452576,2712.51852170971,2724.89937128042,2739.91761743886
1100,2663.13124101009,2685.38244212355,2709.83580975909,2714.36195149244,2730.13353232615,2758.69151054527
1101,2662.72609496711,2685.35812698272,2709.35915618008,2713.39001854578,2728.07038913376,2758.43167672877
1102,2662.42012236524,2686.02085172192,2709.21477188471,2712.76883492552,2726.64764391762,2757.0805607306
1103,2662.19641188945,2686.85934399103,2709.17542466226,2712.33265535331,2725.71223838747,2755.22935094969
1104,2662.0066630615,2687.57528191734,2709.06997659288,2711.92216482106,2724.99781678806,2752.90362228855
1105,2661.80997903843,2688.08188609799,2708.78078983667,2711.40131253824,2724.29886020577,2750.25615871519
1106,2661.57691133267,2688.40937011459,2708.22160246991,2710.66106502941,2723.4181466123,2747.46176276881
1107,2661.28507185559,2688.63739765662,2707.27644662481,2709.57674947141,2722.19681886522,2744.72383840815
1108,2660.91883097007,2689.36180127375,2709.19234707352,2711.67405417647,2724.45233268894,2746.79193349486
1109,2661.1780576867,2693.27550138387,2708.78755735807,2710.57070496592,2721.28070696492,2745.36169502891
1110,2661.18102451508,2693.64977939588,2710.03696096127,2711.46274669169,2721.77000773483,2748.63999560165
1111,2662.50475868626,2695.15117337572,2713.73939055758,2714.84979562051,2727.00300136515,2756.43782482903
1112,2662.72886780358,2701.6830289271,2712.91830563573,2714.07246101937,2725.13947327061,2753.73193577128
1113,2662.63619128025,2700.47276482085,2711.90829758614,2713.24358693934,2724.2425573226,2752.66658003714
1114,2662.41589028585,2699.06147641977,2710.74899761884,2712.28066488232,2723.33905865285,2751.76265529607
1115,2662.05746864153,2697.49904666157,2709.2756375631,2710.9934750781,2722.27222384613,2749.82177241121
1116,2661.57180226552,2695.80044592866,2708.0969291008,2709.97045948714,2721.74265554012,2746.37110179565
1117,2661.0329474362,2694.26726191909,2708.17650537639,2710.11480956191,2722.50632608878,2744.18257666793
1118,2660.68823388531,2693.95059179095,2707.96173857163,2709.82855149505,2721.95966382704,2743.6212979947
1119,2660.35572089371,2693.78334851821,2707.91157191405,2709.70812020907,2721.66532419251,2743.62017981184
1120,2660.03636564546,2693.59030885742,2707.84920175607,2709.58034157503,2721.57860855309,2743.85323486999
1121,2659.73049888161,2693.37652030672,2707.79323204077,2709.46225698363,2721.65473720142,2744.21210866942
1122,2659.43801515162,2693.15469982432,2707.78138567165,2709.39066760339,2721.89336508619,2744.68355585906
1123,2659.15832733407,2692.92484191659,2707.84842041846,2709.39974507107,2722.30320442483,2745.27279349968
1124,2658.89067123201,2692.67792096799,2708.00792937534,2709.50217371902,2722.87058709638,2745.96024120131
1125,2658.63450046436,2692.4012863636,2708.26347626521,2709.70101879488,2723.57355659463,2746.73066098558
1126,2658.39024407354,2692.08083334339,2708.61528335243,2709.99542082082,2724.37880662865,2747.56159337519
1127,2658.16082104425,2691.70022741937,2709.03764727753,2710.35851790865,2725.22609833218,2748.40261043191
1128,2657.95413672417,2691.23760235169,2709.49040148236,2710.7483838583,2726.04428896399,2749.19561879935
1129,2657.78717663204,2690.64836698662,2709.89817265885,2711.08779789306,2726.75221857004,2749.89503183181
1130,2657.69097692925,2689.81274633685,2710.12428800913,2711.23715626689,2727.25291442496,2750.43104386162
1131,2657.71260787546,2688.32402957131,2709.82024892949,2710.84154600392,2727.33106943938,2750.65011646138
1132,2657.90300752585,2684.43801198302,2707.83663267287,2708.73379153761,2726.37881102514,2749.73141832032
1133,2658.14497589102,2678.68882759449,2706.55013603716,2707.39853310338,2726.62659720558,2749.55721681273
1134,2658.12460647745,2678.85361563041,2706.74438673674,2707.61193314367,2726.45562170199,2742.33544744791
1135,2658.08124194902,2679.4168830933,2704.18222648194,2705.08493636652,2723.69078852875,2740.79949268699
1136,2658.01612599551,2680.65342774285,2706.45198861935,2707.37095646349,2725.63517133073,2742.21356418147
1137,2657.8965851761,2683.46844087632,2711.31954796083,2712.47492877023,2728.03543202641,2747.69901897158
1138,2657.71996387005,2683.20882594628,2715.24006212134,2716.50559229779,2731.88576688769,2749.49040144027
1139,2657.52477328485,2682.67276138448,2716.41913845153,2717.69779721281,2733.07873552579,2749.73804094155
1140,2657.31767463572,2682.03181121807,2717.27962031434,2718.56688644047,2733.89661764286,2749.95796358345
1141,2657.10604839505,2681.4917252185,2717.94490409809,2719.24044157592,2734.54312539223,2750.0152180496
1142,2656.93661636675,2681.25202466459,2719.06013272797,2720.35330724086,2735.73691796411,2750.51550724706
1143,2656.87083798741,2681.93609417827,2721.45904411652,2722.71725122139,2738.36937127512,2752.27727807092
1144,2656.81206501156,2682.40799403488,2723.47043600277,2724.69445214305,2740.64823747473,2754.09403388416
1145,2656.76830406037,2683.03857957174,2725.12128664196,2726.31120704995,2742.50090497374,2754.80735224029
1146,2656.76602183701,2683.86882824987,2726.09749141887,2727.25264783156,2743.57973534689,2755.31883115875
1147,2656.7997200256,2684.67986459329,2726.26848812042,2727.38567344257,2743.63044079475,2755.3009997553
1148,2656.83272802022,2685.22870922031,2725.97616417193,2727.05493863709,2743.00907740782,2754.68129248483
1149,2656.86488575733,2685.45334624272,2725.29472284042,2726.34118873306,2741.78009575037,2753.44426618046
1150,2656.89604255336,2685.37006364553,2724.13947525007,2725.15565376421,2739.84591481744,2751.71133002822
1151,2656.9260262672,2684.90064150606,2722.92754111506,2723.9232390786,2737.63936930685,2748.10382143874
1152,2656.87196462228,2685.14707051906,2723.47266143342,2724.45862187129,2737.77943069108,2752.29754929358
1153,2656.73080047073,2685.27472919826,2725.12282413044,2726.09908686613,2739.96635537496,2755.81303127498
1154,2656.58621492921,2685.40135533738,2725.45942017707,2726.46282952577,2740.81899107796,2754.86626960378
1155,2656.43895477358,2685.34198705287,2725.8215839951,2726.83311611354,2741.36752819301,2754.08139335935
1156,2656.28961058039,2685.09353605034,2725.42406147073,2726.45216385634,2740.91635469915,2751.90443073135
1157,2656.13872573737,2684.64101735733,2724.85739938532,2725.92029446119,2740.05203207017,2749.93362833166
1158,2655.9866581056,2684.135235628,2725.38503780598,2726.47239900945,2740.22339591893,2750.25431312453
1159,2655.86601052136,2683.55568899139,2721.5590702671,2722.677857538,2736.04564141849,2748.03516757228
1160,2655.81886954374,2683.07774740023,2721.92097391593,2723.09584551994,2736.51151826378,2746.67933171469
1161,2655.74107421282,2683.32525726986,2722.47258937409,2723.77182909595,2738.12141626565,2748.26627372657
1162,2655.64810129471,2682.82002954888,2723.27579209759,2724.72043097433,2739.36507229786,2751.66127525084
1163,2655.51142098777,2681.36281770517,2716.67162105421,2718.23309188004,2731.87464666629,2742.12403933653
1164,2655.29669293,2680.56169831163,2709.03139320201,2710.62742366085,2724.96771688826,2742.94911281382
1165,2656.02083449372,2678.76790069908,2712.70565626752,2713.97166216272,2729.20316573518,2743.60090661182
1166,2657.58025317263,2675.34594586809,2699.59201637841,2700.47007246096,2712.40472101748,2721.71925017697
1167,2658.83861477716,2677.08892871614,2704.62088961878,2705.86136183287,2718.6966375355,2731.2618048841
1168,2659.37984867307,2677.6082606046,2711.36629275953,2712.68201768651,2725.27931370191,2734.23775170465
1169,2659.26855602128,2678.21043218321,2712.85019946294,2714.22202483298,2726.30844242528,2735.95900090588
1170,2658.99035384879,2678.75463029385,2713.68909838485,2715.10557475879,2726.6886475971,2736.84676878365
1171,2658.60332829726,2679.25962700745,2714.32903659275,2715.75736951069,2726.79639187643,2737.51670299263
1172,2658.16711931034,2679.86114365401,2714.85608263298,2716.22412912974,2726.77027400475,2738.20497077923
1173,2657.71772255363,2680.52233109142,2714.94608430355,2716.25575644838,2726.45134093679,2738.48520395435
1174,2657.27791434922,2680.83469837619,2714.59852718779,2715.84019086841,2725.96448864053,2738.76982296657
1175,2656.86352289558,2680.90624265046,2714.41883726259,2715.5953421159,2725.69090413889,2740.19633832686
1176,2656.46965174395,2680.90565994565,2713.69730915437,2714.83883560352,2725.40401501021,2740.85910786576
1177,2656.13361405958,2681.03136637635,2713.54982481289,2714.70360771308,2725.73904021519,2742.72482004959
1178,2655.98027878517,2680.92527686066,2714.70343902952,2715.89295274296,2727.50817449886,2745.00879123332
1179,2655.94360102235,2680.24443937675,2715.15604530687,2716.34275777835,2728.55261829546,2747.15816028717
1180,2655.93288572338,2679.01733814545,2715.15945537057,2716.35991511331,2728.97590060051,2745.86130804644
1181,2655.920836722,2678.25896426433,2715.01642297393,2716.25920781668,2729.02837570958,2746.81687836636
1182,2655.91108376393,2677.67238848086,2713.78465260301,2715.10241587046,2728.06658838234,2748.24680827452
1183,2655.77064856527,2677.52359812742,2711.22827994543,2712.74076462319,2726.167753816,2746.44326109237
1184,2655.61500688422,2677.17609678483,2709.14571279374,2710.82615660226,2723.90098433515,2741.47709037766
1185,2655.46057907411,2676.79339569176,2706.91563387431,2708.72568039429,2722.3873327964,2738.64812443437
1186,2655.29139765843,2678.45104079865,2708.88592520066,2710.89040360734,2724.7220084608,2740.90114230535
1187,2655.11576556778,2679.09879423621,2709.83788410245,2711.90826429507,2726.14552562851,2742.41671947642
1188,2654.93467549956,2678.6940726539,2708.33563252076,2710.6288057886,2725.23917302409,2742.03542538418
1189,2654.74917249319,2677.90064450052,2707.72190236253,2710.1147696142,2724.96799452526,2742.15057898249
1190,2654.56045739022,2677.10116723702,2707.2376208958,2709.70669524329,2724.67375946595,2742.25346077775
1191,2654.36979625016,2676.52470154711,2707.38579542965,2709.85881913283,2724.77048369776,2742.8150731669
1192,2654.17860611877,2676.27974108792,2710.54961564762,2712.95078533302,2727.76651220688,2742.50091244429
1193,2654.07881910933,2676.64940522474,2706.46488479153,2708.83925747952,2723.47848844071,2737.68990059627
1194,2654.00994881243,2677.61826958759,2706.36145718826,2708.70112710339,2723.25319540596,2738.01921559406
1195,2653.95094600456,2677.78318373685,2706.03847802445,2708.33355188906,2723.83645314255,2738.76270709609
1196,2653.89962699098,2677.95317431475,2705.70340002466,2707.92984798797,2723.26627330592,2738.78578519591
1197,2653.85450794616,2678.09789975306,2705.35557947426,2707.49475261001,2722.66631847243,2738.74479348341
1198,2653.81468308252,2678.25063788843,2705.06914240909,2707.1082877082,2722.1213452344,2738.75006486191
1199,2653.77930002209,2678.55244331257,2705.06975037609,2707.00866026358,2720.99049757818,2738.64234424405
1200,2653.74686590756,2679.0809741909,2706.03564862096,2707.90371330145,2721.43312889539,2740.28011585754
1201,2653.71480881097,2681.26803740924,2702.91909423803,2704.55099551037,2717.79781198757,2735.85755694511
1202,2653.38649761847,2680.96850304291,2706.2330482262,2707.93732951863,2721.17828826741,2737.51520742796
1203,2653.05461110798,2681.62258642657,2707.15479243843,2708.88105260306,2722.37730560135,2736.57961087313
1204,2652.80197478056,2682.19542456946,2705.64851417605,2707.47638572762,2726.78101665395,2745.30698292658
1205,2652.61344711784,2676.69754791114,2703.53741476215,2705.37572685821,2725.06067973468,2744.85295915758
1206,2652.43868682166,2673.35721935613,2700.94781698989,2702.77981535791,2722.51594302387,2741.89874692033
1207,2652.27861402536,2671.24880108377,2698.30510547026,2700.14069898579,2719.93200334057,2738.88033538475
1208,2652.13903216858,2669.86896283934,2696.2664297289,2698.1283947229,2717.86815328691,2736.63920151934
1209,2652.01681820718,2668.89136918246,2694.45139767411,2696.35887599389,2716.02395636182,2734.60250018925
1210,2651.91497997968,2668.29355316075,2693.70035502743,2695.69150370945,2715.04902975459,2733.99887599074
1211,2651.83119003183,2668.07105264661,2693.64044846736,2695.74894010927,2714.7094311221,2734.20072772567
1212,2651.76457167407,2668.15672684554,2694.12592052954,2696.39081867269,2714.92759087728,2734.99615362254
1213,2651.71492084143,2668.47189763733,2695.13503472581,2697.61083173718,2715.69054133194,2736.40268840685
1214,2651.68216184024,2668.94828813439,2696.55245145809,2699.32458320865,2716.89950731234,2738.32942530237
1215,2651.66702103098,2669.52289051374,2698.11860618559,2701.33997026813,2718.28648866856,2740.57209118409
1216,2651.67353235921,2670.15130640601,2699.51783496146,2703.4826376607,2719.5503466713,2742.88212316044
1217,2651.71473928695,2670.79141648535,2700.56037204638,2705.81731115353,2720.5408886677,2745.55796218651
1218,2651.81687655679,2671.42846351251,2701.71094126981,2708.85272316875,2721.56531331508,2746.44859254694
1219,2651.00623539579,2670.94700300745,2701.05922067318,2709.21336754488,2719.59810905902,2743.52483968519
1220,2650.97719444273,2672.24380644402,2700.41827534162,2708.40856768941,2719.90484193957,2740.45506909355
1221,2650.99361371018,2673.76252047663,2694.08695093107,2701.94836048069,2718.69011777833,2736.33103544498
1222,2651.71901530711,2669.72702318727,2689.94469144647,2697.3221158495,2708.55190571353,2730.49260058644
1223,2652.3081002699,2671.71114228466,2690.06871469898,2697.80628486275,2706.79124269674,2729.61437833702
1224,2652.53676252557,2669.02608691257,2685.20177019368,2693.12572435619,2701.97795495006,2720.46819460375
1225,2652.61298239019,2670.15242104833,2686.64006174372,2695.04876145972,2702.32730722429,2720.16121354767
1226,2652.61540489539,2670.72662749072,2689.65389554785,2698.65155328764,2705.94816972721,2723.87852893651
1227,2652.54939516975,2671.44098288921,2689.47308227966,2698.05535816309,2705.39839843645,2722.32001863634
1228,2652.59586416737,2672.16337283827,2690.08222457851,2696.85720347564,2704.60695710446,2720.83985614902
1229,2652.44330906785,2671.74010229756,2689.92099674237,2697.20704744132,2705.08945013609,2721.94309717616
1230,2652.49207398085,2670.42531694284,2691.56703616381,2696.98422780082,2710.11028654746,2729.31708095134
1231,2652.4900976962,2670.00621297469,2691.64235870083,2695.49915906085,2708.57988627302,2726.58017338089
1232,2652.43244880087,2669.83338790385,2691.77384713449,2694.96936797942,2706.49439269167,2724.75722521839
1233,2652.35662169604,2669.7376113045,2688.49846299821,2691.31104481512,2701.45089270445,2719.78866836639
1234,2652.41955368233,2671.7870774953,2690.27167112412,2692.71223053,2701.90470445157,2720.82133528529
1235,2652.49760433255,2671.66892206019,2691.38458457579,2693.27241801005,2704.69881221563,2725.94476563718
1236,2652.63552900587,2672.1059756259,2691.74112747107,2693.55357756723,2705.22182704648,2730.63768209005
1237,2652.780360594,2672.04317749637,2694.1282799105,2695.83614943045,2706.66968899592,2735.17621718406
1238,2652.77848989158,2672.00938319589,2694.40088452703,2696.20997451272,2706.84519736337,2736.1355290633
1239,2652.93637805577,2671.69203077247,2694.99753756635,2696.97548740429,2707.44468382415,2734.62914421505
1240,2653.24490525136,2670.95420202624,2694.08114020858,2696.2708324601,2706.14756670007,2731.77168480871
1241,2653.5228124406,2670.08345160682,2692.87445784821,2695.24594768485,2704.57639559636,2728.6662075204
1242,2653.02664792995,2669.7642583904,2694.60957566216,2696.973210359,2707.76294119027,2730.92574908736
1243,2653.01919753878,2669.57124794928,2691.27766360406,2693.74725091811,2705.81266475128,2725.26346260592
1244,2653.3592449547,2665.86480149783,2686.26958783545,2688.7882707838,2699.34860536146,2719.25951624304
1245,2654.74097919692,2666.27754969582,2687.54063144931,2689.79398838295,2702.32682055023,2721.16820622778
1246,2655.9104331706,2666.81513536375,2687.37203336673,2689.55440837901,2701.05721553927,2718.57456945418
1247,2656.57304209643,2668.41256492034,2689.10721860156,2691.64207062633,2703.69619483833,2720.89911774634
1248,2657.14216470629,2669.98124846399,2690.53062977364,2693.41218893583,2706.1596211549,2722.81541027845
1249,2657.866830169,2669.60788572584,2687.6225888845,2690.86528980453,2703.86960375198,2719.46757953417
1250,2658.1298660936,2670.71736970905,2692.39580357769,2695.82547631911,2708.35062648649,2721.60554630858
1251,2658.34713153874,2673.02365185266,2694.81006413439,2698.35358727127,2710.57188859575,2724.09390179932
1252,2658.47518472716,2675.83283614171,2696.33044718342,2699.896049095,2713.89743597728,2727.62098482096
1253,2658.31273373605,2677.51060516502,2694.42741608176,2698.20246843455,2714.67526753558,2728.66971327635
1254,2657.68607211083,2674.29087993228,2692.18589527601,2696.6846590448,2713.10445561791,2727.57995402362
1255,2657.49518239688,2673.64359831114,2689.24228281763,2693.93548288215,2703.91569694158,2720.69114625312
1256,2657.32767917308,2672.78348967468,2688.98966695616,2693.73279210578,2703.14393073559,2719.48401650605
1257,2657.16547433576,2672.30236613106,2689.11379119445,2693.90778468699,2703.33517312068,2719.10817643535
1258,2657.03341960407,2672.13669888321,2689.50893946108,2694.26014690646,2703.23190976164,2719.27425556732
1259,2656.93610874677,2672.71295095628,2690.44221202144,2695.2906945745,2704.22454171507,2721.41032774694
1260,2656.93084916447,2673.32168647222,2691.19483106927,2696.02639971407,2705.09730856252,2723.01536756632
1261,2656.98205293625,2673.88627051442,2691.83576289696,2696.5986354873,2705.8864571231,2724.09165246331
1262,2657.05343758482,2674.3936363588,2692.36179647948,2697.04509089671,2706.61207348326,2724.79154961073
1263,2657.12664778681,2674.86073239409,2692.81438784542,2697.42302061642,2707.33089276547,2725.29259939463
1264,2657.19372571627,2675.30174484282,2693.25960220199,2697.80346647886,2708.08725250424,2725.72910854976
1265,2657.25132195104,2675.69102251841,2693.70725634202,2698.19529361428,2708.74747817208,2726.06658431083
1266,2657.21796007632,2675.88610606104,2694.0860682327,2698.47696350585,2709.55431526545,2726.46515751223
1267,2657.1462384019,2675.97426923888,2694.31768863927,2698.57695662248,2709.82002441132,2726.85104288831
1268,2657.07603536294,2676.06640084001,2694.51548335414,2698.63628377658,2709.99791525392,2727.17832354119
1269,2657.00712607064,2676.15432117808,2694.75243358836,2698.72789615186,2710.21665541265,2727.49689884728
1270,2656.93935460587,2676.2350141269,2695.0412806632,2698.86560496727,2710.49448516183,2727.82761555966
1271,2656.87770981574,2676.31146100787,2695.31473958066,2698.98948091082,2710.74325504735,2728.08351415594
1272,2656.82562228285,2676.38584128916,2695.53129782083,2699.06402809293,2710.93694197086,2728.21557565403
1273,2656.77462938255,2676.46002265625,2695.81623869545,2699.20833685356,2711.21944209507,2728.36018797774
1274,2656.72415138024,2676.53545150716,2696.18884441078,2699.44233835503,2711.59204536322,2728.49987487954
1275,2656.67351155909,2676.60817969063,2696.61807856617,2699.73538139834,2712.01672525119,2728.60303427045
1276,2656.62204181147,2676.67683587785,2697.06951508449,2700.0538076993,2712.44900156631,2728.64938601337
1277,2656.56905251906,2676.73682000525,2697.50973602008,2700.36533004873,2712.85269509378,2728.61236847773
1278,2656.57606441546,2676.54620972944,2697.72307508138,2700.44321629528,2713.04491116552,2728.19382521356
1279,2656.6969327503,2675.78265776989,2697.48774715497,2700.05134315944,2712.97542705129,2727.30155824223
1280,2657.0038086318,2675.21150842282,2696.61459813931,2698.8181229038,2711.78933465539,2725.62033104929
1281,2657.31274342974,2675.03543310768,2695.67504356838,2697.58263972355,2709.95070799705,2724.31965115618
1282,2657.6133242453,2674.53983403915,2694.37413179767,2696.04279742284,2707.93503681237,2722.99483481824
1283,2657.90902406452,2674.01702529387,2692.77858545457,2694.26157612516,2705.8381871434,2721.52188752397
1284,2658.19228192997,2673.3874140163,2690.42061656103,2691.80018788874,2702.90432954731,2718.48525946197
1285,2658.39234948161,2673.07855792304,2689.05876353925,2690.44068476443,2699.93262385223,2714.9895343504
1286,2658.52802275576,2672.9572465544,2688.78563220419,2690.16637536338,2699.64302207618,2715.04951366274
1287,2658.68890559408,2671.81466057176,2688.96137797492,2690.35304637493,2699.95493666142,2715.63156797467
1288,2658.86760497809,2671.52995492984,2689.21951273103,2690.67783141255,2701.50089435652,2717.51192675665
1289,2659.04064242232,2671.2177206392,2689.65602729821,2691.16980693738,2701.73905083871,2718.18912902421
1290,2659.20748510727,2671.10232004719,2689.2220026643,2690.79217517682,2701.08220125916,2717.82414263392
1291,2659.36784283327,2674.04263302425,2688.55376206676,2690.14033322471,2700.74925861546,2717.22566483282
1292,2659.51930692235,2674.16083972832,2688.33489105412,2689.92203198749,2700.45842186002,2717.08642220968
1293,2659.6607940543,2674.19153215082,2688.96114038305,2690.53796339881,2701.03744455277,2718.19702104411
1294,2659.67173622732,2674.37492306432,2692.44462491092,2693.99526679393,2705.03584595635,2722.93174317415
1295,2659.51583190779,2672.86155641198,2693.97534026097,2695.60168961265,2706.95997300494,2724.78789954858
1296,2659.31370106063,2672.23598573189,2694.03286466262,2695.77200400134,2707.19828498037,2725.981643872
1297,2659.30277482267,2672.51022142038,2694.66469045211,2696.47197366254,2708.1892816902,2724.96311022981
1298,2659.55419517382,2673.26574166548,2693.23376365674,2695.06908330566,2707.10059121866,2723.95792567742
1299,2660.07440170785,2674.04232249911,2695.23351160061,2697.14788044751,2708.67262024926,2726.58533814596
1300,2660.70655923849,2674.55566276526,2696.68465732926,2698.73850242701,2709.17065644,2728.63617069547
1301,2661.08311964514,2674.88013440027,2698.97220977421,2701.06725221601,2708.9450729712,2728.54668836489
1302,2661.14182667394,2677.42928988273,2703.76885227797,2706.15897036462,2713.42957892186,2734.3768638841
1303,2661.16198929844,2675.53783763214,2702.11237605738,2704.25640238041,2711.55700608298,2732.95781519721
1304,2660.84015789248,2678.91356413735,2694.95343202447,2696.83744737253,2706.29817631767,2726.58952832774
1305,2661.18905302822,2680.20102871541,2698.12032891136,2699.37147724497,2709.35387317738,2727.80439055891
1306,2660.53810438841,2675.08975518831,2699.15139119744,2700.46254007204,2709.10286446509,2729.83432062781
1307,2660.43307750861,2675.36691549193,2697.96062763139,2699.43586068364,2708.11786695416,2731.22200511459
1308,2660.21016487642,2675.75921898656,2697.06747363065,2698.7516575428,2707.53567818007,2732.6643103254
1309,2659.89411746511,2676.24742085628,2696.30912572963,2698.23946956415,2707.25473901332,2733.99032718513
1310,2659.51878136359,2676.83198300443,2695.72991498498,2697.9396256057,2707.36504632662,2735.32344147518
1311,2659.11809013418,2677.53907439577,2695.45950420405,2697.97989815676,2708.01431695747,2736.88839018188
1312,2658.72059949727,2678.36981801746,2695.59775805325,2698.45893420111,2709.29129203162,2738.83422783278
1313,2658.34768308953,2679.28804644801,2696.15296955984,2699.384930526,2711.17657374427,2741.12713404145
1314,2658.01407000111,2680.24849395501,2697.05974302399,2700.69279565364,2713.57081334729,2743.68428380812
1315,2657.72885454818,2681.20572791944,2698.17996107904,2702.24064597077,2716.30062178804,2746.31380258736
1316,2657.49685450553,2682.07996952458,2699.3464514096,2703.84955946419,2719.16541699656,2748.77688008484
1317,2657.31976317363,2682.77914070582,2700.42265724787,2705.36561034121,2721.96370411966,2750.91185382437
1318,2657.19717886984,2683.23609080734,2701.3547675698,2706.72034300342,2724.55874005589,2752.72250542012
1319,2657.12738193292,2683.44314714255,2702.16818547244,2707.93204143618,2726.91274122801,2754.30206144307
1320,2657.10792149347,2683.44342319254,2702.91893470768,2709.05508963547,2729.05965151776,2755.7587323863
1321,2657.13606258505,2683.3086837166,2703.65754408367,2710.14075410947,2731.01490744981,2757.14450570752
1322,2657.20911302613,2683.12648991617,2704.43168623486,2711.23663241579,2732.78085945145,2758.47851805568
1323,2657.38146548905,2682.70210599801,2705.05806323844,2712.14076924977,2734.07182142257,2759.64594204653
1324,2657.64634505141,2682.29959882785,2705.92042340861,2713.20006503947,2735.25662052708,2760.61644364375
1325,2657.99051282326,2682.02254746085,2706.86401408759,2714.25252151647,2736.27254247424,2761.09523829974
1326,2658.39100642039,2681.88558006989,2707.54727081221,2714.97699708802,2736.83877835743,2761.14588346682
1327,2658.76054495325,2681.95330819321,2708.02862718749,2715.40360049759,2737.13475464237,2762.11093599743
1328,2658.99940998263,2682.52026543697,2708.96712521767,2716.267920425,2738.68412525047,2764.09763492218
1329,2659.17937984652,2684.50744391359,2710.09754790165,2717.5786597705,2740.01618496765,2765.23162496004
1330,2659.2667825651,2684.54062498829,2710.04260674607,2717.31379802452,2739.96162249882,2764.39468208028
1331,2659.28086516074,2684.11186365996,2708.85217220594,2715.60858353762,2738.30457382466,2761.83009687461
1332,2659.21098082224,2683.48365447734,2706.48478908597,2712.69674201459,2735.26535221767,2757.12738909227
1333,2659.03031775827,2682.2758538078,2702.77128693589,2708.49613775598,2730.99087888194,2750.08904068442
1334,2658.70613811099,2680.54371618442,2697.94077919141,2703.25723686378,2725.82776955905,2741.40323365554
1335,2658.23083499088,2678.54327385604,2692.95653890656,2697.91297474864,2720.71839260244,2733.30202650066
1336,2657.96630870046,2676.88766339321,2689.53867423936,2694.16340017164,2717.61442134672,2728.20385153285
1337,2658.26712170952,2675.77839415578,2687.22561039795,2691.64692213677,2715.93960019394,2726.46155578794
1338,2658.55559419299,2675.17492634555,2686.56865667276,2690.59081326771,2714.95331572052,2725.44210141677
1339,2658.82122971527,2674.69272873641,2686.18455184412,2689.99305140215,2714.38053990774,2726.03614220011
1340,2658.91076454777,2673.94494808081,2685.57267711735,2689.34764597127,2713.47355734194,2724.84961520621
1341,2659.04968002796,2673.55694057939,2685.24704734166,2689.02749107989,2712.83383758003,2724.06771410522
1342,2659.25726428713,2673.45590529173,2685.59235257747,2689.39867940179,2712.85043190846,2724.23873904527
1343,2659.58049934385,2673.59625956988,2687.27885603304,2691.1388968751,2714.14892936629,2726.15173087712
1344,2659.46205941813,2674.68124691195,2684.17702449649,2687.81147035315,2709.23005401753,2719.27385394188
1345,2659.58086315329,2673.88518801891,2684.30939557347,2688.07766296459,2709.24989736072,2720.67074883585
1346,2659.89258846189,2673.30239203496,2686.50008375597,2690.39206387645,2710.59151755596,2723.06331704057
1347,2660.20831135994,2673.02287620595,2685.4773832836,2689.52479783946,2708.38127932149,2722.35953169104
1348,2660.21826085036,2674.85759888297,2684.28005913178,2688.42046276994,2706.97558181364,2720.65491588273
1349,2660.27310097947,2675.96368017633,2684.55837238204,2688.50074268193,2706.79722770442,2719.16761105753
1350,2660.24407947954,2675.32861122878,2684.34419517907,2688.13796395334,2706.64180067275,2718.43394048206
1351,2660.18074864317,2673.86967870342,2686.25556775518,2690.06845079848,2707.93419651182,2720.74076874065
1352,2659.72375049618,2674.59871114456,2688.84717262955,2692.30586957934,2709.32529559267,2723.95715358688
1353,2659.80432677775,2675.19647770344,2689.51680394594,2693.13537818372,2710.40206554115,2724.32928601767
1354,2659.96099009364,2675.32782102983,2690.06565630403,2693.94585324224,2711.47985281478,2724.6858596476
1355,2660.14248885889,2675.3863667682,2690.66870097383,2694.80762688449,2712.46712999349,2725.82817075084
1356,2660.36168864032,2675.08826003929,2691.45971946099,2695.73785743102,2713.78610984096,2726.68697538673
1357,2660.21600921425,2675.28253229582,2694.11174548692,2697.68578880707,2714.23123108887,2729.56870119655
1358,2659.59258084767,2676.17570348066,2695.94351270992,2699.15767101355,2713.55641194546,2729.12974566529
1359,2658.57590044688,2674.49576022502,2695.70465443653,2698.80200605384,2710.32556730031,2724.60424858888
1360,2657.52436139455,2672.09428196041,2691.6848488829,2695.43424820176,2705.11663537865,2719.79432026243
1361,2657.49392988145,2672.03527683534,2691.65044663609,2695.48638595266,2706.92244538749,2721.5604737581
1362,2657.5345442326,2672.34003990519,2692.73782188614,2696.55975794646,2708.10004869492,2724.6765149031
1363,2657.61539364844,2673.99422777757,2700.49165426823,2704.27439868655,2715.52487068826,2732.31224683958
1364,2657.71754252449,2673.89095941219,2702.47398099391,2706.02219388178,2717.01442047036,2735.3088886078
1365,2657.82771291663,2673.9908366445,2702.8603865946,2706.30853704546,2716.21055454843,2735.17750848492
1366,2657.9356169125,2674.18790830951,2702.71177152422,2706.06232966789,2715.20579213114,2735.25230273266
1367,2658.03296944433,2674.41078192097,2701.91843495212,2705.18538743428,2713.95462879391,2735.43842432278
1368,2658.11330182649,2674.63161069149,2700.55872627512,2703.74763218067,2712.5996489067,2735.60935426296
1369,2657.86225636787,2674.57692463977,2700.39477583346,2703.45671377393,2711.29130576794,2733.70892239662
1370,2657.50875932309,2674.37038966441,2700.28938761031,2703.19527519009,2710.46356250314,2731.65633433279
1371,2657.10711799447,2674.09404574648,2699.25780409582,2702.05514962186,2709.20509440318,2730.17942903597
1372,2656.67077319222,2673.84109136427,2698.08421695352,2700.75095104897,2707.94507944626,2730.9692351648
1373,2656.25123291279,2673.64045619728,2696.36585921569,2698.86173945814,2705.92497612308,2731.76356284269
1374,2655.92567268232,2673.1505061747,2694.07137139533,2696.35551639997,2704.44608204691,2732.74576035397
1375,2655.72297231121,2672.66724600778,2694.78188183924,2696.80210313872,2706.08433142299,2731.49133503648
1376,2655.59585476838,2671.80321235621,2700.5482354212,2702.39975974675,2712.04282665076,2729.3905929465
1377,2655.74987671286,2681.03856345239,2707.09642468994,2709.03064212711,2728.79194399484,2744.64733204125
1378,2656.21765842399,2682.09042463929,2709.44228000947,2711.27640330052,2730.86102828461,2747.70836674158
1379,2656.83560008165,2682.24083637981,2709.5611140692,2711.32491993441,2731.14106080427,2748.4466588061
1380,2657.52421794487,2682.3690010676,2709.33554858044,2711.04536460497,2731.16314712256,2748.90539474741
1381,2658.21652616688,2682.55156248052,2709.04963908768,2710.71820217442,2731.1416133069,2749.29492332036
1382,2658.85848519985,2682.60307853374,2708.8030136236,2710.44315377939,2731.19112623646,2749.53924475546
1383,2659.43085135641,2682.72408216198,2708.63878135046,2710.25895376591,2731.36970001099,2749.80685834082
1384,2659.92958867437,2682.97052098784,2708.54690311061,2710.15262964803,2731.64706874219,2750.13470322373
1385,2660.3575233664,2683.3042620795,2708.50706734411,2710.10183525253,2731.99203284313,2750.47740450567
1386,2660.72253962943,2683.68614808917,2708.50580781635,2710.09250806152,2732.37257486777,2750.78522589171
1387,2661.03451658751,2684.08177601062,2708.57020269984,2710.14696760235,2732.82586118772,2751.05062853375
1388,2661.30338945974,2684.51108218511,2708.73188199778,2710.29390019096,2733.36832173508,2751.31321835316
1389,2661.53819486366,2685.17482987643,2708.7287952217,2710.26160582319,2733.73519490346,2751.62829856869
1390,2661.54523215601,2685.63986155322,2707.37079377812,2708.97873572563,2732.67500004132,2751.16561319855
1391,2661.15243198799,2684.4862819701,2707.18589287185,2709.27668359423,2732.31827676791,2752.2124996803
1392,2660.80224878896,2683.35170945131,2707.13585342902,2710.09316186131,2731.84151445129,2752.12625303919
1393,2660.46717809672,2682.48728840961,2706.90382040264,2710.74202638213,2731.44895414199,2753.3904080319
1394,2660.13057510261,2682.03369211482,2705.68977903111,2709.95031775984,2731.39044961074,2755.07270057399
1395,2659.89493591927,2683.07629893204,2710.93486626281,2715.33148386353,2731.66923497454,2756.87705186763
1396,2659.78070267374,2685.57641578196,2711.69943883517,2716.19403764968,2732.94657576038,2759.64052430778
1397,2659.64603669041,2685.28653816605,2713.10238287776,2717.67269874379,2734.84073878635,2765.42211130559
1398,2659.40887180545,2684.90472342259,2713.64725183616,2718.28588905044,2735.61781990976,2766.68865413076
1399,2659.08325730254,2684.67860937943,2713.51068935894,2718.24800907937,2735.30979574632,2767.57108528305
1400,2658.79550704767,2684.00165431566,2713.1382311968,2717.97909773075,2733.54420682466,2763.65096126849
1401,2658.65848088976,2683.56037334425,2713.30777244064,2718.19746839144,2734.03164964984,2763.19397616137
1402,2658.52239710089,2683.22347945281,2713.4872774362,2718.41381005803,2734.62848059522,2763.28569863025
1403,2658.37781333616,2682.92723185749,2713.77812839173,2718.74974361797,2735.34203822534,2763.91291383424
1404,2658.24093558921,2682.69660974751,2713.76481119839,2718.76598567982,2735.59057217616,2764.82136801865
1405,2658.09472740869,2682.44754870836,2713.41519484521,2718.44280384292,2735.5197337218,2765.17331558522
1406,2657.92798089821,2682.16440368513,2713.08238925293,2718.14122566644,2735.46437076475,2765.3414947066
1407,2657.74186035915,2681.83458721101,2712.70651319403,2717.79682091731,2735.33777085721,2765.37082784223
1408,2657.53815669811,2681.46004438122,2712.31902838764,2717.43867825473,2735.16550970403,2765.29279400772
1409,2657.31923541455,2681.0370675727,2711.92122601572,2717.06862476702,2734.95010392726,2765.11638169882
1410,2657.08813213969,2680.55130328795,2711.46022879171,2716.63225856329,2734.63205677114,2764.79123495498
1411,2656.84841889453,2680.01148052441,2711.00312828945,2716.19784202257,2734.29551090173,2764.39514523079
1412,2656.60405104034,2679.39613837337,2710.48106547868,2715.69150683126,2733.8640891212,2763.85784781026
1413,2656.35913224038,2678.7157971167,2709.99469008617,2715.21345711741,2733.45756362154,2763.28139694305
1414,2656.11744078513,2677.93323948727,2709.5172499817,2714.72967471686,2733.0549174361,2762.656516556
1415,2655.88184683304,2677.12130256115,2709.43070672345,2714.62638290758,2733.14232330154,2762.49230522765
1416,2655.72987150193,2678.3831866103,2709.31860886279,2714.39326890919,2733.17175483768,2762.58924901388
1417,2655.64761777704,2678.29868339446,2708.36590655249,2713.2787406329,2732.39068090288,2761.75024490415
1418,2655.55221564426,2678.31399244794,2707.36779402883,2712.02223170788,2731.52523233329,2760.83506934425
1419,2655.42885933048,2678.54221193752,2706.28346697103,2710.55141395456,2729.47775314915,2759.68634876643
1420,2655.25783225647,2679.07800281513,2705.12578868606,2708.86215859308,2727.73359760211,2758.33428807248
1421,2655.02665556659,2679.85680270888,2704.01407925288,2707.06083728285,2725.85876904546,2756.47594877203
1422,2654.52297480248,2683.45910097082,2706.63604255064,2709.37989257548,2729.66455040566,2759.3883513696
1423,2653.80631538734,2686.25617560365,2706.35768101039,2709.16245999779,2728.97001590874,2758.72443792239
1424,2653.47317467907,2688.0364744241,2707.01126082808,2709.85594983529,2729.30406732141,2758.5713387934
1425,2653.54232437102,2687.952915451,2707.54280424866,2710.42668731226,2729.61582218235,2757.93797362247
1426,2653.96213183928,2677.99616292132,2698.21844556672,2701.24579313419,2723.14016475078,2751.21741573789
1427,2653.99688586996,2678.25769756939,2697.49427911554,2700.51352232279,2722.57482123948,2751.03900207968
1428,2654.01755975471,2678.16923747389,2696.95595310911,2699.96351406834,2722.23622623214,2751.16526836077
1429,2654.03872138691,2678.03933297885,2696.26110742622,2699.22514451645,2721.74094719331,2751.0348119464
1430,2654.04453994211,2677.91257482603,2694.87896595329,2697.70269884006,2720.46730411023,2750.05737259713
1431,2654.0142993751,2677.8890933803,2694.66237812487,2697.35308862435,2720.18314356103,2750.05479343238
1432,2653.14716072532,2677.81139794788,2695.21037378605,2697.53262660817,2721.58461378615,2753.18878331259
1433,2654.11517067067,2679.8419678959,2697.70898971657,2700.1962339502,2723.57306275017,2754.85841750689
1434,2654.55041253392,2681.33866778554,2699.07708333159,2701.79352262923,2724.57853711973,2754.79913978598
1435,2654.75273142657,2681.62519020584,2699.36269897794,2702.27507825591,2724.86270040072,2752.29402878076
1436,2654.83869031876,2681.12732576839,2698.39958444096,2701.31860386235,2723.96231081375,2750.95100207793
1437,2654.85322000434,2680.52421853879,2697.43893316577,2700.36287638986,2722.95216787302,2749.56679059109
1438,2654.82683690103,2679.91088336851,2696.51385822743,2699.43905971571,2721.87002286773,2748.11334550638
1439,2654.77525018463,2679.4073547853,2695.70904198029,2698.63169186305,2720.76765183713,2746.66874578461
1440,2654.70701857949,2680.13888928581,2696.53568006269,2699.58482054493,2722.5713558118,2748.60695204008
1441,2654.64034394995,2680.10037299304,2697.26768565111,2700.14576635834,2722.61977584973,2748.34778556158
1442,2654.5852241456,2679.85263931852,2696.63192254541,2699.63833690437,2721.32722537833,2746.94587435397
1443,2654.54273292927,2679.41804677484,2696.19322453078,2699.32498993411,2720.50097785399,2745.44116311335
1444,2654.51300696839,2678.91358199581,2695.51073780786,2698.83978956755,2719.70809560635,2743.83225736731
1445,2654.49559632885,2678.34227268755,2695.01637694087,2698.49064457377,2719.3552615306,2742.84177724392
1446,2654.48969966249,2677.34556165774,2693.61420357373,2697.16470804425,2717.86478899487,2740.92031983641
1447,2654.46920414732,2678.09113068667,2697.88202523896,2701.9185490751,2720.37667212406,2744.35422291284
1448,2654.39978278636,2677.89595241018,2698.04455216798,2702.39159642101,2719.25178268829,2743.28868095979
1449,2654.30724118689,2677.92672862929,2698.34623323929,2702.8435552377,2720.17996058281,2743.7723101278
1450,2654.20962993504,2677.33235270018,2697.92861092794,2702.55727613521,2719.58623808203,2742.61327464942
1451,2654.29658730044,2676.22146050843,2697.6057718203,2702.4213000718,2719.05164359204,2740.90336748324
1452,2654.43960160134,2675.5068267293,2698.57934971921,2703.67500993199,2720.76386793665,2741.01641131126
1453,2654.51568569066,2675.33394357025,2700.74034740238,2706.18936981093,2724.45287317728,2743.94081909512
1454,2654.58353918078,2674.43465270017,2702.11949070864,2707.8517133563,2727.94725205024,2747.99407503478
1455,2654.9836637444,2675.43660678191,2705.57806086804,2710.91337377973,2731.67301414746,2752.92474245532
1456,2655.54998565201,2673.68261596882,2705.74725789757,2710.84134350809,2731.42095311954,2754.2194901536
1457,2656.02884243692,2671.84930411443,2707.62467972251,2712.39675457529,2733.19515889612,2757.14883811237
1458,2656.40221273652,2670.45760658094,2706.81349388066,2711.33131165082,2731.56894809458,2754.97338536258
1459,2656.66650361216,2669.64673414844,2704.60149963713,2708.9443302845,2728.11314284381,2752.03532586173
1460,2657.12530295352,2670.31657497651,2703.83460290229,2708.24853591314,2727.75956245482,2751.65203013575
1461,2657.58593403149,2671.30082757671,2704.47578921433,2709.01141478112,2728.94718636107,2752.52733472915
1462,2657.91629746265,2672.34190259529,2705.04047754399,2709.82908322977,2729.94520117583,2753.5033285856
1463,2658.07247511097,2671.35558461965,2704.8401033724,2709.97740005244,2727.78362588666,2751.62886899612
1464,2658.11567099474,2672.37814685108,2705.3142664202,2710.81198999059,2728.35448015066,2751.60935761216
1465,2658.14580815232,2675.46033014809,2706.74426661266,2712.31291763941,2730.29746601764,2755.03974338924
1466,2656.51800290653,2675.40639458783,2707.97026273282,2713.42330957032,2733.70945238164,2759.84309003262
1467,2656.41061283813,2674.11801127305,2710.85399868183,2716.11108282475,2735.91379103984,2761.17543288518
1468,2656.50144730054,2674.04299661835,2711.51577328781,2716.69424074428,2736.49447264795,2761.47762084286
1469,2656.62506067415,2673.95637525218,2712.0030886225,2717.11751594843,2737.01302799457,2761.86505277679
1470,2656.78082850585,2673.88073267453,2712.45504084097,2717.5162336012,2737.55989881988,2762.40077654407
1471,2656.96667843065,2673.81626949687,2712.97862320246,2717.9957234939,2738.20151334191,2763.15260608408
1472,2657.17876930807,2673.74751350562,2713.63326937412,2718.61419805973,2738.96440523925,2764.15273982806
1473,2657.41128790683,2673.65528282521,2714.4091084446,2719.351948052,2739.84472661752,2765.38617892545
1474,2657.65671573692,2673.48449199944,2714.92008840767,2719.78337022049,2740.51988459453,2766.4598863999
1475,2657.90683676501,2673.40454488178,2713.75873570428,2718.46835700367,2738.94950209866,2765.5515456977
1476,2657.99539031278,2676.22026030833,2708.20232114886,2712.50298089374,2731.14797657724,2755.7426828186
1477,2657.75180677559,2675.31160464117,2705.83115915022,2709.98926434494,2727.71651689684,2752.5537126228
1478,2657.43206230183,2675.79514803209,2706.14592536395,2710.1988679849,2727.84309433874,2752.87234337938
1479,2657.05751759576,2676.00098358204,2706.34886746018,2710.2871139874,2727.98821469692,2753.39799957054
1480,2656.67940224588,2675.52526085054,2706.23383340404,2710.06092021337,2727.88274676,2753.71765401488
1481,2656.62293791458,2674.98996889,2705.35551220389,2709.18611459556,2727.36721236939,2753.60262756682
1482,2656.6029739816,2675.00368852262,2704.92478340805,2708.7502258467,2727.38055436613,2753.67206036698
1483,2656.52105979638,2674.77880995049,2706.01923396527,2709.88813175379,2728.74132915083,2755.016701255
1484,2656.57956578082,2673.04440367574,2705.37791205115,2709.43908525653,2729.54011303624,2754.52763664988
1485,2656.58751210274,2672.11519777402,2709.05795984152,2713.8609120572,2730.18616176668,2752.36150504935
1486,2656.51193817636,2672.91296339052,2709.180572033,2714.00769595297,2729.45030746593,2751.10920716966
1487,2656.42777617941,2673.47388567434,2708.7442509347,2713.58570798403,2728.79339478848,2750.42832969763
1488,2656.33527156173,2673.86048794926,2708.14823372674,2713.00709481143,2728.26869086065,2749.8404225278
1489,2656.23518139284,2674.1633248136,2707.40385122193,2712.28388588169,2727.75622975443,2749.25834647662
1490,2656.13072436926,2674.38082845648,2706.68026995173,2711.59550845003,2727.41973523734,2748.99951388777
1491,2655.91603818621,2674.68388040562,2707.03774281538,2712.03921346334,2728.36374207876,2749.72425879356
1492,2655.71109697065,2675.31371501631,2708.98452420116,2713.91501605447,2730.32454022384,2752.51429546081
1493,2655.50481595513,2676.10560214259,2710.19785650574,2715.16108306286,2731.67718775132,2753.9094407707
1494,2655.29875213505,2677.00089561527,2711.20468165652,2716.20294318033,2732.89185005221,2754.9752142937
1495,2655.10226834549,2678.0661582,2712.07962153843,2717.10914102189,2734.04179536813,2755.89599298188
1496,2654.92492841972,2679.22035723833,2712.68671588362,2717.74293121737,2734.93734205588,2756.4325916643
1497,2654.78071622989,2680.39764457741,2712.89942050291,2717.97453236811,2735.4249264167,2756.47394288071
1498,2654.68571615777,2681.3815339501,2712.57936252201,2717.65728982075,2735.32475840588,2755.88455013926
1499,2654.65530404259,2682.12701164003,2711.74877862574,2716.81466852087,2734.61959747019,2754.66124123899
1500,2654.69712958448,2682.75396651924,2710.70845373893,2715.77094079179,2733.61863517923,2752.96133507577
1501,2654.79879757519,2683.51556349773,2709.89361873621,2714.99846791229,2732.80622174041,2751.27953509003
1502,2654.91906895518,2684.66737214026,2707.38205468397,2712.46078799053,2730.3737231651,2747.00231060841
1503,2655.00447425638,2685.0058227519,2708.84614304112,2714.05026211151,2731.56561097377,2747.7896227731
1504,2655.22922777173,2684.8979698015,2707.78078426397,2712.89938663086,2730.70123553402,2746.67777582632
1505,2655.26120056391,2684.72205050057,2705.94215727042,2710.88630421473,2728.97323830615,2744.97013631923
1506,2655.27112721037,2684.49571182178,2704.24309688439,2709.04135442145,2727.40892888483,2743.37948046943
1507,2655.3640138202,2684.22958376593,2702.65677336181,2707.30836880107,2725.94731014641,2741.83857107439
1508,2655.54463910952,2683.89162871782,2701.04603587532,2705.53222913467,2724.40213393144,2740.14075331294
1509,2655.79184616064,2683.45282882426,2699.33650273305,2703.63347795842,2722.66330620446,2738.15059810281
1510,2656.15078042741,2682.8356453233,2697.64487830243,2701.75465515428,2720.77504668996,2735.8681027263
1511,2656.52617266216,2682.17313119385,2695.94654791778,2699.86244303406,2718.84342820351,2733.41619573358
1512,2656.89482348845,2681.50420293565,2694.35323010133,2698.08063537831,2716.95875437641,2730.88651885865
1513,2657.23781154251,2680.82947069974,2692.94665194202,2696.50727930027,2715.10824327458,2728.38172704497
1514,2657.54215255673,2679.8197344551,2691.51430803561,2694.93508840562,2712.91039712837,2725.65799184614
1515,2657.78442030135,2677.83946546596,2689.50318772292,2692.85893367281,2709.45494347753,2722.58617097611
1516,2657.86738274497,2675.48332675884,2687.08104461887,2690.43668463411,2704.63530127371,2716.44035124914
1517,2657.91190525893,2675.19936140438,2686.01941370094,2689.53330481827,2703.70242230287,2715.26604213573
1518,2657.95438952526,2675.14727679091,2685.72854144971,2689.49045577371,2703.79542165243,2715.0884558546
1519,2657.99507638969,2675.03758421916,2685.85453731566,2689.85597290262,2704.40794827273,2715.04326551582
1520,2658.03444661383,2674.67648718093,2685.17768154266,2689.39026702809,2704.67264729727,2715.10664226523
1521,2658.03976548666,2674.6318669742,2684.06943518995,2688.52770758281,2705.52191707428,2718.91699315561
1522,2657.94815735988,2676.18317947894,2686.03260367162,2690.52374598657,2708.36203203752,2720.95487582041
1523,2657.87339724718,2674.885882082,2684.96612429102,2689.44959818612,2707.37171395347,2718.92496150895
1524,2657.78407394549,2674.87411670874,2684.34366938157,2688.94203228566,2706.65244412328,2718.39777051928
1525,2657.69101457434,2674.49816502654,2681.63793385089,2686.38672464644,2703.80227756854,2713.97564885773
1526,2657.6980836598,2670.56106749574,2678.14513060749,2682.8300654557,2699.99867860691,2708.53241052665
1527,2657.72820475173,2670.82093030658,2678.34322353294,2683.13562506408,2698.72126185079,2707.62191311397
1528,2657.7460843942,2671.59485563963,2679.32239896678,2684.26640230068,2698.98275280256,2707.85943088116
1529,2657.75167621737,2671.9364175629,2680.40320123633,2685.46400950515,2699.81402444246,2708.51323125612
1530,2657.74801120266,2672.19025158494,2680.65964345536,2685.83863948678,2699.99723796511,2708.43595500602
1531,2657.74004893928,2672.48057479914,2681.43823942199,2686.76010879077,2700.96373116989,2709.21313107767
1532,2657.77258705203,2672.42199402848,2680.82949162572,2686.54964681396,2700.99788891987,2710.09874925115
1533,2657.89687501045,2672.2633953329,2684.7659807196,2691.18333206119,2708.68735779682,2719.27984992001
1534,2658.28379414407,2675.37752605834,2685.19047833067,2691.49598541063,2708.16956771531,2718.54105682059
1535,2657.49293603255,2675.24341911755,2685.48656589343,2691.75718296768,2707.18585487759,2715.37114744915
1536,2656.04756483977,2676.13504992341,2686.30266442337,2692.85873322224,2710.75291507096,2720.28469464878
1537,2654.9418281205,2682.02403099612,2693.41256766109,2700.35900220828,2722.00984169378,2734.46988967211
1538,2654.56670923936,2685.2386125036,2697.240600171,2704.58401038867,2727.37227131777,2741.4578407049
1539,2655.58829907024,2684.49414486472,2697.19769991116,2704.00656387278,2729.86663478173,2740.94917431299
1540,2654.48000058562,2686.57758882409,2713.36383443587,2719.70961499067,2744.15764517369,2754.41716712907
1541,2654.22536323081,2686.98104437618,2711.22882443808,2717.30299707403,2741.34365336629,2752.98524538935
1542,2654.455377831,2686.42018914772,2708.35150158408,2713.95410648768,2738.04160250565,2749.60245051772
1543,2655.00781364395,2687.07488732788,2709.84989835836,2716.6206762746,2740.0010165618,2751.13433723403
1544,2655.33835276737,2687.93742095652,2710.41036652663,2717.27598907445,2739.76610892246,2750.2648457398
1545,2655.66477796386,2688.72799112079,2709.37540542398,2715.87391531596,2737.61835478393,2747.70479295335
1546,2655.95760809562,2689.44429588208,2705.89569599831,2712.06570820573,2732.95034852214,2743.26908086969
1547,2656.17516287493,2692.64579783686,2706.88180879155,2712.59536221356,2733.04228898446,2745.4447094194
1548,2656.26988475348,2693.12696696813,2709.49739568586,2715.19501432118,2735.5449997928,2748.18939898267
1549,2656.46865510294,2690.85407262943,2706.9467110977,2712.32961816267,2731.24374840993,2744.84958212819
1550,2656.54030980201,2691.35694670602,2706.84025042383,2712.47866264138,2732.28736981941,2747.38512460042
1551,2656.5812499884,2691.72349040747,2707.47664916617,2713.37692580285,2733.98693222617,2749.77119717196
1552,2656.63165807266,2692.18447939982,2707.85249238501,2713.91881975874,2734.91131790762,2752.97753503766
1553,2656.70684579732,2692.75929386795,2708.44943944765,2714.52764824721,2735.82643818362,2755.19282564748
1554,2656.8206992814,2693.46870697809,2709.14765129006,2715.10666179263,2736.61735428792,2756.77748997033
1555,2656.97412802775,2694.22612613739,2709.82283989391,2715.59177427078,2737.23933384014,2757.77758670598
1556,2657.15330430886,2694.89671483355,2710.43510078791,2715.99935115324,2737.67682255052,2758.3386668805
1557,2657.33727041749,2695.29048348126,2710.93123807422,2716.32223870609,2737.88529348271,2758.52649058093
1558,2657.50826998899,2695.33226401854,2711.37544047267,2716.64423751765,2737.92280117405,2758.38836226469
1559,2657.65744368418,2694.91485924334,2711.78895036168,2716.98455576685,2737.91361038934,2757.88502781817
1560,2657.78395393908,2693.78880583536,2711.87814586485,2716.97374559324,2737.95044920922,2756.51057478305
1561,2657.84919255095,2693.56457394778,2710.25679941356,2715.00241077735,2736.13202515263,2756.51647002322
1562,2657.72677537078,2693.22753758517,2708.67788071131,2713.08672334512,2733.66969502325,2755.35502276934
1563,2657.73854734548,2694.72147139563,2709.98769431409,2714.06868041593,2735.79434599199,2756.60747483752
1564,2657.73168308312,2695.18072324679,2709.72397315915,2713.70562054559,2735.82936229409,2756.22973491292
1565,2657.6993596967,2694.61991979097,2708.47487573783,2712.49831692746,2734.34862463061,2755.04569793553
1566,2657.63505435934,2693.70640736268,2707.31139566947,2711.50475966487,2732.61968112378,2753.526487861
1567,2658.16927886318,2692.02163260002,2709.65789955684,2713.83628970538,2738.43846349923,2757.20065779629
1568,2658.84870061615,2691.4569551121,2710.92487103194,2715.06344843254,2739.89535869086,2755.94976396309
1569,2659.36732572445,2690.10028961482,2711.83344762841,2715.96785800025,2740.72315649618,2757.73414788048
1570,2659.66847797143,2687.51840254989,2712.12065367537,2716.28100876158,2741.0575114824,2756.44393192317
1571,2659.73651611401,2682.6070553357,2711.50570526635,2715.69785422431,2740.18012083755,2754.75128792644
1572,2659.60094622,2675.94078549127,2709.80713861581,2713.86802320357,2733.56571466449,2753.4249493077
1573,2659.36833955504,2673.11620083961,2694.87397643605,2699.04907052495,2712.224505758,2732.75833908192
1574,2659.15149287504,2673.01339921237,2693.89633367336,2697.93029888523,2711.20895413634,2730.63116539768
1575,2658.94349251652,2672.88476585182,2692.78174958953,2696.68338664398,2710.12006856549,2728.3833290842
1576,2658.74535189007,2672.73186370568,2691.6192554011,2695.40313301453,2709.04966576684,2726.52656469304
1577,2658.55772088234,2672.56803446417,2690.62977295316,2694.31413829621,2708.22511120816,2725.31668089723
1578,2658.38082295753,2672.41001402488,2689.98204864924,2693.58472018257,2707.78247384573,2724.66082555029
1579,2658.21452221792,2672.28937613655,2689.6907877622,2693.23028145089,2707.70084588395,2724.45337209708
1580,2658.05838891872,2672.25486333073,2689.67494676876,2693.17380624918,2707.87315961068,2724.66051298188
1581,2657.91198682488,2672.35161463647,2689.80707025045,2693.28425870302,2708.17568175354,2725.17199006888
1582,2657.77460602706,2672.59226056706,2689.81283903275,2693.27427906773,2708.35149289657,2725.63985319678
1583,2657.64592292598,2672.85630424028,2688.78491482228,2692.13076285077,2707.3492092234,2724.7438449043
1584,2657.5528012747,2672.97663260765,2689.20486858731,2692.42093342968,2707.88211529768,2723.13063516711
1585,2657.61876465567,2673.27717816065,2695.74194430474,2699.22655357558,2714.13969166672,2731.42116633494
1586,2657.93201103939,2672.69829160826,2692.68671445843,2696.585014636,2711.85116805047,2727.66248897948
1587,2658.56591467564,2673.14431182309,2694.38901856448,2698.31964667364,2714.6963430208,2729.29612549636
1588,2659.11543689304,2678.72790187468,2695.82728707275,2699.97278564826,2717.70056536728,2732.94858320506
1589,2659.64234634352,2680.53468376063,2697.58368354237,2702.06894235773,2720.46623855765,2736.08599255663
1590,2659.87179467299,2682.60552554082,2696.39410448057,2700.87696541924,2717.73052423202,2734.50525944936
1591,2657.46487728289,2676.31764739212,2693.88418762256,2698.37358436065,2715.37470506662,2731.98944609931
1592,2656.98904498579,2676.04491584097,2694.20519209255,2699.08436048233,2714.39822563122,2729.34820981814
1593,2656.85652251393,2676.95195908556,2696.06521180791,2700.62370179805,2715.58448327272,2728.51630175254
1594,2657.0813829573,2678.13605169867,2697.77360459226,2701.62996473669,2716.76675744093,2728.42468661887
1595,2657.3579659622,2678.943658488,2703.27063661259,2707.32323942828,2722.46520735812,2735.9901584985
1596,2657.5065450268,2680.12187051411,2705.16192735102,2709.30465192761,2723.61311739706,2737.10481961304
1597,2657.63148969068,2681.83404910451,2706.77090599109,2710.81131983818,2724.41511003332,2737.39391481166
1598,2657.7299278274,2683.53192878526,2707.7607670348,2711.68362899726,2724.79045974137,2737.80282008745
1599,2657.8004317412,2684.93490502129,2708.58166067098,2712.37612881615,2725.13294007766,2738.39974171695
1600,2657.84293351659,2685.89241193947,2709.18456181816,2712.83162247667,2725.36058686177,2738.94497578898
1601,2657.85855160386,2686.14141969677,2709.11659624617,2712.59113358499,2725.00938562309,2738.63254342796
1602,2657.86377689903,2687.4833919318,2709.44286847798,2712.9585092789,2725.82171512235,2736.64248164174
1603,2657.89481886768,2687.1906535816,2709.4007907642,2712.84109916863,2725.66721680666,2736.54561865236
1604,2657.91903153915,2687.02663641483,2709.19318540794,2712.54986741435,2725.34751823848,2736.39381711678
1605,2657.93672781555,2687.36320684239,2708.84222689599,2712.10784126298,2724.86382835671,2736.30717367108
1606,2657.94865253398,2688.67672739403,2708.49743751689,2711.65353664438,2724.32140026516,2736.71574379762
1607,2657.93422738444,2692.18995774548,2707.88625944546,2711.52967406129,2724.11873898238,2738.98310946976
1608,2657.69264024605,2691.15477969274,2707.9600138292,2711.77753497463,2724.22468096989,2740.27520477845
1609,2657.47269369653,2690.38789362178,2706.22513136002,2709.88910896241,2722.27300334612,2738.10634524949
1610,2657.24841729665,2689.42521813834,2704.80660284088,2708.30286731115,2720.76932539138,2736.24969677633
1611,2657.02380917353,2687.95353498601,2703.58346946838,2706.90545257327,2719.65908080696,2734.77198356732
1612,2656.80281974963,2683.54173456817,2702.32036808906,2705.46929396716,2719.35091465623,2733.54695158634
1613,2656.64871372436,2679.2226787562,2697.74587944591,2700.51070158545,2715.57903017496,2727.26883744852
1614,2656.57404496614,2679.42542623989,2698.01049086464,2700.43323138971,2714.95203313699,2726.31567271702
1615,2656.52013698627,2678.80136306264,2696.28987263576,2698.52515511775,2713.00131649703,2724.92823122854
1616,2656.48872894558,2678.39975028732,2695.33364005249,2697.24830942978,2712.04283142592,2724.76050132677
1617,2656.43122445056,2678.01437737806,2693.54143906355,2695.1474293787,2710.14720397072,2724.52527774683
1618,2656.00936363528,2677.38147855681,2690.15221890953,2691.7479598592,2706.41457750058,2720.09050105016
1619,2655.59820674868,2676.9033675544,2688.63182675276,2690.31948008562,2704.53263329524,2717.92383625616
1620,2655.22307596849,2676.66994680747,2689.2220187311,2691.03705297021,2705.11132044791,2718.82583313951
1621,2654.87549545671,2676.61438967555,2689.16003044095,2691.06317899801,2705.03741164103,2718.91249074704
1622,2654.55751096172,2676.57791396837,2689.43555826636,2691.40934957987,2705.24856734764,2719.12199864321
1623,2654.27755913806,2676.40290516406,2690.01482209107,2692.04521226628,2705.7332813342,2719.51286155894
1624,2654.04295030279,2675.95778958669,2690.70479272046,2692.78599224774,2706.33879991394,2719.95426197848
1625,2653.85934248965,2675.17329667213,2691.33091321915,2693.46707303258,2706.94473242843,2720.33867868923
1626,2653.73056524731,2674.06958227582,2691.74002771031,2693.94526007815,2707.44919711841,2720.55983285885
1627,2653.65838849644,2672.76856321092,2691.79393106733,2694.09213721158,2707.75283708533,2720.48899301073
1628,2653.64247341208,2671.48561967744,2691.35902922465,2693.78715543299,2707.75376278574,2719.94895580313
1629,2653.68058358437,2670.4847850078,2690.04956606824,2692.70474345847,2707.213524811,2718.46153455509
1630,2653.7688034121,2670.01917950023,2685.34828540645,2688.73493495126,2704.74434823355,2713.19446570793
1631,2653.77868424307,2670.12200530268,2683.83016445689,2687.43551998208,2704.04581945098,2711.16018998414
1632,2653.43758913004,2669.21167697849,2684.55508108663,2688.24954585438,2705.24268441484,2714.83875478107
1633,2652.77718949247,2668.3473869496,2683.59268050933,2687.32679908114,2704.52645896844,2714.93069098536
1634,2652.53340738889,2668.99067328209,2681.91520451219,2685.62966780927,2703.59364528715,2712.62675691722
1635,2652.54838284017,2669.61157831041,2681.33067140148,2685.07370499554,2702.65715790389,2711.87806278984
1636,2652.57999578422,2670.04797056384,2681.86118037612,2685.61815473505,2703.07201985883,2712.69063210777
1637,2652.25262952279,2668.50393146964,2681.12030718405,2684.86005885102,2702.37955370098,2713.04639706441
1638,2656.33200084145,2680.52573072328,2696.55762294973,2698.46401151486,2713.52723963293,2727.32527402539
1639,2662.03335597846,2684.88917332128,2699.47308985467,2701.5944628064,2718.39949839084,2733.27179232453
1640,2662.41563188333,2685.66970571293,2699.52279881485,2701.58265835882,2719.51550468484,2737.76593418716
1641,2662.6903120145,2685.51861248074,2698.27349619196,2700.12638356818,2717.14467567293,2737.65522598688
1642,2662.60629488173,2684.65322360163,2698.13416484584,2699.75675122048,2714.5036891726,2737.77648067962
1643,2662.0102255482,2681.96070564905,2697.29597383279,2698.75923176812,2711.26157028713,2736.16315936607
1644,2661.10211298718,2679.23525016992,2696.37310735518,2697.70058063705,2708.7795234819,2733.14553074931
1645,2660.65661612057,2678.56179193962,2694.36643035609,2695.59395707427,2705.40980468025,2728.20709067424
1646,2660.73111952583,2678.97614343503,2695.26568637798,2696.44766138771,2707.34905760226,2731.88442133603
1647,2660.74655910256,2679.0766868231,2695.57512153648,2696.71482037262,2708.31121284773,2732.81697320461
1648,2660.73743318129,2679.39666182699,2696.53540750274,2697.6710731634,2710.54729768196,2733.20400588655
1649,2660.67304871821,2679.46971416248,2696.53049157277,2697.71697784319,2710.90069118781,2733.7311288451
1650,2660.58803110099,2679.40551014481,2696.14970995532,2697.36267985923,2711.04430051905,2733.94287237568
1651,2660.48619980706,2679.73662618782,2695.74389278749,2696.94726249422,2711.05181762306,2733.95183246523
1652,2660.50864107501,2680.17389929167,2695.85954038804,2697.09241562806,2711.41258380576,2733.40484078131
1653,2660.5185474837,2680.00398956355,2695.7129210956,2696.97973955568,2710.65109432778,2733.55319890043
1654,2660.50752014339,2679.23593375432,2695.30913667873,2696.65923947037,2710.18537218041,2734.34725782506
1655,2660.46606624512,2678.15592115815,2694.78994105477,2696.22265193439,2709.95192365269,2735.31779932357
1656,2660.36100241119,2679.67013906959,2698.38012554257,2699.94934939878,2713.01946966863,2740.93346415799
1657,2660.23972816168,2680.87949157737,2699.65060618036,2701.48011802571,2715.05999754571,2743.42814647203
1658,2660.09781510935,2681.37144234766,2699.94112139963,2702.04865038782,2715.83363659013,2744.41532302715
1659,2659.93166949794,2681.56572884305,2699.72485089155,2702.1291861048,2715.77940283972,2744.51970608915
1660,2659.73975300517,2681.59336047924,2699.30035800654,2702.011810229,2715.23716818206,2744.10915465147
1661,2659.52137523235,2681.34275875457,2698.74641074681,2701.77373794354,2714.57709297237,2743.54810635775
1662,2659.2781588773,2680.14236085042,2698.1185799694,2701.44055070609,2713.8530801716,2743.117706918
1663,2659.15632013105,2679.49125221621,2697.27286415876,2700.76868737876,2712.98549196998,2742.33040980554
1664,2659.09377399595,2679.42731434543,2697.76011436199,2701.36693526635,2713.45080225003,2743.1007311178
1665,2659.03556946536,2679.37440942631,2698.31310327224,2702.02611222535,2713.94590911157,2743.91551982545
1666,2658.98142269024,2679.33204076834,2698.91875433243,2702.73181237161,2714.46780016479,2744.73661120101
1667,2658.93102211174,2679.27305710358,2699.54005422465,2703.44507728788,2714.97266496925,2745.49493232097
1668,2658.88400162526,2679.13712166738,2700.10139217494,2704.07852443896,2715.35379279681,2746.10380379684
1669,2658.8399513092,2678.78545542206,2700.34781472785,2704.2945962375,2715.2555395936,2746.21781023743
1670,2658.85063322722,2678.38105553525,2700.85017735019,2704.78232624141,2715.71906017312,2745.75335140154
1671,2659.0246940488,2678.39596460016,2701.30177965726,2705.1525417296,2716.20353206097,2746.44378714048
1672,2659.14975832273,2678.75303442117,2700.5613274915,2704.25606290728,2716.34574827932,2746.08318636489
1673,2659.20192186608,2678.90630593425,2703.91926932068,2708.12238115543,2719.57967840905,2749.24631799692
1674,2659.2528131127,2678.97857808419,2703.19459832926,2707.4136900521,2719.09120475702,2748.69392107916
1675,2659.30273643047,2678.95256204905,2702.58064241019,2706.77810742474,2718.6975622379,2748.15265003745
1676,2659.3520054263,2678.83332068914,2702.04400677333,2706.21351397898,2718.36967074082,2747.76882717881
1677,2659.40090521271,2678.63011558574,2701.59541722005,2705.74101510229,2718.10036025965,2747.5293719275
1678,2659.44968978077,2678.34666202598,2701.28014421083,2705.40934181448,2717.9110104929,2747.43606903798
1679,2659.49851378141,2677.98233670022,2701.06873785422,2705.18581885545,2717.74826436342,2747.40491929979
1680,2659.54749593469,2677.5351711185,2700.9284978869,2705.03475010609,2717.5656971077,2747.40085929898
1681,2659.59660881876,2677.00578275528,2700.82024181609,2704.91502311025,2717.31219949495,2747.40089921471
1682,2659.64572347141,2676.3987527834,2700.71547983829,2704.79845457647,2716.95365481209,2747.41815769224
1683,2659.69464530132,2675.71982285605,2700.57776491555,2704.64907692336,2716.44603907638,2747.47141340044
1684,2659.74306072378,2674.97210673157,2700.35062604818,2704.41170203586,2715.71691351907,2747.54767513686
1685,2659.79062241766,2674.15766582629,2699.97479116353,2704.0298585032,2714.6786636108,2747.56029384574
1686,2659.83695794699,2673.31609831601,2699.33097787455,2703.38761815949,2713.15800779427,2747.20163158364
1687,2659.88165373541,2672.78718626749,2697.8960712607,2701.94898055625,2710.54708885039,2744.89702500685
1688,2659.91649426764,2673.35555055385,2695.25079604081,2699.3467018528,2707.25330816189,2739.07488272075
1689,2659.9021194213,2673.25182074082,2695.46823978777,2699.59449539001,2707.49878760105,2739.42503945443
1690,2659.88088704976,2673.14190718019,2695.69447045878,2699.85197470215,2707.78937407323,2739.79745080021
1691,2659.82605862917,2673.21630363635,2695.81048253814,2700.01902332292,2707.95048821055,2739.35416639751
1692,2659.75845765212,2673.36313261023,2696.06678966629,2700.32674911522,2708.16212499358,2737.76320503329
1693,2659.68840605475,2673.46985975652,2696.10932967602,2700.38071617424,2708.01895080421,2733.60364049751
1694,2659.71926996657,2672.98537961288,2694.78116405511,2698.99087959886,2706.37134417891,2729.36772365824
1695,2659.76954829245,2673.28745107896,2695.35529053515,2699.6646498755,2707.35350842732,2728.32784712306
1696,2659.85984105158,2676.7631755891,2700.15140643767,2704.22856751233,2712.69465354228,2734.20291779252
1697,2659.8700097684,2679.06282130113,2703.39540178395,2707.25738570308,2716.50949329346,2740.50522949292
1698,2659.93276168729,2680.08487340449,2705.42597515355,2709.03879437973,2718.70671941559,2741.94469067468
1699,2660.11568675743,2680.5663699861,2710.00238018307,2713.09776908782,2722.92001266799,2746.93583628139
1700,2660.30075268302,2679.73048678958,2708.6157658906,2711.74661811855,2722.06510851907,2745.97596294223
1701,2660.48935321924,2679.656463661,2707.35059902572,2710.56782318588,2720.84450153425,2744.60676916739
1702,2660.68055197583,2680.82621802936,2706.78365170667,2709.97375785756,2720.46495059822,2742.80034525125
1703,2660.73065826136,2681.13933093802,2706.14588432305,2709.37826474472,2720.81045466407,2746.47614683397
1704,2660.55568457281,2680.81330976416,2705.57424440481,2708.76520964485,2720.07030777551,2747.43493370013
1705,2660.37680837217,2680.44122628394,2705.3990889929,2708.54537983055,2719.66750535884,2747.44652141269
1706,2660.19449287749,2680.05372053384,2705.19437658811,2708.30130594423,2719.27660706167,2747.23627097266
1707,2660.03412760903,2679.71106450051,2705.06524296287,2708.13963803039,2718.96328647678,2747.22954399359
1708,2659.92815217103,2679.5246941329,2704.87527166598,2707.91788636671,2718.63789575146,2747.2442579166
1709,2659.81437485017,2679.36067258161,2704.70391525092,2707.718827597,2718.34030984458,2747.09351325318
1710,2659.69292446262,2679.19829225696,2704.49149147497,2707.48441611633,2718.00531783286,2746.81663958036
1711,2659.56409922194,2679.0244927377,2704.21700125908,2707.19669973464,2717.60559402235,2746.31906116604
1712,2659.42831626786,2678.82793409228,2703.8644810863,2706.84380733368,2717.10489057829,2745.54248643406
1713,2659.28616769601,2678.59459541529,2703.43741047065,2706.43106634071,2716.46467184839,2744.46953547655
1714,2659.13829556236,2678.31346703365,2702.96556205906,2705.9844973726,2715.65552450702,2743.14212082909
1715,2659.03515634772,2678.24342379642,2703.33717435506,2706.30541657399,2715.71250707089,2743.34790581314
1716,2658.9166240048,2678.17630019799,2704.83592895114,2707.80472255233,2717.00672122453,2743.33951431832
1717,2658.77783917416,2678.11471376327,2707.11320353518,2710.20355129367,2719.36773012585,2744.55822715927
1718,2658.59642128559,2680.59948310708,2709.1008273664,2712.42178628894,2720.80802742641,2745.44179194286
1719,2658.15288490514,2681.0981659415,2707.81945233702,2711.17717434171,2719.86125431376,2743.67144079928
1720,2657.85431445249,2680.33598303227,2707.46278342736,2710.94024161743,2719.31501144146,2743.47150870204
1721,2657.59807022352,2679.46695315702,2707.51118016579,2711.16010169919,2719.30370651621,2743.58985263077
1722,2657.32640269285,2678.62034115555,2707.52987774413,2711.35548773574,2719.43389045138,2743.58439837972
1723,2657.04248473875,2677.82462250274,2707.52695233087,2711.52821057536,2719.68241268203,2743.6865057708
1724,2656.75053858329,2677.10871418469,2707.49944344818,2711.66651370001,2720.00906548626,2743.74998770311
1725,2656.45506586346,2676.49856661057,2707.45182866104,2711.76795679813,2720.39980761442,2743.73458529576
1726,2656.16032606151,2676.01065336953,2707.40168929068,2711.84822185545,2720.8661365767,2743.55240185792
1727,2655.86989882527,2675.64040037636,2707.37591505655,2711.94534275871,2721.42038014469,2742.5792019954
1728,2655.6152239185,2675.34041184709,2707.25332097839,2711.75429817684,2721.17648021061,2744.67710015723
1729,2655.51340381426,2675.3627054503,2710.52729388615,2715.24891362802,2724.59905493268,2749.91275454908
1730,2655.41381562188,2675.43903662756,2711.78046079689,2716.4395919707,2725.77818260296,2750.34902778481
1731,2655.31651609865,2675.52500746767,2712.94240335626,2717.56021174705,2726.92402458404,2750.44581767721
1732,2655.22158661669,2675.60248845006,2714.1411580951,2718.74396324406,2728.17452224914,2750.56192390505
1733,2655.12917817056,2675.65783219243,2715.28066473977,2719.89073185424,2729.43171024412,2750.70039148159
1734,2655.03937334745,2675.68308427048,2716.26003009294,2720.89368574237,2730.59314795414,2750.83925402936
1735,2654.95237879549,2675.67646356562,2717.01858254509,2721.6858460463,2731.59623950603,2750.95972226826
1736,2654.8683449879,2675.6408562687,2717.54201263304,2722.24675262962,2732.42243691029,2751.05421927062
1737,2654.7875519641,2675.58207888266,2717.84848728725,2722.58969631908,2733.08166982854,2751.12573639974
1738,2654.71027292111,2675.50620683262,2717.96681598012,2722.74015113224,2733.58430274419,2751.17671760518
1739,2654.63678526338,2675.41761678587,2717.92734293739,2722.72687013816,2733.92129057681,2751.19717700091
1740,2654.56748124591,2675.31803119038,2717.74763293299,2722.56839721491,2734.04433781119,2751.14654188627
1741,2654.50269796637,2675.20349239738,2717.43379342925,2722.27672299974,2733.88562129154,2750.95171892879
1742,2654.44159277543,2675.07160118259,2716.89320662409,2721.77302360241,2733.30800316352,2750.40502565077
1743,2654.38494378686,2674.46985325297,2715.87579931479,2720.83142669082,2731.8802705701,2749.35830868301
1744,2654.16442652442,2671.95177472302,2715.16369343588,2720.17935651042,2731.24879027773,2748.30240079113
1745,2653.89860288598,2671.24929945878,2715.33855284636,2720.42403873223,2731.54725757445,2748.59182477432
1746,2653.64861792864,2670.52729776649,2715.6474242131,2720.81415478862,2731.9003836407,2748.98451726927
1747,2653.41927150932,2669.81291256726,2716.12208305685,2721.38260726523,2732.32471003125,2749.50415949408
1748,2653.21556622573,2669.15629187518,2716.75819236934,2722.12609725176,2732.80819980867,2750.15055190491
1749,2653.04235641263,2668.62080519895,2717.52417807995,2723.01988111611,2733.33121020309,2750.91133095024
1750,2652.90382075013,2668.27854709131,2718.15359197908,2723.8124575179,2733.708656506,2751.61582876116
1751,2652.80286245464,2668.19922339022,2717.90584345012,2723.83709826409,2733.45905915786,2752.00102941169
1752,2652.68405673511,2668.61164546942,2715.24758095686,2720.36254934546,2729.16972553444,2753.16686224469
1753,2652.58961788663,2668.98837665605,2715.32419262116,2720.84863235618,2729.52731561536,2754.56655130608
1754,2652.52760166244,2669.54773325877,2715.45122405841,2721.28987565184,2729.92366645432,2755.73881167988
1755,2652.47356292188,2670.13716468798,2714.75347791884,2720.76171541104,2729.31002570839,2755.65482827579
1756,2652.42839460937,2671.21548098366,2713.04851288214,2719.05651324033,2727.44128342529,2754.73809929384
1757,2652.32204327324,2671.38520619061,2714.32107317337,2720.06990923998,2728.46482327794,2756.29150427098
1758,2652.38448397511,2670.93785760724,2713.26158611284,2718.27362345537,2726.37514633375,2751.65200449938
1759,2652.92177776738,2671.52052335659,2711.56106438025,2715.98579551079,2723.95335938122,2748.50739188576
1760,2652.94661264079,2671.27586869738,2711.58678248827,2716.01588478272,2724.14411944545,2748.63020803158
1761,2652.97270211512,2671.02954139237,2711.58719449511,2715.98842435612,2724.21332192006,2748.60744326772
1762,2653.00005297632,2670.85583549834,2711.39594382368,2715.7587991594,2723.04505261831,2747.82089352678
1763,2653.02858552013,2670.75196098479,2710.9830652783,2715.30356649811,2722.66156462896,2747.05502141665
1764,2653.05821337728,2670.68817705725,2710.2760659634,2714.549075053,2721.96573936367,2745.80120401281
1765,2653.08877068842,2670.6274383832,2709.06731950069,2713.30410121544,2720.78333307233,2743.85734047364
1766,2653.12013270957,2670.59016107845,2707.7002138788,2711.87492724109,2719.39153323151,2741.67021499117
1767,2653.15211471174,2670.59527079572,2705.91743932759,2710.0143869155,2717.55891036041,2738.60824020199
1768,2653.18448810895,2670.63397287326,2703.9051970475,2707.91724051531,2715.47279449845,2735.99107845135
1769,2653.21705835213,2670.69915134649,2701.69693330931,2705.59512941371,2713.14810710183,2733.16846031526
1770,2653.24959645533,2670.16723060204,2699.17947888914,2702.9614340517,2710.49484405519,2729.74681414698
1771,2653.28186855287,2670.18906165077,2697.18507392222,2700.82655826992,2708.33365440016,2727.20137333943
1772,2653.31370218979,2670.26567238212,2695.43275237482,2698.92470185737,2706.39894921571,2724.94614608425
1773,2653.34486551676,2670.35539870989,2693.96478959614,2697.30293771445,2704.73742685656,2723.03953346359
1774,2653.37520645142,2670.46971276639,2692.78118171281,2695.96913180532,2703.36078522676,2721.50576865153
1775,2653.40454567971,2670.57039168271,2691.93433484496,2694.99647608082,2702.32662066367,2720.42848787045
1776,2653.43414376804,2670.4773047286,2691.49059703128,2694.55305706066,2701.623101938,2719.7102611055
1777,2653.47195862061,2670.22586606564,2690.39924845856,2693.30995556691,2700.51177251177,2718.06215928279
1778,2653.50743331701,2669.68715019152,2685.58373821907,2688.34967269272,2695.0793188646,2709.16150025732
1779,2653.53720580981,2670.11092566496,2686.07442059815,2688.79390380256,2696.20924528793,2710.28227284142
1780,2653.56558058564,2670.90799462828,2689.43876804781,2692.20364354619,2700.9769518977,2714.36158230101
1781,2653.59250693694,2671.59375133955,2696.32756891715,2699.1462839542,2709.31219271979,2724.38640364544
1782,2653.59039868268,2671.53347319221,2685.46170999088,2687.9386255791,2695.33710088073,2708.72468457422
1783,2653.63904314306,2672.14998902545,2687.53250246621,2690.14887686907,2698.2460126898,2712.57157705762
1784,2653.64173003656,2672.58378293276,2687.62550063083,2690.23472446683,2698.60649701196,2712.9948138447
1785,2653.62496874309,2674.73635874346,2688.13170346545,2690.7591710898,2699.45956358668,2715.26645963997
1786,2653.58962472956,2675.62180879216,2688.89685177298,2691.53136955818,2700.38229041756,2715.81253646955
1787,2653.54143602788,2675.89581765265,2689.75733093342,2692.39373628136,2701.52975025928,2715.06290224662
1788,2653.49102985384,2675.99153675975,2689.73635957402,2692.37173594104,2701.81703284314,2715.05712026246
1789,2653.47529021387,2675.839677563,2689.03166836714,2691.53902207396,2701.30226791042,2713.86233705911
1790,2653.5366767963,2675.86977902595,2690.61756741009,2692.97585121155,2702.92546622757,2714.70529671065
1791,2653.71926598264,2676.04994748709,2692.33721701858,2694.62139697333,2704.79317521971,2716.52868028053
1792,2653.89462570415,2675.88094817383,2692.82639619647,2695.12265795936,2705.54583367838,2717.61076665199
1793,2654.0211722518,2676.35688051741,2691.87796298444,2694.0557705451,2703.98815218987,2716.51534408907
1794,2654.00383582129,2675.97407184737,2691.611358416,2693.9132852633,2703.6697988111,2716.25757890922
1795,2653.85458982397,2675.47013523886,2691.96945609857,2694.57596576711,2704.27087998904,2716.83543006372
1796,2653.69649511915,2674.9406335944,2692.41478776909,2695.27882328152,2704.99409096365,2717.54526034705
1797,2653.56253014808,2674.71493355072,2692.67042766774,2695.7215908367,2705.50402522494,2717.96420300589
1798,2653.46498474085,2673.52202550116,2689.28913938666,2692.2047875463,2701.77655209166,2713.18449495431
1799,2653.42484510311,2673.38949513677,2689.83110165876,2692.76527864278,2702.35134892502,2713.63952151175
1800,2653.38272377754,2673.26829655012,2690.14107266624,2693.06785952951,2702.6407487836,2714.48025521658
1801,2653.33877619892,2673.24766580089,2690.33900181219,2693.35430366832,2703.04711460388,2714.69592004328
1802,2653.29312779186,2673.31062433085,2690.63755943,2693.76843167896,2703.76095918682,2715.05910878252
1803,2653.24594325807,2673.47036407985,2691.95249002259,2695.2073110748,2705.79900374371,2716.85205212825
1804,2653.20524395201,2673.61517499468,2692.72202649462,2695.92496830822,2706.68552570487,2717.43281729749
1805,2653.17142514688,2673.71794633734,2692.83619742716,2696.03521688443,2706.45251938001,2717.44630688525
1806,2653.13595176247,2673.80044281428,2692.22663967141,2695.29738793542,2705.46737957206,2717.1983119598
1807,2653.09926887035,2673.85125682577,2691.58013736875,2694.55960559552,2704.76606937029,2715.76099432459
1808,2653.06078775442,2674.2237499231,2692.35755202684,2695.42717233983,2705.67812642057,2716.89705361763
1809,2653.02077391657,2675.05962029152,2692.50505182103,2695.56768234111,2706.64936872425,2718.8338209065
1810,2652.97977088589,2676.434166513,2693.0470566229,2696.07012027298,2707.60136817538,2720.35953915679
1811,2653.09810526224,2676.72763863591,2691.11565511766,2694.0932565246,2706.70713971046,2720.61958292178
1812,2653.1882800579,2677.0386279851,2691.59515031223,2694.63405924209,2706.9913878056,2720.75201468492
1813,2653.27222956032,2677.36594020066,2692.17622951429,2695.28001446463,2707.53560821354,2721.19001586833
1814,2653.34841233853,2676.11062912141,2692.02579672127,2695.25829092002,2707.28736690879,2720.65731803733
1815,2653.41561424981,2676.23303318797,2692.30699877171,2695.62759330163,2707.69166550241,2721.09277770863
1816,2653.4730435337,2676.23623967626,2692.49965734359,2695.91495923699,2708.02288431205,2721.70419946434
1817,2653.52032299714,2676.12117888428,2692.56804195498,2696.08636618627,2707.9019146042,2722.27047164783
1818,2653.55744460328,2676.03491240724,2692.55682641774,2696.18307753776,2708.0081230314,2723.6072211061
1819,2653.58477782183,2676.25051965731,2690.28784997541,2694.24074945899,2705.89951808928,2721.65792997599
1820,2653.18602262191,2677.47945357546,2691.46130705635,2695.42745506725,2707.44249678113,2721.60543752146
1821,2652.75171016051,2677.03388159381,2692.25498273867,2696.11349420349,2708.21705232189,2721.62464740575
1822,2652.35233173299,2676.63796138871,2692.22798428093,2695.9988163555,2708.28331133241,2721.57041452894
1823,2652.01640412017,2676.40921407971,2692.30516798622,2695.99221460232,2708.4161375608,2721.20624821377
1824,2651.76656489798,2676.22010074099,2691.80668051673,2695.46191418335,2708.07233943601,2716.7161833068
1825,2651.74976154725,2678.24169759249,2694.00382524367,2697.65123502557,2710.41117285677,2718.97644638741
1826,2651.7658366066,2680.90596214091,2693.43910860185,2697.10732430644,2710.30206238998,2719.05109127194
1827,2651.87880335033,2680.91745692136,2694.82112320942,2698.56340586148,2712.48165609065,2721.29429998302
1828,2652.03271813944,2680.89730506073,2696.79917145344,2700.64126929976,2715.33316332553,2728.72536794435
1829,2652.08776062217,2681.36915761353,2696.77927655671,2700.54792213729,2715.69108265168,2728.80449017185
1830,2652.16947516647,2681.13025484936,2696.52238997327,2700.21928917068,2714.90680443781,2727.139188945
1831,2652.2760830451,2680.96373235827,2695.66140499139,2699.26294820803,2713.27512903693,2726.21683025949
1832,2652.17301462682,2673.22426638741,2695.6836863287,2699.19889588449,2713.14101677713,2725.64577649347
1833,2651.90810151138,2672.33817801249,2694.14076176072,2697.59639749537,2711.45783246759,2723.10304225198
1834,2651.62166984772,2672.19573681069,2692.31630702832,2695.75757030473,2709.71519059924,2718.74709790368
1835,2651.3490421031,2675.06661200262,2690.3015971135,2693.71464637416,2707.21731719094,2719.09727148206
1836,2651.21500499141,2674.8648612285,2687.38320664688,2690.67367955786,2705.64882886029,2715.43060724773
1837,2651.12986184995,2673.38752753324,2687.73532054777,2691.14171650417,2706.38010703477,2716.09049887328
1838,2651.09346585605,2673.34214474575,2687.58288260158,2691.09697083479,2706.80886215897,2715.29832131569
1839,2651.06398410942,2673.65075551701,2687.47997065413,2691.0337967737,2707.09002486079,2714.4826151301
1840,2651.04187890366,2673.73826010438,2687.55377840836,2691.14232515636,2707.47555053418,2714.21203187114
1841,2651.02739215842,2673.70072608214,2687.674589625,2691.29569418343,2707.80018699625,2714.09188111854
1842,2651.02042759866,2673.66753670664,2687.78830112982,2691.44176849563,2706.22426766318,2712.21500330461
1843,2651.02070879291,2672.4347483218,2686.54151951518,2690.24950031039,2705.32774431364,2711.32596526443
1844,2651.02773574695,2672.42307202648,2686.53513549053,2690.27712364365,2705.56535353577,2711.68117695698
1845,2651.04082406698,2672.41260863106,2685.24310540596,2689.01520908928,2704.52381982772,2710.76700969249
1846,2651.05919780691,2672.40118006882,2685.35738289718,2689.16193530186,2704.84579698749,2711.49345339632
1847,2650.79459472618,2674.74107053765,2688.54171411793,2692.6525886625,2708.76090578681,2717.16654765561
1848,2650.6630627525,2674.48559655239,2690.5609195092,2694.791920936,2712.84106494828,2719.9984645264
1849,2650.63366376901,2675.02293394856,2691.8473169301,2696.12883744477,2714.40871794769,2721.76664761476
1850,2650.69551076295,2675.73704693605,2692.39928673595,2696.73231764098,2715.26617493396,2722.66927909584
1851,2650.82890960284,2676.45533918951,2692.7545908066,2697.13884470534,2715.90028718432,2723.28234358039
1852,2651.01121332507,2677.02090261649,2693.01527513699,2697.44592115273,2716.39449963787,2723.76038887802
1853,2651.22149882112,2677.48222939455,2693.26280915473,2697.73345502468,2716.74174534973,2724.1390684425
1854,2651.44310107623,2677.78769146422,2693.49568277833,2697.99805943995,2716.98913809952,2724.4537711373
1855,2651.66423231212,2677.95764675248,2693.48229006471,2697.9891191043,2716.98880615457,2724.68444491469
1856,2651.6591661545,2678.16106433181,2693.57539115651,2698.20437584188,2717.35777421024,2724.89541905079
1857,2651.60026940079,2678.33907873701,2693.24304996911,2698.00205853356,2716.37109590588,2724.39188677404
1858,2651.58444366971,2678.25997539821,2692.87323758811,2697.64091779555,2715.59825337051,2724.27886402883
1859,2651.62096331671,2680.02000259718,2692.54802899532,2697.11029999382,2715.28927224387,2724.59903715842
1860,2651.742882755,2677.66455869437,2693.20413333069,2697.7427116913,2715.02957303193,2724.99414907226
1861,2651.76721554294,2676.60432227373,2694.51556787299,2698.89865153842,2715.57554405982,2723.58258896647
1862,2651.79648030309,2676.35238012248,2695.0887109175,2699.27327521496,2715.96853400835,2723.70797437709
1863,2651.8333627779,2676.10612722526,2695.13980495723,2699.05849698874,2715.73231281233,2723.77789367364
1864,2651.85736881593,2675.96227449266,2697.08944423761,2701.05431071822,2718.14496137358,2727.02007046416
1865,2651.88367240573,2675.80003993574,2697.81047713005,2701.71951704028,2718.87446414838,2728.14508278896
1866,2651.91090003598,2675.60775144878,2697.71380560823,2701.51725414164,2718.6476769174,2728.22579658225
1867,2651.93939590686,2675.38873009789,2697.55606387116,2701.25772381917,2718.35106334316,2728.27598751868
1868,2651.96948403686,2675.1491614596,2697.40794674383,2701.01744887431,2718.06884482361,2728.36333187622
1869,2652.00145610844,2674.89467630543,2697.2417284735,2700.76874601759,2717.7762321925,2728.83154142138
1870,2652.0355772238,2674.63254373893,2697.09808429343,2700.55582728968,2717.52203730638,2729.00251930347
1871,2652.07202809908,2674.3697272849,2696.97317073262,2700.37499412509,2717.30628213966,2729.24045668799
1872,2652.11095717965,2674.11395826266,2696.87211036393,2700.23205591005,2717.13721977362,2729.54364208218
1873,2652.15240840952,2673.87979072341,2696.81859674424,2700.15155459587,2717.04141712696,2729.93618180014
1874,2652.20811830286,2673.52822062713,2697.11523033542,2700.43671374443,2717.31174893002,2730.78547332357
1875,2652.34686754188,2673.38904585474,2696.80134188898,2700.13450552605,2716.85823527498,2731.32687745511
1876,2652.48794995753,2673.24421489803,2697.04230442731,2700.35040700697,2716.90447431437,2732.21339474226
1877,2652.62958030634,2673.2986091634,2697.55394857247,2700.85094944975,2717.24558117649,2732.95914321388
1878,2652.76987116348,2673.50913402921,2698.00649419353,2701.3232675374,2717.49463180905,2733.57616154933
1879,2652.90692642112,2673.75838574647,2698.41951423047,2701.78003549162,2717.64751495849,2734.1034227497
1880,2653.03898700012,2673.98821105221,2698.78440603144,2702.21030419591,2717.70396322919,2734.56826750823
1881,2653.16453710506,2674.1771895039,2699.05652073992,2702.56817093433,2717.65472793582,2734.95422934893
1882,2653.28238199823,2674.32208299617,2698.72779061544,2702.36634165325,2717.30590195833,2734.84560924634
1883,2653.46967687649,2674.43354829532,2698.75084275459,2702.4930724758,2717.2177293577,2734.17810899282
1884,2653.66535533318,2674.52840763494,2699.02244302681,2702.86394516743,2717.26617971621,2733.40946061837
1885,2653.86244086756,2674.60451207208,2699.42984503808,2703.35970300778,2717.49130433122,2732.51298761679
1886,2654.05880386386,2674.6833682221,2699.89161464413,2703.88871712948,2717.86787500581,2731.91492984598
1887,2654.25229090987,2675.05285274927,2700.97866740814,2705.03061589948,2718.79962530937,2735.18371771709
1888,2654.22852294228,2675.99935181993,2704.12090288166,2707.80390750267,2718.88521848369,2737.92364049519
1889,2654.17543750653,2675.88412708797,2706.82547058369,2710.40348762933,2721.66484610766,2743.31312220681
1890,2654.11851116691,2675.74741644653,2707.98659615751,2711.51094715142,2722.93686503345,2745.49664719229
1891,2654.05794308543,2675.57345479861,2708.53309941068,2712.01304695416,2723.56035356051,2746.37819418199
1892,2653.9940965461,2675.36300167835,2708.75474657248,2712.19131129075,2723.83112472378,2746.5763423733
1893,2653.92750793768,2675.12810276026,2708.59630680018,2711.9911269832,2723.74246427007,2746.23201911384
1894,2653.85887773025,2674.89379560489,2707.54175438854,2710.8829530944,2723.05698545821,2745.83791091132
1895,2653.78906044697,2674.70554658639,2709.39906329394,2712.60698899895,2724.45694348008,2747.0161412378
1896,2653.71900077241,2674.62257363489,2709.3179977151,2712.46710822502,2724.44562681634,2746.42046097008
1897,2653.64972529022,2674.63253528373,2709.13402616087,2712.21659197811,2724.4262814113,2745.92890530646
1898,2653.56669038205,2674.70612378134,2708.90426951808,2711.91482690017,2724.46524565619,2745.74152704405
1899,2653.45949762982,2674.63194310235,2708.45893366587,2711.37196170988,2724.26944679406,2745.80057132348
1900,2653.3570087762,2674.71890461739,2707.84605582867,2710.65328714056,2724.13887255615,2746.02484090585
1901,2653.26007432353,2675.11463642312,2707.12986233277,2709.83824410464,2724.56196943581,2747.08865700392
1902,2653.1693878358,2675.37220049635,2708.20841800458,2710.87199868124,2727.31464267564,2750.67343625693
1903,2652.19657782977,2682.85960458735,2708.68660605947,2710.69659293156,2733.44525308739,2748.87802813099
1904,2652.15565079769,2681.68968949405,2708.25146767226,2710.17016074382,2732.87068771503,2748.96387381311
1905,2652.3870998058,2680.97779216609,2706.87084872746,2709.07403904174,2732.04139778673,2746.94793830476
1906,2652.79748688004,2680.18417963996,2705.42923440299,2708.10532039861,2731.24088002736,2745.58056906814
1907,2653.26653199532,2679.57885123691,2704.01770921877,2707.27695631578,2730.4692520967,2744.55761478862
1908,2653.70357012878,2679.20102344632,2702.67213666202,2706.55313847251,2729.76035713156,2743.68451400277
1909,2654.06409031256,2679.04148238762,2701.42567945015,2705.90825963718,2729.11561244649,2742.89277229311
1910,2654.33807046918,2679.07739343852,2700.36500930887,2705.39939410559,2728.64642449699,2742.28461779053
1911,2654.53333782939,2679.3217587336,2699.60310810077,2705.11452372393,2728.45049735021,2742.08414605905
1912,2654.66405697994,2679.77324003105,2699.25018441524,2705.15570778325,2728.62035764586,2742.5307529221
1913,2654.74491987065,2680.41318976202,2699.35896919705,2705.56271200351,2729.18184067457,2743.75651282179
1914,2654.78892663217,2681.17856829093,2699.92209179602,2706.32374428265,2730.11725347901,2745.70615396895
1915,2654.80679873438,2682.00870795369,2700.90303304739,2707.40141064653,2731.33152007017,2748.06234273908
1916,2654.80713901839,2682.9375213172,2702.86092677599,2709.42582664697,2733.28220204764,2751.23424353028
1917,2654.75977318066,2683.13047928242,2702.91390227743,2709.67570677185,2732.7462854738,2751.55251654758
1918,2654.67994304773,2682.93487096987,2702.09684873299,2709.12121372626,2730.96330559675,2750.05179997986
1919,2654.58997162491,2682.75489475536,2701.19601541328,2708.51321469176,2728.78823227647,2747.95464436296
1920,2654.50134415911,2682.58452846725,2700.22088087646,2707.87994532347,2726.15805508056,2745.50258947637
1921,2654.43263331067,2682.39980075004,2699.23884361718,2707.22411930702,2723.12466351691,2742.89373474674
1922,2654.41365665097,2682.07344356399,2698.3468562377,2706.57875341797,2720.01984957451,2740.19452860716
1923,2654.48504851139,2681.42937381907,2697.68976076161,2705.95372507039,2717.48317816199,2737.67727215957
1924,2654.68231660568,2680.50447015786,2697.36615369415,2705.29584736152,2715.88277168971,2735.66623536221
1925,2655.00233596889,2679.91919454136,2697.42047727495,2704.93744415616,2715.48072719743,2734.14310708466
1926,2655.0270191573,2680.16643779352,2694.89712514156,2701.86189363358,2713.10580910394,2724.57579620642
1927,2654.64279336012,2678.53271291688,2695.57383798304,2702.14065777325,2711.92737147732,2726.32775765521
1928,2654.50059518775,2677.42759799851,2695.38061892684,2701.98263575135,2712.31143208604,2727.00688865449
1929,2654.41349060662,2676.63697163306,2694.31857294781,2701.00158282214,2711.35845624267,2725.38524257958
1930,2654.28957099386,2675.84378443207,2693.37261865449,2700.13142144489,2710.66785797541,2724.68695309957
1931,2654.13119030255,2675.03951631661,2691.53096876468,2698.38053795775,2709.42330462484,2723.77228741786
1932,2653.94589690982,2674.28410027078,2690.25793371281,2697.16021984708,2708.36555891048,2722.74732387449
1933,2653.73305247768,2673.60122309021,2689.07744944942,2696.01821914419,2707.40033674308,2722.01975202513
1934,2653.50181119278,2673.05702822337,2687.63193101761,2694.58356613102,2706.09991532072,2720.67564934257
1935,2653.27046754446,2672.77551274436,2685.8446832667,2692.78527093121,2703.74176229954,2716.86522946054
1936,2653.07957010413,2669.71297216054,2685.33784299093,2692.1827580156,2703.7684935253,2716.71096328232
1937,2653.0546082836,2669.82885254001,2686.33652886529,2693.6318248371,2705.48758975611,2725.76914700678
1938,2653.10206461725,2670.36920648526,2687.33729636155,2694.9733413886,2707.43082708358,2727.45082702078
1939,2653.19474910074,2671.2256123582,2690.00937631731,2698.13069863282,2710.7061326244,2729.94656755008
1940,2653.29242955788,2671.51803956387,2687.92847430131,2696.53844117364,2709.9141471453,2726.29168476138
1941,2653.20935587687,2671.92398971817,2691.52686293524,2700.00537898901,2709.64144297986,2726.79208751795
1942,2653.26156520595,2672.19037967914,2692.38573665095,2701.18456153778,2711.78981543319,2728.91540247657
1943,2653.35427019903,2670.13931094679,2689.62591385356,2698.09385028741,2709.35205830143,2725.36340894094
1944,2653.49415207353,2667.26923371482,2687.58847642942,2695.62985976012,2706.98684395802,2721.5183033994
1945,2653.63535909853,2666.83977063059,2684.21121891794,2692.53124148441,2703.48194087261,2712.76797461071
1946,2653.65458164634,2669.41451577889,2684.44830920969,2692.60498659751,2704.01396201212,2714.01866314007
1947,2653.63259406909,2668.54726017089,2686.35710749892,2694.84130204652,2705.75106083864,2716.02929815829
1948,2653.57195362654,2668.75952594725,2686.89577419107,2695.66544500839,2705.8129402572,2716.5168405607
1949,2653.4825181746,2668.33156774867,2686.9259953245,2695.02103236244,2704.23533974714,2716.67247837164
1950,2653.32632294824,2667.79338721658,2686.38086239554,2694.35541398036,2703.64984271853,2715.401065538
1951,2653.19162854977,2669.41587666511,2685.87576272013,2694.24602171569,2706.60276484649,2719.17883354565
1952,2653.05942817736,2669.2353400239,2685.84138168541,2694.19267024419,2707.1602717176,2720.18222881701
1953,2652.94923239832,2668.77796060138,2685.75982533163,2694.06117025435,2706.7393649318,2720.8293175161
1954,2652.87589097365,2668.36837653009,2685.67235144706,2693.92579056783,2705.66951003039,2720.6701904348
1955,2652.8553080618,2668.19442335676,2685.63146418505,2693.85820785015,2704.43326263262,2719.28221992877
1956,2652.90094820974,2668.2619452578,2685.79603304,2694.02097368611,2703.479295782,2717.21046122967
1957,2653.04059320563,2669.09173742671,2686.58625573668,2694.79934957574,2702.3118749926,2715.6495200358
1958,2653.28998870513,2669.48824114746,2687.42019783991,2695.75719912095,2702.947838597,2715.28225244557
1959,2653.56958226095,2670.23333579367,2689.71216553913,2698.10818352916,2705.65768629598,2720.88257846711
1960,2653.85534413155,2670.82135032284,2690.88001978459,2699.38869743809,2707.45961587699,2725.07790985252
1961,2654.12676816493,2671.36008059554,2691.81825885953,2700.4310769245,2708.69181889323,2726.87981109583
1962,2654.32404976393,2671.87311583205,2692.60749509928,2701.34098557967,2709.83430243813,2727.62659317036
1963,2654.46587926226,2672.42656109359,2694.21507929048,2703.03175264159,2711.83413316673,2729.5488203684
1964,2654.62040132854,2673.41352494361,2695.87325083659,2704.75110895297,2714.04608938801,2731.67504453748
1965,2654.78351946566,2673.62765168357,2696.24414115596,2705.17815372566,2714.86113097253,2732.2391585664
1966,2654.95235210314,2673.77085730415,2696.57102184358,2705.55117274955,2715.64455191229,2732.61510066793
1967,2655.1247929244,2674.42484329833,2696.79567777568,2705.82452263421,2716.34612256723,2733.0609505276
1968,2655.29923234956,2674.55991335004,2697.03208931327,2706.17026264261,2717.22869140277,2733.5808000718
1969,2655.47444332987,2674.66538783715,2697.15954652694,2706.3511176457,2718.09450528167,2733.77178521446
1970,2655.64933973874,2674.7086440765,2697.21971565586,2706.45663493524,2718.63993888641,2733.85015310351
1971,2655.82306074411,2674.73936614892,2697.22642061656,2706.50199774272,2719.10830131831,2733.89120039678
1972,2655.9948399678,2674.70095875528,2697.22788100874,2706.56026214298,2719.58216438505,2733.92144009537
1973,2656.16398241011,2674.63234527677,2697.10211457499,2706.46447040678,2719.86741277027,2733.87643166894
1974,2656.32990588028,2674.53450151742,2696.91448573657,2706.30210457603,2720.05416432234,2733.78673394483
1975,2656.49209881824,2674.42020116213,2696.6725125831,2706.08070002087,2720.15635066648,2733.67642924262
1976,2656.5400299938,2674.65962067266,2697.70340207696,2707.05244812468,2721.15837445813,2735.07932403418
1977,2656.53915079073,2675.60514527077,2698.29750618123,2707.61290880167,2721.86281364861,2735.64674097147
1978,2656.53517573051,2676.16621330956,2698.59073024096,2707.83720140491,2722.27370458871,2736.24266198856
1979,2656.52195596755,2676.67445742751,2698.66620654609,2707.8172978017,2722.41080889099,2736.02134392813
1980,2656.50214044097,2677.09189110776,2698.72445447433,2707.76146942458,2722.49970124923,2736.34254703623
1981,2656.77889807487,2677.46663402397,2698.73488541635,2708.02708805654,2722.36947310922,2736.59632399242
1982,2657.40327371569,2677.75017362077,2697.74964613719,2707.57676749541,2720.28137662647,2735.59434186274
1983,2658.14618588358,2678.31045427029,2698.22632932923,2708.38501473382,2721.95981691802,2736.30086384475
1984,2658.94593840004,2678.78962295578,2697.81251577897,2708.24259997236,2724.37120555993,2737.90572507242
1985,2659.19343304985,2678.48375859454,2697.58966517801,2707.93125150733,2723.62971412344,2737.24664469015
1986,2659.38042406726,2677.88121164943,2697.40021683814,2707.86630069983,2723.40647841446,2736.1842468879
1987,2659.56774506328,2677.15187769564,2696.88445249046,2707.43098112988,2721.98061397338,2733.4982815785
1988,2659.75199570494,2676.27581631612,2696.23593651268,2706.78818143947,2720.84219921196,2731.82041236819
1989,2659.92992253497,2675.30200120567,2695.4252007971,2705.93620154614,2719.35571758773,2730.37724147108
1990,2660.09866334854,2674.08673976889,2694.26956089124,2705.09368729436,2718.79705503821,2729.08753566931
1991,2660.25625492351,2673.35142771627,2693.56595655599,2704.43003751812,2717.58209105507,2728.09509995053
1992,2660.40225351929,2672.58938890121,2692.7395411411,2703.392439312,2715.04593493143,2726.96033395129
1993,2660.53807862794,2671.77357357466,2692.02602803031,2702.64987416626,2713.53018722529,2726.1599216415
1994,2660.66788909798,2670.94996575206,2691.28388381818,2701.83389376603,2711.92109270962,2725.41798179958
1995,2660.79884801322,2670.22055501556,2690.57333231619,2701.01023648506,2710.37921118504,2724.82878672761
1996,2660.94135080472,2669.91550466884,2690.07525142681,2700.38419477595,2708.98743839422,2724.50676790584
1997,2661.31420565444,2670.61974130872,2697.07104152643,2706.82870920255,2714.43136298613,2732.05823542972
1998,2661.52238136921,2670.17791832182,2693.34711732814,2703.01365737539,2710.75473686881,2729.58563818482
1999,2661.64022078311,2670.38623156661,2692.58871858312,2702.40568853602,2710.3837450998,2728.93225220944
2000,2661.74996538576,2670.62259101925,2692.60740451237,2702.55670152608,2710.81982012269,2728.97693663363
2001,2661.85421923166,2670.86983622937,2692.67511310626,2702.6817777295,2711.30926718691,2729.14108794238
2002,2661.95840227061,2671.13385065818,2692.86073947248,2702.9950485369,2711.99522434005,2729.30771520277
2003,2662.07126959687,2671.33568321523,2693.0547413388,2703.32923483595,2712.7853046885,2729.95276006183
2004,2662.20194931156,2671.49178137058,2693.20756862591,2703.5754277965,2713.63591491182,2730.67184311958
2005,2662.3420547385,2671.46598227924,2693.02181308438,2703.41312075288,2714.27164786137,2731.3021435102
2006,2662.32168737947,2671.70126570369,2693.09222953574,2703.44503688319,2715.03933059992,2731.35493074087
2007,2662.25601701379,2672.12496948688,2693.27584208029,2703.6225814236,2715.39752275135,2731.27106225336
2008,2662.17113928545,2672.61867735487,2693.43708135563,2703.78385586198,2715.76239498307,2731.22144187898
2009,2662.05247357169,2673.12546466238,2693.58471170583,2703.92049914263,2715.99669550143,2731.32963936043
2010,2661.8314242624,2673.54939240387,2693.78828293109,2704.01079387768,2715.98786939659,2731.84001319087
2011,2660.48929683887,2673.27228151941,2693.27882011919,2701.94906042837,2714.58103103057,2730.90176984989
2012,2658.06055992187,2670.61368317053,2687.98431042969,2693.11637771582,2703.78642521915,2722.36668700378
2013,2658.05986057804,2670.80384193269,2692.63021614411,2698.10782235173,2711.40594313205,2728.84772113385
2014,2657.51499664486,2670.05273255234,2692.5494464925,2698.12830502141,2711.11569461637,2727.78161978668
2015,2656.92849168811,2669.14851846466,2692.41326570907,2698.06508545085,2711.01050675781,2725.26704177541
2016,2656.33994221776,2668.45359392494,2691.3742180994,2697.18404822237,2710.20735459931,2723.64308688915
2017,2655.40724084181,2668.76035317421,2690.82563106776,2696.52174690168,2712.2770542102,2727.31777118242
2018,2654.81486248728,2667.88470169515,2689.99903109225,2695.89885715132,2711.61098237741,2727.2026160228
2019,2654.26211108073,2666.94748125203,2689.24508804672,2695.3604851397,2711.52313901374,2727.23597541242
2020,2653.6333347693,2668.43160714741,2678.8559194562,2684.2772220014,2700.38678567181,2714.18764772662
2021,2653.62521517814,2672.86957270149,2681.9007671147,2688.00167519263,2701.72508680126,2715.52281510322
2022,2654.14747490218,2673.46611287156,2681.38708297637,2687.59708813221,2700.05226175025,2711.68423629894
2023,2654.48206038412,2672.56396309009,2680.04548746983,2686.03267147747,2696.94760918552,2710.88668531628
2024,2654.68281080596,2672.49880622904,2682.3034179034,2688.21038017787,2698.50635940672,2712.52001828292
2025,2654.78986813128,2673.38074548675,2688.3816206196,2694.22209173222,2704.56026420293,2718.81246673184
2026,2654.90318349522,2674.55474450822,2689.91562329966,2695.70844175538,2706.13437961988,2720.22370496049
2027,2655.021543005,2675.66968513871,2690.74336161737,2696.49397804542,2706.97424019475,2721.03669017248
2028,2655.14345008485,2676.62559254759,2691.47040274147,2697.18574002739,2707.63521063883,2721.73861950117
2029,2655.26716503975,2677.40957281381,2692.21758242515,2697.90303540687,2708.17618967186,2722.41449382018
2030,2655.39087589919,2678.07472122126,2693.05733183558,2698.71752925092,2708.69340391104,2723.07528573525
2031,2655.51276576384,2678.87971078726,2693.63718349901,2699.26574254522,2709.98666625103,2722.88707505956
2032,2655.59919504452,2677.73896997636,2693.3984529673,2699.04520292802,2711.64018729362,2722.0589836399
2033,2655.66581363993,2677.61875478809,2692.95374353185,2698.56084535872,2711.53023101859,2721.45356022171
2034,2655.73548621261,2677.77455216934,2692.54967895263,2698.12390691057,2711.11327519568,2721.10105190221
2035,2655.80786750169,2678.02110472522,2692.31624454298,2697.87544147842,2710.6750040519,2721.01475628865
2036,2655.88258880112,2678.31835582715,2692.30039608397,2697.86015811749,2710.38878590109,2721.19094766381
2037,2655.95925035204,2678.67069680548,2692.53308573703,2698.10126719772,2710.34922480733,2721.59891678322
2038,2656.03695411923,2679.06050959618,2692.95824808256,2698.53454398878,2710.53295420381,2722.15167153249
2039,2656.10648728554,2679.27722398516,2693.23833001762,2698.84389165666,2710.68766803973,2722.64088082444
2040,2656.1764253699,2679.59855812629,2693.70977643674,2699.33063807868,2711.02618602541,2723.20340962909
2041,2656.24635311858,2680.01040421373,2694.29701767252,2699.91490772137,2711.47191776229,2723.78589440329
2042,2656.31588047769,2680.50414403114,2694.92930913451,2700.52781578114,2711.95851579079,2724.37203841099
2043,2656.38467165746,2681.07922075872,2695.57645850459,2701.14439167271,2712.46151863957,2724.99948425044
2044,2656.45237606439,2681.73476517016,2696.2558883102,2701.78815546202,2713.00215314845,2725.7691245945
2045,2656.51867627369,2682.45550517849,2697.00802211057,2702.50350125489,2713.61802118789,2726.86906631507
2046,2656.58327367468,2683.20775704604,2697.8617461892,2703.31939877396,2714.33372071067,2728.5716404917
2047,2656.63826189959,2683.92567075228,2698.74449835941,2704.16880655416,2715.09238692419,2730.7669337992
2048,2656.67555014939,2683.95023561423,2701.17557957633,2706.92502187056,2718.12703199921,2733.61151872436
2049,2656.71578091196,2682.71127668611,2701.12482616232,2706.94191410846,2717.97409414151,2732.91121991291
2050,2656.75394644307,2681.95531209503,2700.96759655275,2706.857729355,2717.41653778953,2731.96758127258
2051,2656.78953706967,2682.56640583334,2700.89070114369,2706.86323111307,2717.77141701438,2731.6022118357
2052,2656.82196430903,2682.13382478079,2700.44698815982,2706.48602667453,2717.08290353704,2730.80253321452
2053,2656.85069284214,2681.71373148918,2699.88945851503,2705.99782784756,2716.3715710797,2729.95989844349
2054,2656.87526781272,2681.29596686376,2699.25835514643,2705.44192400052,2715.68658632662,2729.05003597538
2055,2656.89493268944,2680.82386796966,2698.53208988209,2704.79501013892,2714.98742829943,2727.99067796427
2056,2656.90926779017,2680.28578095317,2697.68833009802,2704.03141639725,2714.29265950538,2726.73866276336
2057,2656.91906065942,2679.64869731253,2696.67233062815,2703.09486245809,2713.54123601524,2725.24009823289
2058,2656.92424085795,2678.91018857297,2695.48338043319,2701.98235400108,2712.72237002591,2723.80321309393
2059,2656.92482478401,2678.0670488387,2694.39462413176,2700.96397470136,2712.0639643024,2723.51398073901
2060,2656.92085119603,2677.03328644934,2693.54302749003,2700.1893744974,2711.72090079342,2724.55308616572
2061,2656.77213955504,2676.62614474331,2690.01092521325,2696.77404541168,2709.33908111288,2723.97344301352
2062,2655.48997124759,2678.6803627628,2693.56220317402,2700.35850073001,2713.34903652338,2727.66213776219
2063,2655.07799198103,2682.29590942139,2697.81294370623,2704.55667433662,2716.96833547717,2732.27459847729
2064,2655.54512057577,2685.3210873082,2701.41737267148,2708.17199483054,2719.92324651887,2735.74172429304
2065,2656.04174681656,2687.31789233699,2703.35237835884,2709.857182001,2722.61013474836,2737.76780814021
2066,2656.10057187705,2686.48403259618,2696.66726697651,2702.9747201744,2712.89012027391,2725.41832541453
2067,2656.21165798413,2686.62275726141,2698.05085316531,2704.41579078656,2714.80046258706,2727.73144233357
2068,2656.32974391148,2687.3159537903,2698.48681983016,2704.81907195363,2715.65759596113,2728.48409745883
2069,2656.47296154316,2687.49157692625,2698.70432738957,2704.99429177147,2715.7227455356,2728.67031388604
2070,2656.73407197736,2687.70636779393,2698.98452554467,2705.19702890557,2715.86269307707,2728.95723647767
2071,2657.33376643612,2688.0440979333,2696.10367573048,2702.35615771605,2713.92593458977,2725.8947504554
2072,2654.47627899153,2684.99523375478,2697.05801937316,2703.52301171395,2714.78159785774,2729.67903140941
2073,2654.65645528419,2684.90875799744,2698.00893064823,2704.36483024649,2714.69689177041,2731.83735039752
2074,2654.82460040191,2684.77405912549,2698.56512229846,2704.78167888906,2714.55203676208,2732.7469957785
2075,2654.98290799643,2684.56167331323,2698.9677224499,2705.01410108825,2714.4585375415,2733.5246006753
2076,2655.1309478044,2684.26980378443,2699.69246819185,2705.54144848964,2714.80576860244,2734.78547591965
2077,2655.26633785419,2683.92517975197,2699.93094100227,2705.55313544423,2714.90513570788,2735.72458707333
2078,2655.2926636233,2684.1166524784,2702.67964868461,2708.2145862445,2716.58842552638,2736.61029549785
2079,2655.22557769094,2684.4623121508,2701.64107522421,2707.08444627006,2715.60153903534,2737.09476940403
2080,2655.15380172375,2684.38903895786,2700.87684104094,2706.22422234682,2714.22465949518,2736.56411579373
2081,2655.07721056172,2684.07215083499,2699.9050524269,2705.1523862725,2712.79721596012,2734.8933317631
2082,2654.99585058019,2683.66474988757,2699.00622875864,2704.14655277531,2711.63019351332,2732.75902649476
2083,2654.90996523454,2683.25439954174,2698.23054011009,2703.26146383829,2710.75055295665,2731.86345352411
2084,2654.8202631005,2682.89832890743,2697.60723235665,2702.52589834228,2710.13265136663,2732.17629376609
2085,2654.7282022698,2682.64969410104,2697.14861180124,2701.95569246469,2709.747040995,2733.15403046742
2086,2654.63719386555,2682.59734334219,2697.28464923512,2702.00437207772,2710.10853742413,2734.84439525411
2087,2654.56119319049,2682.49246136206,2696.69628515712,2701.3133222847,2709.80373894444,2735.37786711177
2088,2654.51089272838,2682.5644329076,2696.62732726633,2701.16746322922,2710.26536856499,2736.15249803176
2089,2654.52204610572,2682.8221221654,2696.64453069187,2701.10099696437,2711.04461108762,2737.1767786518
2090,2654.66669463885,2683.19050193694,2696.62987481306,2700.97778271261,2712.07395710154,2738.86783007444
2091,2655.03037778696,2683.23815883956,2696.15507891523,2700.32077904495,2712.70898953285,2740.54912719531
2092,2655.49046429526,2682.37769105237,2694.33255589048,2698.21941070506,2711.67818680285,2739.90525366174
2093,2655.67046767382,2681.78828280008,2694.65676487857,2698.46800760058,2712.69953742263,2741.48262758706
2094,2655.80977406101,2681.72364928942,2695.56837873254,2699.36324137579,2713.73046968652,2743.23448355973
2095,2656.00498614432,2681.79267127335,2696.4126069965,2700.18753970799,2714.56164335341,2744.762582805
2096,2656.38749926854,2682.82157362265,2697.97219265509,2701.75948597139,2716.1113157986,2746.99485559917
2097,2657.42244151589,2685.48917632314,2700.35254404763,2704.24989747762,2718.91912527418,2748.53481591747
2098,2656.70419855144,2683.02098720126,2697.44479788546,2701.18821663223,2713.45720535724,2740.66021480061
2099,2656.85857722043,2683.79071509991,2698.32543661705,2702.43957069731,2712.86321201203,2741.51687880179
2100,2655.48663463525,2684.51487573929,2701.41759263083,2706.13520056376,2719.22357798878,2750.72217033577
2101,2655.00806749348,2683.9841214158,2702.7112531011,2707.11889762792,2721.25943265252,2752.43473487543
2102,2654.78970797538,2683.76732971121,2703.6887977245,2707.8326571789,2722.37822333799,2753.30749703519
2103,2654.55544144861,2682.10395541258,2704.33967611985,2708.27773526903,2723.212109197,2753.51895694285
2104,2654.23077143183,2681.94653114135,2704.78367946073,2708.57539154918,2723.7781000341,2753.81728860652
2105,2653.79760106682,2681.90807701656,2705.00000329155,2708.70164307021,2724.24814318648,2753.86682274574
2106,2653.28622013501,2682.11076187879,2704.98430011362,2708.67445366945,2724.69901009258,2753.78390634076
2107,2652.89506221153,2679.029898776,2701.80742767137,2705.46534555076,2719.91741603359,2748.66390557104
2108,2652.83231109734,2681.17445913147,2702.21349466286,2706.61890724224,2718.53490961559,2748.24240888904
2109,2653.13038780704,2683.87648223906,2704.77945163217,2708.08292962027,2721.55108733086,2751.97679301272
2110,2653.55671487615,2684.8888435014,2708.18772729496,2711.24327948391,2725.592036569,2756.39264325668
2111,2653.89766233488,2685.86810328949,2708.35974344801,2711.41908056048,2726.27642033276,2757.28465360086
2112,2654.33752677445,2686.83720763486,2708.44347469284,2711.50556213457,2726.81199607644,2758.07391195494
2113,2654.89913178926,2687.74147480912,2708.45101622799,2711.49579321357,2727.21762777029,2758.671920781
2114,2655.58940621286,2688.54558807341,2708.32494879044,2711.33286279123,2727.49838716686,2758.9020754659
2115,2656.40862136345,2689.24811364055,2708.07405177328,2711.02948390398,2727.68634392089,2758.67426452727
2116,2657.34729734986,2689.85677666908,2707.60039131531,2710.48839406057,2727.68312501311,2758.02534830751
2117,2658.38370526228,2690.41822929849,2706.94519251375,2709.75124709648,2727.46817953044,2757.08679851944
2118,2659.48316151052,2690.97127732302,2706.09156133418,2708.79455109131,2726.98320696358,2755.95959379225
2119,2660.60019037969,2691.54699304924,2705.1131670262,2707.68793691657,2726.17807399573,2754.59588609189
2120,2661.68355994757,2692.20019615921,2704.10061684032,2706.56813923554,2724.70493307158,2752.54526819514
2121,2662.55086303092,2693.99306426397,2705.88850639489,2707.79539962,2725.47063662563,2755.36213168052
2122,2662.66378852829,2694.28595370755,2706.90834163907,2708.71828698224,2727.82799668577,2756.60536055865
2123,2662.67113944217,2694.10024227034,2707.20015206762,2709.01878551327,2727.8029933151,2756.04666735807
2124,2662.63591993573,2694.73027279101,2708.9742229911,2710.81116282663,2729.30643670181,2758.90147614498
2125,2662.58535893526,2695.55121770531,2712.40735346801,2714.28163828037,2732.6306842459,2763.64004905861
2126,2662.53377598014,2696.07630840959,2715.26923236185,2717.17526589516,2735.35352895107,2766.53457420882
2127,2662.48119233591,2696.36346022467,2717.31109471221,2719.23643144814,2737.24307401683,2768.20905307535
2128,2662.42764035332,2696.48434174392,2718.70979881905,2720.64237341271,2738.49371699684,2769.164172575
2129,2662.37312733988,2696.50116732149,2719.65705432731,2721.58771660066,2739.30816586766,2769.68919061419
2130,2662.31769545832,2696.44474408093,2720.29989354504,2722.22248799126,2739.8359193361,2769.94668017506
2131,2662.2613679823,2696.33910873335,2720.74696149753,2722.65765733854,2740.19353660062,2770.06295381592
2132,2662.20420680297,2696.20181626382,2721.05553781521,2722.95228979023,2740.43584177456,2770.08578069316
2133,2662.14620385331,2696.0403673108,2721.27169597738,2723.15360571412,2740.6057724098,2770.06247937471
2134,2662.0874259685,2695.85343717697,2721.42243523448,2723.28933663066,2740.72977103486,2770.01946004702
2135,2662.02790576886,2695.65705029985,2721.52993220295,2723.38223149498,2740.82687535728,2769.97043990776
2136,2661.9676789075,2695.44641983083,2721.60361317276,2723.44183513039,2740.90530472113,2769.93147224849
2137,2661.90679273662,2695.22540458298,2721.65122773353,2723.47618691672,2740.96906047533,2769.90071949262
2138,2661.84527887196,2694.99795928073,2721.6798290788,2723.49238056323,2741.02543348422,2769.88299568538
2139,2661.78320041841,2694.76088293686,2721.6917339207,2723.49274116658,2741.07525898054,2769.87957365022
2140,2661.72061114586,2694.51902978407,2721.69348454888,2723.48384800202,2741.12266591655,2769.89050453382
2141,2661.65753608434,2694.27403380181,2721.6824745047,2723.46303587481,2741.16564075256,2769.91498157961
2142,2661.59404887539,2694.02621986743,2721.66125619805,2723.43278991455,2741.20499230294,2769.95056125051
2143,2661.53019435102,2693.77692342866,2721.63409282409,2723.39741607459,2741.24477807546,2769.9992438867
2144,2661.46601350615,2693.52768355778,2721.60148553316,2723.35726698007,2741.28436683361,2770.05781443238
2145,2661.40159371177,2693.27856970192,2721.56343380782,2723.31242809938,2741.324819756,2770.12629983639
2146,2661.33697906314,2693.03344578896,2721.52181034785,2723.26456740618,2741.36568102344,2770.20593804822
2147,2661.27221113968,2692.79102379382,2721.47598340495,2723.21305282912,2741.40584107035,2770.29361933922
2148,2661.20736670335,2692.55194856386,2721.43048723632,2723.16234843131,2741.45121178176,2770.3889004108
2149,2661.14250346192,2692.31902623176,2721.38444988223,2723.11148075018,2741.49888153202,2770.49337820525
2150,2661.0776749947,2692.09089918783,2721.33928860375,2723.06180165768,2741.55056002123,2770.6067712783
2151,2661.01293451008,2691.87233760714,2721.29616686898,2723.01452436824,2741.60668979935,2770.72748836552
2152,2660.94835961882,2691.65820093491,2721.25558417077,2722.96988055638,2741.66778412105,2770.85792566802
2153,2660.883998213,2691.45265939468,2721.21940518803,2722.92973492036,2741.73451165582,2770.99553800111
2154,2660.81990381399,2691.25632735724,2721.18841151518,2722.89485058791,2741.80744160566,2771.14266233044
2155,2660.75614771415,2691.06788009779,2721.16331086258,2722.86576378544,2741.88686946948,2771.29879517538
2156,2660.69277950117,2690.88859352225,2721.14513152525,2722.8435360669,2741.97360139291,2771.46259652687
2157,2660.62985366157,2690.71840519364,2721.13470686821,2722.82884462343,2742.06783049564,2771.63383713163
2158,2660.56744314837,2690.55766517169,2721.13240194559,2722.82203430627,2742.16872632045,2771.81492327429
2159,2660.50557670709,2690.40578388879,2721.13767838779,2722.82243093033,2742.27638370827,2772.00407997618
2160,2660.44432326313,2690.26380836884,2721.1527783301,2722.83237744794,2742.39243055459,2772.19950610475
2161,2660.38373040109,2690.12883003347,2721.17669894656,2722.85065887679,2742.51504002283,2772.4007948123
2162,2660.32384761906,2690.00305269932,2721.20947082104,2722.87731926068,2742.64301965204,2772.60682201394
2163,2660.26471747934,2691.8614256374,2721.27666623657,2722.93738584642,2742.79744727745,2772.84495146832
2164,2660.20639218521,2691.5121155094,2721.32853130749,2722.98218187794,2742.9384102011,2773.05765728197
2165,2660.14891728002,2691.12565522859,2721.39355961165,2723.03976620349,2743.08670884966,2773.27457594406
2166,2660.09231529947,2690.71611992246,2721.46716707659,2723.10519354102,2743.2370462847,2773.4886146126
2167,2660.03664342434,2690.34473872392,2721.5322952313,2723.16154583269,2743.37525438883,2773.68533925319
2168,2659.98192921523,2689.95589555215,2721.59851049316,2723.21832852264,2743.50279414103,2773.86272209955
2169,2659.92820832402,2689.56578004242,2721.63035942435,2723.23993134825,2744.43607400311,2774.1282351571
2170,2659.87551526931,2689.13095733687,2721.51393464427,2723.11143893073,2744.31188522119,2773.97646309312
2171,2659.82386547993,2688.1482654052,2720.32269313613,2721.90751901991,2742.79658864915,2772.17113343642
2172,2660.13511422451,2687.27844098381,2706.89494089999,2708.36119579589,2729.91337308323,2758.45645628788
2173,2661.00971772996,2685.82187666371,2704.95137082968,2706.40884260858,2726.87215738069,2754.5166282394
2174,2661.61157191233,2685.37440622245,2704.98170968818,2706.4179026449,2726.99273265851,2754.66534193861
2175,2661.90030736986,2684.83733706118,2704.85057828855,2706.28024232746,2726.84905019072,2754.75142102492
2176,2661.98653251936,2684.68175519847,2704.9617672566,2706.38076524777,2727.01690816747,2754.94443470939
2177,2661.97261369632,2684.73744634215,2705.1866046904,2706.59514518335,2727.31811101363,2755.27839490875
2178,2661.91540339959,2684.87403441974,2705.43747493896,2706.83651218845,2727.64185253712,2755.61709471383
2179,2661.98633871534,2685.03821379487,2706.08305214745,2707.42619411676,2728.35828703714,2755.20274559847
2180,2662.06716440533,2685.28551409064,2706.24463687753,2707.60044144605,2728.46256610062,2755.23151389512
2181,2662.14302363185,2685.42881394852,2706.44119104451,2707.82016604144,2728.43095120137,2755.14573278077
2182,2662.21345500925,2685.5462305821,2706.64708448903,2708.04693378298,2728.40662763167,2754.97923155975
2183,2662.27797457098,2685.6618559835,2706.89679805258,2708.31810694506,2728.41585016917,2754.80792850073
2184,2662.33618799988,2685.76819692319,2707.19535382497,2708.63940966658,2728.4722134954,2754.65032492592
2185,2662.38770790346,2685.8688085826,2707.56158170528,2709.02967661533,2728.58483939106,2754.54759817356
2186,2662.43225292351,2685.95820786971,2707.99611845076,2709.4901101181,2728.76055831345,2754.50817604834
2187,2662.4695217954,2686.04177762141,2708.50517605914,2710.02686973615,2728.99945676558,2754.54823929194
2188,2662.49933249375,2686.11682614756,2709.08228994784,2710.63362704765,2729.30179904943,2754.66068334475
2189,2662.52155194844,2686.17990587183,2709.71374878832,2711.29695338927,2729.65312979311,2754.84341824286
2190,2662.53610876652,2686.2312793717,2710.38852665227,2712.00567348569,2730.0497415322,2755.01718969025
2191,2662.542976445,2686.27798223488,2711.09784997988,2712.75141193376,2730.4789364629,2755.36812371116
2192,2662.54221004569,2686.31167160333,2711.81208810959,2713.50359175818,2730.92559088815,2755.75760365052
2193,2662.53392680956,2686.33271599101,2712.51242050342,2714.24316957843,2731.37362045708,2756.17351232213
2194,2662.51827722104,2686.34425677718,2713.182818094,2714.95355829164,2731.80967561634,2756.60641464334
2195,2662.4954661829,2686.34842864184,2713.80196573111,2715.61297416599,2732.21064275514,2757.03748624479
2196,2662.46577157053,2686.33809108917,2714.35737974253,2716.20763008569,2732.57625125448,2757.51456240772
2197,2662.42944875821,2686.31824677664,2714.83844315414,2716.72662562198,2732.88819109364,2757.95401739994
2198,2662.38686463445,2686.42966591191,2715.27925163539,2717.19622597982,2733.17665921016,2758.42879616102
2199,2662.33834058079,2686.42956425342,2715.60981901096,2717.56024937545,2733.37835252178,2758.80274213808
2200,2662.28426065733,2686.40761628901,2715.85856648528,2717.84065311217,2733.51504503783,2759.1237139322
2201,2662.22499558665,2686.38119833372,2716.04198395725,2718.05239439956,2733.59940610298,2759.38395034633
2202,2662.16095052823,2686.33441324457,2716.16303208232,2718.1991365717,2733.63040575704,2759.57890141433
2203,2662.09250406466,2686.27551061852,2716.23884003476,2718.29803565237,2733.62521592171,2759.73246663421
2204,2662.02007892032,2686.19845205905,2716.27480245497,2718.35463085425,2733.58935936766,2759.83950125979
2205,2661.94403110488,2686.09850081774,2716.27286166773,2718.37119954237,2733.96647876124,2759.99123995374
2206,2661.86476390924,2685.97947605907,2716.251913406,2718.36727318253,2733.91781907282,2759.98656489504
2207,2661.78261501977,2685.84277365098,2716.22412318223,2718.35639831365,2733.87355438109,2759.99399472789
2208,2661.84956491384,2684.99703573049,2715.33352809961,2717.48905559062,2732.43950125904,2756.69630234156
2209,2662.0925453591,2683.71999308887,2713.57468360274,2715.67459582576,2731.20588942035,2755.62741723542
2210,2662.29350481604,2683.19395801592,2712.92514222602,2714.92306310724,2730.55946235919,2755.65472776015
2211,2662.44278541316,2682.99626964648,2712.67244074951,2714.59133963079,2730.27054893241,2755.70678594365
2212,2662.53338195984,2682.90120182152,2712.50666415522,2714.36301117037,2730.10147400648,2755.72905273591
2213,2662.56215798231,2682.81424242741,2712.34658503931,2714.15065412543,2729.95961133116,2755.72488406435
2214,2662.53050272594,2682.6936091951,2712.16629643505,2713.92567870901,2729.80726235589,2755.68943737605
2215,2662.44419739266,2682.52091865611,2711.9635442416,2713.68481937462,2729.63496690511,2755.62512023579
2216,2662.31249321195,2682.28789615302,2711.72483805013,2713.41413758743,2729.42682705408,2755.52212145143
2217,2662.14685165229,2681.99111544479,2711.46055427784,2713.12407711776,2729.18932919468,2755.38453465374
2218,2661.95927075291,2681.63110731998,2711.15654338651,2712.80039730254,2728.90745943943,2755.19954994972
2219,2661.76107286875,2681.21218958194,2710.81113889174,2712.44144801136,2728.57869056322,2754.96231428417
2220,2661.56200997113,2680.74425469431,2710.42452266386,2712.04691219779,2728.2011028588,2754.67096441414
2221,2661.36977194893,2680.24364469201,2709.99803596879,2711.61786558774,2727.77381884549,2754.32337829587
2222,2661.18998340208,2679.73463628364,2709.53002726455,2711.15162222835,2727.29224238918,2753.92026936046
2223,2661.02630161081,2679.24815422014,2709.00676542875,2710.63309758698,2726.74043853266,2753.47959917056
2224,2675.82365276018,2704.8068673393,2723.95865832021,2732.77658809056,2754.45525608409,2773.64713561466
2225,2675.47974637969,2704.59857195004,2727.11632446431,2735.62213081815,2760.37583674907,2780.84630874806
2226,2675.17327738446,2704.27820909756,2731.42377899656,2739.41965229538,2765.37638581219,2785.61999952204
2227,2674.9260883799,2703.97809058957,2732.45362975755,2740.02734340628,2768.04675188498,2785.68963988562
2228,2674.74677626632,2703.76062950252,2732.23166851793,2739.52920269273,2767.6500601232,2785.37181531656
2229,2674.6326039338,2703.58518782014,2731.95110630106,2739.01517543836,2767.17152475687,2787.02468901665
2230,2674.57428831077,2703.43681064648,2731.69451042289,2738.56727649183,2766.7245867559,2786.61185663455
2231,2674.56015360033,2703.32957066731,2731.40041629755,2738.13212729401,2766.26288006279,2786.19456637963
2232,2674.57891044915,2703.26071871536,2731.12605716688,2737.7585285379,2765.84176323563,2785.81509799051
2233,2674.62095502482,2703.20519251623,2730.89964016151,2737.46674949368,2765.47939257383,2785.49491470137
2234,2674.67862510589,2703.18659099229,2730.68291392724,2737.21748253074,2765.16004231724,2785.20592661711
2235,2674.74599535081,2703.19650044444,2730.50591569206,2737.03503198341,2764.91664535992,2784.98264383208
2236,2674.81857422958,2703.23821797318,2730.3934775152,2736.93825432524,2764.74764952759,2784.87486405229
2237,2674.89288347554,2703.30039360627,2730.33313979563,2736.91042173179,2764.65843114837,2784.89435630288
2238,2674.96627018537,2703.41007676907,2730.34878542284,2736.97042899867,2764.66014487966,2785.07943545324
2239,2675.03654632514,2703.54972460958,2730.42229139175,2737.09705429283,2764.75600902506,2785.46029909614
2240,2675.10199625224,2703.73361137132,2730.55057367102,2737.28474294825,2764.94050067684,2786.06636386099
2241,2675.16119546631,2703.94875722527,2730.68526802837,2737.48500040605,2765.18055659361,2786.84015801426
2242,2675.21309280829,2704.18621298523,2730.79714119152,2737.67166830407,2765.4669951774,2787.69819115827
2243,2675.25693775594,2704.41486838849,2730.88776638965,2737.84551189016,2765.79809723027,2788.50161294443
2244,2675.29232232649,2704.64757639728,2730.89896066827,2737.95235814993,2766.12045990303,2789.21891813698
2245,2675.31916429465,2704.83871687836,2730.91932753144,2738.07296848121,2766.50310694675,2789.89922078326
2246,2675.3377717702,2704.98475851669,2730.95636333618,2738.20830150201,2766.93008193112,2791.69149729236
2247,2675.34868472118,2705.09441650114,2731.02284364607,2738.36687687384,2767.38281623499,2794.17427367538
2248,2675.35267964312,2705.14950302491,2731.09549501164,2738.52141785325,2767.83103501286,2794.5958745388
2249,2674.82457374306,2704.38292843803,2730.86992670948,2738.40153725555,2767.70975478291,2795.012750472
2250,2672.56439080604,2700.89262279654,2730.59824193326,2737.80528893328,2765.1836898424,2797.0268737539
2251,2669.08756653249,2703.95031043044,2729.09170428353,2735.21746782264,2760.38306949194,2793.05528957651
2252,2668.77233394496,2704.62588837672,2729.04557880262,2735.18495969974,2764.32087127343,2796.61548301787
2253,2667.95080819136,2703.57458089537,2727.59594393048,2734.30103458934,2764.36680423571,2795.72243226693
2254,2667.13429723467,2704.13408424699,2730.46812319624,2737.26159532392,2770.17266880608,2800.55071478612
2255,2666.75373903051,2706.22107805663,2732.43796084811,2739.31967051345,2767.02747723682,2797.51720925097
2256,2666.78119383781,2704.37299265203,2730.95923562748,2738.05269902067,2763.84617888003,2796.6751684841
2257,2666.6587337899,2703.57240972866,2730.58185531722,2737.53481967357,2763.91457363653,2796.06291710776
2258,2666.53928611583,2703.17057770849,2729.45709410392,2736.76591279963,2763.68650511977,2794.83943116911
2259,2666.71721194708,2704.34608423766,2730.31320789131,2737.66784096919,2764.68690314698,2792.09501628024
2260,2666.54503104687,2704.18230000634,2730.18411927115,2737.49553008688,2763.90035952656,2791.19808502894
2261,2666.56018236477,2703.98398578764,2730.10446596039,2737.32694709088,2763.43407861302,2790.60934335178
2262,2666.61515517908,2703.80795441389,2730.08349340757,2737.20584566769,2763.16847413775,2790.21816514522
2263,2666.68478567725,2703.65663782548,2730.08889642261,2737.11002859516,2763.0025784439,2789.89758259344
2264,2666.76129504314,2703.52530211598,2730.08643581016,2737.00365564508,2762.90168855486,2789.5852870645
2265,2666.85319084742,2703.43277901717,2730.14201478964,2736.95714679148,2762.81962920913,2789.35016657442
2266,2666.95364960618,2703.38342250867,2730.9060939989,2737.59936461463,2763.55276370204,2789.79881872807
2267,2667.05599095595,2703.37129637413,2731.04035595937,2737.64239363518,2763.49878254888,2789.690039036
2268,2667.22719979723,2703.48039267698,2731.37910134836,2737.83904346759,2763.60494000471,2790.03354909663
2269,2667.392869592,2703.65064643771,2731.77269755074,2738.07337368487,2763.6805340963,2790.68851243428
2270,2667.55197755004,2702.06578318655,2732.15086475686,2738.29205956697,2763.58879014605,2791.59068033253
2271,2667.69917037945,2702.87168411327,2732.14172421038,2738.1950347077,2762.57638758765,2786.31938867607
2272,2667.78164089068,2703.07959692672,2731.02608005453,2737.35009565287,2760.88641901579,2784.52707694387
2273,2667.81025009366,2702.87380914432,2733.37292897401,2739.80274402074,2763.2498897243,2788.03871310254
2274,2667.84832886445,2703.8853383179,2732.68639159418,2738.72102698668,2766.42854764396,2792.60031897156
2275,2667.90417857729,2703.67408951755,2732.51221228277,2738.58197069941,2766.22850007048,2792.64796043106
2276,2667.95333777075,2703.43953697043,2733.60725540875,2739.47346179065,2764.72752594794,2792.94708804793
2277,2668.04276187713,2703.28603168397,2733.56554319985,2739.44621231383,2764.47980210488,2792.95525168512
2278,2668.07745459563,2703.18644273982,2733.57963169343,2739.46196828134,2764.43256909699,2793.01156660563
2279,2668.11259953717,2703.1242114608,2733.64617461109,2739.52721094111,2764.58009717574,2793.14458045669
2280,2668.15184780951,2703.06932865563,2733.72945513192,2739.60285777609,2765.06030396871,2793.50956142394
2281,2668.25833527222,2703.43538689949,2732.98576090742,2738.85380495431,2764.78378651097,2791.03774898127
2282,2668.40488796385,2705.13337074456,2733.02699075169,2739.24565443211,2760.50343711403,2787.14155963019
2283,2668.38578066801,2705.0721825134,2733.00594386076,2739.21756910227,2760.06608261419,2786.62425347869
2284,2668.35593986739,2705.09884250361,2733.00802472136,2739.20855225666,2758.25355348615,2785.09817391323
2285,2668.31927054313,2705.07118513893,2732.20460065973,2738.36881018214,2757.01879726297,2783.67826540773
2286,2668.30347253611,2703.25841644633,2731.08741894506,2737.43200074217,2753.19865684858,2780.20702316665
2287,2668.38681767493,2702.48940086475,2730.42122799192,2736.84606185301,2752.35654117087,2778.50517724351
2288,2668.38873832107,2702.54858712833,2730.61594040149,2737.05011465332,2752.48066745605,2778.70682590281
2289,2668.34084973051,2702.25105293983,2735.4499675512,2741.49398167912,2755.19051079962,2781.76871559793
2290,2675.93993101674,2707.05149299083,2742.232879543,2747.59473784892,2760.69059761671,2782.3011418156
2291,2676.02075427756,2709.47982679307,2741.7739913247,2747.22394552308,2761.11201318972,2788.20376135613
2292,2676.02813650468,2713.63338522917,2744.89533802961,2750.18721025594,2764.20622628715,2792.37488129393
2293,2676.08430286479,2713.02802224902,2743.62796225368,2749.03212150565,2764.94441920621,2793.72786979648
2294,2675.04828277586,2708.30770015628,2737.04179809687,2742.56920656374,2760.77414431731,2790.84144423174
2295,2666.36540279792,2691.69974846692,2717.57316875736,2723.20337382388,2744.12352017677,2775.3128698459
2296,2659.69000687225,2684.64293707055,2708.91455634223,2714.60227295918,2736.03736942898,2756.89425324246
2297,2660.11279368988,2684.97207875313,2708.54044353343,2714.31850934779,2735.98602347546,2756.89201419469
2298,2660.26945983561,2685.46629353376,2708.39416276243,2714.2074122054,2735.87486032923,2757.0376898883
2299,2660.34967965242,2685.80665315879,2708.25434086256,2714.09177373085,2735.6294778808,2756.54464287873
2300,2660.39894114665,2686.02532525695,2707.83285762405,2713.69823624467,2735.00048204907,2756.04771513071
2301,2660.08046551901,2682.56138436067,2707.38345627369,2713.12417782178,2731.94937234657,2747.96210346461
2302,2659.05595673554,2682.99277980747,2709.40917892747,2714.9853166291,2735.34695179518,2760.65139584249
2303,2659.0332901314,2682.38400632728,2708.45945986564,2714.07114026425,2732.47929988488,2774.92716072449
2304,2659.06668662029,2683.14559665379,2711.01316556408,2716.8435556001,2733.35004516993,2777.86778722575
2305,2659.11419966621,2682.8434497991,2710.49031944849,2716.64900948203,2732.1920457822,2777.23401708723
2306,2659.16306131254,2683.15130017783,2710.46550354314,2716.85341495266,2731.78314384128,2776.0311296478
2307,2659.18816487056,2683.76405106542,2710.53960219412,2717.12004748806,2731.53468426498,2773.81724795853
2308,2659.19520409657,2684.67231255086,2710.75997207982,2717.50446176133,2731.67056770459,2771.64999427735
2309,2659.18677452973,2685.68291703356,2711.15286470976,2718.04993183061,2732.26020462996,2769.97822707057
2310,2659.16460691373,2686.67951276196,2711.76339367311,2718.80919872337,2733.29770919107,2768.94847352413
2311,2659.13001084696,2687.6260072007,2712.54466486395,2719.73823779002,2734.67904676154,2768.51980941234
2312,2659.08403685577,2688.52904968508,2713.48766344971,2720.82025472899,2736.33618190752,2768.59828239456
2313,2659.02765308435,2689.36834060398,2714.50988383389,2721.97110430591,2738.1463186368,2769.05248658382
2314,2658.96171652406,2690.16288947782,2715.58587727014,2723.15924161748,2740.01825950403,2768.88327077489
2315,2658.88711584688,2690.09883873818,2715.85532838236,2723.54238146842,2741.16382738073,2768.95806410063
2316,2658.8046946143,2690.7910226651,2716.95373046823,2724.70921692796,2743.04937159351,2769.78144037264
2317,2658.71527331332,2691.42359983078,2717.92084228205,2725.70467951977,2744.73431857761,2770.15632759694
2318,2658.61966399483,2691.99497491802,2718.23207934057,2725.97176763553,2745.73781082111,2769.71309285062
2319,2658.53593860229,2692.49357721797,2718.24507558315,2725.92041905112,2745.97287304137,2769.36921669339
2320,2658.48671927394,2692.39628622482,2717.57178871422,2725.26524238573,2743.61332795506,2765.79768652403
2321,2658.42584610559,2692.36015749092,2717.42118379195,2725.13240766477,2743.30616290157,2765.38142583315
2322,2658.35386785367,2692.52590637574,2717.36865808726,2725.12366892481,2743.80996290695,2766.52255303264
2323,2658.27154711104,2692.97405301705,2717.32494828076,2725.146577681,2744.38335910146,2767.8456769409
2324,2658.19460094689,2692.67222174371,2716.90746529114,2724.6900693889,2744.16451423023,2767.69193357838
2325,2658.11401137052,2691.90761305699,2716.17877381588,2723.89272418471,2743.57877325809,2766.26235681078
2326,2658.00580059248,2690.26263006792,2715.07187373342,2723.94030695159,2742.11239281357,2764.37569297703
2327,2658.04754712488,2690.41454384189,2716.1410042355,2726.47871798286,2743.19496319798,2765.33362263777
2328,2658.12867213686,2690.5064681632,2717.19103078385,2728.33636212533,2744.20412427572,2766.45286634778
2329,2658.17835035664,2692.8021415727,2719.24359504862,2730.13551702698,2746.18273719258,2767.67755947722
2330,2658.27627555965,2693.07422080951,2717.18032716073,2725.3966837345,2744.25853955856,2764.96882311504
2331,2658.19066734998,2694.56024386212,2719.88546379553,2726.72364220747,2742.23604032937,2762.24561182781
2332,2658.05236699652,2693.0741576211,2722.92878149047,2729.92304404652,2746.53513079972,2767.12906084827
2333,2658.02472420213,2693.82426342052,2720.68685555072,2728.0085822809,2741.88388094254,2763.6692324302
2334,2658.05316952532,2693.67622583288,2720.06154987714,2727.36871857488,2740.88045689028,2762.88029628118
2335,2658.18663642616,2692.286706401,2718.70733815448,2726.09339830945,2739.45435064728,2759.43109128017
2336,2658.49729473811,2692.44501086505,2718.56056623904,2726.0878819526,2739.28391011085,2758.74027146913
2337,2658.93475936767,2692.39611362174,2718.54269182506,2726.26425896377,2739.25953474909,2758.08000340097
2338,2659.21292629425,2692.41984848842,2718.82988115467,2726.7194825996,2739.6467877895,2758.15517203428
2339,2659.35972259133,2692.98989679147,2718.0263207161,2725.97647133128,2739.2926406418,2757.8998933358
2340,2661.0021179297,2693.7926721879,2725.05347565964,2733.63404929961,2746.60711030974,2779.70026252955
2341,2662.78301205856,2694.87422791783,2724.88242294267,2733.36963566448,2746.10370286282,2779.23697082537
2342,2664.66104429936,2696.31156957577,2725.32848225594,2733.66732108454,2746.39514289885,2780.0574737593
2343,2666.59409816716,2698.16607998407,2726.45719518275,2734.59998650069,2747.73089201253,2782.09214307901
2344,2668.54162661273,2700.39325052382,2727.97446421151,2735.93362237922,2749.83893044291,2784.7701511051
2345,2669.30216070258,2700.90042167236,2728.45576255163,2736.26090811528,2750.77910455892,2785.58121457184
2346,2669.25484621164,2700.45149726245,2728.48317894138,2736.18436034335,2751.27831612356,2785.07250980803
2347,2669.15632396768,2700.17816087331,2728.43998247292,2736.08177568792,2753.21135667703,2785.67370688974
2348,2669.042621435,2699.98514129737,2728.38890163385,2736.00749352026,2753.81620935864,2785.66727952357
2349,2668.93531261473,2699.83200709445,2728.37060021479,2735.9922642608,2754.54368431074,2785.7020956526
2350,2668.84469105935,2699.69364932666,2728.38654240192,2736.02887309248,2755.32695444135,2785.75400751307
2351,2668.77416734079,2699.56533554719,2728.43754488748,2736.11123523096,2756.15042971416,2785.85904568652
2352,2668.72349313237,2699.44447775779,2728.52254846204,2736.23200521267,2756.99806067597,2786.05862931306
2353,2668.69076595651,2699.33253401855,2728.65298498491,2736.39530124155,2756.74149262779,2785.06910235677
2354,2668.67352706452,2699.22853856733,2728.84874495086,2736.60832291973,2757.55772798715,2785.37819163852
2355,2669.32035182269,2699.90959449999,2729.29607127542,2736.91764682185,2755.67214930872,2786.0980508869
2356,2670.15190428529,2700.89901866461,2729.02762592414,2736.58569091187,2752.91656168081,2786.0915508841
2357,2670.50424203365,2701.36687085988,2729.96812160637,2737.44163011864,2753.67753460792,2786.84435431063
2358,2670.82889508009,2701.86767135592,2731.32591251325,2738.71110388393,2754.59325873529,2787.81832156585
2359,2671.12785427438,2702.36429631922,2732.7231975591,2740.00137302667,2754.6136153204,2787.22744546345
2360,2671.30636064667,2702.76440975403,2733.97328588897,2741.39424032305,2755.96767844913,2789.06406501169
2361,2671.46229929942,2703.15221865851,2734.93353870977,2742.25492479508,2756.96778983576,2791.55670191083
2362,2671.60875574883,2703.51890011572,2735.62349991526,2742.83050445598,2757.64980878414,2792.61689863739
2363,2671.7468888325,2703.7579406047,2735.32873126803,2742.46123423605,2757.14061142415,2792.14756247416
2364,2672.00703063993,2704.13776302822,2736.36237340709,2743.29640251541,2758.5303691258,2793.76352969493
2365,2672.31747070825,2704.59604955536,2737.52957674141,2744.31287306866,2760.11897048093,2795.48285161895
2366,2672.610351922,2704.96934794354,2738.55426980423,2745.18716704478,2761.60938728375,2797.01633276785
2367,2672.89518314656,2705.26679525703,2739.45096398128,2745.92852981876,2762.98864138051,2798.2996853186
2368,2673.17087720506,2705.4695101133,2740.14093302936,2746.46355543681,2764.16301048697,2799.22785653847
2369,2673.42965484268,2705.55687683267,2740.50688032581,2746.69129120398,2765.01617462216,2799.73308305087
2370,2673.67199794883,2705.54370003556,2740.59155109015,2746.67550132919,2765.60604812568,2799.90185794549
2371,2673.89837391527,2705.45920111037,2740.63618581098,2746.68288527741,2766.21482483994,2799.93754298911
2372,2674.07302350771,2705.41437591486,2740.81922114565,2746.83100367204,2768.15571868992,2801.37106979447
2373,2674.13131071321,2705.19385921587,2740.1735762885,2746.26877803842,2768.09715124989,2800.61750849598
2374,2674.77167446402,2707.08457758267,2740.62870869927,2746.56724192732,2769.06726090417,2800.41030874471
2375,2674.42426848806,2706.39146603956,2741.40995762802,2747.3745906812,2771.88336005358,2801.04705485317
2376,2671.25563267486,2707.99925244858,2729.80034310706,2736.75813075025,2762.70808056073,2785.2697136234
2377,2669.1197234986,2707.19043826279,2728.54076745056,2735.27734117811,2762.68003977646,2786.15896654949
2378,2668.69368536917,2706.56436131076,2728.60632060361,2735.10314511523,2764.03152455445,2787.13565687983
2379,2669.08591929694,2700.95574167539,2729.06984059282,2735.13225503452,2762.04995950983,2779.47286069419
2380,2669.02240621118,2700.57046913983,2729.79941261165,2735.76580313301,2762.49890809936,2779.53278895362
2381,2668.88964858359,2700.23634062005,2730.22501612945,2736.12634469189,2762.614351435,2779.18002583714
2382,2668.68392124103,2699.892711615,2730.30371105047,2736.16758705109,2762.31570173198,2778.51378414579
2383,2668.40436912879,2699.38139757737,2729.95260910146,2735.81003360679,2761.53841612172,2777.33891524572
2384,2668.05298326175,2698.67946562985,2729.21529318854,2735.08374802031,2760.33026253754,2775.84206537022
2385,2667.63343588946,2697.75838634832,2727.7591366989,2733.68707238572,2753.32159262729,2773.02916569822
2386,2662.67672305764,2691.26704415674,2713.13376758043,2719.75930096719,2736.29802866204,2750.96718771005
2387,2662.24626189736,2691.3689578486,2712.07080984673,2717.97836343701,2735.34829411049,2751.27111208319
2388,2662.24161964339,2692.09030853337,2712.4927380592,2718.64484401472,2734.88905430541,2753.23769977474
2389,2662.19882614887,2691.356986155,2711.64744708674,2718.02927286042,2733.58016892578,2752.41738966595
2390,2662.34102132966,2691.12718073236,2712.33378011969,2718.74699025889,2738.88452295334,2760.42526283863
2391,2662.53559071741,2692.3053105464,2714.10138424033,2720.59563030368,2747.17551956045,2769.43542643043
2392,2662.57587716604,2693.14242760232,2714.66092016545,2721.41381504757,2747.68318735304,2770.2604250217
2393,2662.48430756552,2693.28812449597,2714.17358716346,2721.01807613246,2744.46060032277,2766.96642142357
2394,2662.35915314503,2692.75796938858,2712.73497299639,2719.47752466921,2740.75882829052,2763.62943391194
2395,2662.21233871736,2692.24549250407,2711.86426802074,2718.45386039512,2738.96375063831,2762.23731228077
2396,2662.04497181049,2691.83186456127,2711.39068354426,2717.84663399135,2737.88482391437,2761.55862371423
2397,2661.85853614125,2691.45493653172,2711.12128798641,2717.47391235533,2737.08554960434,2761.21735133535
2398,2661.65475197809,2691.08817095692,2710.95407688682,2717.22700205705,2736.45191303076,2761.07482692054
2399,2661.43553911283,2690.708047163,2710.81729281729,2717.02081095904,2735.91185657507,2761.10132476362
2400,2661.20285514704,2690.30067054085,2710.67411116803,2716.79835464935,2735.45689974423,2760.12900737295
2401,2660.95877437638,2689.47025813045,2710.41477043154,2716.44445295829,2735.06798005112,2759.37367064325
2402,2660.31894250153,2689.40787672891,2710.58538171168,2716.70442479097,2735.60377893078,2758.61802129877
2403,2659.97346827465,2690.36917150831,2711.4790268029,2717.86709417228,2737.8381641909,2754.7767349993
2404,2660.01755670262,2690.53383212688,2711.57031536937,2718.08691873654,2737.98912201789,2754.89346703581
2405,2660.05295035894,2690.60487395926,2711.57876911101,2718.19393080727,2737.95931407839,2754.90490237323
2406,2660.07887343283,2690.62500504232,2711.54328073143,2718.23514041535,2737.84177062732,2754.84807661934
2407,2660.0948156304,2690.5923003215,2711.46727768314,2718.218039577,2737.65142890886,2754.72004796156
2408,2660.11283101778,2690.25549467406,2712.34665140453,2719.00388048451,2737.80607897719,2754.84154472175
2409,2661.10999407384,2692.77889397424,2715.78566854176,2722.07425493443,2740.39111787931,2759.82504536664
2410,2662.23245239067,2695.31730781885,2718.40517273388,2724.57554239709,2742.57068169608,2762.91152547109
2411,2663.56196708424,2697.5669454726,2720.11974800212,2726.09654900061,2743.82700264912,2764.90306012016
2412,2664.61124969801,2700.02858201195,2720.99626219779,2727.02534846311,2745.39583037145,2765.1864194241
2413,2664.85776930171,2700.49280904217,2719.01323037311,2724.72262148463,2741.17432597593,2762.78502870134
2414,2664.41107324353,2700.7379431875,2719.74187006249,2725.29344587367,2742.11498789653,2763.66292808173
2415,2663.70385997639,2700.88304959525,2719.13785687009,2724.44979868679,2741.4403373793,2764.00261783238
2416,2664.02490181113,2701.1647337548,2718.55677531161,2724.16576238412,2739.37694680633,2767.02355742397
2417,2664.01398644384,2701.13821576513,2718.45029272659,2724.22408018432,2739.6172464951,2766.00281882572
2418,2663.98553333902,2700.9816823755,2718.18118431806,2724.10772253286,2739.49762513635,2765.11033129511
2419,2663.94272840092,2700.72232029962,2717.84988669602,2723.91793458427,2739.24504881482,2764.28528968641
2420,2663.88469237844,2700.35145152477,2717.44854857848,2723.64557093969,2738.90131257745,2763.43969147602
2421,2663.81148172607,2699.86691568754,2716.97554275081,2723.28990778015,2738.49610560315,2766.85863652463
2422,2663.72276331376,2699.2361014336,2716.30935746494,2722.73233588056,2737.87541709102,2765.9423311604
2423,2663.62339534648,2698.50135535969,2715.50516406353,2722.03236352262,2737.14454234322,2764.95974470672
2424,2663.51455416785,2697.67006574706,2714.575503908,2721.20366500197,2736.37172467195,2763.95884990658
2425,2663.39508618827,2696.74076917697,2713.56144071361,2720.28649743199,2735.65451657658,2762.96325487825
2426,2663.26635663579,2695.71880078145,2712.47211374248,2719.29121415017,2735.0150531988,2761.92930651953
2427,2663.12967805698,2694.61493808099,2711.32675468744,2718.23709628835,2734.46293267262,2761.03264141165
2428,2662.98632509984,2693.44338229335,2710.14423877736,2717.14335696621,2734.00198386232,2760.32222155563
2429,2662.83751941546,2692.21901660741,2708.94574612495,2716.0320603161,2733.64769170702,2759.71639345359
2430,2662.68447779245,2690.95309396705,2707.76306649219,2714.93562017596,2733.46079409563,2759.24571435798
2431,2662.53520921043,2690.52653522858,2713.99764495328,2721.10264217032,2741.16691668765,2765.43496144796
2432,2662.62370887252,2687.82517960217,2714.49014956768,2721.99718979844,2743.79332188895,2768.38296921624
2433,2663.44407592066,2686.13742769902,2709.42778326298,2716.82960229499,2741.47207698426,2765.89904412497
2434,2663.36204645155,2692.87121843924,2711.69277286999,2718.97234505637,2743.90398386724,2771.32788358515
2435,2663.08059703599,2686.85541043106,2705.42526727938,2712.47157610834,2737.03669465032,2763.2189367893
2436,2662.77889462022,2685.36704563485,2702.69345780369,2709.84970556374,2733.80740945143,2757.87960527217
2437,2662.4748350364,2685.56541381255,2706.9722283084,2713.88607568379,2735.38707532509,2761.05724770564
2438,2662.56566402274,2685.92635120637,2706.85382753187,2713.60703056871,2734.60032647039,2759.60254184324
2439,2662.70384847687,2685.67632396854,2706.35341645231,2712.93823937381,2732.45360831515,2758.14107438468
2440,2662.92838628991,2685.16300940504,2705.50033962544,2711.90822464484,2729.91590258637,2759.23385626954
2441,2663.48252090805,2684.38192182497,2704.80425935614,2710.9215079693,2728.1991739722,2760.75616104903
2442,2663.40261999238,2682.41780962172,2703.2610108412,2709.26979633613,2726.64688755096,2757.46440651434
2443,2662.78570757933,2681.83697260996,2700.32403666135,2706.34041730734,2723.9639930998,2753.82269782915
2444,2662.2765009744,2680.20811125478,2695.22743524588,2701.14885852792,2719.82138423524,2744.18392603636
2445,2661.93768117739,2679.73490446438,2695.26675400312,2701.28990545864,2720.21353340082,2746.94629655086
2446,2661.56881222791,2679.58876799638,2695.81401441127,2701.77982501189,2720.74334520346,2747.81008886955
2447,2661.55010134485,2679.566051351,2695.3759872374,2701.63267253518,2719.9010516137,2746.44959038898
2448,2661.40025958149,2679.94832882304,2695.26216152836,2701.96369320772,2719.94880029123,2746.75854532427
2449,2661.27747474719,2679.90001538538,2695.07802625108,2701.48175076668,2719.68792254643,2746.74230348315
2450,2661.15763330419,2680.06329584733,2694.82727254915,2700.95021401715,2719.61736809509,2746.76091173614
2451,2661.04227646522,2680.97987130047,2694.50510560323,2700.28550219663,2720.65032818736,2750.12418033139
2452,2659.84186657964,2677.88328968122,2692.48089506214,2697.90364656139,2712.12952689393,2741.36070222938
2453,2658.33184407542,2677.03959641952,2691.2133474925,2696.70287628507,2708.74539981913,2740.98567009937
2454,2656.82909194282,2675.10623647717,2688.78307817569,2694.22603137079,2703.87614238807,2737.60750468963
2455,2658.92277848887,2677.89673057345,2694.06287896508,2698.79957482786,2709.67741532449,2746.53672789409
2456,2659.02562152754,2677.87877366605,2694.04224388236,2698.92732141264,2709.48521909804,2745.06818713741
2457,2659.0202385918,2677.45400366625,2693.80435116421,2698.85849621291,2709.48302233833,2744.56818535782
2458,2658.96425585407,2677.10261846547,2694.89230341836,2699.97051838224,2711.75759839207,2746.97453929653
2459,2658.89798521578,2677.20810573239,2695.84557962294,2701.07499585055,2713.76594630835,2748.8579175779
2460,2658.82655447883,2677.23571494385,2696.04893806271,2701.32749688114,2714.76637915531,2750.76083924338
2461,2658.75252193439,2677.24380510786,2696.19601778415,2701.51088933701,2715.57784709029,2751.80421697036
2462,2658.64946825864,2677.33659493154,2696.45310394373,2701.78621507823,2716.37406045998,2752.81058637386
2463,2658.49810442218,2677.52040263953,2697.16344368655,2702.48843263372,2717.47559649564,2753.92818348496
2464,2658.33708824229,2677.64608944416,2698.33698240684,2703.62293567617,2718.8015947668,2755.2151168744
2465,2658.15362161582,2678.47451624386,2699.5920945747,2704.83432632547,2720.00056741392,2756.35863842376
2466,2657.89511647936,2679.31318764419,2702.07440704628,2707.3589810836,2722.33623349379,2758.91493171267
2467,2657.63561532581,2678.44366362258,2703.33143915731,2708.76280853822,2723.95602499141,2760.22654011154
2468,2657.37484396681,2678.16715649423,2703.71982264524,2709.29749722319,2724.75613454086,2760.61014952998
2469,2657.11306833832,2677.73623042293,2703.07240225285,2708.80684076156,2724.594817871,2758.15535817929
2470,2656.88268157174,2675.15165193355,2699.12381819573,2705.07639106108,2720.89333038848,2754.95465577291
2471,2656.77484919543,2674.15083386796,2699.07617188692,2705.01645447473,2720.54707388662,2754.86976764214
2472,2656.66864447727,2674.20532010885,2699.51226810933,2705.49270895242,2720.92371796293,2755.21585538585
2473,2656.56392187821,2674.12752650713,2699.85163294656,2705.86784776669,2721.2338425999,2755.43390689211
2474,2656.46050737671,2674.00997499427,2700.07208933989,2706.10409576875,2721.45972498225,2755.56530209192
2475,2656.35824626124,2673.89275302079,2700.08694356655,2706.10152252093,2721.5553209087,2755.10201846565
2476,2656.25701278191,2673.78439350205,2699.8933244281,2705.85355566138,2721.62267475066,2754.43236810908
2477,2656.15667232542,2673.71639171227,2699.57867031878,2705.44973812419,2722.11612011302,2753.80167565075
2478,2656.05717993013,2673.90265646344,2699.27012248961,2705.0037971881,2723.73149284585,2753.63201802629
2479,2655.8903643561,2673.86857095544,2698.67568112177,2704.13776826754,2722.99830864424,2751.79327059278
2480,2655.66679726371,2674.58884985381,2698.97427300362,2704.19409394584,2724.00724139974,2751.9869868886
2481,2655.39967594356,2675.47562960637,2699.62317881222,2704.59055913965,2725.13534386467,2752.37269622096
2482,2655.08409443953,2676.28990846332,2700.37492224222,2705.07787396771,2726.57756565415,2752.69244808188
2483,2654.72876197611,2676.6424964649,2700.71874699039,2705.13320093637,2727.75828850355,2752.51043893099
2484,2654.36095410013,2675.31069019768,2700.02729321488,2704.0984935093,2728.12947954979,2751.73807398496
2485,2651.88354982434,2671.97941288705,2700.17003426312,2704.52396560303,2730.85790108362,2750.7191416219
2486,2651.67182274346,2674.68128984282,2704.07609818667,2707.89106382736,2737.02545055602,2758.31887263893
2487,2651.68415308465,2674.36426656353,2702.54897481672,2706.01778361849,2737.22797381744,2754.0188918061
2488,2651.94311341417,2674.00255073836,2700.29358528816,2703.51074762381,2731.71556335434,2747.86531944734
2489,2652.05711172856,2674.5104348656,2699.29299375092,2702.57398262122,2730.35526422031,2747.98877152586
2490,2652.1493122298,2675.40727970513,2699.7844470163,2703.02136533606,2731.60143018511,2749.23757124822
2491,2652.22374983229,2676.31288520281,2699.7107108327,2702.92974337496,2731.35166155821,2748.66253392829
2492,2652.23598077288,2672.77960268224,2696.94314404559,2700.09552078842,2728.55993804177,2744.51111423639
2493,2652.22236237876,2673.28015994112,2696.92321957051,2700.13238010295,2728.7438537747,2745.1535003801
2494,2652.21855956441,2673.42604885301,2696.87234885082,2700.16009863658,2728.77263513686,2745.2740472681
2495,2652.2487618279,2673.55004822701,2696.91742656718,2700.31503310374,2728.90756912286,2745.45891753076
2496,2652.2752264143,2673.65152193738,2696.96179957538,2700.4709465961,2728.96414378544,2745.60098379115
2497,2652.29774631544,2673.89294766097,2696.96535275039,2700.58681861021,2728.87811427863,2745.66394697374
2498,2652.31619047665,2674.3891181442,2696.79928177305,2700.53440285399,2728.487567644,2745.58348840123
2499,2652.33048532359,2674.47346161072,2695.90263445464,2699.7143383109,2727.17436019388,2745.2512918196
2500,2652.34062843488,2674.43832635652,2695.38496701256,2699.28492134104,2726.41448922343,2745.08900130099
2501,2652.3459295694,2674.44318326117,2695.45597729487,2699.43744433044,2726.36744341136,2745.15826551815
2502,2652.34217725749,2674.6430506376,2695.85980620273,2699.95286830209,2726.07859244205,2745.53250497327
2503,2652.29415821522,2676.8721072102,2699.46410933878,2703.42958469347,2729.49957821564,2745.58950076911
2504,2652.53283733586,2684.50425650332,2713.64472547234,2717.91062396087,2745.01834577882,2765.73465694945
2505,2653.06608458401,2689.12332151504,2721.21612194743,2725.81899852005,2752.75097865985,2774.85716731181
2506,2653.26547939066,2691.21007711656,2722.97976127398,2727.26710453771,2755.66932266118,2776.75969071574
2507,2653.37846458488,2691.4729404798,2716.7982950401,2720.88065640794,2749.14299065489,2767.58734384541
2508,2653.36539037896,2691.60864443756,2717.25942781924,2721.50537980733,2750.09357227406,2768.38033512614
2509,2653.35832548925,2691.85882898213,2717.56523151841,2721.92169407222,2750.3189480858,2768.8833526325
2510,2653.35651579688,2691.62629959184,2717.87727678221,2722.33946631456,2750.38511766217,2769.66160845333
2511,2653.35898556954,2689.79536998414,2718.13109654321,2722.69355159273,2750.11774625654,2770.72858268624
2512,2653.32816990814,2687.74960550827,2715.17895685896,2719.8598811603,2746.74242497116,2769.5587164919
2513,2653.32980477739,2687.57341565575,2716.29683608742,2720.99025960946,2747.96119118734,2770.58636323703
2514,2653.33105766914,2687.51173429333,2717.21675801764,2721.88982560561,2749.04579980481,2771.7695362824
2515,2653.33192333903,2687.48713797635,2717.09669954949,2721.74698548924,2748.93750110254,2772.54455971635
2516,2653.37534830026,2686.64345701181,2716.14649830662,2720.05575338312,2748.28574591785,2777.17740788102
2517,2653.70398624435,2686.38873714547,2715.491413866,2718.69921819343,2747.19065868548,2778.29599118392
2518,2653.96361690618,2686.73289935965,2719.02165427066,2721.9641307162,2750.69716251463,2781.43195869246
2519,2654.24099143329,2687.32375006701,2720.14770048403,2722.89539324178,2752.62970967874,2783.3853861925
2520,2654.52573344499,2687.59090761376,2721.23190118858,2723.80414477898,2754.38344291044,2784.01148709839
2521,2654.80897700127,2687.43679166033,2721.34298382889,2723.74536935407,2754.93276232499,2781.62842305979
2522,2655.082142944,2688.92187473796,2719.08250783541,2721.35259849524,2754.45631080134,2776.72122450466
2523,2655.33075087371,2694.75258347841,2717.50863704985,2719.59606593193,2756.76057980419,2772.70638739303
2524,2655.5222771888,2694.65385330599,2718.77681968197,2720.75525866103,2757.39137606078,2774.13154138296
2525,2655.55625100115,2694.82938603676,2718.30587763683,2720.35101278842,2755.33673208034,2780.82461047099
2526,2655.57864760415,2695.0393341599,2720.77690430826,2722.78775540845,2757.18014168799,2786.85959472072
2527,2655.59616048543,2695.76763067791,2722.32152357934,2724.32448201686,2758.69275272463,2790.36765572966
2528,2655.64583764261,2696.30437022532,2723.0817569913,2725.11579624998,2760.14130901674,2791.43345700774
2529,2655.69407761462,2696.88178479775,2723.61492047534,2725.69760057645,2762.10690105717,2792.63336396715
2530,2655.73495067217,2697.41680815822,2723.98408391205,2726.13045354536,2764.65559359616,2794.08912270567
2531,2655.76787700071,2697.63568413165,2724.19727585255,2726.41807412707,2766.79586303158,2795.371294298
2532,2655.80882145478,2697.89829702429,2725.65468491755,2727.95260809197,2768.1802883954,2791.86166438536
2533,2655.97997828232,2700.48064107023,2727.27711590072,2729.65807181232,2769.23765247837,2794.07486039654
2534,2656.08023322487,2701.29221430124,2727.9658547773,2730.4007095432,2770.62027924614,2795.64784993217
2535,2656.09167005432,2701.55613458643,2728.36888652757,2730.8665342804,2771.94967716459,2797.13220421681
2536,2656.03747903952,2701.61306298374,2728.17181102387,2730.74977936416,2772.34610329857,2797.86620108639
2537,2655.92543379041,2702.99962882447,2727.80966739339,2730.69571109832,2771.58723906381,2797.39420429177
2538,2655.83352600277,2704.09914927284,2727.51500535542,2730.67615645748,2770.56588610786,2797.31102881207
2539,2655.75822934086,2704.84968514979,2727.28260262405,2730.62448456987,2769.02057506367,2797.05010306056
2540,2655.68286653849,2703.45960234306,2727.11141365268,2730.58096960325,2766.70266163054,2796.29902134914
2541,2655.62592930199,2701.05410437398,2726.41332681931,2730.07558168785,2764.802085933,2795.21556481565
2542,2655.60458679535,2700.37077297984,2725.19826442948,2729.14305017143,2762.73161664093,2793.44163803236
2543,2655.58915828075,2699.76260598346,2723.83357886537,2728.0321079607,2760.52650001914,2791.1798945267
2544,2655.55806725497,2699.42466796135,2722.11535530848,2726.5592619933,2758.23500301867,2787.99879807798
2545,2655.49902216379,2699.51424375763,2718.79777173558,2723.59144163735,2754.04086859603,2781.88357094099
2546,2655.44437461966,2696.08191513757,2717.76377733236,2722.56967712364,2748.00529679336,2771.48532412805
2547,2655.40739489701,2699.80136247636,2717.73612165418,2722.66063978265,2746.76887296679,2767.68080048438
2548,2654.97506490569,2702.01367536684,2720.36051669692,2725.50931493559,2750.11670100258,2770.09392885135
2549,2654.54595321754,2702.74965785166,2717.77128865982,2722.89651614831,2747.96856341717,2767.6446904543
2550,2654.38659048169,2701.95981966649,2714.87908157919,2720.08782283584,2743.05077886284,2765.14150763185
2551,2654.52171764337,2701.33357650912,2716.83729294984,2722.30848417278,2745.38671647312,2770.98639991496
2552,2654.66410927306,2698.14065866777,2715.56958578629,2720.98806964464,2743.72373788173,2769.16608372638
2553,2654.77935958125,2695.29239132286,2714.48928638952,2719.86671714571,2742.25897420417,2767.34238022334
2554,2654.86330663357,2693.29772432843,2713.64309287209,2718.9858997766,2741.01268346403,2765.64723652867
2555,2654.91774547405,2691.79723182878,2713.18837492613,2718.51465606594,2740.16279235595,2764.33152164046
2556,2654.94991426362,2690.49963080323,2713.41337033551,2718.76734343749,2740.09783186406,2763.71317897157
2557,2654.97020110368,2686.95596385089,2712.8810286759,2718.29882478242,2740.30481998838,2763.24720213018
2558,2655.00160309215,2683.3278666749,2702.88847366579,2708.29206130891,2730.07411588393,2756.39135482166
2559,2655.05670893676,2682.63510461826,2701.89424612556,2707.36608791099,2728.97190356741,2755.31084588976
2560,2655.05830389026,2681.65130921316,2701.0751730587,2706.60776997412,2727.89785654284,2753.36823010905
2561,2655.0097918652,2680.31041379687,2699.49252089899,2705.12431869597,2725.52755906475,2750.35969235367
2562,2654.91884664503,2678.3791813121,2696.20279795996,2701.93504274367,2720.34071372875,2745.28918956973
2563,2654.85609353945,2676.3852613649,2689.37405721486,2695.19431601486,2710.82677284559,2736.42539060517
2564,2655.2344839142,2679.6700240733,2693.29680456776,2698.83916952258,2714.95838188102,2742.19592987762
2565,2655.61713027384,2679.98806141482,2694.47011360956,2700.05982462405,2717.19534815499,2747.05514639123
2566,2655.98893316363,2679.79019761257,2694.69876607911,2700.44138745593,2719.96459511322,2752.55501804731
2567,2656.35506885952,2680.45102142747,2697.93600523787,2703.80189988905,2727.05534323679,2756.80361079461
2568,2656.79021367744,2679.99934011391,2695.99959765894,2701.67339770537,2721.92535600506,2745.71978185045
2569,2656.86580622579,2679.25318345668,2696.78693422748,2702.36893559614,2722.26034722924,2746.82519001198
2570,2656.95167164051,2679.68269355595,2697.83476988982,2703.25459525141,2722.40644175984,2747.88029387496
2571,2657.11645865085,2680.58285043783,2699.49110239332,2704.75733886536,2723.33640923733,2748.97418737133
2572,2657.3160415058,2681.28215472869,2701.09901662289,2706.20087309203,2724.33049353406,2750.15216590816
2573,2657.52292377123,2681.91237933492,2705.86972247908,2710.42222262772,2728.32435460374,2753.84793338106
2574,2657.736812807,2684.31402939718,2707.95046698895,2712.32206684891,2730.00344484328,2755.72012886151
2575,2657.95710220717,2685.27952745453,2709.20924862409,2713.34989967799,2730.93766417068,2757.36387343746
2576,2658.18292650391,2686.15954098848,2710.27655308521,2714.18661404124,2731.6960680076,2758.24927877192
2577,2658.41302892509,2686.96445558557,2711.14513685148,2714.83504353864,2732.40399022952,2758.87715697235
2578,2658.64592579756,2687.67532814133,2711.74907454236,2715.24072331832,2733.01271405286,2759.24848865629
2579,2658.87988539111,2688.280619942,2712.01868987811,2715.34449005568,2733.46494464333,2759.42199811881
2580,2659.11298402747,2688.76057927929,2711.86440937036,2715.05911605113,2733.65160484796,2759.46767376752
2581,2659.33504934326,2689.21014648154,2710.638463057,2713.56963485455,2732.23042997672,2757.74787780324
2582,2659.47928690322,2690.52468714976,2707.26682420455,2709.98748163799,2723.68046601004,2742.73620344394
2583,2659.64807076094,2692.37875487561,2707.59659452279,2710.00762721448,2723.76606717571,2742.39037153993
2584,2659.82389662554,2693.90592051786,2708.80624963008,2710.90020920402,2724.68609097438,2743.26408373886
2585,2659.98680486494,2695.11375769973,2710.16999585847,2712.02504718376,2725.84429431161,2744.53635992983
2586,2660.12156866303,2696.00505554327,2711.43243357332,2713.14365188157,2727.01654897061,2745.86392899738
2587,2660.21974514782,2696.62354279308,2712.68847784821,2714.33722799614,2728.23093066341,2747.20032501219
2588,2660.27812384293,2698.8016399537,2714.78791005001,2716.39526710798,2730.02036328662,2748.55324592641
2589,2660.8686169907,2701.04615660004,2717.5372461781,2719.24643342944,2732.60944084276,2751.20026701139
2590,2661.55919477606,2702.50143101745,2719.34764470315,2721.18898364735,2734.86281344991,2751.76667377578
2591,2662.20888654893,2702.97835693335,2719.899685139,2721.83667012615,2736.0615715089,2751.60553551119
2592,2662.73082301007,2702.51792143261,2718.70691678495,2720.68730427808,2735.57307943624,2750.06228920816
2593,2663.05734743155,2700.6197193164,2715.50516966343,2717.50261129275,2733.10164881703,2746.63874904102
2594,2663.23141500702,2697.74479053513,2716.1355006477,2718.23973555595,2734.38221230641,2745.64892066035
2595,2663.37802122683,2697.8458250135,2716.66048512609,2718.81600130425,2734.57455890791,2745.61032976251
2596,2663.48935578628,2697.07145475995,2715.62417867902,2717.75891269585,2734.02548161947,2745.77179462971
2597,2663.56374835146,2695.33981897814,2709.60340929378,2711.78290371773,2728.35802698851,2739.73195283249
2598,2663.21145776242,2695.82128457473,2708.96804371389,2711.27383884368,2726.97415592888,2744.58394062698
2599,2662.76978269839,2696.77705192554,2710.13867563974,2712.52688121271,2727.30012496544,2745.91361304397
2600,2662.32044870893,2697.42754812494,2711.29369111607,2713.77885244479,2728.52932364477,2747.75062740328
2601,2661.86411741075,2697.62912690163,2712.45238764168,2715.05826211788,2730.12854267661,2749.99373590083
2602,2661.40244091449,2697.4347810078,2713.66559745234,2716.4192718409,2731.58412198254,2752.58355800514
2603,2660.93801020738,2696.99098686507,2714.94080988571,2717.87129313243,2732.9433283808,2755.37233837794
2604,2660.57781519675,2696.71975572192,2715.83042485665,2718.91048551959,2733.84657497036,2756.9877996352
2605,2660.35962146677,2696.78600234227,2716.27010263773,2719.42941283337,2734.16634162823,2757.0681476451
2606,2660.13637368051,2696.74360059494,2716.80702668119,2720.04398445151,2734.61516884724,2757.21968776117
2607,2659.90606982207,2696.57070425923,2717.34343630479,2720.65330959325,2735.03843229887,2757.36328529201
2608,2659.66674310945,2696.26198360112,2717.74032441831,2721.11671732635,2735.27927045987,2757.43545817717
2609,2659.41690435993,2695.82665803421,2717.85580145076,2721.28983900611,2735.22645997204,2757.34281371444
2610,2659.1522211976,2695.28956977502,2717.65783284484,2721.12869187238,2734.94103503866,2757.0090451685
2611,2658.87528379175,2694.65632374934,2717.09611244301,2720.58018677851,2734.3904472035,2756.28705024026
2612,2658.59605424683,2693.89687725482,2715.97811458705,2719.4661446933,2733.24892272002,2754.90046988989
2613,2658.31881449714,2692.97102078715,2714.26221751464,2717.75143772674,2731.41447283451,2752.71306035774
2614,2658.04797536918,2691.80697741991,2711.98627931044,2715.48359498904,2728.85180743566,2749.61367030119
2615,2657.78734171787,2690.3418402919,2709.2767761395,2712.80570127137,2725.63065691261,2745.6161916785
2616,2657.53982639668,2688.62008382895,2706.36064577552,2709.96314366264,2722.04504847215,2741.12908664727
2617,2657.30698878483,2686.87929034986,2703.55254305044,2707.26182656314,2719.029422032,2737.35293254526
2618,2657.08913065292,2685.55094598552,2702.11824746931,2705.97210053975,2719.13588182304,2736.27811394361
2619,2656.91759227055,2685.21699277062,2701.56988177097,2705.42149631173,2718.68486548945,2735.86692797527
2620,2656.75523780379,2684.91098658357,2701.16787948733,2705.01515023173,2718.40878734876,2735.35584362865
2621,2656.60435992214,2684.6412360662,2700.73840401362,2704.56647543627,2718.0759646236,2734.77407519626
2622,2656.46716098288,2684.414646697,2700.32932642836,2704.13715805252,2717.71016941423,2734.31686918505
2623,2656.34402122877,2684.19527575518,2700.07424439608,2703.85551813681,2717.30726340321,2734.02897333361
2624,2656.23621092337,2683.97007358979,2699.98228245925,2703.73838825355,2716.97260369861,2733.82868870554
2625,2656.14485108546,2683.75409607175,2699.97024807741,2703.71862768909,2716.74686303976,2733.73682943171
2626,2656.06902943855,2683.54773689711,2700.00781888268,2703.77022683993,2716.59959822462,2733.73401499474
2627,2656.00653895969,2683.35480770514,2700.06628287543,2703.86622776497,2716.48023574842,2733.79933524989
2628,2655.95412221322,2683.18079343215,2700.11543991102,2703.97579690121,2716.3371238719,2733.87353460301
2629,2655.90764866128,2683.03692613531,2700.09239822903,2704.03308591435,2716.0978296223,2733.88457067592
2630,2655.86259795815,2682.96243110242,2699.67007414325,2703.70515915071,2715.38925760489,2733.48966165002
2631,2655.81465824779,2682.83583901192,2697.49583685558,2701.64072777216,2713.19646015822,2730.63524594851
2632,2655.46974021984,2682.39666022354,2696.21375068031,2700.27740257635,2712.18672586764,2729.34986152547
2633,2655.14279783869,2681.75644959783,2695.49664945536,2699.41093415884,2711.42576646357,2729.09819573478
2634,2654.84411678194,2681.1274094772,2694.82140816975,2698.58803183856,2710.54454430884,2728.68318374525
2635,2654.5765619364,2680.6348733615,2694.15976819944,2697.77842606317,2709.67596267927,2728.12954967822
2636,2654.3421125518,2680.2619136358,2693.47779805154,2696.95033047894,2708.89584630935,2727.45450538571
2637,2654.14186513727,2679.90351102048,2692.72493341024,2696.05076655448,2708.17398401452,2726.59872568266
2638,2653.97603940902,2679.37799407494,2691.91371034397,2695.08294325516,2707.47720904208,2725.49829437103
2639,2653.72623097731,2677.32725367076,2692.26012728474,2695.27357664677,2708.31955505198,2726.35926536106
2640,2653.71417226528,2676.6034879368,2691.7869099187,2694.82315326188,2708.50810526179,2726.70608294251
2641,2653.87452264546,2676.56687766565,2692.04048606414,2695.15987187727,2708.98064161241,2727.298912789
2642,2654.0267111471,2676.45054961431,2692.21900656312,2695.41029653948,2709.35836586722,2727.75242572353
2643,2654.16865398395,2676.22928654915,2692.2651874581,2695.52139932992,2709.72415606814,2728.26527603381
2644,2654.29848427753,2675.89928906027,2692.17303542134,2695.48782165788,2709.86677513815,2728.44225034221
2645,2654.41458160884,2675.48121233957,2691.9678964704,2695.33311641577,2709.92028233917,2728.53065642577
2646,2654.51570386615,2675.001320149,2691.67600934602,2695.08337855919,2709.92506410057,2728.57358724306
2647,2654.60097643275,2674.4833622181,2691.34620725684,2694.78704437299,2709.93708174474,2728.60963442268
2648,2654.66991227701,2673.94944231943,2691.01259009185,2694.47998135294,2709.94809033557,2728.54437850756
2649,2654.72240427786,2673.41453127665,2690.67113116552,2694.16055572945,2709.91613050792,2728.26296164045
2650,2654.77793429721,2672.66526590936,2689.80976598886,2693.28028126962,2709.05617289062,2726.92806744661
2651,2655.04857442116,2673.46565204096,2690.3036646587,2693.45892366709,2710.0815950884,2728.61338899212
2652,2655.29775929193,2674.14684322613,2690.88943655853,2693.80492324956,2710.39863170279,2729.43515028541
2653,2655.53287064855,2674.69264346396,2691.46741029561,2694.17061213431,2710.75503557579,2729.86090695486
2654,2655.75729697321,2675.07321541778,2692.1435643978,2694.6349130863,2711.02586988726,2729.91290685169
2655,2655.96677879553,2675.26264848047,2692.44949907076,2694.79039041373,2711.25498422352,2729.06646522206
2656,2656.16362523229,2675.69923399583,2693.41162861924,2695.53731495969,2712.30446979853,2730.62117449076
2657,2656.25187658688,2676.04176847406,2693.741134357,2695.83611522404,2708.7581561799,2730.12050839129
2658,2656.29056456474,2676.34536211145,2695.4271901119,2697.49349672902,2710.44020957363,2732.00199299152
2659,2656.21664385795,2677.12579820843,2697.15716383123,2699.17152828773,2713.63163904454,2734.98819642383
2660,2656.10544439257,2677.31021599982,2696.85977798185,2698.88775774975,2714.64546504837,2736.23936647275
2661,2655.95621734424,2676.98525529507,2696.52114080477,2698.60353065256,2715.24766560983,2737.50366876587
2662,2655.77184738927,2676.50333664964,2695.98821354178,2698.1491052358,2715.68783775231,2738.5101794893
2663,2655.5597763681,2676.10257562846,2695.22157322069,2697.48824949173,2715.81139423201,2739.1628668007
2664,2655.33173437902,2676.25700134633,2694.23323431191,2696.63485418234,2716.0680862797,2740.14935040171
2665,2655.10219207506,2677.26614308475,2694.0095305125,2696.48827813536,2713.70291240238,2741.74812157442
2666,2655.01578597726,2676.90592774467,2692.55186514151,2695.16477773263,2713.28979137417,2739.44612054182
2667,2654.96171047518,2676.61933038164,2693.00187474826,2695.61441164482,2714.09629232121,2739.88384698086
2668,2654.90369960557,2675.87491376221,2693.03259948115,2695.74080476139,2714.76488830187,2740.88624673824
2669,2654.85392153377,2673.82102040969,2691.75470781517,2694.42198109718,2713.27540876264,2739.72131408252
2670,2654.83550699558,2673.80504887388,2691.37399014863,2693.98036809216,2712.62439392879,2738.85570184459
2671,2654.8224535963,2673.79098029826,2691.29133225863,2693.88845386543,2712.79630533821,2738.25780748455
2672,2654.80933335398,2673.77768460386,2691.19937959309,2693.78840308038,2712.94416309883,2738.35785495013
2673,2654.87307748749,2673.91005001719,2691.7472076811,2694.37015092506,2713.78090314265,2739.60976372587
2674,2655.02180950925,2674.18503881852,2692.10082854425,2694.78153678323,2714.46740581205,2739.76769382867
2675,2655.16800910604,2674.43150052098,2692.23366666353,2694.95456504058,2714.60765703973,2739.70546140971
2676,2655.3106383989,2674.64810273293,2692.39046248621,2695.14689715007,2714.4932510318,2739.03482872152
2677,2655.44879626636,2674.79688822719,2692.62423738232,2695.43514013487,2714.63724408707,2738.8174486252
2678,2655.58163002418,2674.89047204568,2692.92910070061,2695.77622369567,2714.87291333087,2738.86018089926
2679,2655.70840789651,2673.85636065125,2693.18824164713,2696.06726184416,2715.0435742376,2738.52534677297
2680,2655.71747330136,2673.23090093501,2692.39902709064,2695.34197730884,2714.25282129672,2738.31360481352
2681,2655.67727353448,2671.41429394035,2691.18171610056,2694.27106368739,2713.46762506668,2738.9623573801
2682,2655.61876352067,2669.93446234223,2690.09039406277,2693.24755502468,2712.35099263034,2738.11432268294
2683,2655.68194676837,2670.62870644252,2686.61684861906,2690.19542468557,2708.44726512529,2734.75179551015
2684,2655.84143554087,2671.05415358817,2686.71672117249,2690.53252995212,2707.85037238143,2734.73479134261
2685,2655.98482106554,2671.34126241398,2687.54957990963,2691.38408850666,2707.65656072049,2734.14032436011
2686,2656.07496632005,2669.83835043751,2686.99632470248,2690.82370404232,2706.43876099957,2732.80769777752
2687,2655.94236545304,2670.63046764092,2697.81096171026,2701.69581594782,2718.41155445335,2751.4335976931
2688,2655.79815396388,2670.3781802721,2698.49757945975,2702.44114792333,2719.65336706681,2751.71573809631
2689,2655.68616460457,2669.64166629505,2700.30522002488,2704.22080859131,2722.43690414719,2754.06998310496
2690,2655.6385444572,2669.04683823951,2701.61756350524,2705.48064532769,2724.67167023974,2755.38540314903
2691,2655.65019974221,2668.74636993022,2703.01911803925,2706.73094336112,2727.11164746637,2756.43682184129
2692,2655.64659331753,2670.65183736604,2701.02325341238,2704.69231424161,2725.90786476846,2750.06966729079
2693,2655.61494913487,2673.6165249626,2702.38058748967,2705.69400438326,2724.87837135716,2749.67495626607
2694,2655.57815421097,2675.6628718009,2703.79084304411,2706.8753338717,2724.28628930947,2750.75241126584
2695,2655.53464125689,2677.15945685053,2702.43292008543,2705.17435968616,2721.1133682494,2748.89564099912
2696,2655.59096044966,2678.37843522235,2703.98478732806,2706.63745247778,2721.64245855013,2750.0202227294
2697,2656.44955688468,2679.14544404999,2700.98993784413,2703.728785604,2719.65347854991,2745.42803665927
2698,2656.61938763119,2678.80255721151,2699.71452744714,2702.54301571515,2719.3014131953,2742.28442949632
2699,2656.91551264634,2678.29040925007,2700.98786442409,2703.88220502325,2721.92623256327,2744.17750769555
2700,2657.05227856423,2678.87905986796,2698.47729821309,2701.61311984504,2720.92108545952,2741.97165142752
2701,2657.06337581449,2679.28292742579,2691.70111331296,2695.52126432526,2718.68456188249,2737.72295598334
2702,2657.17332686037,2680.95028464885,2693.50127514688,2697.76696194552,2717.81957295343,2735.5462698288
2703,2657.26909488277,2681.54058046264,2696.16410853444,2700.7625258759,2720.63117025732,2738.64754061654
2704,2657.32943492116,2681.67920632194,2697.28404996113,2702.21925097938,2722.02934988695,2740.59789270485
2705,2657.34248000725,2681.22791317262,2697.42707667973,2702.67711706667,2722.35522096787,2742.68506293529
2706,2657.58262376484,2681.84913937485,2698.93111682609,2704.095646997,2723.79625648078,2742.30119884119
2707,2657.93234710471,2683.73473905041,2699.13573061215,2703.96661607718,2723.80238162476,2741.0911149036
2708,2658.25139704864,2684.95240528122,2699.77010321093,2704.29603281929,2723.90803480001,2739.413598584
2709,2658.52643369373,2685.81916756763,2700.3581068504,2704.6573506309,2724.03220995062,2739.28028481694
2710,2658.74533673634,2686.56480835649,2701.84894793037,2706.1172586487,2724.7710844824,2739.90839874622
2711,2658.89903557235,2687.36339907965,2704.12294712758,2708.44975089003,2726.28742015635,2741.6032598973
2712,2658.98307889899,2688.23621055898,2707.74144131542,2712.25598812572,2729.59019853993,2744.32707494387
2713,2659.3426170844,2687.02583324063,2709.22133579477,2713.68669505918,2730.86785671393,2745.78112006122
2714,2659.79556395422,2686.92740214134,2704.33476523242,2708.18882756373,2724.17692515601,2738.84940596801
2715,2660.24013463373,2687.62539073502,2701.18463709566,2704.75002320722,2720.52710169347,2735.96694318092
2716,2660.54682552308,2685.51349543071,2702.99129340811,2706.91119010946,2722.21749040183,2736.16095085214
2717,2660.74534726479,2684.72978825173,2702.55465275793,2706.6416345887,2721.83788522849,2735.90386856272
2718,2660.82757258706,2685.04751653539,2697.4099152494,2701.05147543128,2718.07095218666,2732.06767364668
2719,2660.80661738473,2685.6342930367,2697.29276931437,2701.09005093136,2716.79503245612,2732.80832092376
2720,2660.79842789986,2685.71053590652,2697.9096637299,2702.00969300503,2718.42458721509,2736.08623169396
2721,2660.84274944178,2685.85159226859,2697.85323456698,2702.28507183009,2718.7547186272,2736.8187302993
2722,2660.94193210302,2685.77479985593,2697.95894461298,2702.81359670358,2718.21633319,2736.85678789238
2723,2661.00282791219,2684.09409015223,2696.98067202489,2702.25332649626,2716.96888772584,2734.1651554649
2724,2660.87250658992,2682.80046033294,2696.40591181852,2701.83253999178,2716.64240985006,2736.34842390319
2725,2661.03722559404,2687.17450811306,2700.06838775492,2705.90539522669,2721.46271471232,2744.09842434928
2726,2661.30227682801,2687.31240849759,2700.73422164817,2707.2019462833,2724.17192137718,2742.08816601645
2727,2661.84840511499,2685.14489896214,2699.52251288877,2706.93070776068,2724.69866975495,2738.49101195475
2728,2662.47871912282,2682.40058018639,2692.80569317418,2701.7631130203,2719.83789057213,2732.03533700296
2729,2662.44567456338,2684.27725988223,2698.94090300891,2708.11408089966,2726.38163477056,2740.1996476729
2730,2662.427859026,2684.30661568879,2698.18964479451,2707.37471914378,2726.19207451762,2739.41564545014
2731,2662.4196187628,2684.42849743249,2698.88206250812,2708.13419789618,2727.04739491857,2740.6843463057
2732,2662.42147867656,2684.59058279048,2699.96001971833,2709.18994490078,2728.15270140143,2741.82960311397
2733,2662.43219326674,2684.99410928983,2700.96004165319,2710.21876702064,2729.23798832599,2742.7244828423
2734,2662.4503321935,2685.16703968324,2701.59837635574,2710.92687092618,2730.23751839139,2743.73131796879
2735,2662.47424175346,2685.34597638457,2702.23087177382,2711.6350548188,2731.04098209149,2744.44172720628
2736,2662.50220760089,2685.52676638525,2702.82877972789,2712.31012749783,2731.83250211055,2745.19037704842
2737,2662.55993143067,2685.42217145037,2702.46807887463,2712.06128328558,2731.46888347135,2744.83898333164
2738,2662.60716282747,2686.53063012872,2703.44046995093,2713.2798760577,2732.57174410127,2746.20274688007
2739,2662.59466195886,2687.44953457402,2704.35130957318,2714.41297227586,2733.52873017778,2747.56488058098
2740,2662.5263615001,2688.05871378967,2705.08460497532,2715.29850003166,2734.18755139387,2748.72948636685
2741,2662.42085480064,2688.28461810009,2705.58753800037,2715.85639112427,2734.51294579145,2749.59301674607
2742,2662.30544440872,2688.13950412127,2705.86006175321,2716.0820439995,2734.50858905168,2750.09183110896
2743,2662.20457549806,2687.73133597133,2705.9401657866,2716.03026761602,2734.1117819428,2750.15256244393
2744,2662.13139917798,2687.05506938781,2706.00856251177,2715.91514515473,2733.28781687886,2750.03014542856
2745,2662.08733442665,2686.52441914793,2706.76069725397,2716.48448498263,2733.71294073561,2750.98761208175
2746,2661.95674648106,2686.14784417746,2705.37531936444,2714.75164357859,2732.14811906358,2749.17089258346
2747,2661.39774764032,2686.04122558399,2703.60051914437,2712.53112098431,2730.12940207233,2749.19810216095
2748,2661.07692901212,2685.58667289628,2703.18714418749,2711.55351695997,2729.70931946514,2748.15984589092
2749,2660.9416708702,2685.06614548676,2704.30670811172,2712.23869531761,2731.06259900041,2748.02577124348
2750,2659.97745957282,2682.69284677279,2702.20088940751,2710.29067855475,2730.01443441593,2747.83307841739
2751,2659.03327030652,2680.24659333133,2701.35843840703,2709.80836468592,2730.80879988428,2746.98356044987
2752,2658.1698923542,2677.51895784392,2700.40414500731,2709.24798569331,2731.85441738957,2747.00493535568
2753,2657.54143987617,2676.07414340688,2702.00215347731,2711.43899145559,2734.6838252279,2748.83364988777
2754,2656.9314227992,2675.50016620718,2701.44671485623,2711.10438209826,2734.08339559227,2749.65444777434
2755,2656.29952224779,2674.88308200988,2700.70514484013,2710.62396783223,2733.43854378891,2750.35200824647
2756,2655.6848415506,2674.39547763276,2700.12276433651,2710.34913733121,2732.53806440582,2751.03733708608
2757,2655.47646442913,2674.64720695907,2700.66282724374,2711.08168594032,2733.20795917698,2748.7743050106
2758,2655.48747648893,2675.23104255334,2699.38757164808,2709.95013782222,2731.61081025504,2746.31342428393
2759,2655.54577499173,2675.43581975145,2700.16260824566,2710.78100552508,2731.90781953089,2746.83875901994
2760,2655.59640572038,2675.34262798247,2700.27040515271,2710.87247247602,2731.49254894095,2747.02237567958
2761,2655.63820251829,2675.14756933416,2701.79501093126,2712.30616786227,2732.24394652226,2748.00436861224
2762,2655.67005141545,2674.9510587192,2701.41766549095,2711.91344746644,2731.36306058041,2747.05875952895
2763,2655.6909331256,2674.78147255729,2701.05173459628,2711.49571460622,2730.61462638419,2746.03659647054
2764,2655.69995625794,2674.64225244874,2700.68125026774,2711.0560663232,2729.88306505083,2744.95553768989
2765,2655.69642402486,2674.5199059857,2700.31618767519,2710.61125572612,2729.23253918675,2743.83937802672
2766,2655.67983877758,2674.39740545326,2699.93855378509,2710.1287971603,2728.60619570469,2742.62285216661
2767,2655.65002182185,2674.26271655373,2699.47151126562,2709.57237535953,2728.04048797159,2741.60068469481
2768,2655.60708619962,2674.10093345936,2699.13407972357,2709.18936652621,2727.65757626625,2741.44194127836
2769,2655.55147408679,2673.8880446926,2698.73021216905,2708.7119838141,2727.19038903368,2741.3629482554
2770,2655.49642391087,2673.51368042276,2697.85919616191,2707.83579295886,2724.6683942385,2742.82858704143
2771,2655.35151885054,2672.96942325026,2692.83559151799,2703.47573766836,2724.31510232872,2734.62960659777
2772,2655.32661936828,2673.10669984393,2693.19503015423,2703.82308496988,2722.00416609539,2732.19275737657
2773,2655.30108359595,2673.55682664076,2693.25475203172,2703.88755992991,2722.10703189685,2732.08908300236
2774,2655.27502084,2673.72698702042,2693.42802426285,2704.03487562411,2722.85780515409,2732.840091728
2775,2655.2485764277,2673.8434290859,2693.46334031399,2704.03637124308,2722.64009417276,2732.18847814095
2776,2655.22187906567,2673.96098624496,2694.15760259342,2704.7131694182,2723.27931286527,2733.32225283179
2777,2655.19506350722,2674.0332573782,2694.04590783341,2704.51718481639,2723.06392985253,2732.84822689942
2778,2655.1838960718,2674.04860326327,2694.11979490805,2704.50196232702,2722.82375589742,2733.13565282727
2779,2655.21346199556,2674.16171223669,2693.98955209091,2704.28263760414,2722.31242902051,2732.53880504279
2780,2655.24221263329,2674.23170896228,2694.9999074309,2705.1349573024,2722.82400100879,2733.30215564627
2781,2655.26849726021,2674.25683396654,2695.03544280545,2705.05014064616,2722.48513749531,2733.12279127425
2782,2655.292073287,2674.25619973965,2695.01141722619,2704.87590417207,2722.0576138355,2732.92221346507
2783,2655.31275348434,2674.23762630783,2694.95136566186,2704.63687797027,2721.56094546092,2732.65419448567
2784,2655.33178324893,2674.19533018858,2694.79891494801,2704.27048036162,2720.95511079702,2732.22757766023
2785,2655.42851490173,2674.17131959085,2694.8480706341,2703.87065537674,2720.60134473045,2732.24068352474
2786,2655.52300389682,2674.06702383248,2695.33226778847,2703.86002546675,2720.71624240024,2732.70411378897
2787,2655.61490452977,2673.91568731357,2695.28028578339,2703.33644165648,2720.27003491546,2732.60093540924
2788,2655.70379297284,2673.7482227504,2695.23684621242,2702.83501458782,2719.79309232554,2732.3280293036
2789,2655.87317023838,2673.10879281671,2693.9562141029,2701.35787932404,2717.15411232302,2730.2953761977
2790,2656.1559247433,2675.50721938435,2698.39997276557,2705.56071765859,2721.74407163123,2735.72523309149
2791,2656.44854950617,2676.18743646302,2701.63157379738,2708.84797359664,2724.95574035135,2739.14892634894
2792,2656.74925613797,2676.54253607415,2701.82530470902,2708.9817973231,2724.71022877581,2739.19260393851
2793,2657.05623932491,2676.59405461368,2701.55806068185,2708.6405577289,2723.52674170246,2738.33480002444
2794,2657.35416983869,2676.43342910203,2699.72539025924,2706.63583212188,2721.66350982165,2737.54119835631
2795,2657.63416591876,2675.8141349373,2699.70836842504,2706.63039150699,2723.48506169753,2737.53912193904
2796,2657.55071979767,2675.29539044914,2703.0332736549,2710.00851057946,2726.62366812428,2740.71909094714
2797,2657.4655873486,2675.124179755,2702.02534603791,2708.99307915881,2725.87573096605,2740.22887726104
2798,2657.07898025675,2684.41183807533,2700.90246231954,2707.76687853261,2738.90502368023,2752.55573923746
2799,2656.65142780994,2684.52777139335,2698.38333557732,2704.93892629485,2735.24285536314,2748.1170269529
2800,2656.39276866554,2684.91209835062,2698.41793159704,2704.56986163076,2733.55637825267,2747.14873622727
2801,2656.29453373355,2685.35085393242,2700.49190004748,2706.27097709972,2734.30680645867,2749.34837367078
2802,2656.32574625857,2685.64209231907,2700.31354282498,2705.71990987389,2732.77184996256,2748.67621925323
2803,2656.45224559381,2685.34512543803,2700.42274888058,2705.48740067994,2732.25784018171,2748.44312692088
2804,2656.7626923957,2685.34475974625,2701.44453394117,2706.30156112358,2732.72599074394,2749.5458705523
2805,2657.01992498065,2685.47423718211,2702.18067740153,2706.88680708168,2732.4556678242,2750.19249204909
2806,2657.30342211855,2685.66354202236,2703.04294050313,2707.63274353712,2732.25219187527,2750.91042370884
2807,2657.60554643943,2685.9225486,2704.02676827054,2708.52576117514,2732.18993845207,2751.65070134247
2808,2657.90783973592,2685.69729339627,2705.16855303611,2709.5975212799,2734.11280871957,2752.65757734073
2809,2658.00030643038,2685.72745755123,2705.84106289205,2710.29705832958,2734.52258631076,2753.45854454848
2810,2657.94974575919,2685.40163705786,2704.10824245906,2708.5936430476,2731.9767736223,2749.90135307264
2811,2657.17226068577,2684.49388873183,2703.81421983788,2708.30435042895,2731.30564528292,2749.42383424351
2812,2656.3418661694,2683.72044853512,2703.48756593512,2707.97506806238,2729.67675086065,2749.11190442698
2813,2655.76118181912,2683.68679762625,2702.46349401452,2706.90866396276,2727.55691915948,2742.8863151101
2814,2655.65987469024,2682.80653670219,2702.32707734427,2706.73500071476,2726.43900845153,2741.26678740377
2815,2655.71206042398,2682.410374066,2701.46486478463,2705.88453563761,2725.5882307911,2739.88995261603
2816,2655.76219585198,2681.67884286007,2701.04740083156,2705.43948472177,2725.66165963136,2739.80794326097
2817,2655.81112202437,2682.03620156517,2701.3132472908,2705.71279730397,2725.91949313703,2740.12179177928
2818,2656.02787658859,2682.29531501328,2701.11320990094,2705.48392339222,2725.23808972908,2739.6338585716
2819,2656.24149701571,2682.74068411849,2701.67413425701,2706.0551175339,2725.6947193942,2739.36601959076
2820,2656.20344513693,2682.72540361682,2701.7485860312,2706.17125204182,2726.99202080579,2742.53058967211
2821,2656.08441088806,2682.3828506837,2700.94946220243,2705.44576156449,2726.55540506121,2741.00135242604
2822,2655.96033048202,2682.00915481829,2699.81835597715,2704.34321952137,2725.55418884218,2740.03862449107
2823,2655.85490868962,2681.73073587947,2698.90749909731,2703.42501523313,2724.72551699242,2739.5232659962
2824,2655.81589776479,2681.97104972686,2699.08016076309,2703.59996761963,2724.7342177369,2739.58885964231
2825,2655.71737018819,2682.03009487019,2698.57073377735,2703.1181746453,2724.07325532567,2738.96957338172
2826,2655.55319124313,2682.08005051718,2697.79690676845,2702.41332807109,2722.74663635945,2737.55861174479
2827,2655.389068739,2681.30085816092,2698.26698788784,2702.92193043459,2722.10810751408,2738.35132807142
2828,2655.16135044161,2681.17432331096,2698.55550370799,2703.29526466856,2722.73622007097,2739.31377484024
2829,2654.93739579884,2681.04657678927,2698.98008193761,2703.80044533887,2724.74357046794,2742.66979051095
2830,2654.72223807814,2680.95512802565,2699.36227104565,2704.24909690299,2725.56294489017,2743.33004692004
2831,2654.52022707541,2680.88240996486,2699.73532305197,2704.67180721359,2726.34294137778,2744.041388015
2832,2654.45010848049,2680.99179898608,2701.48372444326,2706.49962727884,2728.82720820188,2746.86673703733
2833,2654.47591817287,2681.24105076616,2701.86250981383,2706.95644153256,2729.84359884195,2748.68306931806
2834,2654.50612918546,2682.22902965948,2703.29587633762,2708.54385494786,2733.43703296314,2752.17541792314
2835,2654.57870613011,2684.5360151062,2705.79759826976,2711.07585112496,2739.71717200012,2756.31806995677
2836,2654.64858891605,2685.10021560791,2706.22168893664,2711.54204416885,2739.44469642416,2756.55975331894
2837,2654.71553220088,2685.47681253262,2706.37795747471,2711.74599742856,2739.08057235813,2756.6577758277
2838,2654.77496024929,2685.74971239615,2706.5169067111,2711.9370762805,2738.8552650917,2756.98948717469
2839,2654.8134548626,2685.81178055391,2706.74037430061,2712.23338251866,2739.07086430056,2757.83564591035
2840,2654.85340408309,2685.76813307331,2706.71768727683,2712.24858302696,2738.98037316447,2758.37746365272
2841,2654.89361597946,2685.68465118804,2706.68848950033,2712.25384762422,2738.84663066487,2758.73451798835
2842,2654.93367384433,2685.58043501664,2706.66764801753,2712.26975284866,2738.70043617705,2758.88043291355
2843,2654.97318833286,2685.45591507027,2706.6105167397,2712.25424106018,2738.49676153523,2758.8024471059
2844,2655.01174255716,2685.31251855746,2706.47158227271,2712.16561343958,2738.1902467413,2758.51174550292
2845,2655.04890118943,2685.15270337501,2706.18532848896,2711.93947527245,2737.71074553495,2757.99799203233
2846,2655.0879660395,2685.23485773898,2706.17448042368,2711.99276999329,2737.47968205762,2758.21989893634
2847,2655.12476902189,2685.32822552495,2706.1396029563,2712.01608586116,2737.23654440623,2758.57853229576
2848,2655.1586414555,2685.39530595612,2706.08929734128,2712.00918649845,2736.99520631144,2758.98018949568
2849,2655.18941644525,2685.43613670953,2706.13452577788,2712.07576810202,2736.87601050687,2759.51258193852
2850,2655.21699757095,2685.45856015643,2706.38853411284,2712.3397162613,2737.02292827188,2760.86849060028
2851,2655.25623168176,2686.36283096459,2706.98302838699,2712.92305076377,2737.6105909043,2761.01536508631
2852,2655.30905708044,2686.78576929588,2707.25026290764,2713.15187693986,2737.71963264453,2763.4938145568
2853,2655.36020922994,2687.27759312982,2707.59321261253,2713.45504342762,2737.95475945811,2763.85968366132
2854,2655.40940750462,2687.81378235194,2707.98895791026,2713.81022969726,2738.26487017475,2764.03193588316
2855,2655.43753402795,2687.66989443495,2708.31291333787,2714.06909920233,2738.55381551588,2763.65356574032
2856,2655.44632912364,2687.32747947834,2709.02778618495,2714.79547806277,2739.19150853809,2764.21844653616
2857,2655.45380002679,2687.31130024968,2709.50515469915,2715.27708259858,2738.78647020503,2764.58557148826
2858,2655.45968116839,2687.46017223925,2709.81410345609,2715.57786563162,2738.2050960132,2764.78946152574
2859,2655.46370263431,2687.63798906867,2710.01980638888,2715.77357214539,2737.76310620641,2764.92544447483
2860,2655.46555998188,2687.75022050778,2710.18486052757,2715.93297854614,2737.4382468744,2763.6767657012
2861,2655.46501793921,2687.78080419155,2710.30637560182,2716.05562889,2737.2305252113,2763.65429627419
2862,2655.46186727503,2687.69020807371,2709.32942836289,2715.06163538267,2735.98941605458,2762.13615430926
2863,2655.45592666505,2687.63687086494,2708.36030888781,2714.09700687717,2734.90233173165,2758.45291263911
2864,2655.4457617198,2688.50982807109,2707.30739008784,2712.91732482279,2733.16448406798,2749.32399346373
2865,2655.44416293363,2691.12135004714,2710.79085973687,2716.29486788756,2736.3850016128,2751.46712567693
2866,2655.52687059836,2688.69831046254,2711.65063441187,2717.40257472481,2737.37424379028,2752.79528794642
2867,2655.67304381263,2688.39567151072,2711.48599924019,2717.40928998976,2737.20294997974,2752.63797945344
2868,2655.82459717365,2688.01954959844,2711.39618871621,2717.40282173964,2736.93805651645,2752.53931261628
2869,2655.97410711366,2687.82618031866,2711.32237946025,2717.36965035648,2736.60216956571,2752.33131868648
2870,2656.11408483551,2687.9691073867,2711.26335214419,2717.34847623064,2737.17061001937,2752.70447977682
2871,2655.92138770929,2688.0904684898,2710.70776681732,2717.04364372333,2736.68271766923,2753.95859628019
2872,2655.69616740017,2687.25242595345,2710.28594372637,2716.80738751899,2736.22591625275,2753.5881664683
2873,2655.45295695722,2686.25602682934,2709.73814824471,2716.43009736032,2735.77452008575,2752.97674279316
2874,2655.19743747464,2685.16178918943,2708.93204147512,2715.78188960207,2735.10257692943,2752.32990428072
2875,2655.00827566353,2684.16421810875,2708.49246342529,2715.45944470684,2734.7564827668,2748.6282534542
2876,2654.96791866828,2683.37013389696,2709.05465696019,2716.18351191878,2735.53239180086,2749.28717707659
2877,2654.9345625965,2682.56656098599,2710.16895345171,2717.3329695909,2736.6197416707,2750.60644325457
2878,2654.91060639633,2681.82014076251,2711.75087260454,2718.80766326309,2737.90048006425,2752.37883542025
2879,2654.89669158321,2681.19460842694,2713.5291031223,2720.35938032786,2739.21004583823,2754.32790076893
2880,2654.89148177918,2680.73410183343,2715.17326020561,2721.70457255481,2740.38522490542,2756.18831793514
2881,2654.89218459461,2680.41901112853,2716.45436765631,2722.6592853521,2741.28359992161,2757.77606082281
2882,2654.90387061274,2680.21318238926,2717.30163709177,2723.19319605166,2741.88680068514,2759.22636425858
2883,2654.97188267606,2680.25432090726,2717.87151443647,2723.51106098907,2742.70444209024,2761.9616286992
2884,2655.03297094558,2680.32374546152,2718.30224070166,2723.68418639376,2743.40339877163,2764.18635496025
2885,2655.0211741134,2680.05765460507,2718.01276382947,2723.21357108586,2743.08924802549,2764.67355915483
2886,2655.08477835429,2679.47898505029,2717.68959576284,2722.55322685909,2743.19411114321,2764.50084337863
2887,2655.14650180885,2678.38446011453,2717.49998037192,2722.14023525446,2743.67171401356,2764.7112706773
2888,2655.19728654951,2677.81296023069,2717.3894266913,2721.85541204663,2744.12099460726,2764.35511670133
2889,2655.23184878822,2677.43384221536,2717.04346205977,2721.388046694,2744.42652633606,2763.2486444585
2890,2655.16192145207,2675.57288565313,2716.2344088365,2720.48346359292,2742.67087686453,2765.52439023686
2891,2654.9128558496,2674.81598721835,2715.54884271106,2720.03851160039,2742.78261654231,2766.5169990757
2892,2654.66763080939,2674.41946846357,2714.60857944521,2719.38692200121,2742.81521574073,2767.2962837786
2893,2654.46693454412,2674.55837685735,2713.34625621176,2718.39317440816,2742.1966931805,2767.44887304913
2894,2654.28549490985,2673.93225424152,2711.1707659374,2716.37069486599,2740.23943164259,2765.55043990061
2895,2654.10590178266,2673.30518117061,2708.97377714067,2714.39814127572,2738.3713455349,2763.12589953425
2896,2653.93334955188,2672.76518625609,2706.92491653399,2712.63002025307,2736.73840672848,2760.13757830781
2897,2653.87340312522,2672.31496937284,2706.32991707754,2712.14550449904,2735.49476716221,2758.94540625506
2898,2653.83677779526,2672.15256839094,2706.09002091973,2711.95656437043,2734.61440955275,2757.93603561579
2899,2653.80414445413,2672.22700908914,2705.87185473204,2711.77054831267,2733.50162390479,2757.30467612459
2900,2653.6131543403,2672.1273304123,2705.74317463764,2711.02521551192,2731.89721531402,2750.87079685332
2901,2653.18132670974,2671.90580519778,2704.31330807775,2709.20824519936,2729.01038948793,2748.26625197082
2902,2652.83783651929,2671.92297586883,2702.69995200368,2707.16884287816,2726.21844933284,2746.09752136219
2903,2652.58922797156,2672.17010207718,2700.64462739398,2704.69759822832,2723.39869097703,2743.82630102441
2904,2652.38588221037,2672.70652418247,2700.6430795215,2704.75773609936,2723.52169239765,2743.96837346954
2905,2652.17375482234,2672.87319746947,2700.05586255292,2704.48825967984,2723.66278585274,2744.63272784014
2906,2651.97300331227,2673.01904669828,2698.95389216154,2703.6302920747,2722.99332011172,2744.30637385021
2907,2651.78798392658,2673.10709070099,2697.32961804583,2702.20891412277,2721.62966979664,2743.11014704983
2908,2651.62971232659,2672.76109126175,2696.24955340281,2701.61267230538,2720.83633738276,2741.05341692854
2909,2651.50967969383,2672.28959136914,2696.28212639055,2702.21048168516,2721.21448369965,2740.06668427354
2910,2651.43301407524,2672.14680838186,2695.90069239858,2702.40978781374,2721.38910628836,2739.96008429541
2911,2651.40183623748,2673.1173769761,2695.32381768171,2702.424514295,2721.55876472711,2739.11206431804
2912,2651.42409623583,2675.0599188581,2694.71363710501,2702.46138239124,2721.47036662412,2739.92849094453
2913,2651.57322413621,2675.81632433631,2694.60552884228,2703.115100826,2721.16413623811,2739.28383830162
2914,2651.69899925508,2676.04162280264,2692.63871319824,2701.52105663501,2718.46174074029,2736.55825766424
2915,2651.72771583117,2674.98650149883,2692.71382736083,2701.54862559427,2718.89138642231,2736.02365121234
2916,2651.57710063902,2674.8101663736,2693.80834607012,2702.37318005736,2719.45605663371,2738.37967302203
2917,2651.4636525453,2676.06698548281,2694.3370930914,2702.5744828012,2719.57414989826,2739.25052782896
2918,2651.37818696954,2678.13273358271,2696.08341684762,2703.85896577079,2721.21914792968,2741.04482676794
2919,2651.2804045466,2680.47877255456,2698.65861980041,2705.89584780322,2724.02386612722,2743.64901890176
2920,2650.99267920415,2681.93174164187,2699.31073704473,2705.97544864465,2725.15571856199,2744.38598432775
2921,2650.73050541566,2683.2695374952,2699.59462368586,2705.77739890926,2726.03747175793,2745.6616752943
2922,2650.49837352437,2684.32602722094,2699.95561022002,2705.7251081179,2727.03463633671,2747.26619530115
2923,2650.2993555924,2685.18962076029,2700.74552910739,2706.10894382199,2728.42767919471,2749.4549652707
2924,2650.14532198325,2686.31421760543,2701.95334622647,2706.92981778122,2730.21541397235,2752.18987228811
2925,2650.03009516256,2687.34048802659,2703.88352812046,2708.54287453738,2732.88776263142,2756.55309362977
2926,2650.01808949834,2689.17314627755,2703.79163103364,2708.45164408718,2734.21785908641,2758.87011138855
2927,2650.01898828679,2689.58243557755,2704.57015125085,2709.27044907463,2735.22872763042,2759.43570236937
2928,2650.03464228207,2689.83391839287,2704.03398591823,2708.66798674133,2734.79269279687,2758.64539036654
2929,2650.00446678199,2689.92832993352,2705.77956462452,2710.58076163657,2735.94579055793,2758.90810133773
2930,2649.95816880425,2689.95366723366,2705.67277131304,2710.49622471486,2735.73331558318,2758.19730038953
2931,2649.91438412356,2689.83261027064,2705.40344766712,2710.23713904765,2735.26259767685,2757.25433408504
2932,2649.87482176134,2689.51981543077,2704.94125384123,2709.76577436109,2734.45942996918,2756.02882171995
2933,2649.84369455579,2688.94636536695,2704.24648344752,2709.02654104503,2733.25093306469,2754.46330129689
2934,2649.82928003728,2688.06823669265,2703.27784732654,2707.96294615329,2731.59877265515,2752.54859845678
2935,2649.84338183675,2686.83782844257,2701.95864450966,2706.49475712731,2729.43525875587,2750.3540920788
2936,2649.8949267188,2684.63388218633,2699.86375018341,2704.20268778549,2726.25351043441,2747.80459570999
2937,2649.94964491583,2678.50930482039,2695.21959400472,2699.41973865884,2722.10094339409,2743.76927186452
2938,2649.99800429373,2677.83364919781,2695.66042674496,2699.88405690884,2721.79814800151,2744.39426756981
2939,2650.05143348455,2677.22051923744,2695.36444964876,2699.65136947162,2721.01821724887,2744.17161480325
2940,2650.10964213005,2676.67130637322,2694.83843208472,2699.20906870467,2720.25002338648,2743.78449174461
2941,2650.17225736321,2676.14443033762,2694.25100712267,2698.71448511119,2719.58561172691,2743.40898530981
2942,2650.23890941813,2675.59888161358,2693.65456938509,2698.21411597205,2719.01970926409,2743.09203161926
2943,2650.30914680692,2675.01113984205,2693.07716020227,2697.73235438413,2718.54313070155,2742.85449995158
2944,2650.38256612778,2674.372822043,2692.52515790646,2697.27384560549,2718.13774138026,2742.68957317224
2945,2650.4588408695,2673.69077016302,2692.01368030876,2696.85202226392,2717.79655107693,2742.60287187042
2946,2650.76914254834,2672.73990576247,2689.06119811671,2694.03177911748,2714.98471633631,2740.98541866849
2947,2650.70251281814,2672.3888460509,2687.5847598362,2692.61495982682,2712.26557842397,2736.07153157854
2948,2650.55193942042,2673.22452199535,2693.09852902865,2698.66480244053,2717.71854063592,2742.75651501838
2949,2650.54014162299,2673.33621728398,2694.64325526841,2700.36275125804,2719.15525337443,2744.91819087429
2950,2650.53688048022,2673.41533033344,2696.25097535308,2701.98402517119,2721.15307846246,2747.54713378792
2951,2650.54748715692,2673.22237530101,2697.43698832474,2703.12878590792,2723.00318189502,2748.95419279923
2952,2650.5321688511,2673.02410465992,2697.5502912102,2703.20705337898,2723.42641359368,2748.83013715083
2953,2650.52507295574,2672.94099221028,2697.32023240013,2702.95598028033,2723.33655319898,2748.55496875017
2954,2650.53904467693,2672.86151108543,2697.00516079769,2702.64408649818,2723.16485285307,2748.15458831231
2955,2650.5669581745,2672.77787270774,2696.61141880101,2702.27266871487,2722.92253474989,2747.63186017459
2956,2650.60343935135,2672.68515226104,2696.15241668014,2701.84990350227,2722.62802478184,2746.99365427886
2957,2650.64479783959,2672.57775059519,2695.640100541,2701.38453007509,2722.30077386532,2746.25540018726
2958,2650.68870065646,2672.44699721836,2695.08807834842,2700.88926705397,2721.95710142046,2745.44984240077
2959,2650.73372385343,2672.27841147728,2694.51359792377,2700.3826368147,2721.61340176553,2744.63469253168
2960,2650.77903219033,2672.05649111263,2693.95419458141,2699.90359969246,2721.30713492462,2743.92323906724
2961,2650.82414392189,2671.78048019406,2693.47983869671,2699.52283601661,2721.10286883008,2743.49735707699
2962,2650.86880545193,2671.52676933941,2693.29043590986,2699.42781006665,2721.19426500006,2743.65707466245
2963,2650.91290134787,2671.03556760717,2693.08581030871,2699.22592118396,2720.88792401632,2744.39999192219
2964,2650.86187167266,2667.61978224531,2687.56936200294,2694.00868586615,2713.41354121367,2736.73417608807
2965,2650.83123462703,2667.66642856549,2687.60065036482,2694.45162547781,2715.46256706916,2737.54178136223
2966,2650.82841467591,2667.51821760284,2687.76561280254,2694.88511354594,2715.91825639401,2738.18363290901
2967,2650.83606631953,2667.3839333932,2687.68724325901,2694.97399837306,2715.93925202462,2738.59074371632
2968,2650.84881712677,2667.24513421043,2687.53540875603,2694.92138352973,2715.79600885164,2738.61523468416
2969,2650.86460830431,2667.10304904955,2687.38151096242,2694.82084652285,2715.5763732458,2738.45002090912
2970,2650.88251471664,2666.96319135356,2687.24636843535,2694.71004608111,2715.33321148091,2738.17959000645
2971,2650.90204230572,2666.82919889217,2687.13569964525,2694.60571141608,2715.083957472,2737.84841703839
2972,2650.92288776653,2666.70288361801,2687.04030808619,2694.50421812304,2714.82756195108,2737.46893421701
2973,2650.94486253616,2666.5865174569,2686.95707780527,2694.40699646688,2714.56638606757,2737.05655259389
2974,2650.96780416334,2666.48135433337,2687.99571274338,2695.36608119138,2714.91942193615,2737.54685197954
2975,2650.99162459431,2666.38360378525,2687.21280175565,2694.64914405332,2714.72101568613,2736.62763349256
2976,2651.01620017263,2666.29575908348,2687.29494407369,2694.74280327191,2714.519668174,2736.10493525731
2977,2651.04145677617,2666.21610561904,2686.75299651646,2694.10697624742,2713.53688889823,2735.32821370031
2978,2651.06732655013,2666.14506829951,2686.74449716001,2694.06967041488,2713.28640616219,2734.92663628597
2979,2651.09375432164,2666.08159207595,2686.76659350466,2694.06303360275,2713.05435362635,2734.55205587214
2980,2651.12065603923,2666.0251200728,2686.82211643129,2694.08979482438,2712.84575977778,2734.19445092277
2981,2651.14799732389,2665.97543459138,2686.92971675161,2694.16912660613,2712.69116316786,2733.85121119588
2982,2651.17573053914,2665.93158918386,2687.13488123332,2694.34832979592,2712.65511209577,2733.55223913434
2983,2651.20378336563,2665.89338999602,2687.45389778228,2694.64400956482,2712.7771762908,2733.2740743634
2984,2651.23213732194,2665.86007188655,2687.86174529902,2695.04179764618,2713.07492001294,2732.88773449759
2985,2651.26072758138,2665.82981639936,2687.66002935198,2694.73165620336,2712.87902672602,2732.21669249577
2986,2651.2279933951,2665.60434555652,2686.62668347588,2693.72465958096,2711.29848047884,2730.25352573231
2987,2651.11481696693,2665.52250853487,2687.76490423784,2694.78293161153,2712.21723820561,2731.69896602967
2988,2650.99488625733,2665.36548887889,2686.59291176894,2693.44385148433,2710.81224063021,2730.58593418217
2989,2650.87970344556,2665.29996794101,2685.93212399902,2692.63228991432,2709.85047824812,2729.55564260984
2990,2650.77326303871,2665.38438790244,2685.64439481488,2692.20334260858,2709.26778584173,2728.86257096563
2991,2650.67958896902,2665.64226987071,2685.70384771866,2692.13582089894,2709.11528794969,2728.49252015296
2992,2650.60212832288,2666.10002216299,2686.07680962128,2692.39872727846,2709.70029654627,2728.29429780559
2993,2650.60455031443,2666.50914905339,2692.8718237839,2698.86009298103,2715.85246947194,2735.13155906561
2994,2650.91419455718,2667.35069770842,2692.46762142674,2698.18321681039,2714.30837804041,2733.72252562137
2995,2651.30861755433,2668.02078764468,2692.69956923983,2698.20402953869,2713.78697647845,2733.3312042962
2996,2651.76450669018,2668.45103976108,2693.13713977612,2698.50246240377,2713.69190390311,2733.20405849737
2997,2652.25611504455,2668.78078226702,2693.6911511003,2698.98157859116,2713.75364123499,2733.36729999468
2998,2652.75994132633,2669.22917124001,2694.48878490089,2699.7162660932,2714.02841740189,2734.11319293061
2999,2653.23849935777,2669.77567920624,2694.67487417407,2699.82436363013,2713.81879083865,2733.73299643733
3000,2653.67439739175,2670.48379141807,2694.37114729837,2699.39301481598,2713.4306192255,2732.34921694882
3001,2654.05066102751,2671.22702296925,2694.66057812382,2699.63486054587,2714.31941913323,2729.67410996126
3002,2654.67150618132,2672.37206308057,2695.41438943655,2700.1604660236,2715.97147039067,2729.70969929195
3003,2655.01191143609,2672.7819820515,2697.38601256161,2702.14908526539,2715.86595973045,2731.13416026002
3004,2655.12710950773,2673.83787916371,2697.94610308676,2702.63963312892,2716.84834458915,2731.82513249275
3005,2655.22312933611,2674.22054325676,2698.79380110259,2703.41400877141,2717.99495872562,2733.02476762004
3006,2655.3001122024,2674.5045052538,2699.5485899881,2704.0880770937,2719.00623098432,2733.41189236684
3007,2655.35706376041,2674.71169774458,2700.17168512503,2704.62552540185,2719.84579342045,2734.0853447359
3008,2655.39346019743,2674.86510706686,2700.60769577021,2704.97027041415,2720.45418623787,2734.74737161767
3009,2655.40930411301,2674.9989493211,2700.3098692803,2704.54274716456,2720.21670467863,2733.84148196116
3010,2655.40147669277,2675.92042746354,2700.94974664685,2704.8549402769,2720.4091379218,2733.18928238275
3011,2655.39222812787,2676.56311463798,2701.63033215395,2705.19666771196,2720.35261427039,2732.26153678148
3012,2655.38630785318,2676.4831871819,2701.85486157778,2705.11970676599,2719.64062097755,2730.63338612704
3013,2655.38606430508,2676.06698653152,2701.90910230717,2704.92712515633,2718.80408022852,2729.127578096
3014,2655.39228305966,2675.63069277284,2701.87817723887,2704.74648059311,2718.21749711949,2728.63074643963
3015,2655.2500463511,2675.72936555825,2701.37369518647,2704.22079189491,2718.0121383226,2731.55664816036
3016,2654.79413867242,2674.98835907641,2700.99397330335,2703.81681580976,2718.74685584796,2734.3363796662
3017,2654.25181104046,2673.53482840844,2700.34424819134,2703.19618447465,2719.95169128494,2737.09085851065
3018,2653.52596540905,2671.81815803249,2700.67701286237,2703.88066697005,2723.07050178857,2743.09070426474
3019,2652.65253302061,2671.11502092402,2699.25003620906,2702.82508710537,2725.10591776075,2744.1226469643
3020,2651.81073802517,2673.33676449531,2700.83395275824,2705.01522913157,2728.7990288989,2744.86618659297
3021,2651.1959698354,2673.99075257717,2700.91668231321,2705.65445719436,2730.16654578851,2748.23993175256
3022,2651.24834466402,2673.36877702979,2700.99239011346,2706.13418829626,2730.06688324577,2746.73981689805
3023,2651.40413230072,2673.54710086256,2701.70245797244,2706.94064439574,2730.66365767163,2748.97398987607
3024,2651.56531840549,2673.94894239855,2702.2801995061,2707.31849385198,2731.69764356732,2748.71017267299
3025,2651.73677527337,2674.25455594359,2701.657481886,2706.69468960237,2731.18492943493,2746.92359121633
3026,2651.92434572503,2675.62124551718,2700.58488655742,2705.71081776022,2730.54194241313,2745.20387190245
3027,2652.12322922761,2676.4305048086,2700.34748459151,2705.54080277984,2730.19680636706,2744.45639654662
3028,2652.33093903224,2676.96906158684,2700.1343797067,2705.37653718361,2729.55406518091,2743.38332695396
3029,2652.54453160011,2677.87833061982,2700.12012653217,2705.41137079529,2728.90260183028,2742.05915477842
3030,2652.76080047178,2680.30458000053,2701.16664838602,2706.54119656415,2729.80765896045,2742.1713164516
3031,2652.97563549536,2682.17529929632,2706.69226535162,2712.25479409203,2736.62780837359,2749.18996044435
3032,2653.18391686416,2681.96423239751,2706.53619146907,2712.08454066502,2736.18569033792,2749.59617243166
3033,2653.38573862785,2682.15049523343,2706.26055201832,2711.81945522032,2735.50594766874,2749.13959650602
3034,2653.57822069034,2682.36489282121,2705.93501854099,2711.51654050163,2734.76546540441,2748.6133942646
3035,2653.75888128971,2682.57628484036,2705.56698662571,2711.17794297027,2733.97300220135,2748.0835661907
3036,2653.92572548691,2682.7732239672,2705.16489352098,2710.80966619122,2733.13783415697,2747.55683023952
3037,2653.86767791363,2684.02760142489,2705.42960180825,2711.2195766824,2733.6873525357,2748.35406849499
3038,2653.78308148555,2685.22345101133,2706.37549185753,2712.18472601387,2734.74804834782,2749.78134598911
3039,2653.73907547642,2686.60106042503,2708.78578016892,2714.5097902439,2737.07073477055,2752.06035069252
3040,2653.75846019526,2685.66473959432,2706.03172478502,2711.37343251646,2732.11465527035,2748.96510974211
3041,2653.6749987701,2684.61334222394,2703.04514914413,2708.03889394274,2728.20127130679,2745.14460873339
3042,2653.76441554107,2683.07134596133,2701.22714691636,2705.91236372011,2725.79276099357,2742.58028407388
3043,2653.85961753429,2681.65901487076,2699.56845612182,2703.95618622485,2723.53647019744,2740.17934552407
3044,2653.95823331041,2680.45228572535,2698.02963801999,2702.13831000353,2721.45632622236,2737.47655154913
3045,2654.05750858245,2679.52932271461,2696.67694018164,2700.51607465276,2719.64494836337,2734.71010961848
3046,2654.1543394443,2678.92586669545,2695.6268497157,2699.2035985549,2718.24462382721,2732.97168962897
3047,2654.24548697909,2678.62951068892,2694.94111636207,2698.26635261791,2717.3451629814,2732.08569800533
3048,2654.32787300528,2678.59934846074,2694.57552222133,2697.66122157572,2716.92073535829,2732.62221747685
3049,2654.398709054,2678.66723673033,2694.04144145242,2696.9029487331,2716.5285056597,2733.43117100975
3050,2654.45580777257,2678.25751588799,2691.90092517117,2694.59791371117,2714.7195611074,2733.42179857218
3051,2654.49776398004,2678.29355837709,2693.16826175411,2695.84547214598,2715.98086458027,2738.16595906286
3052,2654.45519728489,2676.48936671569,2701.34216920822,2703.91670115297,2723.70987987395,2749.56078815101
3053,2654.40394996247,2676.91783301093,2707.87263961771,2710.32137151498,2730.0736082586,2756.07942095626
3054,2654.35172246993,2678.18538569751,2708.93441952336,2711.28189393125,2731.00055015901,2756.92651168676
3055,2654.28555989441,2679.95651343331,2707.9068369561,2710.23369991429,2728.85935051141,2754.35111499689
3056,2654.61193698555,2680.63790411784,2696.91156548919,2699.21252500508,2718.86179333327,2742.05084739434
3057,2655.12625061946,2679.2728986775,2698.17333646075,2700.83661889872,2720.66472153129,2742.6870116801
3058,2655.5538289264,2681.00376970636,2698.27792810849,2700.98128297531,2719.2881037115,2744.52469005825
3059,2655.4534446494,2681.735587517,2699.29077710875,2701.92287033206,2720.54662949452,2744.14577098017
3060,2655.35453214094,2682.45516109038,2700.23547347677,2702.8246982797,2721.69299457507,2744.44050834306
3061,2655.2581479449,2683.45650392938,2703.24671373548,2705.7831021895,2724.53432417176,2747.6737523292
3062,2655.16527960387,2684.02855817428,2703.64698556939,2706.1723559363,2725.01572947129,2747.75936928376
3063,2655.07681858309,2684.50861187761,2704.04501080952,2706.55825895833,2725.60518168261,2748.08372977556
3064,2654.99353650627,2684.85278378921,2704.34133587441,2706.88001772466,2726.26162223977,2748.1081174395
3065,2654.91610088019,2685.05256481021,2705.00524205162,2707.47797777749,2727.21875006042,2748.08873199588
3066,2654.89906842583,2685.2185589069,2705.76817304964,2708.19665863759,2728.06526599037,2751.64792358217
3067,2654.97018599689,2685.57597820081,2706.19602472348,2708.58920602064,2728.70987236173,2752.69457747935
3068,2655.03002978069,2684.90693012282,2706.34433353999,2708.73235741654,2729.58342221648,2752.15808758841
3069,2655.07503338113,2683.50636083107,2707.08863046399,2709.48396063127,2731.27188934816,2752.75508335137
3070,2655.07427096213,2684.18886408984,2708.24788794515,2710.75565389614,2735.9369946849,2754.24628995954
3071,2654.94757859475,2689.49682461088,2718.19403280374,2720.63464750119,2750.79897855571,2770.13889698806
3072,2654.79285148211,2689.87991214725,2719.99190192676,2722.43958957014,2752.71874892946,2772.12914762516
3073,2654.61192502449,2689.44049959898,2720.72703907626,2723.24774801623,2753.49850951836,2773.42566696992
3074,2654.40769685329,2688.6282869209,2721.05171986642,2723.6743916403,2753.89759024256,2774.50733098265
3075,2654.21986782641,2688.74995651001,2721.32882074322,2724.02004505671,2755.33114798041,2776.43527984118
3076,2654.04005458048,2688.89576049515,2722.56810069226,2725.38015457701,2755.97251015012,2777.82019967609
3077,2653.85667821522,2688.88851852989,2723.8738834625,2726.84394267227,2756.82249674659,2779.25731997205
3078,2653.67139108795,2688.86607060018,2724.94941410671,2728.1278842432,2757.43092551687,2780.5127867233
3079,2653.4857929383,2688.86817418996,2725.75392824618,2729.19286590905,2757.68642908527,2781.46893158238
3080,2653.30138121022,2688.82353878729,2726.23417981348,2729.97743166512,2757.64372002133,2782.17420957738
3081,2653.1195643637,2688.65329883211,2726.26468030124,2730.33253417613,2757.45684703102,2783.27588617506
3082,2652.96917004422,2688.64185670415,2725.12196227785,2729.53760594194,2756.18874044753,2779.72687127792
3083,2652.99538113196,2688.6547854965,2725.52295036647,2730.33984603341,2756.31490796878,2780.17539435045
3084,2653.0208255016,2689.67807566846,2725.95128897833,2731.16215429313,2756.80202889735,2780.66122773028
3085,2653.03866208763,2691.02288321949,2726.25591159117,2731.88218049241,2757.28173142376,2780.869400494
3086,2653.03520119632,2692.19625364804,2727.01104367678,2733.13971770473,2758.35617287355,2781.33862372245
3087,2653.03041038895,2693.10687764472,2727.62779465888,2734.29960474847,2759.20020288109,2780.76045308992
3088,2653.02461408832,2694.6946628238,2720.6949797116,2728.59733594006,2754.72192830494,2772.55591381496
3089,2652.9394894256,2696.62211210233,2720.0110963101,2728.76219301035,2754.83912484746,2777.69096458078
3090,2652.85127652083,2697.39422604271,2722.01805926206,2731.70241743093,2758.1402062876,2782.20884724308
3091,2652.77282965658,2698.19755201505,2723.3495303502,2733.7450952202,2760.419231278,2784.45208374658
3092,2652.70587792375,2699.09080077301,2724.2503832334,2735.26735450409,2762.10509572041,2785.90841404021
3093,2652.65181384711,2700.07957809117,2726.05559202671,2737.66419233772,2764.80626147762,2788.15463112715
3094,2652.61161699075,2700.97763676689,2726.53910462358,2738.66745820833,2766.19046053904,2787.16077441224
3095,2652.58579074328,2701.83746978596,2726.73040936382,2739.31074011029,2766.48406429087,2788.59260986225
3096,2652.61120486774,2702.28954363988,2728.2548694445,2741.06615908675,2769.43288279652,2793.10681417882
3097,2652.65109425515,2702.72433370677,2729.08048330772,2741.93621191832,2770.8608269091,2795.15920269838
3098,2652.67826985912,2702.9658821357,2729.15538124529,2741.83453988517,2771.44753399378,2795.56978027601
3099,2652.69887085391,2703.18483821583,2729.2046162015,2741.64724803877,2771.94684883952,2795.80047615673
3100,2652.71489570928,2703.39727500409,2729.30701867616,2741.47233743455,2772.48371945556,2795.90059844116
3101,2652.72642410243,2703.5707955221,2729.30820615094,2741.11899605158,2772.91126986121,2795.35696049901
3102,2652.74871749524,2703.98856878136,2728.37317223682,2739.91945957136,2772.53661775719,2791.62299698609
3103,2652.78644936996,2704.5247105464,2730.01691503748,2741.12236282131,2773.95817643824,2794.8650274318
3104,2652.82241995277,2704.87028699971,2730.01291000291,2740.89154777974,2773.95406751131,2794.86491993616
3105,2652.85819269962,2705.12282652757,2729.91499400932,2740.57325817828,2773.75554459494,2794.63870325392
3106,2652.89382457682,2705.24872713696,2730.22375072623,2740.88979178344,2773.96574504522,2795.02583058069
3107,2652.92939995096,2705.23413576882,2730.06816908263,2740.61751543956,2773.42752767608,2794.66671535533
3108,2652.96496651147,2705.07252665389,2729.84484264599,2740.24350680565,2772.63842805032,2794.20771141
3109,2653.00058986819,2704.77334811175,2729.60274062529,2739.88711044303,2771.63954630285,2793.59110949558
3110,2653.03629175021,2704.26972372864,2729.28941286449,2739.4752693629,2770.40245829507,2793.79138030969
3111,2653.09105601271,2701.92856149024,2728.1590589016,2738.22956198551,2766.43996001078,2792.34619601415
3112,2653.1536203827,2699.8738308348,2727.03075569961,2737.04244909737,2764.13955396187,2790.45508751156
3113,2653.21490409277,2699.03980911745,2726.13271824443,2735.98337733587,2762.91751797729,2788.92396838495
3114,2653.27438133488,2698.33236472098,2725.21171189846,2734.89908916364,2761.89037360566,2787.52196267778
3115,2653.33161153505,2697.62628191815,2724.14667269906,2733.67222738106,2760.81520676582,2786.03780753635
3116,2653.38615931042,2696.90741292588,2722.96192131814,2732.32645868178,2759.67932429793,2784.37431047661
3117,2653.43766322487,2696.18116059384,2721.55245588601,2730.7425466187,2758.36396210908,2782.54625861908
3118,2653.4858459271,2695.45286371399,2719.89724808826,2728.88336869107,2756.82465103854,2780.45692235807
3119,2653.53047092109,2694.7271027672,2718.04580681521,2726.70480119885,2755.0574748534,2778.0824529949
3120,2653.57138704163,2694.00855295596,2717.16353506039,2725.45638481531,2754.22944077941,2776.56363496155
3121,2653.60855275911,2693.29269235584,2716.40050176087,2724.61012352455,2753.62410111995,2775.23093644456
3122,2653.64193905316,2692.57568182958,2715.30963586464,2723.45568159723,2752.73771349899,2773.53561743806
3123,2653.67163687666,2691.84779717707,2714.23438594987,2722.32048435017,2751.90949166878,2773.35795904754
3124,2653.6977215941,2691.09876136519,2713.2144224118,2721.25052097329,2751.1597157422,2771.50836841974
3125,2653.72034815417,2690.31355909176,2712.27180276729,2720.26560575971,2750.50430040506,2769.71928295333
3126,2653.73968019825,2689.47527671628,2711.3660613176,2719.32635865259,2749.85711555756,2768.02589624383
3127,2653.75591789519,2688.5658463087,2710.5019053262,2718.43437090192,2749.10998114009,2766.41771701404
3128,2653.76925089361,2687.6115186521,2709.62887331642,2717.5433587997,2748.1026246367,2764.82261757848
3129,2653.77989624951,2686.86854179615,2708.72804050389,2716.6379363457,2746.57802607117,2763.11674396125
3130,2653.78802507454,2687.10933513357,2708.10403018206,2716.04269265336,2744.99993358937,2761.48343314764
3131,2653.68769280606,2687.89855693548,2710.2933173067,2718.31023956319,2745.85011375506,2763.39944367491
3132,2653.50591387004,2688.27228363908,2718.53181139278,2726.31737771658,2753.64468631028,2772.41765827909
3133,2653.32884610278,2689.2385016481,2722.64780819218,2730.28306983093,2757.68434965996,2777.24198744913
3134,2653.15809916787,2690.38935723977,2725.25804952284,2732.77055445172,2760.2385572159,2780.44528766633
3135,2652.99548169204,2691.54655107214,2727.20131166689,2734.625430525,2762.22649183391,2782.92866393939
3136,2652.84299905832,2692.60592212954,2728.75869312691,2736.12939261752,2763.91313133105,2785.02761899643
3137,2652.70277361392,2693.48667917593,2730.0487771337,2737.39728291561,2765.34783045253,2786.84283318182
3138,2652.5770242858,2694.12949203568,2731.11643056947,2738.46883492668,2766.50320587358,2788.38919383344
3139,2652.46793925033,2694.51013853515,2731.9997516374,2739.37755279402,2767.34472272349,2789.65566685439
3140,2652.37758134,2694.64761943504,2732.73383833357,2740.15287117549,2767.85485521841,2790.65693421942
3141,2652.3078376516,2694.60130942863,2733.35676332025,2740.82744196535,2768.05304650612,2791.41803951359
3142,2652.26029530107,2694.45430164786,2733.89793966505,2741.42576833003,2767.99575586966,2791.99068309877
3143,2652.23616123553,2694.2855605043,2734.38923331695,2741.97491636702,2767.78114173772,2792.43881526592
3144,2652.23626109164,2694.13760341351,2734.85037048375,2742.49038153685,2767.50251023583,2792.83239794623
3145,2652.24476225653,2694.42344846301,2735.56382860243,2743.39280035389,2768.58045419572,2793.08154023858
3146,2652.2640722252,2694.38388752209,2735.73301836524,2743.77226810089,2769.3789031515,2793.22605321116
3147,2652.28690345116,2693.9012101813,2735.10266592848,2743.38468059785,2769.25335649747,2793.20288299798
3148,2652.31261845848,2692.97668195308,2733.72550819777,2742.3206044552,2768.32389141905,2792.57018736399
3149,2652.34047489398,2691.77551341436,2730.88196396229,2739.93658394146,2765.95722562005,2790.37413547882
3150,2652.36962371837,2690.73152504638,2724.48034782504,2734.24974116016,2760.55688280848,2785.12116282736
3151,2652.44597902651,2690.41102900733,2719.95568637152,2729.31466778809,2754.75817637814,2774.39610569315
3152,2652.59107127716,2690.05133080048,2719.27498702416,2728.83448501222,2754.21654865613,2773.71398424257
3153,2652.75189821301,2689.66633924845,2718.57053278245,2728.29112526995,2753.55311739271,2773.04465575345
3154,2652.92768582118,2689.29437748081,2717.99772327186,2727.81147409514,2752.97982834841,2773.0608631416
3155,2653.11738290139,2688.97156013951,2717.57139111089,2727.40842662031,2752.36013013401,2772.16412239792
3156,2653.3196725535,2688.71964387585,2717.28165339557,2727.07993609975,2752.03026736413,2771.73295639327
3157,2653.53302194318,2688.53823866909,2717.09134399416,2726.80058477099,2751.82384999798,2771.52444046461
3158,2653.75570370291,2688.4142131905,2716.95902680871,2726.54347494189,2751.66984000333,2771.39728857477
3159,2653.98586065994,2688.32358047512,2716.84983839268,2726.28566901817,2751.51753497034,2771.25999354586
3160,2654.22156222058,2688.2389748927,2716.69042662751,2725.94543374231,2751.32612909923,2770.25169005152
3161,2654.45288087015,2690.78705194203,2717.11578308104,2726.27191510119,2753.60552728704,2769.19696690512
3162,2654.67917659976,2690.55672788546,2717.2895568839,2726.31923174804,2756.33569931453,2775.75714851054
3163,2654.90563359186,2690.18018511395,2716.67632066551,2725.59987597039,2757.48878170412,2774.66435673943
3164,2655.07353241619,2685.97318192613,2713.16402482769,2721.87992149249,2750.91891494952,2768.72876588254
3165,2655.22197602613,2685.53487835624,2714.22360652404,2723.20569276779,2748.68309364051,2768.47835369397
3166,2655.34722083137,2684.45025389674,2714.19803000467,2723.31274844424,2747.59786201041,2768.55884082983
3167,2655.45344860218,2683.00843522979,2712.19818214822,2721.29638730148,2744.94994156094,2769.16450782459
3168,2656.12752299973,2685.9451682962,2712.98225532446,2721.82906857525,2746.41661557923,2781.54685251787
3169,2656.54720195714,2686.03295078947,2713.95709885225,2722.17267236728,2748.00437316568,2781.65483539736
3170,2656.95266295997,2686.14607554256,2713.38817069021,2720.94680459164,2747.92373369593,2780.46825811076
3171,2657.34013215312,2686.25429543576,2711.96057315724,2718.79122398081,2747.08457146734,2778.42882463479
3172,2657.7145416265,2686.2493334798,2711.07232010259,2717.64814181266,2747.89515346643,2778.82237619028
3173,2657.80266494848,2686.12071519205,2711.89377808719,2718.48963957958,2749.08912168025,2780.72300327635
3174,2657.83010377665,2685.97269341594,2712.67335947398,2719.28712540911,2749.81915454295,2782.18852413149
3175,2657.85303064298,2686.33279334761,2713.27897513965,2719.93436626532,2750.65464295679,2783.46837726217
3176,2657.87014093164,2686.92623660431,2713.69229618142,2720.40965309661,2751.40758993239,2784.52711600028
3177,2657.88003460418,2687.68790531168,2714.0175418804,2720.81485997373,2752.09694729964,2785.38559070924
3178,2657.88148925481,2688.58388818685,2714.26839297869,2721.15190559685,2752.7312987859,2786.09095756169
3179,2657.87356614958,2689.57689930473,2714.3664023273,2721.32855057714,2753.26051980045,2786.66505729144
3180,2657.85578273636,2690.6328756254,2714.26381821209,2721.29341261129,2753.65157397319,2787.1291636547
3181,2657.82823630237,2691.71674990508,2713.94660720036,2721.03296318406,2753.83299959216,2787.45466858959
3182,2657.79152965012,2692.79802024957,2713.44164659985,2720.57331548757,2753.72201000721,2787.599586774
3183,2657.74694177415,2693.85390140534,2712.82811435271,2719.97545798291,2753.31926409564,2787.53129254933
3184,2657.69833784658,2694.84813843509,2712.21964950305,2719.28123887528,2752.74107017592,2787.15657595544
3185,2657.66143752843,2695.75872218188,2711.7903529739,2718.48233086971,2752.35296441623,2786.35379929889
3186,2657.65780997678,2697.26766761204,2712.015656797,2718.17645454612,2753.59845307661,2784.869269333
3187,2657.58085643077,2696.62963833146,2711.7171516754,2718.00267100342,2751.74412782182,2783.84173944357
3188,2657.47018021212,2696.47155554632,2711.08630995657,2717.30830982098,2751.28958335105,2783.61862062442
3189,2657.34831882907,2696.21616412109,2709.55670068406,2715.59308198185,2750.27008817339,2782.66032271888
3190,2657.23908156374,2695.86089663874,2709.62487430475,2715.53267641926,2751.4899065848,2783.08322518791
3191,2657.17458003517,2695.45511751745,2710.79369761146,2716.63363530234,2752.11232412337,2776.758557173
3192,2659.70462568908,2698.02150181303,2718.53843442116,2723.71443769887,2756.85441288534,2782.7300992554
3193,2659.36388150224,2698.28370006959,2717.30896440541,2722.02893271028,2755.30477258719,2780.7336354545
3194,2659.27191285302,2698.38643628817,2716.63560094759,2721.2464207213,2754.84482279784,2779.66716767238
3195,2659.2383062016,2698.41548286992,2717.37552899898,2722.15855087449,2756.64299499419,2780.62085179437
3196,2659.02076340375,2698.10826146088,2717.96542283579,2723.10185278488,2759.06033677067,2781.87156104522
3197,2658.61144085822,2697.510418087,2717.83784842627,2723.47997567752,2761.57248627028,2782.28427426947
3198,2658.15009147579,2697.01280198173,2716.2211960776,2722.01898415516,2761.27073289494,2782.26323523961
3199,2657.9353522856,2695.5112244731,2716.14782596838,2722.63732528341,2759.93424276987,2777.54612736518
3200,2657.99800538906,2699.7706666636,2718.17134593421,2725.02333360172,2764.9929360577,2780.72780699013
3201,2657.77287464063,2693.90227476538,2714.99903360034,2722.01098316958,2756.95892685299,2773.73759383653
3202,2657.45431897379,2689.3526200939,2713.92750334152,2720.83560478879,2753.51090429313,2772.24115065513
3203,2657.11790467182,2688.69222533745,2713.84664965206,2720.77201213044,2753.62774904477,2769.86322467513
3204,2656.78127925198,2688.1570830263,2714.42938838935,2721.4804152783,2752.75397510453,2768.87877278473
3205,2656.45287991214,2687.33414189822,2714.71200529498,2721.91033683533,2752.00782841868,2768.84269635391
3206,2656.14002567564,2685.78523073032,2712.06204057407,2719.43021970954,2747.57900167527,2764.38814849326
3207,2655.97731525981,2689.69337593667,2713.95978073316,2720.94231397181,2753.84479211279,2770.15857935914
3208,2655.84651995217,2689.7695434122,2715.57922767413,2722.50099755648,2759.21394615276,2774.87069362713
3209,2655.70690385428,2689.36388979611,2713.29538108721,2720.41106152008,2756.48205286477,2772.90205470745
3210,2653.19683644152,2676.01942793077,2691.70628654425,2697.46967762853,2720.85521068275,2732.02515242869
3211,2653.6429572272,2676.97579870748,2695.55466708906,2701.55494604726,2732.33280036916,2748.73359337367
3212,2653.99325821886,2677.11840212445,2695.72045721056,2701.77571161003,2732.34172879168,2754.4699252508
3213,2654.1368910179,2676.90066301971,2696.91645317128,2703.38454543891,2734.10555133569,2756.7883690832
3214,2654.99643155077,2677.71278591869,2699.7403708516,2706.19622701539,2738.31598347142,2759.34109042699
3215,2656.02726262372,2678.07493715322,2700.33659884227,2706.94819855848,2739.93554669161,2759.98916387371
3216,2655.78713926473,2678.39829070631,2701.19815682751,2707.96605477796,2740.45112020833,2761.85685989824
3217,2655.55841902817,2678.49784390475,2702.15923617072,2708.9342994014,2741.09411978379,2764.04796074672
3218,2655.35651452067,2678.26102523544,2700.41789656216,2707.02752589393,2737.25858344922,2758.70715770346
3219,2654.75733834231,2677.68312168319,2699.95394759649,2706.15040931852,2735.08664428612,2756.40635733389
3220,2652.97152893459,2683.00160739171,2699.53398413066,2705.35197239072,2733.56044808554,2745.88161944907
3221,2653.18689820321,2683.79132134865,2700.09929763956,2705.70576063622,2734.26831885994,2752.17429771516
3222,2653.10426798756,2683.26736494829,2697.78678525307,2703.0362645257,2728.05528268807,2746.824763822
3223,2652.4999053962,2679.34900065706,2692.46078708609,2696.948835782,2714.72471750335,2726.5093277745
3224,2652.03308624904,2680.37180251885,2696.50239378469,2701.15640508863,2717.83648713102,2731.92515783096
3225,2651.41674177011,2679.77673338752,2696.50630622678,2701.09206091903,2716.24153959052,2733.60201767591
3226,2650.99084654628,2678.49682508923,2701.91159727506,2706.6605618222,2721.90145274556,2740.5157301885
3227,2650.84116893094,2677.4354254665,2701.74869174677,2706.62481832661,2721.38467110465,2740.93387427069
3228,2650.73802195928,2676.40353742577,2699.86254108539,2704.73686330764,2718.86314136486,2739.68884879657
3229,2650.64451402048,2675.10552434488,2698.17364555768,2703.01484870096,2716.62154817315,2738.29399174458
3230,2650.595437028,2672.7231627516,2696.77843538643,2701.68844416183,2714.88215063769,2736.72075611612
3231,2650.61853171337,2668.87166506867,2696.59209767304,2701.86690490467,2714.83014610618,2736.74250134187
3232,2650.72209892981,2667.8212493464,2691.9491451064,2697.50409658482,2710.02220053543,2731.95852632341
3233,2650.90858212074,2667.29614766184,2688.05667849456,2693.89686278012,2706.6493492832,2728.35933403735
3234,2651.18576299381,2666.6271946975,2684.65687995607,2690.77473625883,2703.74096787197,2726.46566662539
3235,2651.42178559703,2665.15517787077,2677.0449622458,2683.40231263915,2694.79006425873,2718.65335938101
3236,2654.84424900835,2669.63276399969,2682.72980124995,2688.24606753463,2699.74028533397,2717.92544726388
3237,2655.065796171,2671.72934564899,2695.02606716303,2701.17360291708,2711.43624454513,2730.0451540788
3238,2654.03273024008,2673.33008235937,2697.47625292834,2703.28177765449,2715.04302967627,2729.87816402514
3239,2654.21762449016,2687.84411932952,2700.1993754509,2706.94856368167,2720.76402325555,2732.0438352248
3240,2653.61698842309,2687.87538627899,2700.93016374003,2707.71353394065,2720.0489998819,2732.1182004514
3241,2653.66528275247,2687.31613068367,2702.5946235162,2709.52498437111,2720.98007424621,2735.61610193282
3242,2653.97496407764,2688.56276308873,2705.35954550322,2712.32184247876,2723.27405036552,2738.26892204375
3243,2654.4387025404,2689.27529078741,2707.41263732998,2714.4654480006,2725.45085785577,2740.71544958656
3244,2654.79634753993,2685.83920789477,2701.42912348748,2708.06163997438,2720.32948004256,2740.51377170593
3245,2655.41374756392,2686.67002036399,2701.26229651241,2707.81963897182,2721.90153153116,2739.09263874867
3246,2655.69395265458,2673.24314687111,2701.26731536188,2711.95350845381,2726.01517080295,2745.77085525753
3247,2655.11801021612,2673.19668274534,2699.61098134277,2711.37741490259,2725.72974150566,2744.1967107896
3248,2655.09751349329,2674.4006300991,2699.33713748704,2711.58522114648,2726.12211334802,2747.62865453606
3249,2655.14945406989,2675.76720477841,2699.52941418558,2711.83566245768,2726.37407690664,2747.25383768673
3250,2655.16924463451,2676.41394237456,2695.71362730388,2707.64461931203,2721.5610609799,2741.31113865486
3251,2655.94141990431,2681.81853858991,2703.42056250614,2709.44535601892,2725.18601458158,2738.8081115662
3252,2655.39243042582,2681.83119031368,2701.83050962319,2707.1727463733,2722.10515256596,2734.65936507499
3253,2655.27423014862,2682.4671208084,2700.81381994808,2706.44178723603,2720.27831595687,2733.63726662421
3254,2655.28098851662,2682.60558504963,2699.30126170144,2705.33227516713,2718.82850588572,2733.10404348913
3255,2655.27991379393,2683.85003307637,2699.17015592025,2705.34169760363,2719.48564656449,2733.77406408858
3256,2654.97652977374,2684.21796978909,2701.06683510962,2707.27708519226,2722.16185933631,2737.98603282637
3257,2654.67216532421,2682.51566749606,2700.00375425612,2706.23490524252,2721.08868270949,2737.32935164967
3258,2654.3947446181,2681.16765377957,2700.95972914141,2707.18285328733,2721.91749160318,2738.64117283541
3259,2654.28179233897,2680.43281779512,2699.4616600711,2705.80023151136,2720.39657649593,2736.96762354949
3260,2654.16702993242,2680.18112375356,2699.32738674828,2705.76448462482,2720.13492594473,2736.58297799602
3261,2654.04710227661,2679.95059197513,2699.18501198018,2705.72191066599,2719.8901281276,2736.02519210752
3262,2653.92312868168,2677.84493596462,2699.28924152788,2705.95710364712,2719.93761081841,2735.67300581591
3263,2653.79642665354,2677.91718500289,2697.45427016231,2704.04792788037,2717.64221129936,2733.43831207863
3264,2653.66840904379,2680.35962678366,2699.82701698112,2706.24373886126,2718.20289189441,2734.68262497253
3265,2653.04868599772,2675.07027873048,2690.81315401172,2695.89711568609,2706.86768023953,2724.31247192879
3266,2653.14465344037,2675.52663901125,2691.01938830916,2695.97643249975,2708.02828759325,2724.24551141204
3267,2653.31532671642,2674.20075464619,2692.05891610457,2697.25107266545,2709.26339677401,2724.23368241627
3268,2653.60889940836,2674.94653128152,2690.98623809052,2696.03569293533,2707.33638882338,2722.79052173582
3269,2653.97848203976,2677.78920792171,2694.94773290141,2699.23015390231,2711.53525472985,2741.85497154488
3270,2654.32264362407,2679.49457488712,2698.14447203188,2702.0376609171,2714.84768369414,2745.92607935599
3271,2654.14542082121,2679.96623735914,2699.48110920192,2703.06493659659,2716.05418533173,2747.73130002258
3272,2653.95993041289,2680.26833000014,2699.48664122358,2703.02026111032,2716.29571370853,2749.98732274343
3273,2653.79504450497,2680.34139737864,2699.10556006342,2702.74640468157,2716.30668220606,2750.15929740225
3274,2653.65087870644,2680.17028742682,2698.49055307436,2702.31662830612,2716.20850162252,2749.80275771991
3275,2653.52662604703,2679.79922265881,2697.66365898654,2701.71422650033,2715.98965193902,2749.08942217226
3276,2653.36118702733,2679.59444483415,2697.28703286397,2701.390155143,2716.04277204188,2749.17457525521
3277,2653.1934962401,2679.42470031194,2697.04214758098,2701.18339311091,2716.166022467,2749.20798559046
3278,2653.02836027309,2679.27515633231,2696.801225867,2700.976442835,2716.26814367795,2749.17338126833
3279,2652.86644389996,2679.14703478205,2696.54323305294,2700.74705684342,2716.32376210974,2749.06783615102
3280,2652.70839544997,2679.03016157374,2696.27098744959,2700.49749227863,2716.33628128074,2748.89334522081
3281,2652.55483991908,2678.92315600934,2695.97046294239,2700.21407991923,2716.28191605391,2748.62791368022
3282,2652.4063715336,2678.81800922022,2695.64695753276,2699.90193141009,2716.16777152546,2748.2556594353
3283,2652.26356430265,2678.70137096316,2695.28575874673,2699.54621529594,2715.98208349413,2747.69229876661
3284,2652.12692042049,2678.57100032679,2694.86281270792,2699.11901470225,2715.68216654257,2746.62149481018
3285,2651.99689342675,2678.34437733344,2693.51348011076,2697.74475910237,2713.9566241427,2741.5919971691
3286,2651.87388673536,2677.21713310427,2690.90174822396,2695.38893168312,2712.10970388628,2733.80672705762
3287,2651.74860888725,2676.90045863538,2690.62372991995,2695.09938118688,2711.40460398228,2733.31496489935
3288,2651.71787061173,2680.107628961,2695.42266748694,2699.69578503611,2716.88818953742,2741.47961861621
3289,2651.73952750403,2679.40671494327,2694.1142822689,2698.46634457223,2715.84144061508,2740.67535174176
3290,2651.75724236169,2678.77990938768,2692.94596950506,2697.35598517739,2715.09611961431,2739.91773697592
3291,2651.77733357113,2678.41019366396,2692.74053238077,2697.00317959565,2716.13649028082,2740.18256666408
3292,2651.81655051868,2682.47635525589,2692.11083935763,2696.30256029665,2717.53206736131,2739.96779229485
3293,2651.85744550266,2682.65500121615,2692.18045466008,2696.31324003693,2717.50005925271,2740.53193818202
3294,2651.89981756304,2682.92071640362,2692.47246926364,2696.55885975004,2717.81932027711,2741.54627880024
3295,2651.94349629984,2683.29855607791,2692.75326112869,2696.79445604869,2718.29140959369,2742.47238927042
3296,2651.9883460849,2683.85293096577,2693.16925190639,2697.16063270348,2718.96484417574,2743.3073948366
3297,2652.0342959764,2684.4789269484,2693.767959958,2697.70043575004,2719.79632361885,2744.18227579151
3298,2652.0813238618,2685.11299879192,2694.52659531727,2698.39149956436,2720.78322774538,2745.14162421652
3299,2652.12946198654,2685.69886231361,2695.39267498907,2699.18716674469,2721.88783376037,2746.16402984956
3300,2652.17876084567,2686.21989061886,2696.31570742663,2700.04027198418,2724.97272123462,2747.62653394168
3301,2652.22934368144,2686.76560227373,2697.26847249162,2700.92249612985,2726.17022531999,2748.78993291511
3302,2652.16677700208,2684.01278793585,2708.98655034732,2712.54818128784,2735.33493519878,2759.58608187808
3303,2652.08254330854,2683.23702725793,2711.67388685947,2714.97255822667,2738.19482515263,2759.88194478385
3304,2651.98739821401,2682.91689857139,2714.02340287067,2717.21756372685,2740.19801682201,2762.57761805502
3305,2651.96156744843,2682.74026239436,2714.08942245006,2717.18448325289,2740.11122134322,2762.96041517761
3306,2651.93988145789,2682.6786630789,2714.08456664242,2717.09186876508,2739.95689074684,2763.41248489958
3307,2651.92275365835,2682.73649138293,2714.2158921166,2717.15139359832,2739.96715527848,2763.83905869169
3308,2651.91048994681,2682.90931084831,2714.56250020167,2717.44101655235,2740.25210177408,2764.40901601895
3309,2651.90340891558,2683.18698693376,2715.12817089528,2717.96295353226,2740.85730393778,2765.25731042857
3310,2651.90182771156,2683.54689370303,2715.90019614214,2718.70398091933,2741.81062258143,2766.49520591464
3311,2651.90599587027,2683.98018689822,2716.89105261547,2719.67627078397,2743.1766120787,2768.15889099904
3312,2651.91622215313,2684.43695864606,2718.0980132385,2720.8802284424,2745.02276922153,2769.37564504779
3313,2651.93268902363,2684.83896359941,2717.88487770988,2720.74883010984,2745.75031073989,2768.73751391441
3314,2651.95556473772,2684.89087057096,2718.98968118805,2721.90794855918,2747.48798005394,2770.85571780752
3315,2651.98491415708,2684.27399677137,2720.1391359687,2723.13867129337,2747.36815306324,2772.88995882755
3316,2652.02074750945,2683.85364899295,2721.20577713873,2724.31685835128,2746.07742639566,2774.61929178866
3317,2652.06296589304,2684.31502706896,2721.92025499573,2725.17944878913,2745.70046164651,2776.04241456913
3318,2652.11137818295,2684.16204134184,2721.28703263817,2724.64510186195,2745.13681180075,2776.10454227661
3319,2652.30427464004,2685.74781820573,2708.1546455868,2711.34754546656,2731.91023903325,2757.79814713159
3320,2652.52368233985,2685.86605192406,2708.01192138571,2711.29594503839,2731.1070648621,2758.76240055481
3321,2652.73077002776,2685.00096465675,2708.70333967172,2712.05023409855,2731.12561129085,2758.48624227197
3322,2652.92103389771,2684.78823936079,2709.41528399101,2712.87819568799,2731.31665959269,2758.16669735218
3323,2653.09313217681,2684.42117411495,2710.73867510917,2714.30879654414,2732.07669287357,2758.23417945327
3324,2653.24824350974,2683.94048014011,2712.72082528687,2716.34937026872,2733.2339991145,2758.64228873026
3325,2653.38907994436,2683.40134728321,2714.50882398183,2718.20162307126,2734.13650819,2758.75934964863
3326,2653.44597693621,2683.00290747875,2712.35035227939,2716.06900298532,2731.36898520385,2753.96666437161
3327,2653.01594182118,2681.73616983291,2711.55512650865,2715.30419218788,2729.77191732688,2751.46958614819
3328,2652.4384651649,2677.68342309596,2706.15854435184,2709.90513509801,2724.40452789012,2745.7370381273
3329,2651.95569255322,2673.39234626787,2695.33252186353,2699.23164502961,2714.88567781686,2735.15279653572
3330,2651.60648031753,2670.10873595448,2699.3880424478,2703.03462818762,2716.40288043556,2736.67574797588
3331,2651.40620547138,2670.68222161711,2692.65255208614,2696.32889237372,2707.67187707313,2729.251814685
3332,2651.27483601729,2671.23150533203,2693.71029439835,2697.53154289504,2709.28967224538,2729.43971752635
3333,2651.20428769591,2671.97966215391,2695.38728421769,2699.3855908621,2711.30906321809,2730.93615239794
3334,2651.21719288341,2672.34501864715,2695.75635795485,2699.75009238071,2711.90728025222,2730.92685844977
3335,2651.22357999443,2669.15420781442,2692.6998803389,2696.72593022178,2706.49165267006,2729.22296861116
3336,2651.21818220524,2668.39839315843,2691.14947624149,2695.29721882147,2704.76744246644,2727.50029921144
3337,2651.31271629015,2668.96893998405,2690.75584967726,2694.84976342881,2704.35813477296,2726.69386461839
3338,2651.4957931217,2669.05693806163,2690.74020321749,2694.88288213306,2705.00962031089,2727.36489274899
3339,2651.67058015029,2669.10823344768,2690.93931965945,2695.1169165116,2705.06400564802,2726.90016846478
3340,2651.83569930324,2669.17970701476,2691.46611418958,2695.65570587371,2705.44260354884,2726.98706814814
3341,2651.99515523996,2669.38951763851,2692.59597650796,2696.78449467874,2706.02349080726,2726.65930805401
3342,2652.15024891462,2669.44039219199,2693.45736556966,2697.67493806527,2706.67712346359,2727.67461435473
3343,2652.28478172303,2669.70202217155,2691.96607701002,2696.73037467226,2706.5532876396,2730.15283360503
3344,2652.2832072091,2669.44286113999,2694.316047045,2698.63642856672,2708.95441753714,2729.36866426502
3345,2652.2871755425,2669.89600913658,2694.54052828183,2698.68137228016,2709.26106897452,2730.99050778274
3346,2652.31232719787,2670.33486629264,2695.93958706354,2700.09908776778,2710.77042516053,2733.44655693601
3347,2652.35998205785,2670.86083333041,2696.06754018989,2700.10225938945,2710.46139046845,2733.89837348952
3348,2652.40974217514,2671.31383193527,2696.03245182429,2699.94487095392,2710.21354259138,2733.99092075061
3349,2652.46120476803,2671.79167891069,2695.64933199927,2699.42484760546,2709.66682638688,2733.75869510569
3350,2652.51391361072,2672.20978666465,2695.13926056277,2698.75061246686,2708.89929073246,2733.49201399417
3351,2652.51829296572,2672.47458567352,2695.00719877769,2698.51700691853,2708.65965257136,2733.62059703388
3352,2652.44382391587,2672.31411778286,2694.75888055877,2698.21007947131,2708.57802869142,2733.70257532361
3353,2652.38062574307,2672.09591326664,2694.46865648201,2697.85622724259,2708.52226178805,2731.7465801648
3354,2652.32957099375,2670.81491555151,2693.59792999842,2696.80877736188,2708.26295428747,2728.29840968652
3355,2652.39725455304,2668.19977224128,2691.68054194023,2694.80068845757,2704.71156156442,2719.75044168933
3356,2652.48776572784,2668.6925198907,2691.4293330137,2694.75549305353,2704.58769954884,2719.56223711443
3357,2652.56417354535,2669.13645258208,2691.20602975915,2694.76490048705,2704.6025870385,2719.51922429837
3358,2652.62410877957,2669.52299803191,2690.96923809979,2694.77116939618,2704.77597726879,2719.5872013231
3359,2652.66600622692,2669.84764887399,2690.74261509597,2694.78639486061,2703.65509281412,2719.35466706611
3360,2652.68929450871,2670.11274938136,2690.47189970708,2694.74855927831,2703.58872061273,2717.92393200899
3361,2652.73217655138,2671.71452837996,2695.49087434536,2700.3838116641,2717.76318806941,2736.28194263712
3362,2652.8969082666,2678.76012082311,2696.47962934309,2701.4577555577,2718.84461114803,2733.20111330848
3363,2652.98226113374,2680.38253979514,2697.0418737926,2702.13397348715,2719.14571937881,2733.6928179958
3364,2652.97245810756,2680.99623287537,2697.06587642141,2702.23236971389,2718.58763104505,2733.61689816477
3365,2652.96353935155,2681.03817990224,2697.98168161022,2703.30928066095,2719.58873204145,2735.87807099118
3366,2652.9626249182,2681.10585937066,2698.37575126423,2703.76615262221,2720.01450109846,2738.40020091231
3367,2652.96170199806,2681.20057399965,2698.55249024865,2703.99791342649,2720.21852590663,2740.46106449511
3368,2652.96074332853,2681.29169040474,2698.68914184527,2704.18640294808,2720.40343193124,2740.92729154733
3369,2652.95976858784,2681.38647301394,2698.80191470113,2704.36715574471,2720.58607717851,2741.01322517761
3370,2652.95775505273,2682.05852939757,2699.18935979614,2704.8501780361,2721.49000276587,2741.59368248774
3371,2652.94452414244,2681.75347738324,2699.86706153598,2705.53991779081,2722.14014040997,2741.76843008561
3372,2652.93078927267,2681.12583467118,2700.59191538149,2706.27396471594,2722.84697055799,2741.72485961039
3373,2652.91660831497,2680.36448854206,2701.32515071144,2707.01240632201,2723.56978981085,2741.21922198698
3374,2652.90202697968,2679.72713724732,2702.04130138539,2707.72901245088,2724.29901212866,2740.16511728819
3375,2652.88709833878,2679.3311243439,2702.71850022327,2708.39998321872,2725.03147040845,2738.72836948146
3376,2652.87191047645,2679.17531481053,2703.43428609066,2709.10661774657,2725.87913417628,2737.01738678754
3377,2652.85652258053,2679.22878309542,2702.42941694262,2708.25048545161,2725.14148058725,2735.1090820212
3378,2652.84105600951,2679.58411027147,2701.94011464275,2707.52566147329,2716.76924589631,2732.63309738873
3379,2652.70922376428,2673.57111773461,2696.72784162349,2701.93370794731,2711.93777532576,2722.16029232892
3380,2652.67130669958,2673.75344089193,2696.17543806306,2701.43208871608,2711.7183781338,2722.02251917535
3381,2652.67379014289,2673.81956288344,2696.07366172195,2701.37022199045,2711.66127592143,2721.98680612897
3382,2652.6795111494,2673.88847879189,2695.99563783512,2701.33510515414,2711.62893412145,2721.98628513202
3383,2652.68895931932,2673.95679202637,2695.9292603765,2701.31123003455,2711.61318546624,2722.01266564173
3384,2652.7025238872,2674.02618746603,2695.89856955413,2701.32512417917,2711.64871135369,2723.41595608863
3385,2652.72214552822,2674.16430613045,2696.01427121554,2701.47319271751,2711.85842776521,2723.40274668994
3386,2652.74195122197,2674.29524977134,2697.19103487851,2702.66301579975,2713.40120530859,2725.08794809308
3387,2652.80300471476,2674.2310757031,2696.37091440224,2701.72572812269,2712.37429511619,2724.41043440428
3388,2652.87110131794,2674.17070393109,2696.45213053896,2701.76709507577,2712.48042044861,2724.45906555726
3389,2652.93851571293,2674.13009787309,2696.53761276534,2701.80424520589,2712.60374883067,2724.39231042048
3390,2653.00398064483,2674.13434705695,2696.62375229891,2701.83424971918,2712.74423688844,2724.63588334498
3391,2653.0661018719,2674.00040760663,2696.69309167829,2701.83567771574,2712.53851230134,2723.80006266169
3392,2653.12545754382,2674.26792785847,2696.35442449741,2701.52411462912,2711.69200649303,2723.03992571541
3393,2653.18908461558,2674.01175465064,2697.46174324645,2702.57476441334,2712.51839227563,2723.68482648117
3394,2653.26036564805,2674.26097012045,2698.23164133691,2703.37601723312,2713.18595208866,2724.34781579024
3395,2653.33787364985,2674.40266138666,2698.85054837325,2704.07064502145,2713.63121415805,2724.91423217226
3396,2653.41882355982,2674.5741732055,2699.27269754865,2704.63146400814,2713.74821143789,2725.43270185413
3397,2653.48508179057,2674.93575313038,2699.33149170486,2704.88569068214,2713.97050042315,2727.06402688943
3398,2653.47807616498,2675.79513973154,2703.23861149274,2708.66071970137,2718.04214248802,2731.11165782827
3399,2653.47784712217,2676.88257433446,2705.11661919761,2710.54804448472,2719.72635665669,2734.46954182075
3400,2653.48388042821,2677.59390996887,2705.93710620934,2711.37036232844,2720.40124429789,2735.94378296703
3401,2653.49597722084,2678.11606837835,2706.35842698688,2711.79081129468,2720.70833063658,2736.73349487899
3402,2653.51451892595,2678.56266225104,2706.58300346913,2712.01192894879,2720.83787587456,2737.23675423387
3403,2653.5366622405,2679.04984733551,2706.77502335441,2712.18519235815,2720.97917029772,2737.68583594177
3404,2653.55676312694,2679.79627254773,2707.23200686133,2712.57928538737,2721.47693945277,2738.53727193662
3405,2653.5917723044,2680.58163967089,2708.90951629298,2714.12833610963,2722.99069921787,2740.202911712
3406,2653.64486762075,2681.39832133451,2709.3888521726,2714.53699405115,2723.4723900013,2741.25142694991
3407,2653.71957925641,2682.24945177942,2709.93878486563,2715.01101140105,2723.99961858066,2742.23866107395
3408,2653.81963986099,2683.11720599671,2710.46152399115,2715.45432568755,2724.47232580333,2743.04919602345
3409,2653.94886420907,2683.99528371765,2710.87348541863,2715.78373610246,2724.81481066222,2743.51379303618
3410,2654.11083640729,2684.86703892554,2711.08107858626,2715.90628996233,2724.94279999151,2743.5252573131
3411,2654.30858843999,2685.70882396227,2711.03840697342,2715.77617706496,2724.82081851325,2743.02217933521
3412,2654.54419214551,2686.49104802634,2710.77417693216,2715.42292625963,2724.48199723106,2742.05842888756
3413,2654.81830378814,2687.18533641788,2710.38185099741,2714.94453791516,2724.02423542229,2740.75136145049
3414,2655.12981038123,2687.75972724725,2709.91469778369,2714.39666439832,2723.50412741919,2739.24195244795
3415,2655.47558992622,2688.20295285225,2709.3526176227,2713.75677693628,2722.8930064406,2737.55186966779
3416,2655.84071960708,2689.24984116055,2709.19463592508,2713.48421671539,2723.52925653308,2738.96958086372
3417,2656.1870991141,2688.57018883635,2708.38140371497,2712.5154754497,2722.06184225565,2736.81281196636
3418,2656.45539229828,2688.85717504191,2704.05341235751,2708.39104903159,2717.20396711226,2730.47743129735
3419,2656.46038206947,2688.72865219651,2705.65278129653,2710.10867376755,2719.08312120952,2732.12994059967
3420,2656.46462444497,2690.71509423969,2708.7922519161,2713.42862069465,2722.51611110475,2734.65582649609
3421,2656.46870408654,2695.34896855068,2712.03278765608,2717.03382964558,2732.66956466669,2742.45474686557
3422,2656.47638455283,2700.15097728937,2713.21664969144,2717.95851529607,2734.06550126757,2745.65008246616
3423,2656.48841661585,2700.05825174397,2713.29597065285,2718.06027923129,2733.85227200306,2745.99091759514
3424,2656.50200768581,2699.95899523185,2713.43192368503,2718.26413659044,2734.03812998142,2746.89242795291
3425,2656.52171102916,2699.94805980853,2713.58128841397,2718.4535164448,2734.28903506321,2747.46639185902
3426,2656.55908970331,2699.82009924702,2713.63544368525,2718.56468590267,2734.45254199218,2747.21942504954
3427,2656.59486650309,2700.13640155215,2711.90776384665,2716.81016038847,2730.61695627391,2744.04765480229
3428,2656.6027457763,2684.52789174234,2708.0860583655,2713.03936238778,2719.80537084359,2735.88936527147
3429,2656.37696279215,2684.54285775969,2712.84244351746,2717.47407838906,2723.74410597086,2738.52727423274
3430,2656.10224427345,2684.4404813989,2713.9341799918,2718.56310644745,2724.20129056382,2740.57899926733
3431,2655.79571793037,2684.45560997412,2714.53858657191,2719.20465647719,2724.46131516502,2742.31462453597
3432,2655.48145853427,2684.63976098893,2708.94612352859,2713.31416689245,2718.68380327095,2738.26135110185
3433,2655.18976998237,2684.91231023964,2709.24729423686,2713.6609547469,2719.18127938917,2740.4732165984
3434,2654.96177899081,2682.96431670462,2703.91628510695,2708.90614734927,2713.92016343318,2737.99736836265
3435,2654.87660236481,2683.76513965872,2705.27988880691,2710.08361912169,2715.19921144706,2739.93700129152
3436,2654.77747350282,2683.38106200792,2705.70257644231,2710.40754411321,2715.77399716325,2740.89361537731
3437,2654.6484649043,2683.06092574214,2706.28990043285,2710.86101446532,2716.53849083711,2742.21560658161
3438,2654.45763612122,2682.88528465816,2706.98581183952,2711.37744461734,2717.44172051792,2743.60781389053
3439,2654.1604004129,2682.79788727413,2707.64897084816,2711.83391460198,2718.46136809363,2745.01256756287
3440,2653.72077995434,2682.70718084972,2708.15252413905,2712.04692708889,2719.20583687985,2745.9655843228
3441,2653.14925315422,2682.50320637989,2708.44766740998,2712.00708156557,2719.68291160778,2746.50274081686
3442,2653.03512643117,2680.16968078071,2705.4811325809,2709.23155139957,2717.94170974185,2744.24334101933
3443,2652.99378868538,2680.31399651144,2705.3113105704,2709.2169244586,2718.31331670988,2744.67008492713
3444,2652.95913504103,2680.38769635161,2705.3214179297,2709.41396957114,2719.0059327672,2745.39950103888
3445,2652.93195448975,2680.38051172662,2705.51306723927,2709.82283464739,2719.98444182965,2746.40499273439
3446,2652.91305018901,2680.28376540634,2706.02445424488,2710.58498623121,2721.35444257364,2747.68015818002
3447,2652.90319627008,2681.3513953293,2706.73859825502,2711.57374239417,2722.99574699345,2748.85906955459
3448,2652.90312778319,2680.95724159009,2706.43247838614,2711.54789506149,2723.60510909188,2749.35448087298
3449,2652.91349190325,2679.38249113754,2704.39581873833,2709.75114045194,2722.38615164368,2748.32443412103
3450,2652.93486098514,2678.88644621858,2704.20896688545,2709.84843396296,2723.07872603612,2748.80042879075
3451,2652.96766927381,2678.30611450041,2704.0202737459,2709.93736455094,2723.71797107103,2749.12992259547
3452,2653.01220659816,2677.65776053491,2703.85733852979,2710.03646075164,2724.3110716042,2749.37476277663
3453,2653.06856424988,2676.97557477704,2703.71661930864,2710.14162026536,2724.84789783942,2749.57508664778
3454,2653.13668067169,2676.20166661015,2703.55132877038,2710.2031718819,2725.26455992226,2749.7316327843
3455,2653.21627238076,2675.50003304866,2703.41982292206,2710.29156753556,2725.59739861057,2749.63882796902
3456,2653.30687241295,2673.18016780336,2702.71450049937,2709.81248733268,2725.05972858083,2747.04827608296
3457,2653.25148571246,2673.08674806932,2703.05117502206,2710.2522437388,2725.61762638522,2747.57307453604
3458,2653.1289851868,2679.7250205411,2700.72764820494,2709.3071298547,2731.53762515925,2746.87846646072
3459,2652.82669107114,2681.05432115867,2700.83624521772,2710.03803456604,2731.33660394045,2746.84303415728
3460,2652.5606637654,2680.99062409495,2700.0810717505,2709.69505168511,2731.03568578548,2746.01650009491
3461,2652.49621230065,2685.07575556516,2710.05985414873,2718.12148086213,2737.61297217929,2760.8166123368
3462,2652.27983249633,2683.87105380184,2715.03313387413,2723.05107296422,2746.66163733873,2765.60980247236
3463,2652.07099585254,2684.07423502802,2714.15513400516,2722.73227298174,2745.24093559446,2763.34742433068
3464,2651.97849849522,2683.34615636282,2714.44024419519,2723.11869499789,2747.33248791457,2763.64560363025
3465,2651.92227859797,2682.84278444414,2713.95327038012,2722.61345772875,2746.80530944305,2762.98062649477
3466,2651.86764330957,2682.48137390104,2712.92388334079,2721.54373942742,2745.55462790557,2761.97704891325
3467,2651.8225405365,2682.51116753236,2712.6818701098,2721.26655187025,2745.14754185305,2760.60336009959
3468,2651.7835758429,2682.76328761026,2712.483098542,2721.03775999403,2744.79473021973,2759.831213218
3469,2651.74715222177,2683.12562439855,2712.27114591146,2720.80049317182,2744.43866100512,2759.42320126307
3470,2651.71351669311,2683.37944726087,2711.7956582612,2720.28930628533,2740.58686707982,2758.75837474586
3471,2651.68384143878,2680.37753824414,2710.62201120879,2718.85968999852,2739.83708745434,2756.73580544957
3472,2651.66316120311,2686.73051722329,2710.70615008363,2718.85418404854,2740.05778029888,2757.76068033161
3473,2651.65421830912,2686.89693687926,2711.08101522875,2719.15594806877,2740.74312798733,2757.56688772398
3474,2651.65940805286,2687.00555639589,2711.11498784572,2719.1187510026,2740.40972610348,2757.02941601508
3475,2651.68592392033,2686.62791135561,2711.34009749295,2719.25422540704,2739.11065582183,2756.56157983441
3476,2651.7837520825,2685.39892770679,2711.62837226427,2719.51826126677,2735.57022174805,2756.35687018411
3477,2651.45907917603,2678.70134835218,2700.76974468402,2708.31942333177,2722.21098459402,2736.00253855138
3478,2651.36394065506,2678.54006677634,2699.51619479065,2707.08837518414,2720.46223412186,2733.93369668541
3479,2651.2700374042,2678.34438520679,2698.28827072004,2705.87154922849,2718.78628645143,2731.70579201232
3480,2651.18212548169,2678.12382835678,2697.14289185571,2704.71203301705,2717.27027870868,2729.53593340754
3481,2651.10702205397,2677.87851861335,2696.04545904317,2703.57075009464,2715.98957852009,2727.41863313545
3482,2651.05387021661,2677.6067701261,2695.04246711678,2702.50222304155,2715.13311253978,2725.48151374256
3483,2651.03347113795,2677.29142948364,2694.11524840848,2701.506552856,2713.67382398443,2723.85194306845
3484,2651.05636441098,2675.92832671931,2689.4962937748,2696.69084490582,2707.91225437882,2718.73475546005
3485,2651.3262092195,2675.92842673417,2688.17945732717,2695.41471457613,2706.51552027568,2718.1792119524
3486,2651.81675267079,2676.94001594049,2689.44923552566,2696.90450093415,2707.46185641324,2718.87841626698
3487,2652.43510316289,2678.16765463828,2691.0782889869,2698.74720006552,2709.03547491176,2721.95551965616
3488,2653.14436269734,2678.90045208999,2693.01283081269,2701.04751206422,2711.1298480812,2724.40888101298
3489,2653.93198500388,2678.98233061235,2693.45481800604,2701.65988154981,2710.80852268922,2724.63595020809
3490,2656.94931388549,2676.52351544561,2690.6971704357,2700.53291170124,2704.45871134857,2719.77038776187
3491,2656.4635212575,2675.81351574801,2691.15079296026,2700.84421161757,2707.62942225714,2723.02257174281
3492,2656.35434359906,2675.8722995742,2690.65362573138,2700.29840430524,2708.03595416806,2722.5339189136
3493,2656.27324217684,2676.92166047448,2690.70985151543,2700.29325487908,2708.85463486481,2722.8090033321
3494,2656.19416347133,2677.18370362139,2690.61297635047,2700.14542745043,2708.93854050831,2722.65965686334
3495,2656.11109365656,2677.45557500007,2690.61038229007,2700.10333598856,2709.1207615442,2722.57058097798
3496,2656.02245406911,2677.72470650772,2690.59496852933,2700.0437964665,2709.29744752224,2722.48216599743
3497,2655.92840231135,2677.97629818084,2690.66288854031,2700.06601150184,2709.52947525092,2722.44678726614
3498,2655.82994254506,2678.21993931274,2690.66453607409,2700.02839819925,2709.70261070387,2722.35535430022
3499,2655.7286919775,2678.45715550516,2690.72643370999,2700.0510107056,2709.93890406608,2722.30362837176
3500,2655.62663449555,2678.6713466248,2690.78931346168,2700.08901587234,2710.17756204151,2722.23542414823
3501,2655.52600897643,2678.88192987864,2690.86416381079,2700.14279591947,2710.45835468902,2722.16274893963
3502,2655.42912184394,2679.06326112975,2690.87239417978,2700.14556930129,2710.68230069522,2722.02269413093
3503,2655.3382530166,2679.24188962537,2690.96949649999,2700.24917303205,2711.02249229497,2721.94864755322
3504,2655.2554830445,2679.39631600108,2690.9959379075,2700.29576759887,2711.31291193253,2721.79987252947
3505,2655.18262754916,2679.99773172528,2691.09375388403,2700.42522901887,2711.66154055227,2721.69642513952
3506,2655.12114121848,2680.14819246846,2691.25029833735,2700.62866121584,2712.04034227206,2721.63401455987
3507,2655.07205084056,2679.85896154662,2691.06300442586,2700.50941596313,2711.92240174102,2721.41779299352
3508,2655.03600465738,2680.11486662521,2691.08851500876,2700.60542714008,2712.02298716667,2721.29467683712
3509,2655.01322950775,2680.37495335366,2691.21288662154,2700.80549448583,2712.43703916578,2721.1826548293
3510,2654.94865967962,2671.84733789269,2685.30238107288,2694.21902600738,2706.04662839084,2713.96157632047
3511,2654.83875575578,2670.36702038974,2684.72007425981,2693.33771502813,2705.83703035002,2713.32889370008
3512,2654.73651944613,2669.42086752336,2684.32018272081,2692.8558544304,2705.65566065997,2712.76771492179
3513,2654.64517960985,2668.40635457172,2684.06834884445,2692.51135114681,2705.61169577888,2712.56864577616
3514,2654.56857616977,2667.34737138238,2683.59179166866,2691.87918110715,2705.26850212234,2711.92297851809
3515,2654.51090591504,2665.29541390418,2680.97973839553,2689.21013998104,2702.77492550962,2709.70379922045
3516,2654.47624269915,2663.77996111417,2677.30869850873,2685.51543738809,2698.60218221588,2705.42443098055
3517,2654.46788281489,2663.21064771551,2677.07053922362,2685.29287088666,2698.02251739393,2704.71277149322
3518,2654.48889655723,2663.02909267204,2676.29005937606,2684.32885060433,2696.7613442064,2703.20064338358
3519,2654.54002386543,2664.7807859124,2678.17898334303,2686.03570161423,2698.31756494513,2703.2846019126
3520,2654.52803228101,2663.17581900192,2680.18261281148,2688.00516760494,2700.89688028407,2707.43952257861
3521,2654.55692427956,2664.86889118771,2679.74392804289,2687.69596354053,2700.75416376287,2704.46779584659
3522,2654.56036215301,2664.90021913441,2680.54537776445,2688.51338505975,2701.4368001136,2705.21280302652
3523,2654.53709829937,2664.94807375832,2681.02730138142,2689.00736444554,2701.82830571925,2705.6805677791
3524,2654.48854462054,2664.99595379735,2681.37305970849,2689.36336544498,2702.12869681089,2706.09254762851
3525,2654.41763490023,2665.03599687009,2681.64166860541,2689.64326198897,2702.36322846868,2706.47304848008
3526,2654.32824539673,2665.07370376626,2681.85374821565,2689.86480538854,2702.58532182786,2706.90974599877
3527,2654.22460754956,2665.10513028908,2682.0146076426,2690.03605065325,2702.77379167286,2707.37807142771
3528,2654.11082562888,2665.12904126498,2682.12993882668,2690.1645947788,2702.9299054014,2707.8674153035
3529,2653.9905621202,2665.16552324039,2682.22800653371,2690.26793938587,2703.13069761411,2708.47579148055
3530,2653.86686341391,2665.19923945592,2682.28876122995,2690.34038954751,2703.30266655519,2709.03927524833
3531,2653.89727849856,2665.35830933832,2682.35734518122,2690.34997695879,2703.17236118292,2708.96872089427
3532,2653.9462405111,2665.31485168442,2682.35672717037,2690.40555150986,2703.53693090877,2709.30744007802
3533,2653.98518454934,2665.6022702625,2682.68634415059,2690.68867146698,2704.36355556502,2710.48136716177
3534,2653.96736867975,2665.97001567271,2682.89757891839,2690.91621553146,2704.81393259435,2710.92783794853
3535,2653.87280431276,2666.46207142771,2682.96735605107,2691.01428894255,2705.00700700249,2710.24364038562
3536,2653.69547408098,2666.80039020729,2682.25635754838,2690.3462478586,2704.29311248918,2708.72838807298
3537,2653.4931051878,2663.52293144417,2677.17939523016,2684.81888137088,2698.21374860208,2702.26862120776
3538,2653.38228143533,2664.12160504795,2676.53929263035,2684.0209547384,2696.66659893275,2701.27467969841
3539,2653.36163067612,2665.65858802671,2678.35788269819,2685.55506619391,2699.19143380734,2705.45377982467
3540,2653.5708711906,2667.07144374184,2680.23221712048,2687.42709853439,2700.92405850564,2707.28667688755
3541,2653.43637242215,2667.8190630725,2683.16886129657,2689.69809939982,2704.32533978094,2711.3157692747
3542,2653.50190316136,2667.7210828415,2683.49358491714,2689.30492048063,2705.3705236518,2712.5609286256
3543,2653.78221842075,2667.91675081795,2683.97301391405,2689.30683718029,2706.86808168581,2714.08528639305
3544,2654.07231877358,2668.21778481177,2684.16791085675,2689.18540947038,2707.87462890584,2715.01705134214
3545,2654.31352604568,2668.06490590204,2683.95933951337,2688.72865719079,2707.96444279156,2714.99993383124
3546,2654.50577723937,2666.89113240433,2680.72138799796,2686.2616611645,2706.92157598357,2714.54150175147
3547,2654.46714017778,2667.04460499641,2681.11694169852,2685.99207025819,2704.83497755723,2712.38219505216
3548,2654.42464176975,2666.95308772351,2683.66501074925,2688.21681131563,2706.95210713738,2713.95620329849
3549,2654.40054959877,2666.29515161903,2683.52424602378,2687.74597332994,2706.24980901444,2712.6632872388
3550,2654.42134390273,2666.22143344657,2683.82146015485,2687.86206215152,2705.88604008884,2712.25485300786
3551,2654.47703346041,2666.51833264508,2684.07308009287,2688.0816005595,2705.83689674114,2712.26522310607
3552,2654.54818832722,2666.98041237506,2684.4704640856,2688.52303436254,2706.16175891052,2712.6216154101
3553,2654.61857008624,2667.61810885533,2685.02989068885,2689.13333520367,2707.00943960953,2714.56273152188
3554,2654.67949846183,2668.06109014554,2685.4950505158,2689.71139504356,2707.92035696753,2714.87943324447
3555,2654.72816617524,2668.42437343799,2685.92981679691,2690.24626414273,2706.38979131768,2715.19640843927
3556,2654.76485605806,2668.68949476682,2686.35054116947,2690.72428630413,2705.34425015648,2712.03632260267
3557,2654.79106915906,2670.0134250266,2686.27719236609,2690.66430941596,2705.27524634086,2711.73568656509
3558,2654.79212932377,2669.29767627345,2686.46427817524,2690.99209552039,2707.4132879307,2713.33811280389
3559,2654.7715341758,2669.49923232447,2686.68654110492,2691.43876505163,2707.72944622814,2716.19198946225
3560,2654.75088946195,2669.65597354868,2686.86161852543,2691.85200976178,2707.60528491563,2718.40382317005
3561,2654.73088649743,2669.82363109395,2687.31532632451,2692.53484632979,2707.36693564281,2718.91557818806
3562,2654.70434975975,2670.58601814731,2688.16060209677,2693.4846123612,2707.89434023986,2717.98146976709
3563,2654.64379976933,2670.84023033412,2689.8136552929,2695.04611594153,2709.31844976588,2720.65501569195
3564,2654.59097544841,2670.80199650325,2689.98098443427,2695.14348230725,2709.48359750108,2721.26888201719
3565,2654.56366772759,2670.3108450853,2689.87927821774,2695.00355627514,2708.88216163019,2721.56415712203
3566,2654.57622675822,2670.17489762399,2690.09885320977,2695.09438929559,2708.9394577339,2722.21305662832
3567,2654.63711536376,2670.30989377194,2690.63133973115,2695.34252512645,2708.73777509501,2719.89155895109
3568,2654.81991894122,2671.54304945174,2690.61875685338,2695.29492061071,2708.21534125918,2716.47176197382
3569,2655.01346246778,2672.35504008935,2690.75891836128,2695.37037681859,2708.15737070122,2716.86092965255
3570,2655.21278623695,2673.30444446672,2690.82143277082,2695.34640160601,2708.00068959772,2717.40073019823
3571,2655.41356448796,2673.65929439235,2690.87739084533,2695.26064776757,2707.73818278261,2718.10048586082
3572,2655.62833439938,2672.11265466885,2692.65949162015,2697.06488385706,2709.82136452084,2723.44458867185
3573,2655.7910175177,2672.26311575217,2693.74331457841,2698.23042105822,2711.10858815723,2725.002013477
3574,2655.94127851606,2672.24471123029,2702.99451103318,2707.83188072482,2719.40130690242,2731.85735926933
3575,2656.07717466041,2672.24002351186,2704.16215263108,2709.03241857919,2724.69567303847,2733.49632124766
3576,2656.1972990558,2679.64681253775,2704.5653064013,2709.44234884627,2725.00086922734,2740.48533490734
3577,2656.30078435754,2679.60569217333,2705.03248048021,2710.01638118804,2725.41792275456,2740.54737681093
3578,2656.38731787367,2679.62730273964,2705.09519352841,2710.10627016751,2725.4240306767,2740.6186914076
3579,2656.38614326012,2679.48433714372,2705.34707627304,2710.39495653414,2725.76678154144,2740.8552912488
3580,2656.34397452608,2679.34234928225,2705.58258325106,2710.6706832561,2726.19573952417,2741.02067919453
3581,2656.3024645505,2679.17874171196,2705.54306771005,2710.68605768013,2726.31026878432,2741.29753514648
3582,2656.26198680471,2678.80415369766,2706.41196948509,2711.78679262872,2727.38973335832,2742.14502490166
3583,2656.21960382857,2678.4808174847,2705.86634975252,2711.42263597363,2726.94153945038,2741.91325825952
3584,2656.17541056737,2677.8921294603,2705.51229880278,2711.13550556463,2726.63071560981,2741.93161335341
3585,2656.08890556374,2676.70979656415,2706.48433896328,2711.95188175965,2727.67670705671,2743.43054524916
3586,2656.1365409183,2677.31272526014,2706.51220500034,2711.84477183353,2727.52677422759,2743.69554415417
3587,2656.18263330385,2677.817833875,2706.3300845069,2711.56038380603,2727.08933904656,2742.87652823212
3588,2656.22704671151,2671.90384449589,2706.07551683081,2711.25411597174,2726.49868747767,2742.09156174401
3589,2656.26958987783,2671.88977006411,2723.78163360491,2729.89924168559,2745.28759944308,2761.57716414717
3590,2656.3101146957,2671.84528819052,2719.38118118322,2725.57437555192,2739.67038023082,2756.83076509806
3591,2656.34848550549,2671.76831812542,2716.47495391311,2722.54484348967,2736.58495891784,2748.51635829823
3592,2656.38458737981,2671.63514296347,2708.27335613036,2713.81141474769,2729.08277200154,2742.20799727578
3593,2656.40968090738,2671.30910479675,2707.39871782487,2712.88825168556,2727.90485684314,2744.55396139932
3594,2656.41663135305,2671.00816040365,2705.51742845441,2710.82280499796,2725.60351263868,2741.52501920606
3595,2656.39683251095,2670.90854679449,2705.08926442164,2710.4225758802,2725.16266066889,2743.67538197364
3596,2656.36128675861,2670.14266239345,2704.6544342763,2710.1708633012,2724.89719343084,2742.75471257491
3597,2656.32502551503,2669.99926157877,2704.32201472338,2709.86708610652,2724.59853508282,2744.56857384453
3598,2656.36255263815,2670.05765666806,2702.93320957834,2708.22165460317,2720.9254951661,2737.89940184113
3599,2656.35185396087,2669.93239083132,2703.78175614385,2708.76787340409,2722.32136661733,2741.56951402488
3600,2656.37020361712,2669.78388806425,2689.60721084101,2693.82152112612,2706.65961646802,2724.16824678735
3601,2656.41200232948,2669.6688278169,2690.42232451226,2694.61352607596,2707.56904454899,2724.72099413465
3602,2656.43077159497,2669.59014425968,2690.41312508764,2694.59202792685,2707.46373291572,2724.54754608081
3603,2656.43869369007,2670.30627145367,2690.02752178352,2694.16430989155,2706.95312902756,2724.4261930178
3604,2656.43578693697,2670.03069622006,2689.45665198363,2693.62584901698,2706.33775767211,2724.58016946418
3605,2656.42259996595,2669.97890197718,2689.18605083816,2693.40030848535,2706.09542109795,2725.36301732288
3606,2656.40005797458,2670.30416174456,2690.48270132144,2694.63576161279,2707.16203013713,2727.01886981719
3607,2656.31175962067,2669.59399604119,2689.64415704047,2693.92614623662,2705.98165857113,2725.66722724527
3608,2656.2451540108,2669.42369433306,2688.28884460083,2692.78977567869,2704.5451825853,2726.00078781091
3609,2655.83799110629,2669.17938367742,2688.02470434049,2692.03695978738,2704.11159611904,2726.12400316517
3610,2655.54769948303,2668.86868697036,2687.49869436455,2691.13048485278,2703.36302057481,2725.26028368035
3611,2655.38614440615,2667.38937300883,2686.92867962999,2690.24552570188,2701.84660474204,2722.75050954187
3612,2655.39449594439,2667.72193201515,2686.88993667207,2690.45319823359,2702.45809877034,2719.50005411201
3613,2655.57413777597,2667.99189094184,2686.90297924721,2690.72139130896,2709.59987043591,2726.07618529816
3614,2655.75499560255,2668.67565330893,2687.34757338238,2691.38934624403,2711.87035015507,2735.08607162518
3615,2655.87619462932,2669.50907333718,2687.43459252827,2691.74279459616,2712.32207690066,2728.6221099883
3616,2655.96066738084,2670.17944100922,2689.03093660887,2693.59098848787,2714.2609108178,2730.26512876392
3617,2656.0083661604,2670.76949030954,2689.36578736668,2694.15127572929,2715.05749474602,2731.21562717549
3618,2656.02370191021,2671.24861223199,2689.45282302554,2694.44033597575,2715.4766747776,2730.60945274316
3619,2655.97965224722,2672.35983247347,2689.35958590008,2694.5349833367,2714.96134086427,2728.42904104871
3620,2655.80067665966,2671.72760487809,2688.99488750273,2694.01142620492,2714.64231098209,2729.49602570153
3621,2655.83814684652,2674.08593513045,2694.77289500435,2700.01635598813,2723.0045764704,2738.83590880869
3622,2655.86991322437,2676.93768242295,2698.54311752094,2703.64173460546,2727.17288386756,2742.96501322124
3623,2655.89517345963,2677.68991452356,2699.7900953748,2704.95281495173,2729.313386167,2745.25119554871
3624,2655.91275049804,2678.54961108746,2701.46267488067,2706.78937084632,2731.30357074035,2747.86675966806
3625,2655.92310990607,2678.4816363757,2702.78931813562,2708.12560902004,2733.07749129538,2749.27431483691
3626,2655.92614871975,2678.61287568505,2702.83741682336,2708.31874094052,2733.35898131312,2750.29203471882
3627,2655.92194890275,2678.66710854396,2703.14171080116,2708.61569548657,2733.55127201954,2750.75294533835
3628,2655.91080619486,2678.65451154136,2703.37281697877,2708.82736581612,2733.68613536342,2751.14079600537
3629,2655.89316423097,2678.61011386912,2703.55277081559,2708.98237129932,2733.78822254193,2751.44753221571
3630,2655.86959409124,2678.5240592576,2703.69304841063,2709.09378968878,2733.8588131142,2751.71318109381
3631,2655.84075662037,2678.43423984789,2703.81771268782,2709.18650861217,2733.92122073724,2751.97413919292
3632,2655.80735228713,2678.33788189051,2703.91126929312,2709.24552729001,2733.95589392295,2752.16113245098
3633,2655.77095568267,2678.22161483153,2703.97242908499,2709.2751615304,2733.99508584684,2752.33221735077
3634,2655.73372139396,2678.10522754265,2703.96764839469,2709.25257625054,2734.0836608468,2752.76749288231
3635,2655.69389926481,2677.99818870197,2704.17186997212,2709.46455131312,2734.57294338499,2753.44592037522
3636,2655.65206352031,2677.90275540101,2704.14315436353,2709.41826730538,2734.6458188864,2753.4927338099
3637,2655.60871880249,2677.82642266966,2704.10439045827,2709.35816895471,2734.7137329081,2753.88887789145
3638,2655.56434369721,2677.76217023714,2704.07912451718,2709.31256866977,2734.75545354609,2754.18629330113
3639,2655.51930033611,2677.69888132732,2704.00657766507,2709.21589901122,2734.70270432622,2754.36048207742
3640,2655.47393487409,2677.64765130443,2703.92334580631,2709.10816975124,2734.59098970624,2755.89530604
3641,2655.42855291608,2677.62512996938,2703.87621915458,2709.03689725675,2734.50037292274,2754.51294403327
3642,2655.383361329,2677.58682351769,2703.82208219823,2708.97200238726,2734.38590113428,2754.74727101934
3643,2655.33858798805,2677.56587312179,2703.76700477648,2708.88439796473,2734.15395986568,2755.71351175731
3644,2655.29437075976,2677.50826777592,2703.70140802002,2708.77428638987,2728.63282801985,2750.78406039266
3645,2655.25082794792,2677.39751072116,2703.51923681118,2708.52880826224,2728.30307685304,2750.57035845511
3646,2655.20806722377,2676.34061911037,2702.61722332394,2707.60273477479,2726.9448100362,2750.71961348785
3647,2655.16615925501,2676.25612178031,2702.62561923886,2707.58090984446,2726.93052871031,2748.11403463038
3648,2655.12515918647,2676.05579439931,2702.61630006387,2707.56953120393,2726.85736027932,2749.21953861518
3649,2655.08515811857,2674.61454155844,2695.94854969387,2700.82633943892,2719.74606338849,2733.89858270693
3650,2655.06563775383,2672.61404537614,2696.97680662621,2701.84027032467,2720.8335884211,2733.10176173065
3651,2655.21687882045,2673.81739863649,2698.45430408372,2703.48446707886,2721.70617148626,2734.11671703396
3652,2655.33086111181,2674.0778901954,2699.34597016239,2704.21213406298,2722.3559472136,2734.42812708109
3653,2655.36525006472,2674.91258092442,2700.00860653999,2704.6050956219,2722.84588678746,2737.22143740208
3654,2655.37181661868,2676.87223790695,2701.27685571276,2705.97943485468,2725.94838355478,2738.60044337192
3655,2655.37715823132,2677.09015581793,2702.46408515473,2707.09635100668,2727.44835910188,2740.54096617488
3656,2655.38117716848,2677.19588948017,2702.65970217448,2707.2740151281,2727.68490545785,2740.54437763362
3657,2655.38372620385,2677.28972994855,2702.94370062463,2707.54240500852,2728.04859402151,2740.76659501957
3658,2655.3846802991,2677.38541270895,2703.27973273894,2707.86353318376,2728.48523499058,2743.33262387097
3659,2655.38389777261,2677.43687175774,2703.62343444841,2708.19234823257,2728.93837222532,2743.49963758923
3660,2655.38121209352,2677.51688146742,2703.98326538373,2708.53810370517,2729.41396831372,2743.78699630932
3661,2655.37647754551,2677.57089952839,2704.34881274477,2708.89023525171,2729.9182563907,2744.27097402567
3662,2655.36952201551,2677.61818580809,2704.71412179511,2709.2429758343,2730.41219248219,2744.53343931567
3663,2655.36016363912,2677.66862096663,2705.0658778035,2709.58032400905,2730.89868131673,2744.91744267402
3664,2655.34824432489,2677.71320204675,2705.43493226595,2709.93312343818,2731.3881641649,2745.18852724625
3665,2655.33357170956,2677.74393521722,2705.79175091452,2710.27484358911,2731.87204859004,2745.51901289846
3666,2655.31598351129,2677.77543721981,2706.14231884974,2710.61097627445,2732.35247345474,2745.95855760462
3667,2655.27796459654,2677.76422755451,2708.4787833779,2712.92278727077,2734.76771203287,2746.53271888103
3668,2655.23292269235,2677.68546237024,2708.60477163346,2713.00702044917,2734.8869967931,2747.13502484439
3669,2655.18504768878,2677.58795415438,2708.61492380671,2712.98215112517,2735.73395318411,2747.61972775636
3670,2655.13423533094,2677.49910589485,2708.59308547214,2712.94000452323,2736.03505166731,2747.95912845457
3671,2655.08043161697,2677.41337938493,2708.80514137589,2713.1226108656,2736.33254304982,2748.27754317096
3672,2655.02356606554,2677.33149201543,2709.02550334643,2713.31697840513,2736.64740371957,2748.5623842605
3673,2654.96363712306,2677.2477898962,2709.21889724768,2713.48124980609,2736.93983403336,2748.86962938739
3674,2654.90064714035,2677.16379095433,2709.45388690254,2713.68831908701,2737.27761126994,2749.20979534425
3675,2654.83465014978,2677.07906093233,2709.67505811776,2713.87817095145,2737.6053012715,2749.55064974449
3676,2654.76570290677,2676.99344076975,2709.92947036954,2714.10200481851,2737.9710988148,2749.94920470633
3677,2654.69393544582,2676.90851043435,2710.26574948771,2714.40847423935,2738.42368167188,2750.37260563517
3678,2654.61947276062,2676.82192805728,2706.76392138114,2710.7694026017,2734.72245097811,2747.18179020213
3679,2654.54252149189,2676.73838558701,2707.26201073702,2711.22239748154,2735.41427373372,2747.38885649198
3680,2654.46891555107,2676.60840499659,2708.39817435826,2712.38740736373,2735.79060340777,2749.25452272544
3681,2654.3935952283,2676.58045837811,2708.55419026458,2712.55016500958,2735.56308376608,2749.42170608994
3682,2654.31679079441,2676.55239774802,2708.63071901314,2712.63194278607,2735.29394428451,2749.56191875125
3683,2654.23878068974,2676.52114993315,2708.70971131531,2712.71629671516,2735.0716960403,2749.71616792088
3684,2654.15985297861,2676.5615771073,2708.80303409959,2712.8123119176,2734.90100929874,2749.91495474697
3685,2654.08032630052,2676.52371777129,2708.89000253745,2712.90205266702,2734.75849047448,2750.09213334314
3686,2654.00047086907,2676.49544304435,2709.008336752,2713.02928062363,2736.00041253093,2750.30958579814
3687,2653.92060591845,2676.45493899603,2709.11391010927,2713.13902802535,2736.00711882506,2750.478195641
3688,2653.84100820057,2676.60227964952,2709.5877382702,2713.63608764977,2736.06288392258,2750.71510463542
3689,2653.76197033132,2676.60482679184,2709.82989205861,2713.90909325693,2736.13965072989,2750.93616812141
3690,2653.68373654545,2676.60271657642,2709.78361125388,2713.85311899029,2736.0968597865,2751.02084387097
3691,2653.60655838603,2676.61121881323,2709.89411299981,2713.97118077325,2736.15333899259,2751.19178137838
3692,2653.5306617613,2676.62263924917,2710.09308271853,2714.1701659203,2736.31175719966,2751.38994354135
3693,2653.45623501136,2676.63950556548,2710.13615453472,2714.21539473348,2736.35746197013,2751.51867820654
3694,2653.38618178294,2675.97425367573,2710.00730143823,2714.06318684613,2736.41236450597,2751.64043638388
3695,2653.32456013213,2675.81754066835,2711.38265495248,2715.45039230415,2737.8028870533,2753.50206646295
3696,2653.26535909822,2675.69515391733,2711.83048667281,2715.92788508572,2737.81994585693,2753.96050799758
3697,2653.20870637834,2675.55181314193,2712.01862836078,2716.13207325991,2737.67871516119,2754.39005830947
3698,2653.15465253411,2675.39461662347,2712.20243733593,2716.32975429084,2739.36298808786,2754.71432145919
3699,2653.10327208929,2675.23362100773,2712.35217899154,2716.49269723192,2737.57251552807,2754.96190045822
3700,2653.05458511395,2675.10737083565,2712.49733762114,2716.65188120372,2737.84428695266,2755.2422867907
3701,2653.00861628213,2675.10938943945,2712.63890102873,2716.80883911811,2738.20370451876,2755.47424467696
3702,2652.96537643156,2675.20896717696,2712.74279533641,2716.92875195712,2738.50738060717,2755.7238231185
3703,2652.92484486672,2675.24709027834,2712.8539047229,2717.05631890969,2738.79152690141,2755.96640000733
3704,2652.88701081988,2675.22318751732,2712.53154079046,2716.73922350975,2738.6227515085,2755.88019230548
3705,2652.85182980355,2675.18083186611,2712.50607897176,2716.72319514579,2738.72343554627,2756.02212692399
3706,2652.81926137896,2675.10627858471,2712.42874763719,2716.6520123167,2738.80004747315,2756.20898854962
3707,2652.78924486583,2675.03384192707,2712.31050353272,2716.53966302044,2738.77660221878,2756.3768566743
3708,2652.76172554217,2674.94721824382,2712.11170526188,2716.33912529686,2738.67533018895,2756.50951505836
3709,2652.73848869185,2674.82881012567,2712.17878376167,2716.46733932624,2739.0176110951,2757.60143967877
3710,2652.71876208052,2674.66197074729,2713.81389445447,2717.93160193906,2741.06364145083,2760.27553005815
3711,2652.70160273471,2674.46275101757,2713.11732329844,2717.15623307924,2740.92329202603,2759.87422192043
3712,2652.69259086259,2674.10228920611,2712.22685489734,2716.1554274834,2740.86233179349,2760.91691666717
3713,2652.68568272287,2673.67177841202,2711.1107617636,2714.91698094876,2740.65059622422,2758.73786381941
3714,2652.68055014757,2673.23572832738,2709.68086148116,2713.35160272595,2740.14544541838,2757.75983238662
3715,2652.67713674669,2672.8263066025,2707.79304971838,2711.3292615184,2739.06795094885,2755.84177814347
3716,2652.6753686033,2672.5505893729,2705.66560717759,2709.12496408951,2737.11296103492,2753.03979936595
3717,2652.61776873717,2672.52425717577,2703.7839995063,2707.04870386594,2736.09520089029,2747.94455310438
3718,2652.53538511939,2672.52584278294,2703.81324138299,2707.01386005702,2736.27551459749,2748.35468911577
3719,2652.48870145679,2672.57069889434,2703.730424565,2706.89393382259,2736.11900386355,2748.43484306158
3720,2652.46523680518,2672.67730561221,2703.63242990123,2706.77296739141,2734.83303471872,2746.72922562697
3721,2652.45578202681,2672.63388402294,2703.47053620583,2706.59674100268,2734.62458841872,2746.92068623602
3722,2652.43006756031,2672.52542618077,2703.01560096958,2706.17229191606,2733.85394686444,2747.44698979022
3723,2652.406771772,2672.18829017106,2702.44899088209,2705.64178928281,2732.96175087321,2746.84320859138
3724,2652.39957674481,2671.70451439816,2701.73201747908,2704.96193703707,2732.10225054595,2745.81341792863
3725,2652.39344009279,2670.59416345491,2700.80172014079,2704.06866361571,2730.98020376901,2744.11959044248
3726,2652.38763155552,2670.30119467642,2699.80682348978,2703.11611682785,2729.89721556475,2742.62160328764
3727,2652.38176116056,2670.02609284668,2698.88062454835,2702.28640855944,2727.81320542716,2739.49001948466
3728,2652.37241564746,2669.92263503868,2698.65329900958,2702.40387561995,2728.47956325422,2738.49716320571
3729,2652.27599181651,2671.38141792232,2697.69798295613,2701.17792396072,2726.58530120993,2738.06495760431
3730,2652.17422359517,2670.66121696528,2698.18982184519,2701.73295939307,2728.78310722064,2741.47600807212
3731,2652.07931692894,2669.66392732869,2696.69299380264,2700.2839877297,2724.58021279109,2737.89790202985
3732,2652.03420851781,2669.81860057907,2697.95075526305,2701.50609406149,2727.21940742818,2739.57523357173
3733,2651.99990417465,2669.53958164127,2698.71066342214,2702.21381468371,2727.19706507736,2740.03557327059
3734,2651.97223630606,2669.3452311652,2699.19650796307,2702.64536769629,2727.11325832487,2740.38655340148
3735,2651.95718995605,2669.29869783016,2699.50744667358,2702.9942384352,2726.35686734975,2741.14654212642
3736,2651.94951411876,2669.3707031678,2699.73135046557,2703.28096863085,2726.69913678265,2742.17579643605
3737,2651.94758087147,2669.54708832743,2701.28471330173,2704.82176358209,2727.96026010996,2743.63823940881
3738,2651.95132162244,2669.75555567269,2701.24793248009,2704.84699158504,2728.15892111477,2744.78069254065
3739,2651.96066431775,2669.97500711934,2701.34539762108,2705.00594010884,2728.42528566555,2745.29222543755
3740,2651.97550330138,2670.20087113679,2701.41531276978,2705.13454963002,2728.60918988064,2745.66689432346
3741,2651.99572167315,2670.42263528351,2701.42978296932,2705.20201964307,2728.71516354073,2745.87687017707
3742,2652.02120510375,2670.63950730271,2701.44647563868,2705.26761594466,2728.8031950459,2746.12298274634
3743,2652.05180548792,2670.85171585028,2701.39784762071,2705.26580881175,2728.79432268156,2746.14341290639
3744,2652.08736471212,2671.04758227103,2700.52851708181,2704.47781059038,2727.93625296441,2745.7997066113
3745,2652.12769911587,2671.24614639419,2700.42538490569,2704.41357872782,2727.83274694089,2745.41142986732
3746,2652.17263946086,2671.43253025225,2700.26111547966,2704.29241665544,2727.63893278388,2745.48956675685
3747,2652.22201174301,2671.609719002,2700.20172609139,2704.26035894208,2727.07526917478,2743.77697365492
3748,2652.27559795849,2671.77465072551,2698.63294267477,2702.61583782215,2725.34464958289,2741.75828706501
3749,2652.33321494715,2671.91934754077,2698.13412624352,2702.14103215325,2724.7484389261,2741.41790862775
3750,2652.39465870513,2672.06085323775,2697.98496495633,2701.99848631032,2724.48409988977,2741.51340202318
3751,2652.45970873628,2672.24198736673,2698.34559857303,2702.34466824129,2724.95906001521,2741.80193597899
3752,2652.48617176103,2671.91792263115,2697.93991665931,2701.92526568294,2723.88239399124,2740.08856698661
3753,2652.48126240909,2671.80513653724,2697.77590593318,2701.75135375518,2723.54572538107,2739.2992211643
3754,2652.47626422097,2671.62581083351,2697.12758038727,2701.12611462579,2722.68049615552,2738.32026739542
3755,2652.46853177267,2671.60188456139,2697.09414752895,2701.10062716634,2722.65365076825,2738.2964114007
3756,2652.45975677828,2671.59643394155,2697.08622576872,2701.10777511832,2722.66747087731,2738.31097430107
3757,2652.45065774388,2671.59163260677,2697.0896104657,2701.1255918067,2722.69272082963,2738.34355238542
3758,2652.44123921634,2671.58762629408,2697.09872227748,2701.14934743703,2722.72468482194,2738.38701450562
3759,2652.43149717641,2671.58423034743,2697.16548125896,2701.23050892969,2722.81459940854,2738.3652417261
3760,2652.42244812127,2671.58182631372,2695.62017706348,2699.69975159693,2721.20844564764,2734.94475044512
3761,2652.42817403129,2671.66281531202,2696.05586047011,2700.13548040929,2721.60224628999,2735.36437457379
3762,2652.42809431627,2675.14199729182,2696.17209545332,2700.48906978665,2723.73134600282,2735.03520045407
3763,2652.4465930945,2674.86791019216,2697.45955730139,2702.39418041846,2725.26286078343,2736.76731305977
3764,2652.47975680776,2675.041045603,2697.33921723814,2702.6491987791,2725.36611476175,2735.77470217823
3765,2652.51231972332,2675.13435315289,2696.71327028571,2702.21838586909,2725.04982882618,2735.75071350283
3766,2652.56166832428,2675.16616195368,2696.48857599063,2702.06666370525,2724.93948933846,2734.38830653037
3767,2652.62893384532,2673.70019929774,2693.67171731318,2699.43197493533,2722.00726947392,2730.86991900398
3768,2652.65986318538,2674.66136099053,2700.01419375726,2705.72963101987,2728.9204820577,2737.87285651522
3769,2652.69012136516,2675.55984495126,2698.05265570731,2703.94497369083,2726.98433869521,2737.0101176785
3770,2652.71958654569,2676.41683238554,2697.09147835511,2703.06351012803,2726.22561470598,2736.57377219607
3771,2652.74812092759,2676.88675792298,2697.23316534153,2703.21361781518,2726.54377151441,2737.18988761358
3772,2652.77561927472,2677.10642949751,2697.5362299744,2703.51096018327,2727.01645118492,2737.89100814208
3773,2652.80197069118,2677.22237880118,2697.75463147564,2703.72277719385,2727.38176151676,2738.47235574767
3774,2652.82708116577,2677.25390200818,2697.8297451923,2703.79407370461,2727.57607967591,2738.87047033029
3775,2652.85087139501,2676.53251512516,2697.33977736459,2703.2831354019,2726.77073557798,2738.33532650218
3776,2652.8715920683,2676.59077976228,2697.30374640602,2703.2497368791,2726.81851828177,2738.50032161498
3777,2652.90123468837,2676.64026300508,2697.30524321446,2703.24715303392,2726.82007574421,2738.56715070747
3778,2652.93848947139,2676.66312863803,2697.31760167529,2703.2522416164,2726.78532721679,2738.59550298036
3779,2652.97624087298,2676.69246550714,2697.33781954161,2703.2638504404,2726.75473381111,2738.61591897006
3780,2653.01442192959,2676.7142240557,2697.34935698376,2703.26690103801,2726.71471602452,2738.63053709959
3781,2653.04294092516,2676.72080790634,2697.34216099829,2703.33221397295,2726.64327396855,2738.6050328259
3782,2653.05604588342,2676.70259377489,2697.31166860935,2703.50992773105,2726.54242580574,2737.74949161001
3783,2653.06493043839,2676.68814643339,2697.29107378958,2703.74957526348,2726.45825617784,2737.56098148311
3784,2653.06873284797,2676.67200533658,2697.26895017971,2704.05419312426,2726.36646239164,2737.51570937768
3785,2653.06668355734,2676.69461390813,2697.39150793697,2704.62558312525,2726.3309780221,2737.53579601951
3786,2653.05846224806,2676.68762869394,2697.07020063251,2704.82456284353,2725.9669760592,2737.19806830402
3787,2653.04496553216,2676.70003261732,2697.04284481818,2705.44964594019,2725.8840767778,2737.15764061171
3788,2653.02973458562,2676.75928925838,2697.31883726119,2706.53149939945,2726.04458780862,2737.37109797416
3789,2653.02085193358,2676.93392313045,2697.35227061212,2707.45812370689,2726.00400463857,2737.29806136916
3790,2653.03189183746,2677.20181987803,2697.45215955396,2708.38393563845,2725.2353592076,2737.49575253162
3791,2653.03277334108,2675.14541974292,2697.16476800663,2708.59894185153,2724.78434528071,2736.93223424939
3792,2653.04238495588,2675.80575516546,2696.81069323094,2708.25872108209,2724.06415699327,2735.24482275106
3793,2652.76651052436,2669.25273895333,2686.75906351457,2697.64091092822,2711.78391135704,2720.12303430199
3794,2652.79191345086,2670.169108475,2691.76949177808,2702.50522921098,2717.01608800946,2726.26004883413
3795,2652.79517677794,2680.40447498797,2701.74502441882,2712.30635645363,2725.53461197131,2737.29081126065
3796,2652.77144449716,2679.5304436053,2704.2631302808,2714.60590595246,2729.82147951994,2740.24349688637
3797,2652.74972243811,2678.60458059297,2703.7335287528,2713.88870321679,2731.33284280713,2741.08950030503
3798,2652.73428359666,2677.26356124669,2702.63170118048,2712.63619038054,2731.93151796612,2740.42620810668
3799,2652.72792455639,2674.6103309695,2700.06905696594,2709.95310527668,2730.92533455321,2738.92702595195
3800,2652.74072882046,2673.23724897981,2698.59782649656,2708.54415385463,2729.82628885341,2737.76023818817
3801,2652.75454121892,2671.92435390676,2696.54223226338,2706.53492958075,2727.90796175631,2735.9461115382
3802,2652.77119359571,2670.73754176473,2694.63962071555,2704.70253757329,2726.09344627359,2733.87110399444
3803,2652.78768016074,2669.70313408176,2692.8333962186,2702.98147331401,2724.30064117608,2731.82658390648
3804,2652.80403240204,2668.86586739504,2691.35851438953,2701.59588595734,2722.81878933938,2730.26846730498
3805,2652.82023537668,2668.23332196557,2690.18147824713,2700.50546015363,2721.59802201066,2729.07459154962
3806,2652.83630651626,2667.78442705053,2689.19456208668,2699.61853187252,2720.6589804327,2728.17474776217
3807,2652.85225089436,2668.07361827811,2688.675286969,2699.16792881722,2720.14746802266,2727.83595438957
3808,2652.8707634617,2667.53481222926,2688.25658358941,2698.78176115709,2719.72691518899,2727.31381506235
3809,2652.9037684324,2667.09942949088,2688.18219562255,2698.75295622076,2719.78728139633,2727.27598257982
3810,2652.96005873662,2666.89378284458,2689.4287147066,2699.97765663193,2721.87368443432,2729.32011005596
3811,2653.01926247632,2666.55216312001,2690.49667029226,2700.95807447924,2723.22301524375,2732.15548644605
3812,2653.08165670489,2666.61030255507,2690.2604994778,2700.79962899974,2723.24564196767,2732.27936619179
3813,2653.14749632838,2666.85951778222,2690.10486268766,2700.69761463298,2723.06752193484,2732.22965999141
3814,2653.21702720025,2667.25824173157,2690.1380140292,2700.78580888151,2722.99982725297,2732.28681294167
3815,2653.29041577257,2667.74118292246,2690.28127215292,2700.98264769436,2722.92692287742,2732.39338311286
3816,2653.36776116141,2668.37991712548,2690.62818301423,2701.38535285097,2723.01498873481,2732.61522192664
3817,2653.44904003041,2669.37183312133,2691.29725876184,2702.11177146324,2723.41388602052,2733.05821630958
3818,2653.53672393883,2670.23657933508,2691.16264995913,2701.98941431093,2724.5468457509,2732.22306359429
3819,2653.62974745782,2668.72975669853,2694.09410707356,2705.00879422052,2728.3809255524,2737.25371005728
3820,2653.72297247588,2668.78201178259,2694.14934776157,2705.07609529848,2729.00792755072,2738.11739679785
3821,2653.76080164362,2669.08819537783,2694.48674995876,2705.43964784503,2729.30678602957,2740.02074179648
3822,2653.78226364569,2669.34694575891,2695.11501358862,2706.06794481076,2730.33175765382,2741.80861524135
3823,2653.79612059999,2669.66503766496,2695.96695584564,2706.86353290918,2731.24995821203,2743.06070211202
3824,2653.80206119511,2670.02867051132,2696.61642047818,2707.42119915531,2731.66010265971,2743.52617688538
3825,2653.80006323358,2670.40344022723,2697.10450440232,2707.82417609564,2731.93380872381,2743.88764601308
3826,2653.79038724445,2670.74971083991,2697.51286579832,2708.15391323657,2732.18526122249,2744.14797267644
3827,2653.77359213861,2671.05789872324,2697.80424309678,2708.37082780541,2732.3423515366,2744.28634965522
3828,2653.75044942495,2671.32793011678,2697.96468306126,2708.46033531898,2732.35118145268,2744.25376659016
3829,2653.72185918764,2671.56792440272,2697.97236499146,2708.39738151525,2732.17600234948,2744.01705550966
3830,2653.68880791792,2671.80150001064,2697.95823264755,2708.31275572035,2731.94396407471,2743.53927608814
3831,2653.65224371668,2672.04450614604,2696.82614785114,2707.1152424915,2730.55338321893,2741.72993278462
3832,2653.6130486704,2672.30465330498,2694.16428358683,2704.32179284353,2727.4939061878,2738.6801840227
3833,2653.57199507626,2672.55963986998,2694.07652054778,2704.15195784912,2727.14357384021,2738.31380600347
3834,2653.52973634819,2672.56777273065,2693.77802713277,2703.79028011901,2726.59007704363,2737.94255890555
3835,2653.56754857092,2672.63254243664,2693.50456634496,2703.46998029932,2726.07558614181,2738.76577295096
3836,2653.62594859599,2672.38327084032,2692.53320543633,2702.51861069033,2724.95744782145,2737.89747801138
3837,2653.61637477798,2672.40824563741,2692.88929582826,2702.89723254827,2725.66285822476,2737.44745858087
3838,2653.60723794083,2672.40230664644,2692.2322525286,2702.26324724735,2725.98730376406,2738.11004576952
3839,2653.59862448126,2672.38074284482,2691.86801543824,2701.96987933617,2725.6228741198,2737.63395217806
3840,2653.59059360198,2672.35492799254,2691.47425860358,2701.65481767792,2725.12655483555,2737.11656045718
3841,2653.58320472986,2672.31303644772,2691.0295956297,2701.27025525718,2724.49081724439,2736.7260003847
3842,2653.5764373054,2672.23437394313,2690.84725734494,2701.15005515638,2723.9775080635,2736.66500400943
3843,2653.57030571263,2672.11719752751,2690.92074059127,2701.28308377172,2723.85343246796,2736.88365347509
3844,2653.80941983821,2671.71669606638,2691.27322499787,2701.602850643,2723.96264429937,2737.67572943948
3845,2654.05766245025,2671.761675571,2691.59257616265,2701.85814339222,2724.10566706194,2738.29872567212
3846,2654.30790566307,2671.96560325878,2691.90437475153,2702.07193381653,2724.14124587977,2738.67485272147
3847,2654.56354237988,2671.80436111751,2690.37063287646,2700.31538582692,2718.267366126,2731.78266490325
3848,2654.80769332097,2671.77779422799,2689.49701430482,2699.61686577472,2716.41321969925,2729.15862177187
3849,2655.05057600222,2673.55624631273,2693.60907028938,2703.68621325337,2721.56510320793,2738.75071376725
3850,2655.29645924494,2673.7640158358,2693.81696197325,2703.74880215561,2722.12846679858,2739.64860437332
3851,2655.54594354868,2674.19962429429,2694.30809192112,2704.09844415656,2722.53089654794,2740.34947484432
3852,2655.798618247,2674.58701902963,2694.72863918522,2704.39079320059,2722.77544800268,2741.15237284641
3853,2656.05411282762,2674.96580994575,2695.12160518982,2704.65826989723,2722.96621644926,2741.85847164383
3854,2656.3121425804,2675.34353213975,2695.49696261351,2704.90970428768,2723.1453403599,2742.54260468352
3855,2656.57260535506,2675.71965520703,2695.85313055972,2705.14170043307,2723.30976867572,2743.13564831678
3856,2656.83573512759,2676.10520246844,2696.67863870778,2705.79825090451,2723.86596417297,2744.01322348941
3857,2657.10241499996,2676.50346066488,2697.05656282091,2706.05064815148,2724.04593135159,2744.31300170412
3858,2657.3749898665,2676.9203156005,2697.55494411007,2706.41729254702,2723.80618648186,2743.99428457157
3859,2657.65938230441,2676.78942199818,2697.82931005655,2706.5509822729,2723.79978540111,2743.6512655048
3860,2657.97142331276,2677.28977706576,2698.85317488295,2707.44197225628,2724.35040831905,2743.24591206783
3861,2658.34776275389,2677.62179670626,2700.04017940148,2708.56709264358,2724.73805044125,2742.35537944877
3862,2658.64210124558,2677.70144923371,2701.12974937793,2709.81598883705,2725.10915728605,2742.37398272756
3863,2658.80046297825,2678.36358498359,2704.09014417054,2712.97717603732,2731.93302402695,2747.66287912318
3864,2658.96966718591,2679.4917690655,2706.88110753802,2715.87441395705,2735.53676799873,2748.3241270442
3865,2659.14937367066,2678.95180542676,2706.52328486183,2715.49991430629,2735.62355951847,2748.00606073445
3866,2659.27980267716,2678.78602604592,2706.10755699314,2714.99766708105,2735.3495409681,2748.23942692402
3867,2659.23665631599,2674.97805635405,2694.47105671643,2703.21729353083,2717.48434661918,2726.03541269566
3868,2659.22177979144,2674.92443476133,2693.05774605255,2701.77161975,2716.53966069043,2724.33024641512
3869,2660.19334600295,2676.0235853926,2694.3836628445,2705.24278020581,2719.67903949951,2728.17114293074
3870,2660.44842804084,2676.46447466007,2694.69687146496,2705.43197610014,2719.67707199879,2729.87624489319
3871,2660.52435731896,2676.65289967963,2694.55480162578,2705.23579726984,2719.41092810786,2728.65814709649
3872,2659.02970717718,2676.39273376392,2694.15048037916,2703.68343759023,2718.28627930971,2727.88554719343
3873,2659.67759667974,2678.05166860514,2696.35221886308,2704.98783364604,2723.79071714146,2732.79746560864
3874,2659.67426468265,2678.08488176859,2699.21435459164,2707.99125505712,2728.61362896305,2737.37711790145
3875,2659.65746702408,2677.96530817764,2700.30133953128,2709.10256040795,2731.13834025703,2739.79645605947
3876,2659.63184986657,2677.65017710656,2701.23352136064,2710.04835219586,2733.69958601556,2741.79046798304
3877,2659.59840526972,2677.12845538396,2702.06342798453,2710.88172019708,2735.7988332517,2743.57021134966
3878,2659.55757915252,2676.41700514813,2702.75779164456,2711.56464132338,2737.50979388238,2745.2947486657
3879,2659.50968676852,2675.59478700023,2703.24476668351,2712.02330735596,2738.69115077312,2746.70747090692
3880,2659.45496261923,2674.7778332588,2703.36858534554,2712.10504906935,2739.25720191344,2747.71246725265
3881,2659.39372149139,2674.05247567285,2703.05093701958,2711.73520675533,2739.26881506819,2748.22020853201
3882,2659.32624122029,2673.47589500018,2702.29864445037,2710.93736902869,2738.84256816961,2748.21486562153
3883,2659.25286834397,2673.06514859794,2701.26794830136,2709.8751767938,2738.0789337984,2747.7254527019
3884,2658.79936121588,2672.11625419509,2699.67559901918,2708.30625938723,2737.32429603303,2747.22065180339
3885,2658.0792157257,2670.85518694975,2697.54343539215,2706.24487028719,2735.17199813477,2745.99595358861
3886,2657.03621932219,2669.43790292014,2695.61361549768,2704.4622250513,2732.42705463773,2744.02329784722
3887,2655.63743234997,2667.65425636358,2693.62413080403,2702.59857864481,2729.46819701419,2741.61188728966
3888,2653.96269575009,2665.54302544965,2691.61277711434,2700.66694741917,2726.36098335425,2738.80085943914
3889,2652.3574507602,2663.55297904819,2689.39445910237,2698.52237762344,2723.12783365609,2735.18988138176
3890,2651.35384727103,2662.04839475248,2685.64183131188,2694.76063315527,2716.79927761398,2727.54223626923
3891,2650.45310494115,2661.06313575621,2683.27698605884,2692.53560506154,2709.77434012352,2721.92820947471
3892,2650.43984136437,2661.9654343557,2683.8214117325,2693.17206077585,2711.35318095784,2725.52896917367
3893,2650.47627295713,2661.78626136891,2683.69848463596,2693.00727286276,2711.31926115218,2725.51748259905
3894,2650.58608052908,2661.5228281225,2681.62814272391,2690.96242281484,2709.62749855113,2722.39203054636
3895,2650.76654528357,2659.95886937531,2669.10789628345,2678.45967037968,2695.76296476904,2703.35014321914
3896,2650.79654911288,2669.6854505012,2679.87546606784,2689.70401378039,2709.67016692531,2718.88389120924
3897,2650.86417037035,2669.93955871554,2679.57546357652,2689.49071156525,2709.6121245689,2717.08036619916
3898,2650.93768029429,2670.13334176633,2680.16031064535,2690.25444644398,2710.9133430491,2717.42732810415
3899,2651.01212476402,2670.38679694976,2680.20379996658,2690.44952825614,2711.41212038688,2718.47564673104
3900,2651.08646141794,2670.65982426137,2680.30753814285,2690.71079216846,2712.03104905587,2719.15198360124
3901,2651.15983997267,2670.9260495235,2680.86312051446,2691.4294517651,2713.05136807748,2720.14846510771
3902,2651.23166907413,2671.17119806475,2681.14267845154,2691.87198112482,2713.8812590062,2721.02533417227
3903,2651.30158878036,2671.40325559362,2681.45809759605,2692.3608963815,2714.77808964788,2721.7218065399
3904,2651.36939489051,2671.62524029388,2681.64630101973,2692.73228568839,2715.59984364028,2722.83150477565
3905,2651.4349113302,2671.83711738409,2682.04068484207,2693.29482433445,2716.64853359749,2724.12971443803
3906,2651.49789853999,2672.06998472907,2682.2877107079,2693.70381986985,2717.62168932855,2724.70784391418
3907,2651.55794791197,2672.2902971302,2682.70560957818,2694.26786795261,2718.75908575476,2725.83544965113
3908,2651.59179090846,2672.1119604913,2682.79971534769,2694.38142300637,2719.00986399568,2727.68736052535
3909,2651.62160671717,2671.85223685408,2680.83478852536,2692.42116575719,2716.77593245919,2727.202380434
3910,2651.64185946361,2671.21523742463,2681.01038529405,2692.39924369495,2716.10241051283,2726.01390125355
3911,2651.65907961133,2671.16732251658,2681.50472921059,2692.71831847928,2716.41429775798,2727.19764716583
3912,2651.67626084477,2671.12170727515,2682.2912813564,2693.33618985823,2717.06994740696,2728.29371468551
3913,2651.69339019964,2671.07242673841,2681.28339993952,2692.12693460655,2716.03039397009,2727.47365078835
3914,2651.71042322306,2671.02614429883,2681.9898209023,2692.63502855224,2716.6022961678,2727.70825159676
3915,2651.72733842191,2671.01468446048,2682.41181374564,2692.85579542912,2715.97397717323,2726.0239016097
3916,2651.74410719101,2671.12685087832,2681.92498611259,2692.15911908014,2715.14876620652,2725.75977733185
3917,2651.76068722131,2671.44589473918,2682.52134768417,2692.61004402878,2715.40380363118,2725.90494814527
3918,2651.77704987427,2671.86681998346,2682.78438111445,2692.73800745261,2715.47577680326,2726.08274988921
3919,2651.77464813118,2671.76679177061,2682.43279118793,2692.34004019305,2715.0965138882,2727.05068711904
3920,2651.76974970239,2671.70338756715,2681.90011652607,2691.81413459411,2714.68303507143,2726.88732922989
3921,2651.7646682793,2671.60248341063,2681.756918775,2691.62771861866,2714.53250481666,2726.55269970458
3922,2651.75943972603,2671.49765193344,2681.53679199745,2691.39392711883,2714.31746453154,2726.34478403227
3923,2651.75525121776,2671.38294669392,2681.40062706067,2691.22127436348,2714.19424810263,2725.90445050075
3924,2651.75208994392,2671.18439940535,2681.23136254963,2691.03662995356,2714.04998001972,2725.8104732497
3925,2651.74918595882,2671.1348634434,2681.21399991163,2690.97001341266,2714.02816003542,2725.77381600049
3926,2651.74683751756,2670.69863048913,2680.96984871346,2690.69599454053,2713.93361896258,2725.54135370052
3927,2651.74456699076,2670.63635906252,2681.01694162187,2690.75274005901,2714.13618412392,2725.54886721079
3928,2651.74239188152,2670.37685396992,2681.95227855741,2691.71994794871,2715.01525143286,2722.99689880155
3929,2651.78990721486,2671.91551459256,2685.24572942506,2695.41752826779,2718.63355938754,2728.89259026813
3930,2651.79471726354,2672.52116540778,2685.69015261947,2695.91093607657,2719.12621898459,2728.8549490877
3931,2651.79950334895,2672.74726856015,2685.74730999237,2695.97463463585,2723.5232254883,2729.49250019431
3932,2651.80425315346,2672.80023002618,2685.91014368118,2696.14312434099,2723.83671820159,2730.01326358353
3933,2651.80895509379,2672.76247512861,2685.80980418706,2696.03699664004,2723.84592298602,2730.88687630524
3934,2651.81362040105,2672.72661279831,2685.74213909834,2695.96522639242,2723.90380092013,2731.36314350486
3935,2651.81824279477,2672.68901437427,2685.68152281015,2695.90202183815,2723.92214566382,2731.76238428078
3936,2651.82280574233,2672.62816489517,2685.60982779616,2695.82831809705,2723.914260448,2732.13620492551
3937,2651.82732640537,2672.59197533984,2685.56165854706,2695.77693622112,2723.90398879708,2732.48807987993
3938,2651.83178919756,2672.55362513315,2685.50726007816,2695.71984639075,2723.88606662161,2732.81440456308
3939,2651.83619299544,2672.4978247368,2685.45711978093,2695.6663617255,2723.82517187648,2733.06405049413
3940,2651.84052841159,2672.4381980016,2685.4024279156,2695.60519748807,2723.79804279605,2733.39319692882
3941,2651.84481043124,2672.37904675301,2685.38446702346,2695.58213982476,2723.78951838399,2733.78615500206
3942,2651.84902128176,2672.31957568636,2685.35245882406,2695.54292798165,2723.7253090181,2734.07176473745
3943,2651.85315463221,2672.24790891014,2685.3061748231,2695.48692681726,2723.6485153628,2734.34882108766
3944,2651.85722162082,2672.18501481802,2685.27381391991,2695.44477887909,2723.55408986627,2734.58538286858
3945,2651.86121056701,2672.11261432054,2685.25367624291,2695.41262867817,2723.44652087511,2734.81477964163
3946,2651.86511859632,2672.04497538529,2685.23857558571,2695.38593632214,2723.34992634933,2735.05747991447
3947,2651.8689428521,2671.97242291086,2685.26519994729,2695.39899539719,2723.25973864329,2735.33519213073
3948,2651.87269025237,2671.90697641134,2685.27873135831,2695.39579911817,2723.14770533591,2735.51837434415
3949,2651.8763511238,2671.85580521232,2685.2961720522,2695.39493655244,2723.00372673021,2735.6329037297
3950,2651.87991763078,2671.79577724507,2685.36024035453,2695.44050864682,2722.90769708737,2735.80832197129
3951,2651.88343432431,2671.74083986757,2685.43553809154,2695.49437355356,2722.80128330328,2735.87730488976
3952,2651.88784543353,2671.62496506801,2685.70156597681,2695.75260507203,2722.99098743633,2736.12665396433
3953,2651.89220431488,2671.49289889033,2685.98075450844,2696.01365021736,2723.17464953914,2736.34015370167
3954,2651.89651231088,2671.34195424163,2686.34361505396,2696.36634615649,2723.45255324587,2736.55255703607
3955,2651.90076307987,2671.17046255293,2686.7703005855,2696.77730669727,2723.81615599172,2736.46250808133
3956,2651.90496749123,2670.96287240683,2687.01813110604,2696.93963137141,2724.07616567682,2736.66684727284
3957,2651.90911521809,2670.69937802433,2687.58768200424,2697.48648802345,2724.51447847343,2737.11522458006
3958,2651.91321477586,2670.28390964799,2688.32518501046,2698.21998765381,2725.15762949601,2737.84095887242
3959,2651.91754926953,2670.01448547883,2688.21255532148,2698.0613171716,2724.4244695898,2737.0776558469
3960,2651.92456059098,2670.35270163331,2690.15693784516,2700.029446743,2726.5429810312,2739.01575485335
3961,2651.93151631242,2672.54227211903,2693.15574487429,2703.07135624343,2729.78699874119,2741.81540562633
3962,2651.9384238155,2681.37784834581,2691.62614460755,2701.37087741541,2726.91239043785,2747.08859920962
3963,2652.01842852488,2686.63383986301,2695.85775027004,2705.7408916553,2731.15597940144,2741.99445203716
3964,2652.16071553862,2686.22633674057,2695.93894492104,2705.92136773985,2731.69408136321,2749.62650942145
3965,2652.3010316613,2669.03223946047,2679.25517671969,2689.0317622075,2707.91890416724,2724.7522157026
3966,2652.36604911941,2669.2988942579,2682.8964710351,2692.59398138766,2711.58304928933,2722.03889139512
3967,2652.35856301569,2669.28791436542,2682.01495530905,2691.67104054605,2711.05904127725,2720.31688188668
3968,2652.35106957288,2669.2849170862,2683.00397551923,2692.67006673904,2712.25229877117,2722.1401627857
3969,2652.34357907294,2669.25436989126,2681.97446322636,2691.72393394957,2711.89634773087,2721.45062896522
3970,2652.33609065104,2669.2381831061,2681.98279659933,2691.68815765884,2711.57056699975,2720.85995354041
3971,2652.32861294092,2668.51588033502,2678.50737940293,2688.23364434009,2708.45521859045,2718.22403348915
3972,2652.32115168665,2668.41385785414,2678.45240827293,2688.14228850363,2708.54317946108,2718.28839792231
3973,2652.31394082775,2669.09890384122,2678.74079612121,2688.46923658208,2708.97325544907,2715.94122297881
3974,2652.30944526101,2670.27117538367,2680.50380248308,2690.23635504185,2710.93809546732,2718.15869353137
3975,2652.30516129852,2670.09155895041,2680.54356202956,2690.23852596223,2711.96925313127,2720.11524995054
3976,2652.30076138041,2670.81788578928,2686.17575450411,2696.05157139748,2719.97434878404,2730.77603117149
3977,2652.28863723383,2670.61500036747,2686.25564352633,2696.16745569096,2724.9830353407,2732.94780228921
3978,2652.27670845229,2670.43862251867,2686.14880115058,2696.0696999302,2725.07032186919,2736.43617282125
3979,2652.26497727308,2670.32432361935,2686.22373548227,2696.13948347064,2725.08981337488,2736.64623024236
3980,2652.25356465052,2670.2585498228,2686.15200840664,2696.07223424282,2725.08111149207,2736.74466218953
3981,2652.24377865214,2670.1672718819,2686.10556764645,2696.02556356858,2725.08500827026,2736.80916261484
3982,2652.23397555727,2670.10437436484,2686.07249846275,2695.98846337327,2725.0966499645,2736.85251701023
3983,2652.2299347493,2670.081521116,2686.08448507288,2695.97282375306,2725.05432817797,2736.91662801143
3984,2652.24160989084,2670.0587418069,2685.96452802494,2695.77753892871,2724.75420190167,2736.83276698606
3985,2652.25365049698,2670.08412048419,2685.6909841587,2695.43913721186,2724.32379286781,2736.55173955472
3986,2652.26598839759,2670.14143023651,2685.41704760465,2695.10013248192,2723.85330779908,2736.20069591464
3987,2652.27860785534,2670.17265535092,2685.09674957451,2694.71135126487,2723.35279204008,2735.81002177848
3988,2652.29149723774,2670.19474327596,2684.74817247887,2694.2965602987,2722.82066504191,2735.40273907547
3989,2652.30463712359,2670.27690885514,2684.46130177766,2693.93919587923,2722.31495212137,2734.97259576225
3990,2652.3180156054,2670.38597805883,2684.20449144957,2693.61485818814,2721.82820138336,2734.54125688781
3991,2652.3316240106,2670.49953371241,2683.99161077999,2693.33356489492,2721.35949828547,2734.14043172657
3992,2652.3454364993,2670.64322806619,2683.83839034967,2693.11542364962,2720.9668530907,2733.79474344517
3993,2652.35945164207,2670.78461883061,2683.75376652767,2692.96702242135,2720.63683180146,2733.52344526881
3994,2652.37363869409,2670.99362617646,2683.78333718522,2692.93677840566,2720.45747945064,2733.40745269361
3995,2652.38800177773,2671.2101864319,2683.46732413122,2692.55758631844,2719.07315374824,2733.24545231052
3996,2652.40251748251,2671.44349034906,2683.61783368076,2692.65315198179,2718.86268767698,2733.2420526659
3997,2652.41717143633,2671.49320224832,2683.74070045016,2692.7041617553,2718.54878011187,2733.09399852783
3998,2652.43195919315,2671.77088608667,2684.00769327693,2692.91955932335,2718.3979227706,2733.00635856713
3999,2652.44685745263,2672.02158166941,2682.77935997983,2691.63226497153,2716.77494646082,2732.54006190065
4000,2652.46187706385,2672.27407504174,2683.13722431244,2691.93943440056,2715.39232151318,2729.98605378906
4001,2652.4769929084,2671.0479291705,2681.10037009333,2689.98465018259,2712.70812553332,2728.52594548125
4002,2652.49220303856,2671.19367776605,2681.26036799703,2690.10573324178,2712.42458693274,2729.03029289429
4003,2652.50737977693,2671.22312405634,2680.92137942265,2689.74586997953,2711.6204614524,2727.38531340825
4004,2652.5217785729,2672.72430633089,2689.15828929762,2697.78336496875,2719.93776357539,2732.77589350739
4005,2652.53626855515,2672.63549213844,2689.5877823393,2698.21322990732,2719.57897066371,2732.46542194591
4006,2652.55082109824,2672.60619482358,2689.97800145578,2698.5958445814,2719.45745477935,2732.64648397506
4007,2652.5654312091,2672.83075479983,2690.06591041848,2698.67343463567,2719.18420883382,2732.48176853153
4008,2652.58014853403,2672.86122978871,2690.12450501211,2698.70874591161,2718.81575813159,2732.236355709
4009,2652.59498667651,2672.85294359071,2690.15925137355,2698.72000385073,2718.42031881002,2731.96778156983
4010,2652.60995123301,2672.8648396839,2690.19323171378,2698.73261473061,2718.03833814794,2731.70015918685
4011,2652.62504556209,2672.91698597638,2690.24360798705,2698.76560139938,2720.32753325065,2731.46946791799
4012,2652.64028796736,2672.97168517749,2690.29433997324,2698.80185888434,2720.06858285948,2731.23486872796
4013,2652.65570320046,2673.02853164168,2690.33845961259,2698.83286651237,2719.80374657835,2731.00426028377
4014,2652.67129603254,2673.11117741106,2690.40300767241,2698.88759540214,2719.58390209098,2730.79530556524
4015,2652.68701559032,2673.20436767813,2690.44133240344,2698.91685640242,2719.43446148117,2730.57288998323
4016,2652.70284322403,2673.31627467852,2690.47566809838,2698.9443063344,2719.11042916394,2730.36533217439
4017,2652.71888850874,2673.45806298013,2690.55327079605,2699.02013985808,2718.93199970403,2730.20394230902
4018,2652.73518308789,2673.58664540441,2690.61547511173,2699.07868143444,2715.63493635147,2730.0279835416
4019,2652.75174083748,2673.71127556538,2690.70939248894,2699.17161328708,2715.42411059019,2729.8945209475
4020,2652.76858945961,2673.81423307173,2690.78801627284,2699.24941073912,2715.20429426732,2729.75339047481
4021,2652.78574512514,2673.96561023405,2690.92633049495,2699.3908091991,2715.07064100616,2729.67452143067
4022,2652.80323203104,2674.1007851101,2691.05824467147,2699.52520559926,2714.93781990746,2729.59941095183
4023,2652.82107927749,2674.23148162819,2691.19938533728,2699.67149571609,2714.82366015371,2729.54018488038
4024,2652.83926821405,2674.34280921735,2691.30441896401,2699.78029783467,2714.68181277932,2729.45732886133
4025,2652.85767261131,2674.49893198998,2691.42302020665,2699.90549392688,2714.56668241855,2729.42808440421
4026,2652.8764547111,2674.06264830542,2690.9489647935,2699.39124718833,2713.77167207489,2728.83977786946
4027,2652.89564594639,2674.21139628592,2691.01409670721,2699.46287947116,2713.63024552298,2728.7678811481
4028,2652.9152430254,2674.35954000197,2691.07431172349,2699.53098548918,2713.4950237725,2728.6971922387
4029,2652.93527363966,2674.50698133388,2691.1294855032,2699.59428816209,2713.35101013757,2728.62601423832
4030,2652.95573079948,2674.65443279262,2691.17910397737,2699.65286162336,2713.22591971664,2728.55319326561
4031,2652.976638529,2674.79823355904,2691.22301238795,2699.70576518131,2713.10318675348,2728.48144589929
4032,2652.99789159595,2674.96217920643,2691.2452967696,2699.73691177691,2712.97537141998,2728.42632508987
4033,2653.01953512375,2675.14048792964,2691.24645030984,2699.746739926,2712.82155223674,2728.36403102382
4034,2653.04156700776,2675.32446900033,2691.21661884084,2699.72426561462,2712.65275292895,2728.32357749069
4035,2653.06399418199,2675.50373363781,2691.15813536125,2699.67218185568,2712.45427404653,2728.26125622533
4036,2653.08793683825,2675.98557319391,2698.45409837204,2706.96285557035,2719.83247909288,2744.00571040233
4037,2653.1123570025,2676.50670901457,2697.40590750355,2705.90053131467,2718.58352932595,2743.23673389477
4038,2653.13674515673,2676.87937573877,2696.18621322749,2704.66276816574,2717.22093278509,2742.5893104969
4039,2653.16114590267,2677.03232983883,2694.95924167989,2703.41707605222,2716.06769426344,2742.07914129179
4040,2653.18556989935,2676.9686653631,2693.84490022895,2702.28518624623,2715.23620844931,2741.59188917766
4041,2653.21004254704,2676.73095130854,2692.92356239111,2701.35144575508,2714.80118394403,2741.07587647467
4042,2653.23459030277,2676.41112356076,2692.27544523022,2700.70073352693,2714.81180625959,2740.67449659306
4043,2653.25927703489,2676.02633031478,2691.89982836971,2700.33857636414,2715.11452598147,2740.37949508917
4044,2653.28427375797,2675.55900298407,2692.12034426451,2700.58591804513,2715.97999464083,2740.76616556622
4045,2653.31049237641,2674.86402186582,2689.37299569461,2697.51216984098,2713.28333154819,2735.24918264179
4046,2653.33279672163,2676.28004660587,2692.07021435056,2699.97445412277,2712.72908251209,2731.5350451622
4047,2653.32111316456,2675.42448017527,2691.84443128067,2699.75018310064,2710.16281931608,2727.52888770976
4048,2653.28807022595,2675.03673160448,2691.5597748292,2699.47143183422,2707.83226996531,2724.45713662839
4049,2653.25014370692,2674.57952506808,2691.1147187447,2699.02804406579,2706.79427849103,2723.78570371801
4050,2653.21156503537,2673.0531726535,2689.65761628045,2697.55730858288,2704.68974509121,2722.45262186795
4051,2653.17236506572,2672.12649721094,2688.23056103688,2696.19861981751,2702.5797618679,2719.59079269561
4052,2653.13220526014,2671.34884420611,2687.7813785472,2695.74117487195,2701.14608783079,2719.17165977762
4053,2653.08821387204,2670.27719005254,2686.28946805512,2694.2363298408,2698.97327238866,2715.65709179693
4054,2653.07977854485,2669.82922273981,2677.10080619219,2684.8419729296,2688.59887082988,2700.91446300768
4055,2653.35731561605,2680.41978159648,2693.86755286917,2701.85964206574,2714.60522535506,2735.52266171401
4056,2653.39765778299,2679.95479887334,2692.72096783274,2700.98525868057,2711.85411457806,2735.16369116005
4057,2653.46826456347,2679.96796762986,2693.09571043062,2701.75365395291,2710.82164885617,2735.97128575071
4058,2653.55126867511,2679.68874462714,2693.61644508504,2702.72983672181,2710.39345474786,2737.24862839939
4059,2653.63762608531,2679.25162842531,2694.05873735006,2703.64426463575,2710.29352210685,2738.27357437732
4060,2653.71984415279,2678.77817338259,2694.52216194161,2704.55130905667,2710.52641604495,2738.89669958994
4061,2653.79332315554,2678.33460548587,2695.05194179864,2705.46139538096,2711.000653242,2740.81498308656
4062,2653.97136902876,2677.70814365236,2695.34249909344,2705.97224572999,2711.16429114485,2739.78291392622
4063,2654.35887697236,2677.7890798944,2696.17082109346,2706.47436444659,2711.51454367622,2741.1915513477
4064,2654.57668553438,2677.16747299109,2695.62419379267,2705.70578522561,2710.65397083746,2739.32906956242
4065,2654.69862932804,2676.56298222553,2696.61825515876,2706.87761675737,2712.74092363279,2739.8375048801
4066,2653.82999004629,2672.51696357892,2693.54206288706,2701.86087045133,2706.71441222859,2728.73717400167
4067,2653.48563509955,2672.22521096186,2691.3660015875,2699.53180868041,2704.64287440473,2725.45550983003
4068,2653.44365407582,2672.24790086044,2688.43933516675,2696.26870343778,2701.64092625844,2722.08919162781
4069,2653.5057284619,2672.27968886294,2685.67603176613,2693.31605027548,2698.83042039725,2718.5158032131
4070,2653.63134676599,2672.3384091513,2684.52571723685,2692.19147877201,2697.68566865812,2716.6961449581
4071,2654.32727910061,2675.28790006022,2687.9655944195,2695.68095603859,2709.96789571006,2723.3887984872
4072,2655.50616282695,2679.58692911492,2688.73143590386,2696.55770093961,2711.85036597482,2733.45149283386
4073,2655.34294506529,2679.36596731849,2688.67180217532,2696.53052298589,2703.08104791077,2722.98312603224
4074,2655.16813844414,2679.11047920624,2688.60219150909,2696.49351264358,2702.85548515546,2722.72081032543
4075,2654.9851075742,2678.85685997399,2688.49201215035,2696.4246240486,2702.62173513794,2722.31276649496
4076,2654.79901819952,2678.53967325862,2687.52694810474,2695.56027722238,2701.7948975671,2721.90440993982
4077,2654.6168999728,2675.96689570337,2686.79500051034,2694.94452930001,2701.5523367814,2720.82124930852
4078,2654.40195902491,2675.70626931321,2685.17113479439,2693.22232136451,2699.78355143167,2718.16862060267
4079,2654.36747008295,2675.05160032149,2684.6140369064,2692.72173654056,2699.42515309354,2718.01381331159
4080,2654.3985148095,2674.35719421744,2683.89645451621,2692.0579434546,2698.95289416149,2717.66887628465
4081,2654.43677259962,2673.69942068539,2683.18174924014,2691.3981734824,2698.54539947452,2717.35941841854
4082,2654.49190412268,2673.09739304684,2682.49401471677,2690.7679598196,2697.60996945797,2716.39637609276
4083,2654.57702880057,2672.54018532998,2681.81177520484,2690.14324241821,2697.2966256902,2715.77075744603
4084,2654.70750066564,2672.04012698543,2681.13400665091,2689.51414682194,2697.07882843515,2713.5535888508
4085,2654.89750437001,2671.66458766534,2680.54883616684,2688.92750335848,2697.04016056347,2716.05841245493
4086,2655.15009111859,2671.29947446487,2680.76667227639,2689.07989956745,2697.12797888565,2717.12455214551
4087,2655.2917263245,2672.90495369015,2681.69631221334,2690.06369085991,2698.66724142599,2718.13061074958
4088,2655.42011209487,2676.94370579579,2688.90242526503,2697.25915345612,2708.56456461761,2729.52710688405
4089,2655.54311066561,2676.89517200456,2690.68143755814,2699.16498593437,2712.32868970585,2732.76439420266
4090,2655.65891481042,2681.85358975292,2691.49722692447,2700.04308479632,2712.9822505172,2732.19298907081
4091,2655.79619146437,2681.3404702247,2691.47733898795,2700.00259998852,2713.0063525792,2731.55259253337
4092,2656.01675404078,2681.29468098965,2690.87339911985,2699.34067184145,2712.56301691312,2730.02841467716
4093,2656.22344095953,2682.60012856755,2689.51289173917,2698.06694458539,2712.75345212919,2731.22252011537
4094,2656.41492774702,2678.94655220602,2689.12936823689,2697.69362041721,2712.69489685148,2728.39977312119
4095,2656.58786534716,2679.43248746825,2689.41764001307,2698.05964110715,2713.26051545044,2730.18794797886
4096,2656.73952200439,2679.89753080925,2687.72153955416,2696.33823583588,2711.55628626397,2727.32715463238
4097,2656.86791689868,2680.27719655556,2688.1117266284,2696.86081596542,2712.09816314367,2732.02198178167
4098,2656.97190171864,2679.81909071309,2684.69111331219,2693.60348699872,2708.25854207436,2723.01225004445
4099,2657.0511567138,2676.93198145165,2681.93643798134,2691.01756848249,2700.89029663369,2719.75747616004
4100,2657.08181626723,2677.38464569805,2682.88447759662,2692.0758466657,2701.88261853555,2723.38435134717
4101,2657.08171686922,2676.28602115313,2682.26143545726,2691.47744377974,2701.1423423508,2722.44714749103
4102,2657.06516621693,2676.27360528425,2682.26250399861,2691.47495912954,2701.10150854311,2722.34109717264
4103,2657.03724225392,2676.20462920805,2682.22815204262,2691.43497242124,2701.04028512767,2722.28183651419
4104,2657.00909384002,2676.15634198354,2682.24467724799,2691.44716719655,2701.04130869675,2722.23917658354
4105,2656.98069023606,2676.12388960535,2682.29662415208,2691.49355212542,2701.07459404752,2715.97747813552
4106,2656.95203964512,2676.07521390699,2682.36241746388,2691.55155511558,2701.1280936993,2716.008734059
4107,2656.92314222289,2676.01245749596,2682.43646618784,2691.61650758435,2701.19270421196,2719.00287041782
4108,2656.89399691309,2675.946302806,2682.30142495374,2691.46729948854,2701.01758449045,2716.76915680961
4109,2656.86461466365,2675.8772797173,2682.14744468321,2691.30372409036,2700.83241247021,2716.0009434885
4110,2656.83499982381,2675.78891248627,2682.00485734866,2691.15945996755,2700.6665600661,2715.81370685147
4111,2656.80515598065,2675.6731292374,2681.7661645663,2690.88679436627,2700.36388783009,2715.60421859928
4112,2656.77508705069,2675.50853784206,2681.47700094738,2690.59543657153,2699.94564247955,2715.01651012641
4113,2656.74480140022,2674.3505131942,2679.66546341961,2688.75009040307,2697.94145634254,2712.69723209496
4114,2656.71430591846,2674.30449857939,2679.42026740579,2688.50050062313,2697.68635594836,2712.37731611514
4115,2656.71196976606,2674.30215155953,2679.47426779544,2688.55217170747,2697.74654423596,2712.46589506933
4116,2656.71213281413,2674.30217138433,2679.45326918601,2688.5315837436,2697.72699490138,2712.44983840642
4117,2656.7123295644,2675.48848091135,2680.12911531961,2689.25040715078,2698.29756873806,2713.4549113846
4118,2656.7125668532,2675.5503005954,2680.18592273009,2689.3026315351,2698.3928401978,2713.85299313616
4119,2656.7128513332,2675.5760274643,2680.20951301279,2689.32359582919,2698.39927428241,2713.84487059413
4120,2656.71318888171,2675.60065724131,2680.23474228994,2689.34758849886,2698.41596236445,2713.85415340203
4121,2656.7135888383,2675.60668232954,2680.24163163762,2689.35323503542,2698.41700224652,2713.85253615212
4122,2656.71365053805,2675.60414163946,2680.23901704928,2689.34955569713,2698.41223767851,2713.83642513297
4123,2656.71286872223,2676.35929544192,2681.21319072187,2690.25203901355,2699.4954801904,2715.05494093652
4124,2656.71207531893,2676.35849269415,2681.22473849169,2690.26279922626,2699.52365226539,2715.90845214623
4125,2656.71126241497,2676.35045042252,2681.22416139473,2690.26248221071,2699.52230398196,2715.87678357914
4126,2656.60734053642,2676.26865271012,2681.26859692391,2690.2858125416,2699.58108101915,2715.94721123691
4127,2656.49369979855,2676.20735388482,2681.46806909378,2690.47360032021,2699.8221038265,2715.62053358432
4128,2656.40775790794,2674.82990505288,2678.8309620946,2687.49538563165,2696.99867014675,2711.91872094981
4129,2656.1498078902,2675.30195357118,2679.52196929278,2688.44650946918,2696.42975083771,2711.03936472283
4130,2656.05029216961,2675.44902344691,2679.65082936723,2688.64103022634,2696.01293777478,2710.46496501534
4131,2656.09469345266,2675.3639590707,2679.44504514146,2688.38781314418,2695.62333942562,2710.09879181745
4132,2656.13968858239,2675.55406842566,2681.05189120807,2689.92525748194,2697.98017218755,2713.04090199662
4133,2656.18618961635,2676.61394535064,2682.69042492613,2691.5600768542,2699.6223592683,2715.3529512026
4134,2656.23617940373,2676.51434487493,2686.09833996641,2694.80720126472,2703.31129847668,2720.38091295902
4135,2656.29487569686,2676.41514466434,2685.74029119253,2694.40345343177,2702.73459347854,2720.35459309137
4136,2656.36522521614,2676.34172786058,2685.67419612453,2694.3026745384,2702.54474193788,2721.03796032781
4137,2656.38524303669,2676.16586115697,2685.94710640967,2694.50220780344,2702.75557383535,2721.67880752133
4138,2656.40335940588,2676.02750863228,2686.39741013858,2694.92941794647,2703.09786985413,2721.63910661987
4139,2656.41934060613,2675.81374180752,2686.88232675407,2695.34928380125,2703.9559260119,2725.45475487728
4140,2656.43256890362,2675.62969205537,2684.61594256896,2693.13987776461,2701.08274729013,2723.05377953842
4141,2656.44101564881,2675.44063364807,2684.25960450911,2692.75297641015,2700.52838534702,2722.81950738768
4142,2656.43529464158,2675.23121309642,2685.83369145667,2694.33547043689,2701.91649895998,2723.79004140618
4143,2656.33987802617,2675.05410594972,2679.77793469756,2688.23780911958,2695.76391106024,2717.71487442963
4144,2655.97069445648,2675.23139027073,2682.81946225714,2691.26074971572,2699.78785010869,2720.45224958524
4145,2656.57584672432,2675.64389577587,2682.47297149275,2690.74440594809,2700.35310161034,2721.99105137935
4146,2657.27911784352,2676.68545728574,2685.45957379388,2693.98463603078,2702.94032714087,2722.78177725087
4147,2658.04038063802,2677.749248029,2684.52078819164,2693.03615253665,2701.77530226078,2720.1458475685
4148,2658.80320404151,2678.63229711511,2683.94170221101,2692.43768327435,2701.07463089355,2719.03856720138
4149,2659.51290866084,2679.28395810929,2683.42933027458,2691.8991661668,2700.49304204016,2717.82180153135
4150,2660.13263680862,2679.79264277352,2683.02212695091,2691.45916185587,2700.04087616512,2717.51025410049
4151,2660.64846454528,2680.25550288314,2682.90745805532,2691.3026194776,2699.88856933698,2718.02335598236
4152,2661.06440512109,2680.68472354791,2683.28351140651,2691.64146154596,2700.26968433075,2717.63389196644
4153,2661.39384629071,2681.0075133763,2683.73457634981,2691.96367534902,2700.65635476851,2717.76038519842
4154,2661.6039194763,2681.1385946774,2684.07297819458,2692.2059960362,2700.96281685193,2717.97673151972
4155,2661.18155101352,2680.62867913628,2683.40600756723,2691.68695529839,2700.34288302963,2718.25891255455
4156,2661.02952749488,2679.57169961883,2686.01217697798,2694.24312027381,2703.13780678437,2722.35917926602
4157,2660.646866656,2679.34498358251,2685.68290432503,2693.72592333341,2703.11751542233,2721.3551184905
4158,2660.6112903089,2679.53819511074,2685.91200272631,2693.22868809737,2703.25481358263,2722.60547031178
4159,2660.82952871862,2679.72969583273,2685.39303051112,2690.15397966155,2698.70896067355,2716.17436151179
4160,2661.04039812381,2679.82580439904,2685.57111960167,2687.59830781539,2696.8434400155,2714.98882941251
4161,2660.98318925354,2679.84865638058,2685.69892086404,2687.78894106241,2696.9118249775,2714.96274600749
4162,2660.93166823387,2679.72465237934,2685.66041138232,2687.81486855151,2697.42168804484,2716.85949397009
4163,2660.8830024233,2679.64679893223,2685.69101252594,2687.91657675984,2697.62047818873,2716.41862440986
4164,2660.84629775982,2679.50314602849,2685.58183798343,2687.93695395255,2697.81180894112,2717.7679488393
4165,2660.87550018406,2679.35650690594,2685.14573475291,2687.60972331867,2697.47842326361,2716.53809076242
4166,2660.9302411077,2679.17149390991,2685.26737028409,2687.85144609338,2697.67998935985,2717.07599349488
4167,2661.02899725162,2678.93394866378,2685.03214315627,2687.60629693583,2697.44072241715,2716.89228943892
4168,2661.13582744808,2678.67019032702,2684.45574983208,2686.80641033464,2696.75823446175,2715.04787183154
4169,2661.24501714971,2678.43320396723,2681.75139267786,2684.00505335939,2692.64614515273,2710.45140892066
4170,2661.34884917068,2677.92508589157,2681.1733587371,2683.41976207628,2691.88980797691,2708.95630154653
4171,2661.43933675749,2677.94205296572,2681.24511426459,2683.52199763873,2691.87559679978,2708.93524140121
4172,2661.4902757508,2677.94870574289,2681.29994566686,2683.57037972101,2691.84947276885,2708.92790605498
4173,2661.495425836,2677.91823172414,2681.30932183089,2683.56801407046,2691.82569326523,2708.87359432218
4174,2661.50859479146,2679.63390248428,2683.00485050434,2685.36631064201,2693.5615996927,2710.52625699401
4175,2661.57703593965,2679.63160494247,2688.81026997769,2691.3868100966,2701.51990129683,2719.25188516
4176,2661.80528416489,2679.98074168084,2690.10566632052,2692.59674902279,2702.81966413681,2719.59408100593
4177,2662.11809422213,2680.81600041758,2691.59250846274,2694.01896043981,2704.4316722265,2726.04137167186
4178,2662.31105210114,2681.5541380229,2692.70057118158,2695.04628515437,2705.69960017387,2726.84960508252
4179,2662.36191765232,2682.05874623933,2694.29496944543,2696.66193223296,2707.63277486737,2730.68306761974
4180,2662.32623469266,2682.2909053907,2697.23878224408,2699.61725839127,2710.62201761293,2733.98675296423
4181,2662.25472072731,2682.43045679652,2697.58484266927,2699.93766364174,2710.99172385775,2734.99217544497
4182,2662.17386186026,2684.87299885617,2697.63759815169,2699.92119828317,2711.12128958171,2735.27167689289
4183,2662.09503954517,2684.92729670413,2697.8649191622,2700.13073807335,2711.46887614432,2737.65859922673
4184,2662.02378676621,2684.9939564132,2698.08856136265,2700.33314154962,2713.29496075615,2736.52412585207
4185,2661.96541722283,2685.08070790774,2698.20046292493,2700.41878926834,2713.99621033227,2736.26849569456
4186,2661.92912529571,2685.17881551579,2698.41862089959,2700.60159746304,2714.58650815729,2737.01021576395
4187,2661.93239147398,2692.67549443365,2699.27497772909,2701.44711765874,2715.89314848624,2738.09607267974
4188,2661.99322511463,2692.87507322088,2699.39955093741,2701.60573442028,2716.77589564693,2737.78503790718
4189,2662.11138098771,2689.61749353934,2699.21706236718,2701.538079533,2715.45164912164,2735.35680429122
4190,2662.36150750934,2687.00760296604,2699.41124351244,2701.91174453346,2716.9456929533,2742.77422310104
4191,2662.91804559594,2691.66166271532,2698.90741969684,2701.28944333586,2717.64390418806,2733.5896512617
4192,2661.80188238589,2690.66838869487,2697.9993773446,2700.11373373886,2716.71225175059,2735.66697174222
4193,2661.14773580342,2686.53211269795,2696.40726138558,2698.52496124929,2711.63647314099,2738.63241233889
4194,2661.1044708117,2676.61620240328,2688.04425848438,2689.90344062912,2693.38453666829,2714.10355285989
4195,2661.07977422344,2676.78882451957,2687.03626576573,2688.97770346959,2692.09110747338,2712.68671395573
4196,2661.32879950767,2677.12654374889,2685.53538498786,2689.24236229275,2692.19227532327,2709.78165192944
4197,2661.46593232851,2677.29600555281,2685.09004466778,2688.94682285324,2691.78697934683,2708.92984422373
4198,2661.5797792409,2677.47106438257,2689.47009070412,2693.35821636633,2696.1226621966,2711.51013879766
4199,2661.67165614077,2677.55515995037,2689.65926958904,2693.56826245139,2696.27330063643,2711.07977765127
4200,2661.74539972306,2677.84869680549,2690.01575617155,2693.78087092905,2696.46555732133,2710.72883754293
4201,2661.80404783953,2677.99778927147,2689.86528436291,2693.62844812443,2696.3050886667,2713.1242337962
4202,2661.85065833732,2678.12706665271,2689.51687344289,2693.28117451779,2695.95698424145,2721.13014171227
4203,2661.88755667792,2678.25214656855,2688.75911875678,2696.69047551753,2705.2064519305,2718.16123904533
4204,2661.91652420081,2678.34855756312,2681.97777690488,2689.98261220186,2698.32924223089,2715.61439438605
4205,2661.93892879456,2678.42152224671,2681.9462279071,2689.89277469302,2698.3129377474,2716.09841196819
4206,2661.95581059707,2678.50541603836,2681.98997152919,2689.88926521541,2698.39192268644,2716.50469152694
4207,2661.96683931068,2678.75742335458,2682.17026680529,2688.97658356694,2695.0267249586,2714.55647244212
4208,2662.06757609669,2678.89445351986,2682.55320081153,2687.15281450157,2691.14053322612,2713.40062794526
4209,2662.05742043124,2678.61555324215,2682.34992717607,2686.43353741905,2690.31554465014,2713.21928237009
4210,2662.06489607731,2678.22420016961,2682.30966531766,2686.4755608267,2690.67617867339,2699.74271362769
4211,2662.22347985003,2678.39656151684,2682.44639267814,2686.42258837261,2690.98702135914,2699.70557140805
4212,2662.33654975784,2678.41770958055,2682.14365816413,2685.84346669883,2699.51691986912,2707.83647442613
4213,2662.32265521155,2678.38536260419,2682.16973023408,2685.76575857605,2701.74774437185,2721.33072153236
4214,2662.30788422477,2678.38109799601,2682.1754275955,2685.87169068214,2702.11829277968,2721.91356482204
4215,2662.30881773949,2678.37922166118,2682.15353555264,2685.83832752715,2701.99680931471,2711.07077865064
4216,2662.30988456597,2678.37446542299,2682.15125610852,2685.83135970367,2702.01340097977,2721.81823282976
4217,2662.23717880601,2678.29428256701,2682.15815246041,2685.8579121184,2701.91308440032,2710.97867391413
4218,2662.12614897378,2678.1668271511,2682.16816993982,2685.92797279225,2701.75450892884,2710.5838012484
4219,2661.99940012239,2678.01518258131,2682.18587339434,2686.06056210046,2691.78913832009,2699.78959328409
4220,2661.85826522983,2677.83225163935,2682.21240627251,2686.28146140893,2692.01371819765,2699.92108955169
4221,2661.71075041813,2677.63141034237,2682.27189595772,2685.39284967056,2691.07201525051,2698.98011802199
4222,2661.58009506736,2677.40841198674,2682.11631425524,2685.14826100387,2690.83487768423,2698.72689805393
4223,2661.37149925941,2677.17615188828,2682.18231574798,2685.21780549739,2690.92881878682,2698.65742284339
4224,2661.16028235895,2676.90922089542,2681.5184943241,2684.91613482143,2690.68262302529,2698.33927863976
4225,2661.04755488736,2676.73508304617,2680.46184105895,2684.6403329098,2690.47193641496,2698.0917845454
4226,2660.98366215295,2676.6369270251,2680.44610020628,2683.6376706074,2689.3189208536,2696.85289549315
4227,2660.97119088961,2676.60431818567,2680.43256322373,2683.63499999552,2689.27648475368,2696.83438753646
4228,2662.24096497879,2677.76566363243,2681.57990582712,2684.82500777548,2690.31294726165,2697.94084979282
4229,2662.20322146443,2678.06756481124,2682.01599837046,2685.34565572385,2690.82473956309,2698.5002069138
4230,2662.77711840841,2678.79543814502,2682.87910623397,2686.21331978437,2692.14350911762,2700.52029770306
4231,2662.87642434792,2679.00200452611,2685.03845094989,2688.30185406687,2694.45279074591,2702.9104034082
4232,2663.03086618615,2679.31896264285,2684.83003100352,2688.05472813656,2694.46565760962,2703.00599159931
4233,2663.10477132053,2679.51517801937,2686.92092995975,2690.48557168363,2697.56529280158,2706.84168264629
4234,2663.11607958519,2679.62122967757,2687.48790193346,2691.10401979354,2698.31724620918,2707.54614057012
4235,2663.0940762621,2679.6672875524,2687.66163253013,2691.28199251796,2698.62019749476,2708.62801674827
4236,2663.05779051312,2681.01712235128,2687.79828044701,2691.39562216172,2698.81812525846,2709.10509038854
4237,2663.01699614846,2681.00714258747,2687.82037191857,2691.39200906559,2698.88351296819,2708.59979270696
4238,2662.97623643013,2680.96362936282,2688.02740930055,2691.61212707883,2699.16781644432,2709.1800791632
4239,2662.93746575831,2681.47789172505,2688.02352573067,2691.59487143762,2699.21383288108,2711.73350011023
4240,2662.90141258065,2681.43770330527,2687.97526281503,2691.53738656983,2700.62491833506,2712.33952063498
4241,2662.86822946899,2681.40207640573,2687.92674145193,2691.47776482961,2700.59812893918,2712.75981862192
4242,2662.84564027348,2681.34471735591,2687.86150486241,2691.41310150943,2700.48292735267,2713.29651863025
4243,2662.89720960841,2681.25284319932,2687.79670279858,2691.42487807648,2699.84504259442,2712.23355246093
4244,2663.01685801289,2681.18181599306,2687.86664708329,2691.59283683827,2699.42272380751,2710.43214154025
4245,2663.11367513971,2680.30605010783,2687.75259440693,2691.57346198422,2699.10120891929,2710.57696533384
4246,2663.18951512598,2680.39686410689,2687.89550466889,2691.79494791035,2699.18850249799,2708.8148363602
4247,2663.2471697665,2680.50054627952,2687.9736834385,2691.94044548199,2699.08907770286,2710.21079929202
4248,2663.29086222225,2680.59101268719,2686.25402766201,2690.19042024792,2696.9784096206,2707.92635240936
4249,2663.35670506117,2680.59095798253,2686.18720505137,2690.17916208151,2695.01977028271,2701.7464756739
4250,2663.47116121521,2680.52176449527,2683.25369240044,2687.16450630554,2691.74304760922,2696.47790425722
4251,2663.48536529773,2680.5543047241,2683.27484049187,2687.17983271177,2691.76260100566,2696.5070298119
4252,2663.4964686157,2680.58217043573,2683.27677869311,2687.10568189951,2691.69244315722,2696.43584870326
4253,2663.50530073681,2680.60780207758,2683.25935173794,2687.06108326468,2691.6557057326,2696.40389236823
4254,2663.30482625627,2680.58501772468,2683.57833278936,2687.41921675829,2692.00707463725,2696.76143375695
4255,2663.25869044009,2680.57737922414,2683.58345777702,2687.41008523744,2692.00287997574,2696.76404254558
4256,2663.21508042549,2680.5816543976,2683.60900528579,2687.42175374471,2692.02417239602,2696.79948369044
4257,2663.17459481606,2680.55982806861,2683.60413360436,2687.40523230476,2692.00919261579,2696.75303474773
4258,2663.13698042731,2680.53718968122,2683.60993792071,2687.40161206495,2692.00893906226,2696.78644818604
4259,2663.10188639474,2680.51023587125,2682.89576231975,2686.48489473949,2691.1258483698,2695.84207955688
4260,2663.06896532939,2680.4774524191,2682.86436415746,2686.44363399172,2691.07948999639,2695.79660363926
4261,2663.04737893374,2680.46029695256,2682.85054713359,2686.42562072249,2691.05115274498,2695.76812746385
4262,2663.02871857119,2680.42862249444,2682.82278321487,2686.39519720235,2691.01043451786,2695.72766766886
4263,2663.009304551,2680.3867485771,2682.78696321375,2686.35583641724,2690.95943724032,2695.67560728133
4264,2662.99092839438,2680.53167510124,2682.90594435306,2686.48977860072,2691.17305421628,2695.88194284444
4265,2662.96904606043,2680.88853494665,2683.17593381283,2686.80675883734,2691.79447676167,2696.46645827731
4266,2662.93880464894,2681.1527486406,2683.48005160702,2687.2561084726,2692.53932099598,2697.90895741146
4267,2662.89954256965,2681.29275908518,2683.307926598,2687.15315511168,2692.64103313575,2698.273136155
4268,2662.88094638723,2681.48184273548,2683.46476392121,2687.32166211436,2692.71772097448,2698.37804340769
4269,2662.86851786104,2681.29977949588,2683.37802294981,2687.15236274006,2692.25449002666,2697.23077157552
4270,2664.17447355664,2682.02115892594,2683.84588434404,2687.45863219437,2692.3970959369,2696.98875234553
4271,2663.86164613886,2681.81307000206,2683.62837588112,2687.23956476521,2692.15500863155,2696.80458025841
4272,2663.03020403188,2681.79736127692,2683.71750543073,2687.26528523472,2692.19853947492,2697.01871580866
4273,2662.60524461231,2681.89203975807,2684.10614046675,2687.68786641841,2692.69738139533,2697.36761416578
4274,2662.30665115787,2682.34984322069,2684.20647992087,2687.75536794816,2692.80547593748,2697.56317724229
4275,2662.07095403192,2682.33664417878,2684.24128500872,2687.75532402244,2692.84201994276,2697.63342806404
4276,2661.88104756252,2682.32702661835,2684.53560710787,2688.06768604572,2694.13684069379,2698.9999303986
4277,2661.73230554645,2682.85328576821,2684.52153048213,2688.02132723762,2694.12814144013,2698.9159060585
4278,2661.62293482378,2682.86208280915,2684.5284839296,2687.98620724936,2694.12764882925,2700.39212382306
4279,2661.37350673408,2682.80024848497,2684.48051768359,2687.74947878335,2693.803358615,2699.13986547195
4280,2661.76516718222,2682.81091088661,2697.53243564637,2701.17535799169,2707.10122721895,2712.31427859956
4281,2662.40089849098,2682.74496585664,2697.44910484983,2700.99390785109,2706.9769886411,2712.19858228969
4282,2662.46751720205,2682.73485347196,2697.47979605031,2701.0413352896,2707.0090898069,2711.7713343231
4283,2662.48169162379,2682.73109991802,2697.50196054899,2701.06371582939,2707.02744034857,2712.03578428866
4284,2662.48580451325,2682.74190699129,2697.70019360243,2701.2737210195,2707.23754553644,2713.22533410858
4285,2662.45191134811,2682.71987687335,2697.75511618986,2701.30867804754,2707.2757839867,2713.07318131717
4286,2662.36739220442,2682.55594298981,2697.45346889794,2700.98422842722,2706.94137935077,2712.46884175386
4287,2662.27631225373,2682.36534302912,2697.23484504832,2700.74745971489,2706.69442297278,2711.77535162641
4288,2662.17861039234,2682.16259614163,2697.12795252601,2700.62564517269,2706.56088707889,2711.8202281516
4289,2662.11197567717,2682.04206029646,2696.81315982552,2700.31112336339,2706.2327200766,2713.61131576112
4290,2662.09870142045,2682.03000786587,2696.86186391235,2700.35494761665,2706.2641862418,2712.96166407173
4291,2662.0682296108,2682.00811343886,2696.61483826622,2699.94337444568,2705.45163268256,2716.28539761169
4292,2661.92532299122,2681.88425139031,2695.68966609096,2698.28638683536,2701.48580386444,2717.84611721713
4293,2660.85731146146,2679.29248321882,2695.03097250179,2697.44421058254,2699.56800556271,2721.28884474182
4294,2661.62682233222,2681.41135705081,2696.52263516767,2698.66215221313,2715.93629726044,2738.74373553952
4295,2663.03271070661,2682.29982163405,2695.64258830363,2697.88973379854,2707.14233386331,2724.53494991129
4296,2664.68888746343,2682.52718959158,2695.53643982785,2697.90981572087,2709.08536353624,2727.50916904592
4297,2665.08203226453,2682.66258132399,2695.69030334679,2698.16635426151,2707.09042248623,2723.05400882591
4298,2665.21093084195,2682.6736215779,2695.66336268261,2698.15912599892,2702.98310868878,2717.16536393993
4299,2665.2415114013,2682.79388657024,2697.92465989725,2700.29529622708,2703.56722226051,2717.26611034593
4300,2665.25305322271,2682.71576106702,2698.10436660636,2700.62621793586,2706.00602573138,2720.31018752032
4301,2665.25258432044,2683.30688548685,2700.04053180493,2703.02745755574,2709.34274449072,2727.50335912351
4302,2665.29390669687,2683.63963115626,2700.38952535594,2703.2505370824,2709.19271716793,2727.65772966975
4303,2665.37013722758,2684.01017441475,2700.5653929786,2703.22567652364,2708.98820248105,2727.96469376791
4304,2666.34939089568,2685.39716083573,2701.22051260503,2703.71721546281,2709.30370779041,2728.24322245162
4305,2666.46062249708,2685.23719182909,2700.74961404044,2703.24699985205,2708.88570481588,2727.80647358346
4306,2666.46363560947,2685.13894605261,2700.59637138308,2703.09767993101,2708.74599497033,2727.66602672204
4307,2666.45315852463,2685.05632029265,2700.50404178002,2703.00573972184,2708.67549774445,2727.59112013571
4308,2666.43949512442,2684.99576660001,2701.04921194976,2703.50302499665,2709.19572026244,2728.14520488379
4309,2666.42831715794,2684.92466722521,2701.06928760483,2703.51336204401,2709.23079257365,2728.16886732769
4310,2666.41809833438,2684.85403012647,2701.08212491451,2703.51669187986,2709.24682527041,2728.11420507177
4311,2666.40762951274,2684.79458781038,2701.09115861967,2703.51711267923,2709.26660571954,2728.12636240523
4312,2666.39689672563,2684.74451965573,2701.07797740369,2703.49637582151,2709.25459733423,2728.45348359363
4313,2666.3858988706,2684.7029172905,2701.06285062496,2703.47441147575,2709.23780532511,2728.09646976064
4314,2666.37459478852,2684.65097528742,2701.03443804005,2703.43983319478,2709.22022009167,2728.36364674025
4315,2666.36296436621,2685.70732414621,2701.010626116,2703.41058237198,2709.19018116104,2728.15377943727
4316,2666.35097184635,2685.62060003909,2700.9900076136,2703.38360303459,2709.18000797033,2728.15330075713
4317,2666.33856600948,2685.54325126748,2700.97722877395,2703.36432189305,2709.15939628101,2728.42288528524
4318,2666.32568893886,2685.47406110545,2700.96250083783,2703.34333362636,2709.15547438824,2728.10253710786
4319,2666.31226759066,2685.43422304837,2700.96055030405,2703.33460672418,2709.1487270365,2728.10626925272
4320,2666.29820371858,2685.38160624485,2700.95435980339,2703.32246604448,2709.18378035713,2728.05713964446
4321,2666.28336144064,2685.32698836333,2700.95013884452,2703.31199990279,2709.18199969775,2728.37726780971
4322,2666.26758517069,2685.29623046171,2700.95448021709,2703.31068015685,2709.17699342992,2728.33370855665
4323,2666.25066358398,2685.24643394275,2700.95880588352,2703.30952017167,2709.1863257693,2728.47733090804
4324,2666.23231919695,2685.22514976148,2700.97705108852,2703.32265211704,2709.19643340898,2728.32400886392
4325,2666.21217265287,2685.20052028689,2700.99573814867,2703.3370510933,2709.20310913552,2728.47508569226
4326,2666.18972496346,2685.16013226944,2701.01630420081,2703.35387061922,2709.22544558401,2728.5334943559
4327,2666.16430069592,2685.13730398266,2701.04667490762,2703.38181928429,2709.24952795596,2728.57798704063
4328,2666.13495842331,2685.11795746981,2701.0896594577,2703.42311569536,2709.29198305303,2728.30432009945
4329,2666.10039340927,2685.093010001,2701.14551217732,2703.47947290398,2709.33839075516,2728.49940158572
4330,2666.05875640495,2685.0653476014,2701.20607786781,2703.54201165756,2709.39243121275,2728.84020549316
4331,2666.00744814405,2685.05980737739,2701.30071008389,2703.64008940801,2709.47659780577,2728.87924497876
4332,2665.9427780996,2685.02552572342,2701.41390875358,2703.75922675894,2709.57105847271,2728.96837816629
4333,2665.8596829466,2684.99304243042,2701.54204861599,2703.89413203884,2709.69189008488,2729.18391247411
4334,2665.78966375818,2684.97809509799,2701.66164051477,2704.02618142054,2709.81397548158,2729.10560159767
4335,2665.72314245126,2684.93694483898,2701.7678462791,2704.14808991698,2709.94853188472,2729.12427936879
4336,2665.6404886206,2684.90647005766,2701.89332209161,2704.29036211949,2709.99480195358,2729.77460218772
4337,2665.53785779007,2684.81870456206,2701.95263410055,2704.36682361307,2710.10123382462,2728.69769120076
4338,2665.41307721269,2684.4339658785,2700.84172343175,2703.33971543941,2709.14328377067,2727.738597941
4339,2665.26989683382,2684.2750149595,2700.35709021925,2702.8663279183,2708.7178814656,2727.30849231779
4340,2665.12436695135,2684.01656791007,2700.06446761355,2702.65484949655,2708.45228952454,2727.49100338722
4341,2665.05098044672,2683.78554160029,2699.75468705009,2702.42652725123,2708.25861844752,2727.38596801639
4342,2665.02578916672,2683.7185443631,2699.70088455097,2702.34388709297,2708.18862136652,2727.45638572026
4343,2665.00109675482,2683.63221476684,2699.63508799455,2702.25006622128,2708.08894316876,2727.36425780885
4344,2664.97721755956,2683.53419413687,2699.5620893681,2702.14685832993,2707.98461786798,2727.27132745918
4345,2664.92622476666,2684.5188419824,2700.11347093981,2702.70711471531,2708.47523825942,2727.42395811829
4346,2665.12777808454,2684.17056607704,2699.73294517304,2702.40763116692,2708.14973572764,2726.73000532533
4347,2665.25407119608,2684.04457760435,2699.56505664313,2702.24937820757,2707.98414797723,2726.37114922956
4348,2665.31664310189,2683.9660543162,2699.43948034688,2702.1186090389,2707.83618595539,2726.0524832126
4349,2665.35017405349,2683.87708957359,2699.25179557438,2701.93405576601,2707.64156090868,2726.17365706291
4350,2665.36943406402,2683.82559576824,2699.16199451405,2701.82700314244,2707.37974747958,2725.99308685457
4351,2665.38089632186,2683.78547654979,2699.07792545765,2701.72287926083,2707.25403887416,2725.86318276952
4352,2665.38771152927,2683.74046077558,2698.99002478716,2701.61553237669,2707.13720903455,2725.71624315726
4353,2665.39154907889,2683.6852690669,2698.88977130959,2701.4942037961,2707.00397911557,2725.52573214835
4354,2665.39337152524,2683.63661819642,2698.78948093132,2701.37139196902,2706.87070266423,2725.40962454588
4355,2665.39377504662,2683.6038012028,2698.70282295658,2701.26061084031,2706.74671401962,2725.25242187627
4356,2665.39313208208,2683.53826023617,2698.59230746955,2701.1259087528,2706.6008374683,2725.06491495582
4357,2665.39169758639,2683.5113520087,2698.49531948913,2701.00167086462,2706.46479265488,2724.98225800118
4358,2665.38964443907,2683.45805324346,2698.37697985707,2700.86077629357,2706.31234425168,2724.67812891399
4359,2665.38710066686,2683.4137884371,2696.8042111133,2699.4871706794,2704.99148135766,2723.14024975906
4360,2665.38415968761,2683.34361865108,2696.80091643767,2699.42878243776,2704.91274220969,2723.00086767715
4361,2665.38088659951,2683.05726062901,2696.53792104361,2699.19752973366,2704.69055164941,2722.50150952226
4362,2665.37734139044,2683.04973059172,2696.54274449567,2699.15324162404,2704.63364304548,2722.82477912444
4363,2665.37355843322,2683.04340901119,2696.53806401531,2699.10202035965,2704.54391487681,2722.34652148979
4364,2665.36956376751,2683.02682011814,2696.53816516801,2699.0539034345,2704.49047458165,2722.52920171025
4365,2665.3653979257,2683.0258598538,2696.53794561832,2699.01024020807,2704.42940817984,2722.29876435533
4366,2665.36106749854,2683.0132213364,2696.53534043377,2698.96571367532,2704.39817874111,2722.59579673092
4367,2665.35659328097,2682.99426285008,2696.51194896856,2698.90643706652,2704.31477853124,2722.54326142203
4368,2665.35199445357,2682.98551132519,2696.31926211826,2698.62179596948,2703.37117934772,2721.45885259599
4369,2665.34727431203,2682.94610720366,2696.29164928225,2698.58008119512,2703.34831998057,2721.48186772969
4370,2665.34244405635,2682.89978163362,2696.2549792249,2698.53333848955,2703.32388098356,2721.41962753477
4371,2665.33751025316,2682.84194499038,2696.20767178076,2698.49146663852,2703.30688089485,2721.40886423429
4372,2665.33247883485,2682.54908519548,2695.87352180514,2698.16764197637,2702.97923690358,2721.08099701136
4373,2665.32736135425,2682.43696429798,2695.76523138364,2698.06850249163,2702.91078736163,2721.02041990295
4374,2665.32214779011,2682.29563316884,2695.62554381352,2697.93918375341,2702.81426622154,2720.95489277133
4375,2665.31685705096,2682.17551755596,2695.48335402153,2697.80867998623,2702.71669178688,2720.83108356092
4376,2665.31148537152,2682.03125987217,2695.33582392811,2697.67260937112,2702.58295200274,2720.67128532468
4377,2665.30602170509,2681.88422282923,2695.17261419987,2697.5208229445,2702.43540059917,2720.53811535451
4378,2665.30048443282,2681.73348361414,2694.99843834563,2697.3586633708,2702.28700175355,2720.39859103649
4379,2665.29486478519,2681.51148710542,2694.73504968856,2697.11551627067,2702.05927043854,2720.20789984649
4380,2665.28916642665,2681.46876034266,2694.3267485906,2696.71134566377,2701.69038328936,2717.61428396868
4381,2665.28788072339,2681.41945684406,2683.97957293448,2686.22066970008,2691.29418541481,2707.67591100398
4382,2665.28913316297,2681.37811706262,2683.94040203414,2686.18156693654,2691.25693116745,2707.64390810485
4383,2665.2908070961,2681.34863937435,2683.91103050603,2686.15235313649,2691.2318418616,2707.60207898222
4384,2665.29401034152,2681.2952866109,2683.86411167083,2686.1047842419,2691.1933921165,2707.55464118037
4385,2665.32615797502,2681.5801752793,2684.2109709529,2686.43409125894,2693.04630774945,2709.4946162448
4386,2665.35762051536,2681.61002312236,2684.26126973144,2686.48622876512,2693.03823428771,2709.47876083596
4387,2665.36788472609,2681.58728150646,2684.24753264192,2686.47467420318,2693.01976036614,2709.45774652721
4388,2665.37770159439,2681.58214482496,2684.24890480646,2686.47745770412,2693.02049609099,2709.45964646898
4389,2665.3870896875,2681.22317030978,2684.13733653661,2686.37688085647,2692.90940824623,2709.27438810873
4390,2665.39607346399,2681.22366973159,2683.99226104975,2686.22680195025,2692.74790097449,2709.14246153597
4391,2665.40466788449,2681.22517023328,2684.00393984747,2686.24030815343,2692.76072872898,2709.15853026424
4392,2665.41288197624,2681.22498937762,2684.01353624529,2686.25172496678,2692.77181223154,2709.16939270316
4393,2665.42073163294,2681.22501334152,2684.02378246036,2686.26367849575,2692.78220186819,2709.17971536682
4394,2665.42822903622,2681.22528719328,2684.0347866489,2686.2763163303,2692.79663548128,2709.19789840728
4395,2665.43538418478,2681.22543549504,2684.04599831689,2686.28907563666,2692.81094529356,2709.2138531182
4396,2665.44220452196,2681.22527150871,2684.05732388752,2686.30189133833,2692.82209246269,2709.22411051943
4397,2665.44869942966,2681.22385491861,2684.06870082339,2686.3146907423,2692.85369674193,2709.24662178299
4398,2665.45488415931,2681.22324638502,2684.0800718787,2686.32744073294,2692.86821162738,2709.26181529319
4399,2665.46076835921,2681.22271232261,2684.09170424604,2686.34039644833,2692.87893533332,2709.27075865179
4400,2665.46637307737,2681.22191348285,2684.10333442513,2686.35330636087,2692.89487950921,2709.28882819534
4401,2665.47173820625,2681.22090603689,2684.11601730879,2686.36719453709,2692.90631780368,2709.2979057932
4402,2665.47692371536,2681.21868064478,2684.12911886086,2686.38146021462,2692.91713410175,2709.30426419701
4403,2665.48206341359,2681.21748443145,2684.14209245012,2686.39566692003,2692.93352522637,2709.32133605229
4404,2665.48757343088,2681.21572949322,2684.16051374778,2686.41537544867,2692.95375521608,2709.34097625357
4405,2665.49156299715,2681.21180228244,2684.17750818493,2686.43375245876,2692.96593796296,2709.35405852316
4406,2665.49156299715,2681.21180228244,2684.17750818493,2686.43375245876,2692.96593796296,2709.35405852316
4407,2665.49156299715,2681.21180228244,2684.17750818493,2686.43375245876,2692.96593796296,2709.35405852316
4408,2665.49156299715,2681.21180228244,2684.17750818493,2686.43375245876,2692.96593796296,2709.35405852316
4409,2665.49156299715,2681.21180228244,2684.17750818493,2686.43375245876,2692.96593796296,2709.35405852316
4410,2665.49156299715,2681.21180228244,2684.17750818493,2686.43375245876,2692.96593796296,2709.35405852316
4411,2665.49156299715,2681.21180228244,2684.17750818493,2686.43375245876,2692.96593796296,2709.35405852316
4412,2665.49156299715,2681.21180228244,2684.17750818493,2686.43375245876,2692.96593796296,2709.35405852316
4413,2665.49156299715,2681.21180228244,2684.17750818493,2686.43375245876,2692.96593796296,2709.35405852316
4414,2665.49156299715,2681.21180228244,2684.17750818493,2686.43375245876,2692.96593796296,2709.35405852316
4415,2665.49156299715,2681.21180228244,2684.17750818493,2686.43375245876,2692.96593796296,2709.35405852316
4416,2665.49156299715,2681.21180228244,2684.17750818493,2686.43375245876,2692.96593796296,2709.35405852316
4417,2665.49156299715,2681.21180228244,2684.17750818493,2686.43375245876,2692.96593796296,2709.35405852316
4418,2665.49156299715,2681.21180228244,2684.17750818493,2686.43375245876,2692.96593796296,2709.35405852316
4419,2665.49156299715,2681.21180228244,2684.17750818493,2686.43375245876,2692.96593796296,2709.35405852316
4420,2665.49156299715,2681.21180228244,2684.17750818493,2686.43375245876,2692.96593796296,2709.35405852316
4421,2665.49156299715,2681.21180228244,2684.17750818493,2686.43375245876,2692.96593796296,2709.35405852316
4422,2665.49156299715,2681.21180228244,2684.17750818493,2686.43375245876,2692.96593796296,2709.35405852316
4423,2665.49156299715,2681.21180228244,2684.17750818493,2686.43375245876,2692.96593796296,2709.35405852316
4424,2665.49156299715,2681.21180228244,2684.17750818493,2686.43375245876,2692.96593796296,2709.35405852316
4425,2665.49156299715,2681.21180228244,2684.17750818493,2686.43375245876,2692.96593796296,2709.35405852316
4426,2665.49156299715,2681.21180228244,2684.17750818493,2686.43375245876,2692.96593796296,2709.35405852316
4427,2665.49156299715,2681.21180228244,2684.17750818493,2686.43375245876,2692.96593796296,2709.35405852316
4428,2665.49156299715,2681.21180228244,2684.17750818493,2686.43375245876,2692.96593796296,2709.35405852316
4429,2665.49156299715,2681.21180228244,2684.17750818493,2686.43375245876,2692.96593796296,2709.35405852316
4430,2665.49156299715,2681.21180228244,2684.17750818493,2686.43375245876,2692.96593796296,2709.35405852316
4431,2665.49156299715,2681.21180228244,2684.17750818493,2686.43375245876,2692.96593796296,2709.35405852316
4432,2665.49156299715,2681.21180228244,2684.17750818493,2686.43375245876,2692.96593796296,2709.35405852316
4433,2665.49156299715,2681.21180228244,2684.17750818493,2686.43375245876,2692.96593796296,2709.35405852316
4434,2665.49156299715,2681.21180228244,2684.17750818493,2686.43375245876,2692.96593796296,2709.35405852316
4435,2665.49156299715,2681.21180228244,2684.17750818493,2686.43375245876,2692.96593796296,2709.35405852316
4436,2665.49156299715,2681.21180228244,2684.17750818493,2686.43375245876,2692.96593796296,2709.35405852316
4437,2665.49156299715,2681.21180228244,2684.17750818493,2686.43375245876,2692.96593796296,2709.35405852316
4438,2665.49156299715,2681.21180228244,2684.17750818493,2686.43375245876,2692.96593796296,2709.35405852316
4439,2665.49156299715,2681.21180228244,2684.17750818493,2686.43375245876,2692.96593796296,2709.35405852316
4440,2665.49156299715,2681.21180228244,2684.17750818493,2686.43375245876,2692.96593796296,2709.35405852316
4441,2665.49156299715,2681.21180228244,2684.17750818493,2686.43375245876,2692.96593796296,2709.35405852316
4442,2665.49156299715,2681.21180228244,2684.17750818493,2686.43375245876,2692.96593796296,2709.35405852316
4443,2665.49156299715,2681.21180228244,2684.17750818493,2686.43375245876,2692.96593796296,2709.35405852316
4444,2665.49156299715,2681.21180228244,2684.17750818493,2686.43375245876,2692.96593796296,2709.35405852316
4445,2665.49156299715,2681.21180228244,2684.17750818493,2686.43375245876,2692.96593796296,2709.35405852316
4446,2665.49156299715,2681.21180228244,2684.17750818493,2686.43375245876,2692.96593796296,2709.35405852316
4447,2665.49156299715,2681.21180228244,2684.17750818493,2686.43375245876,2692.96593796296,2709.35405852316
4448,2665.49156299715,2681.21180228244,2684.17750818493,2686.43375245876,2692.96593796296,2709.35405852316
4449,2665.49156299715,2681.21180228244,2684.17750818493,2686.43375245876,2692.96593796296,2709.35405852316
4450,2665.49156299715,2681.21180228244,2684.17750818493,2686.43375245876,2692.96593796296,2709.35405852316
4451,2665.49156299715,2681.21180228244,2684.17750818493,2686.43375245876,2692.96593796296,2709.35405852316
4452,2665.49156299715,2681.21180228244,2684.17750818493,2686.43375245876,2692.96593796296,2709.35405852316
4453,2665.49156299715,2681.21180228244,2684.17750818493,2686.43375245876,2692.96593796296,2709.35405852316
4454,2665.49156299715,2681.21180228244,2684.17750818493,2686.43375245876,2692.96593796296,2709.35405852316
4455,2665.49156299715,2681.21180228244,2684.17750818493,2686.43375245876,2692.96593796296,2709.35405852316
4456,2665.49156299715,2681.21180228244,2684.17750818493,2686.43375245876,2692.96593796296,2709.35405852316
4457,2665.49156299715,2681.21180228244,2684.17750818493,2686.43375245876,2692.96593796296,2709.35405852316
4458,2665.49156299715,2681.21180228244,2684.17750818493,2686.43375245876,2692.96593796296,2709.35405852316
4459,2665.49156299715,2681.21180228244,2684.17750818493,2686.43375245876,2692.96593796296,2709.35405852316
4460,2665.49156299715,2681.21180228244,2684.17750818493,2686.43375245876,2692.96593796296,2709.35405852316
4461,2665.49156299715,2681.21180228244,2684.17750818493,2686.43375245876,2692.96593796296,2709.35405852316
4462,2665.49156299715,2681.21180228244,2684.17750818493,2686.43375245876,2692.96593796296,2709.35405852316
4463,2665.49156299715,2681.21180228244,2684.17750818493,2686.43375245876,2692.96593796296,2709.35405852316
4464,2665.49156299715,2681.21180228244,2684.17750818493,2686.43375245876,2692.96593796296,2709.35405852316
4465,2665.49156299715,2681.21180228244,2684.17750818493,2686.43375245876,2692.96593796296,2709.35405852316
4466,2665.49156299715,2681.21180228244,2684.17750818493,2686.43375245876,2692.96593796296,2709.35405852316
4467,2665.49156299715,2681.21180228244,2684.17750818493,2686.43375245876,2692.96593796296,2709.35405852316
4468,2665.49156299715,2681.21180228244,2684.17750818493,2686.43375245876,2692.96593796296,2709.35405852316
4469,2665.49156299715,2681.21180228244,2684.17750818493,2686.43375245876,2692.96593796296,2709.35405852316
4470,2665.49156299715,2681.21180228244,2684.17750818493,2686.43375245876,2692.96593796296,2709.35405852316
4471,2665.49156299715,2681.21180228244,2684.17750818493,2686.43375245876,2692.96593796296,2709.35405852316
4472,2665.49156299715,2681.21180228244,2684.17750818493,2686.43375245876,2692.96593796296,2709.35405852316
4473,2661.02382843299,2672.13883639791,2693.11182806385,2698.01392048466,2705.23461832719,2731.06654992851
4474,2661.02382843299,2672.13883639791,2693.11182806385,2698.01392048466,2705.23461832719,2731.06654992851
4475,2661.02382843299,2672.13883639791,2693.11182806385,2698.01392048466,2705.23461832719,2731.06654992851
4476,2661.02382843299,2672.13883639791,2693.11182806385,2698.01392048466,2705.23461832719,2731.06654992851
4477,2661.02382843299,2672.13883639791,2693.11182806385,2698.01392048466,2705.23461832719,2731.06654992851
4478,2661.02382843299,2672.13883639791,2693.11182806385,2698.01392048466,2705.23461832719,2731.06654992851
4479,2661.02382843299,2672.13883639791,2693.11182806385,2698.01392048466,2705.23461832719,2731.06654992851
4480,2661.02382843299,2672.13883639791,2693.11182806385,2698.01392048466,2705.23461832719,2731.06654992851
4481,2661.02382843299,2672.13883639791,2693.11182806385,2698.01392048466,2705.23461832719,2731.06654992851
4482,2661.02382843299,2672.13883639791,2693.11182806385,2698.01392048466,2705.23461832719,2731.06654992851
4483,2661.02382843299,2672.13883639791,2693.11182806385,2698.01392048466,2705.23461832719,2731.06654992851
4484,2661.02382843299,2672.13883639791,2693.11182806385,2698.01392048466,2705.23461832719,2731.06654992851
4485,2661.02382843299,2672.13883639791,2693.11182806385,2698.01392048466,2705.23461832719,2731.06654992851
4486,2661.02382843299,2672.13883639791,2693.11182806385,2698.01392048466,2705.23461832719,2731.06654992851
4487,2661.02382843299,2672.13883639791,2693.11182806385,2698.01392048466,2705.23461832719,2731.06654992851
4488,2661.02382843299,2672.13883639791,2693.11182806385,2698.01392048466,2705.23461832719,2731.06654992851
4489,2661.02382843299,2672.13883639791,2693.11182806385,2698.01392048466,2705.23461832719,2731.06654992851
4490,2661.02382843299,2672.13883639791,2693.11182806385,2698.01392048466,2705.23461832719,2731.06654992851
4491,2661.02382843299,2672.13883639791,2693.11182806385,2698.01392048466,2705.23461832719,2731.06654992851
4492,2661.02382843299,2672.13883639791,2693.11182806385,2698.01392048466,2705.23461832719,2731.06654992851
4493,2661.02382843299,2672.13883639791,2693.11182806385,2698.01392048466,2705.23461832719,2731.06654992851
4494,2661.02382843299,2672.13883639791,2693.11182806385,2698.01392048466,2705.23461832719,2731.06654992851
4495,2661.02382843299,2672.13883639791,2693.11182806385,2698.01392048466,2705.23461832719,2731.06654992851
4496,2661.02382843299,2672.13883639791,2693.11182806385,2698.01392048466,2705.23461832719,2731.06654992851
4497,2661.02382843299,2672.13883639791,2693.11182806385,2698.01392048466,2705.23461832719,2731.06654992851
4498,2661.02382843299,2672.13883639791,2693.11182806385,2698.01392048466,2705.23461832719,2731.06654992851
4499,2661.02382843299,2672.13883639791,2693.11182806385,2698.01392048466,2705.23461832719,2731.06654992851
4500,2661.02382843299,2672.13883639791,2693.11182806385,2698.01392048466,2705.23461832719,2731.06654992851
4501,2661.02382843299,2672.13883639791,2693.11182806385,2698.01392048466,2705.23461832719,2731.06654992851
4502,2661.02382843299,2672.13883639791,2693.11182806385,2698.01392048466,2705.23461832719,2731.06654992851
4503,2661.02382843299,2672.13883639791,2693.11182806385,2698.01392048466,2705.23461832719,2731.06654992851
4504,2661.02382843299,2672.13883639791,2693.11182806385,2698.01392048466,2705.23461832719,2731.06654992851
4505,2661.02382843299,2672.13883639791,2693.11182806385,2698.01392048466,2705.23461832719,2731.06654992851
4506,2661.02382843299,2672.13883639791,2693.11182806385,2698.01392048466,2705.23461832719,2731.06654992851
4507,2661.02382843299,2672.13883639791,2693.11182806385,2698.01392048466,2705.23461832719,2731.06654992851
4508,2661.02382843299,2672.13883639791,2693.11182806385,2698.01392048466,2705.23461832719,2731.06654992851
4509,2661.02382843299,2672.13883639791,2693.11182806385,2698.01392048466,2705.23461832719,2731.06654992851
4510,2661.02382843299,2672.13883639791,2693.11182806385,2698.01392048466,2705.23461832719,2731.06654992851
4511,2661.02382843299,2672.13883639791,2693.11182806385,2698.01392048466,2705.23461832719,2731.06654992851
4512,2661.02382843299,2672.13883639791,2693.11182806385,2698.01392048466,2705.23461832719,2731.06654992851
4513,2661.02382843299,2672.13883639791,2693.11182806385,2698.01392048466,2705.23461832719,2731.06654992851
4514,2661.02382843299,2672.13883639791,2693.11182806385,2698.01392048466,2705.23461832719,2731.06654992851
4515,2661.02382843299,2672.13883639791,2693.11182806385,2698.01392048466,2705.23461832719,2731.06654992851
4516,2661.02382843299,2672.13883639791,2693.11182806385,2698.01392048466,2705.23461832719,2731.06654992851
4517,2661.02382843299,2672.13883639791,2693.11182806385,2698.01392048466,2705.23461832719,2731.06654992851
4518,2661.02382843299,2672.13883639791,2693.11182806385,2698.01392048466,2705.23461832719,2731.06654992851
4519,2661.02382843299,2672.13883639791,2693.11182806385,2698.01392048466,2705.23461832719,2731.06654992851
4520,2661.02382843299,2672.13883639791,2693.11182806385,2698.01392048466,2705.23461832719,2731.06654992851
4521,2661.02382843299,2672.13883639791,2693.11182806385,2698.01392048466,2705.23461832719,2731.06654992851
4522,2661.02382843299,2672.13883639791,2693.11182806385,2698.01392048466,2705.23461832719,2731.06654992851
4523,2661.02382843299,2672.13883639791,2693.11182806385,2698.01392048466,2705.23461832719,2731.06654992851
4524,2661.02382843299,2672.13883639791,2693.11182806385,2698.01392048466,2705.23461832719,2731.06654992851
4525,2661.02382843299,2672.13883639791,2693.11182806385,2698.01392048466,2705.23461832719,2731.06654992851
4526,2661.02382843299,2672.13883639791,2693.11182806385,2698.01392048466,2705.23461832719,2731.06654992851
4527,2661.02382843299,2672.13883639791,2693.11182806385,2698.01392048466,2705.23461832719,2731.06654992851
4528,2661.02382843299,2672.13883639791,2693.11182806385,2698.01392048466,2705.23461832719,2731.06654992851
4529,2661.02382843299,2672.13883639791,2693.11182806385,2698.01392048466,2705.23461832719,2731.06654992851
4530,2661.02382843299,2672.13883639791,2693.11182806385,2698.01392048466,2705.23461832719,2731.06654992851
4531,2661.02382843299,2672.13883639791,2693.11182806385,2698.01392048466,2705.23461832719,2731.06654992851
4532,2661.02382843299,2672.13883639791,2693.11182806385,2698.01392048466,2705.23461832719,2731.06654992851
4533,2661.02382843299,2672.13883639791,2693.11182806385,2698.01392048466,2705.23461832719,2731.06654992851
4534,2661.02382843299,2672.13883639791,2693.11182806385,2698.01392048466,2705.23461832719,2731.06654992851
4535,2661.02382843299,2672.13883639791,2693.11182806385,2698.01392048466,2705.23461832719,2731.06654992851
4536,2661.02382843299,2672.13883639791,2693.11182806385,2698.01392048466,2705.23461832719,2731.06654992851
4537,2661.02382843299,2672.13883639791,2693.11182806385,2698.01392048466,2705.23461832719,2731.06654992851
4538,2661.02382843299,2672.13883639791,2693.11182806385,2698.01392048466,2705.23461832719,2731.06654992851
4539,2661.02382843299,2672.13883639791,2693.11182806385,2698.01392048466,2705.23461832719,2731.06654992851
4540,2661.02382843299,2672.13883639791,2693.11182806385,2698.01392048466,2705.23461832719,2731.06654992851
4541,2661.02382843299,2672.13883639791,2693.11182806385,2698.01392048466,2705.23461832719,2731.06654992851
4542,2661.02382843299,2672.13883639791,2693.11182806385,2698.01392048466,2705.23461832719,2731.06654992851
4543,2661.02382843299,2672.13883639791,2693.11182806385,2698.01392048466,2705.23461832719,2731.06654992851
4544,2661.02382843299,2672.13883639791,2693.11182806385,2698.01392048466,2705.23461832719,2731.06654992851
4545,2661.02354067139,2672.13987743983,2693.09703323901,2698.00047896095,2705.22219205838,2731.02301134003
4546,2661.02042182414,2672.14130317709,2693.11282019528,2698.02308314845,2705.25102565648,2731.22111831333
4547,2661.01730575864,2672.1384577122,2693.09916016954,2698.00843786906,2705.25291114908,2730.93055744345
4548,2661.01419228754,2672.13789973644,2693.09839622007,2698.00917797716,2705.2645657984,2731.66989056194
4549,2661.01108605314,2672.14415278617,2693.08590234209,2698.00448788756,2705.2731522246,2730.94715781094
4550,2661.0066527947,2672.13539614935,2693.06173045938,2697.98026813427,2705.26743654521,2730.9044137524
4551,2660.99676855821,2672.12890978066,2693.04541616661,2697.98074668456,2705.29723851947,2731.607279123
4552,2660.98675246929,2672.12128744926,2693.0078699621,2697.95587213103,2705.30908207078,2731.12926319561
4553,2660.97661271405,2672.10951235888,2692.97298529713,2697.93171352966,2705.32280234982,2730.8222375907
4554,2660.96633679645,2672.10002889464,2692.95216812102,2697.9199764462,2705.34735985974,2731.47687121057
4555,2660.95593894049,2672.09596469372,2692.93512358619,2697.91369030623,2705.38625744826,2731.41186005637
4556,2660.94539451756,2672.08536521323,2692.9148689561,2697.89687881276,2705.40620798402,2731.06036929464
4557,2660.93470903222,2672.0780530335,2692.88888900643,2697.86959218938,2705.41355737141,2731.24041304218
4558,2660.92388617955,2672.07169402654,2692.89205545547,2697.88025553812,2705.47165421807,2730.73746444171
4559,2660.91290998135,2672.07351252811,2692.89378730054,2697.88421591843,2705.52693842042,2731.31190489616
4560,2660.90178146287,2672.06019080787,2692.87803417213,2697.8639675166,2705.5460885616,2730.92729705726
4561,2660.89049849773,2672.05753952505,2692.86741019959,2697.84882311496,2705.57584959941,2730.83710328923
4562,2660.87905983017,2672.05133628331,2692.83557999945,2697.81017986236,2705.58349531843,2730.60728874645
4563,2660.86453509756,2672.06781781944,2692.93277334003,2697.89643844009,2705.72189478201,2731.34162982371
4564,2660.84704334249,2672.08729258298,2693.13126281232,2698.08532477655,2705.95114300161,2731.6468852863
4565,2660.82893002251,2672.11455603399,2693.32099423606,2698.27059224965,2706.17911905593,2731.36793783437
4566,2660.81017522328,2672.1393822694,2693.54054004449,2698.48132928295,2706.41816743446,2732.33594624257
4567,2660.79349386968,2672.22748511007,2693.62112256021,2698.56749355159,2706.53728582239,2732.36692716505
4568,2660.78493013245,2672.25268852509,2693.63134693478,2698.53235015197,2706.57064332387,2732.30922691995
4569,2660.77438468665,2672.25840077019,2693.65458569333,2698.50890165395,2706.61078762014,2732.24716762533
4570,2660.76174444266,2672.25637842813,2693.66729159258,2698.47185233493,2706.63882190644,2732.16942600497
4571,2660.74688080679,2672.27758258504,2693.69292279417,2698.44441660475,2706.68607272705,2731.68621065049
4572,2660.72965919567,2672.27577206491,2693.70216083515,2698.39831056513,2706.71803989007,2732.22665254479
4573,2660.70993373412,2672.27875191798,2693.73772847687,2698.37576015675,2706.77088508254,2732.0021860362
4574,2660.68755049094,2672.27629428007,2693.74113091489,2698.31808486218,2706.80005149025,2731.94439571224
4575,2660.66234042794,2672.27068796105,2693.73151146107,2698.24279077652,2706.82137895113,2731.63279914366
4576,2660.63412211168,2672.26869182402,2693.72731237702,2698.16993355632,2706.85058718848,2730.19418114297
4577,2660.60269266027,2672.25410972592,2693.71749979235,2698.08857860953,2706.88148493401,2725.276314984
4578,2660.56785146142,2672.23820042659,2693.72643115268,2698.02259748791,2706.92686423268,2721.9265613719
4579,2660.52938718444,2672.22147098739,2693.7019270234,2697.91937037645,2706.95357216358,2721.75338411125
4580,2660.48706884009,2672.21141517424,2693.64222955771,2697.77735233072,2706.96437213865,2722.24167100045
4581,2660.4406812635,2672.20176923491,2693.5619493506,2697.60987252606,2706.9713846159,2721.78182637475
4582,2660.38999671793,2672.17969988092,2693.48747970666,2697.44560070537,2707.0034985462,2721.68974035505
4583,2660.33481741933,2672.16406303875,2693.37823780445,2697.24272265623,2707.05100385631,2721.81931821012
4584,2660.27495324962,2672.14850718411,2693.21299929666,2696.98087713443,2707.09484226938,2721.47027573212
4585,2660.21027165845,2672.13871513791,2690.09601444882,2693.67228467223,2704.202262611,2718.8011631953
4586,2660.1406907243,2672.12506975469,2690.37701110204,2693.87870596366,2702.78206454703,2718.64942926229
4587,2660.06619270021,2672.10745406867,2690.13864074235,2693.51892738991,2702.48932813032,2718.46731945535
4588,2659.98689195567,2672.09839663415,2689.95641184929,2693.23628005564,2702.21700225035,2718.14486742814
4589,2659.90302174518,2672.09700005389,2689.70923542297,2692.88945078248,2701.87514780091,2717.91071528162
4590,2659.81497447602,2672.0053501738,2684.37089145767,2687.42341300794,2696.57142221866,2712.31206296433
4591,2659.72332982357,2672.0232990167,2684.54012352926,2687.48839246777,2696.55284841382,2712.84054503473
4592,2659.62886591055,2672.06312082113,2684.54972358166,2687.40309365744,2696.35360469115,2713.00570978904
4593,2659.53257726258,2672.10498625967,2684.45597555491,2687.22908462855,2696.06559524002,2712.60184169325
4594,2659.43565499959,2672.2070868126,2684.27102503161,2686.97275098419,2695.6373758612,2712.23112841402
4595,2659.33946476345,2672.32961026054,2684.06617122668,2686.71115058425,2695.16005173341,2712.42092922271
4596,2659.24390317547,2672.50595987741,2684.13029418017,2686.72508592494,2695.02787782853,2713.5900203386
4597,2659.1489179595,2672.79443728015,2679.82074369483,2682.53682250614,2690.87863328007,2705.80063770011
4598,2659.06915060411,2673.31052008389,2680.10542789457,2682.80570004396,2690.31553998924,2705.80952570493
4599,2658.88742416379,2673.9952806725,2679.83558493616,2682.41570463307,2690.07698345335,2704.91936655281
4600,2659.05816625138,2674.8800497488,2688.67957559118,2691.49848648949,2701.78529882971,2725.13302729949
4601,2659.63339153763,2676.97246145437,2693.02537782323,2695.86282620396,2707.43233051024,2727.75524790609
4602,2659.93642172795,2679.4219917222,2695.45877627297,2698.35989982797,2710.50837972775,2731.80030422546
4603,2660.10128152411,2681.64350242906,2697.06934471741,2699.97121871881,2712.46892361268,2733.13507293377
4604,2660.2047518406,2683.61554248323,2698.44427059041,2701.3188181212,2714.13701715064,2735.53858076509
4605,2660.27689431537,2685.45265916967,2699.73478046861,2702.57920410515,2715.63314116783,2741.82185553052
4606,2660.33059602027,2686.79124857811,2700.66241368328,2703.47992216237,2716.72317125627,2737.5269129379
4607,2660.37195665802,2687.90057031654,2701.46653892088,2704.26540143967,2717.64024621672,2738.29278009098
4608,2660.40421752469,2688.86484031058,2702.2488427957,2705.03811722763,2718.52430482514,2739.11089966819
4609,2660.42928560989,2689.92472961188,2702.76311785164,2705.54632274686,2719.1037025372,2739.53527540743
4610,2660.44838974032,2690.41028700508,2703.13040909289,2705.92212307091,2719.499120272,2740.26694831919
4611,2660.46241839136,2690.59735512056,2703.20225489067,2706.00400192451,2718.87352597083,2738.61453467148
4612,2660.47205525203,2690.67954724398,2703.25028335195,2706.06801207916,2730.73728952754,2745.52740253843
4613,2660.47784080873,2690.62217037693,2703.13645250174,2705.97241571802,2730.74418812263,2756.63523268892
4614,2660.48025407342,2690.46742227505,2702.96034620556,2705.81697259982,2730.68193207075,2745.13563038312
4615,2660.47968625207,2690.33436724595,2702.76848770776,2705.65040269458,2730.65810720971,2744.9251539389
4616,2660.47649700184,2690.13552717717,2702.51258181743,2705.42163714987,2731.92483264867,2748.02610726523
4617,2660.47099438583,2689.84504062607,2702.13679754815,2705.07104032227,2731.53023242709,2747.19083537723
4618,2660.46342908875,2689.5873309625,2701.79555951882,2704.76088490982,2731.2403362691,2748.38312241812
4619,2660.45404290536,2689.30742559457,2701.42192209632,2704.42436022346,2730.87148011878,2746.98750661598
4620,2660.43148396161,2689.68615926877,2701.94330914475,2704.99099609758,2730.89710766458,2753.70464835435
4621,2660.42043206146,2682.55224476095,2701.86307742379,2705.01734501574,2730.15815859909,2745.05349820182
4622,2660.89465688331,2677.00855364672,2706.34357300153,2709.81080514844,2735.56046852336,2755.76829463779
4623,2661.02908027748,2677.46009491475,2708.21766190634,2711.80225773131,2737.32178364315,2754.53332134775
4624,2661.01041419799,2677.67994298816,2710.65103193056,2714.28855911721,2739.68528609158,2760.60718574538
4625,2660.94588250411,2677.85548828956,2710.63264156272,2714.3064487036,2739.40933241483,2757.15512137901
4626,2660.86676837998,2678.07171182604,2710.42811720906,2714.12129352109,2738.59293950117,2757.20047330463
4627,2660.78265528122,2679.07480753291,2709.97774076991,2713.68398831226,2736.54753798513,2756.95744488639
4628,2660.6968920992,2679.08548094597,2709.3077659938,2713.01785238741,2738.27219598648,2756.54920872042
4629,2660.61081093634,2679.17251695216,2708.4961612144,2712.20430473973,2737.16548474973,2755.76549675789
4630,2660.5250304736,2679.20724545105,2707.70211914793,2711.41301974268,2736.21179094339,2755.06164899645
4631,2660.43994931287,2679.24354289187,2706.82620120488,2710.53495610484,2735.18423226782,2754.26885391802
4632,2660.35594649544,2679.23159896975,2705.99194336711,2709.69746358479,2722.84223430352,2748.71100327164
4633,2660.2734489952,2679.18254652853,2705.18265310154,2708.88352497823,2721.85029756803,2747.55048014639
4634,2660.19306436182,2679.21770382989,2704.43922743782,2708.13356998891,2720.96824032438,2746.51205025585
4635,2660.11555499698,2679.21187277436,2703.70651970988,2707.39052548828,2720.09043196482,2745.51569745764
4636,2660.04203618337,2679.2022325577,2703.04576058318,2706.71928987111,2719.27538195426,2744.59141088231
4637,2659.97406694846,2678.75821532882,2702.41757274822,2706.08702599298,2718.47001357638,2743.73469850574
4638,2659.91370182363,2678.78916000563,2701.87179643081,2705.52620990637,2717.72270739171,2742.9219870786
4639,2659.86311654907,2678.83684573275,2701.40973368135,2705.04599373056,2717.02695293277,2742.1766086806
4640,2659.8208102705,2678.9377795297,2700.93784096269,2704.54706965821,2716.29872870476,2741.419523058
4641,2659.75531328067,2679.10542454251,2700.4452642535,2704.0070191591,2715.54168568018,2740.62117885732
4642,2659.39418220262,2679.35797051538,2699.88199776791,2703.3370941235,2714.69017068801,2739.68286240708
4643,2657.54822749978,2678.32194004011,2701.56910641555,2704.68037004689,2713.85689657847,2738.83437206642
4644,2657.5339575679,2678.51553795128,2699.09886584922,2702.28977165503,2711.8519006014,2736.50563553226
4645,2657.53136557553,2678.86153096913,2696.72014282391,2699.95159337933,2710.03648978158,2734.6904066378
4646,2657.52790824366,2679.23393674885,2695.19279015685,2698.46376779576,2709.10047169194,2735.9304381149
4647,2657.52379769056,2679.63113434375,2694.39944996704,2697.71956915814,2708.89507130844,2740.41429719129
4648,2657.51900398745,2680.06185566295,2698.08277921929,2701.52039437204,2713.24798609845,2744.05987885561
4649,2657.51309236706,2680.4653549135,2698.31133131346,2701.80105122655,2713.98613230691,2743.96476777722
4650,2657.50508320891,2680.87264750702,2698.75374846181,2702.28852725957,2714.90256152356,2744.79619388843
4651,2657.49328319158,2681.26436815939,2699.36471307212,2702.93080688215,2715.96958527891,2745.05112904497
4652,2657.47523074305,2681.61246382802,2700.03837968127,2703.6137271452,2715.35743062664,2745.36008545171
4653,2657.44787149774,2681.9246739929,2700.72474611004,2704.288263582,2716.44247162516,2745.8065619598
4654,2657.40810402791,2682.00829608872,2700.84114275655,2704.36193260683,2716.81285981217,2745.67361401462
4655,2657.35353583155,2682.33740076278,2701.48505909968,2704.95534889953,2717.91959846351,2746.20820506063
4656,2657.29400290676,2683.29643931465,2702.3804808064,2705.78730087404,2719.00564478079,2746.52635656549
4657,2657.23518098904,2684.97407126203,2704.38277809947,2707.68119567024,2720.96454243324,2748.12076685497
4658,2657.17414595174,2685.27000616291,2705.19951021069,2708.48314153318,2721.91655149985,2748.42275378414
4659,2657.11110900435,2685.72706796367,2706.90457782891,2710.03106908381,2724.67781544498,2749.90383181339
4660,2657.04627645254,2686.09942904061,2707.57446916085,2710.67835710989,2725.22553543812,2750.42922579045
4661,2656.97987910677,2686.45253957829,2708.48185340312,2711.54442361738,2726.04274105158,2751.29141429809
4662,2656.91207328996,2686.81688673077,2709.70281626892,2712.72202250544,2727.27493649501,2752.6309678618
4663,2656.84308195658,2687.04614310254,2711.07917238167,2714.07208976145,2728.82443444568,2754.40459525907
4664,2656.77513797752,2687.09024367457,2711.3075908635,2714.2853430283,2728.99884116466,2754.80780870501
4665,2656.70277495657,2685.76739604482,2710.12526683919,2713.2446206767,2727.44517960044,2753.04051430217
4666,2656.62973340524,2685.87244139727,2709.99710287257,2713.11880272729,2727.28578397232,2753.02516855722
4667,2656.55619581756,2685.73234336378,2709.71027784881,2712.84929260193,2726.75908565763,2752.49338872641
4668,2656.48235144441,2685.84584173411,2709.82646443794,2712.96626387056,2726.89222262263,2752.3683636123
4669,2656.40842900811,2685.95767000881,2704.90741836872,2708.11798376498,2721.55356148563,2742.62382597023
4670,2656.33464490311,2685.1832121797,2696.85034311891,2700.39961673399,2714.11422678888,2734.78271410371
4671,2656.26154307202,2679.95741237241,2689.38459359033,2692.91843378785,2706.46241786283,2728.09998318777
4672,2656.19366832236,2680.59609606872,2690.70341879221,2694.1283438,2707.25718431555,2734.60608641246
4673,2656.12832977747,2681.47119754133,2696.83988160703,2700.14409014963,2712.86480431742,2739.49367941073
4674,2656.06542598599,2681.87771612864,2697.62501096013,2700.9010178548,2713.44160042283,2739.78730173317
4675,2656.00485974405,2682.72181785443,2698.06106612297,2701.34159297223,2713.75856517489,2740.39702950466
4676,2655.9706000506,2682.76422195609,2700.89936974007,2704.17665178011,2716.55398587486,2743.0072407538
4677,2655.96284832403,2682.55408894046,2698.51076808309,2701.85857626602,2714.5089025684,2740.08153998408
4678,2655.95328332292,2682.35953655789,2696.36264386978,2699.76582566269,2712.64462209339,2739.85945034955
4679,2655.94197272815,2682.14774275389,2694.60943496018,2698.04583361801,2711.09419393266,2737.76610023203
4680,2655.92893292758,2681.93534790527,2693.3461118755,2696.79140520626,2709.96650790508,2736.22041002214
4681,2655.91414737763,2681.72365191934,2692.43444041876,2695.87062606627,2709.14258990885,2735.09766106713
4682,2655.89755978522,2681.50482199104,2691.81198374876,2695.22856267941,2709.68374152101,2734.37561808817
4683,2655.87906769797,2681.25573334785,2691.35054129005,2694.74994158603,2709.07039295654,2733.71168170897
4684,2655.85849947805,2681.02160722382,2691.06711258691,2694.43948167408,2708.68064958364,2733.30500791364
4685,2655.8356677957,2680.78350981724,2690.88630749278,2694.20800492242,2708.37696023214,2732.97613519862
4686,2655.81029486161,2680.52114730751,2690.68304975589,2693.97379109272,2708.09274777819,2733.02398514718
4687,2655.78202991184,2680.26777970404,2690.52515905539,2693.78686034879,2707.88367252512,2733.06380759693
4688,2655.75045277784,2680.00745983877,2690.39011232466,2693.62639330944,2707.74810475885,2733.14190760341
4689,2655.71501864814,2679.74454879828,2690.24777862543,2693.45309941365,2707.57324971491,2733.19454729046
4690,2655.67506935179,2679.47421935714,2690.12157534643,2693.29663838491,2707.42376294658,2733.25808509407
4691,2655.62976930825,2679.19741726289,2689.9871652094,2693.13181366908,2707.2849500468,2733.32341031223
4692,2655.57810565371,2678.93402599119,2689.88349488164,2692.99671136582,2707.19352776092,2733.45224903279
4693,2655.51884908522,2678.64210494701,2689.75587106085,2692.83607735796,2707.07206899923,2733.56833478791
4694,2655.45044666764,2678.3374995209,2689.62952566708,2692.68051846697,2706.95881984507,2733.71085200741
4695,2655.37107169251,2678.02390468921,2689.52263163149,2692.54125360134,2706.83878009021,2733.85408731165
4696,2655.27853431667,2677.69231600321,2689.10258825302,2692.08567650135,2706.16717875224,2733.12330389845
4697,2655.17030367526,2677.34029260658,2688.91280159573,2691.85468421508,2705.9870141574,2733.21061251614
4698,2655.04363759218,2676.960146195,2688.79733171571,2691.69932793676,2705.99632949108,2733.63683577688
4699,2654.89580125631,2676.53330697255,2688.69362333668,2691.56095574249,2705.93309573148,2733.91841310032
4700,2654.7245480218,2676.05903013779,2688.6122239579,2691.44526242231,2705.86616578135,2734.06241087755
4701,2654.52911312945,2675.50681792919,2688.60281398603,2691.40266773984,2705.83345564233,2734.04352622199
4702,2654.31154657841,2674.86234395117,2689.70280872807,2692.46398257291,2706.88623478673,2734.6811140755
4703,2654.18759004406,2674.20894256106,2688.7765736994,2691.49382627398,2705.90581167238,2733.36384096383
4704,2654.0382655966,2673.39610489535,2687.03024904514,2689.72045710041,2703.87805059174,2731.80609483673
4705,2653.86500174683,2672.60531575025,2686.62104716456,2689.31044285822,2702.52286309792,2730.61384973152
4706,2653.73084949255,2673.09627315802,2689.76053751292,2692.38757120037,2704.78142431872,2730.68705954786
4707,2653.75136940845,2673.2221105255,2687.05358432921,2689.83585517853,2702.56395892693,2729.04104415279
4708,2653.7698798986,2673.34486829998,2684.88474261921,2687.7551038834,2701.04988774436,2727.78381090346
4709,2653.78614650682,2673.48060398294,2684.08305298382,2686.99626883169,2700.61279311171,2722.04392119464
4710,2653.7996652689,2673.62857653661,2683.52133686114,2686.46362729484,2700.41482915224,2722.0052180269
4711,2653.80911471452,2673.77417982489,2683.65960286379,2686.61104882844,2700.56113856583,2721.82196307723
4712,2653.81062121422,2673.87820195519,2683.37475032565,2686.34156260673,2699.49338857922,2721.94149415265
4713,2653.79137866212,2672.83496306536,2679.97365484857,2682.9504248603,2694.69959033767,2717.34637796662
4714,2653.87504364701,2674.67345400456,2680.5292675554,2683.60477840014,2695.69751069598,2715.82054398678
4715,2654.05042454677,2676.85147007412,2685.19975093005,2688.22392393633,2702.18107012354,2721.89910924281
4716,2654.04421962142,2678.55215860952,2684.02179833557,2687.2242837282,2702.35981074753,2726.27843250364
4717,2654.07599569482,2678.60919818149,2683.97031659889,2687.16970796238,2702.6142196519,2721.87742265809
4718,2654.1090915192,2678.55822649585,2683.65566962441,2686.91031744375,2702.39199655821,2720.8136921017
4719,2654.14061859878,2677.86445419229,2681.9990542662,2685.26955431046,2700.10290845058,2717.36611781149
4720,2654.15555364013,2680.05662574829,2684.33779135842,2687.47158226473,2703.58467490646,2727.42720020426
4721,2654.1745487438,2679.20663291131,2684.23002650282,2687.52760907117,2704.98162405943,2727.98077056181
4722,2654.2040556055,2678.8609497657,2683.99485875688,2687.48883699387,2705.32704485261,2727.60090553884
4723,2654.24245555952,2678.78237937925,2684.17125797311,2687.87640850967,2705.81014754495,2726.77948620215
4724,2654.28785789434,2678.77808865869,2684.52209784859,2688.44396481947,2706.33915135315,2726.97368509115
4725,2654.33557039459,2678.78683138452,2685.08197067376,2689.23775427753,2707.00777909976,2727.60460232689
4726,2654.33825488877,2678.70236366997,2684.52570618417,2688.75553908293,2706.40858391838,2727.22639144676
4727,2654.34083362462,2678.63686025586,2684.53208653704,2688.82689612367,2706.36803748567,2727.34296439848
4728,2654.36330819349,2679.04531281804,2685.25887487556,2689.62351876549,2706.85790214573,2728.33997000784
4729,2654.39352169251,2679.44999071765,2685.68455006093,2690.1902085857,2707.11092931802,2729.40192896595
4730,2654.43482390475,2679.00373912784,2685.07088357303,2689.82744483563,2706.73140314089,2730.30188198861
4731,2654.42447974192,2679.06743490939,2685.03579958294,2689.70833751198,2704.30417148146,2726.96066226145
4732,2654.25382279211,2679.14871867005,2684.14179857623,2688.06880000647,2703.64557705455,2727.40531299052
4733,2654.25364685769,2678.93527773984,2683.32886264489,2686.43285247608,2701.81777362702,2724.38727939158
4734,2654.3103964723,2679.01798949704,2683.78193047414,2686.54982569169,2702.04631980087,2722.88711750393
4735,2654.2810121866,2680.70795029159,2685.88912115683,2688.81658404807,2705.34743389957,2724.91284856257
4736,2654.26029722585,2680.81112895733,2685.68150209768,2688.66858893739,2705.25577644427,2725.56816006855
4737,2654.24145984638,2680.8345270939,2685.47076889602,2688.5353652623,2705.2917760611,2726.10474494673
4738,2654.22402366415,2680.85703035365,2685.27188434927,2688.42784265121,2705.51152483348,2728.20215196809
4739,2654.20753062933,2680.8914837436,2688.85618850257,2691.95798317786,2709.78470132963,2732.47407850211
4740,2654.19157704312,2680.94747675731,2688.96952924004,2692.18236902573,2710.91876107319,2735.10285172964
4741,2654.17580873098,2681.14027551489,2689.3348959343,2692.66965197599,2712.54158229881,2738.60053001935
4742,2654.15992162599,2681.27874669933,2689.51470215771,2692.9527828837,2714.07735695446,2738.166345716
4743,2655.7191343037,2683.66403619376,2697.43231911156,2702.63067068075,2726.84746790286,2740.4460294517
4744,2655.85766394525,2683.76501045995,2697.53382598456,2703.19329508919,2727.77330080101,2741.45522220594
4745,2655.82859139594,2683.46709707584,2696.38426158463,2702.16021572596,2726.99385586449,2738.68957390204
4746,2655.75812064656,2683.78720644208,2696.51590259688,2702.2277433729,2726.79919544984,2739.07513224999
4747,2655.67399606639,2683.90803242253,2696.45731477079,2702.01420041967,2726.55378135414,2738.99555022486
4748,2655.57957680593,2684.00082918107,2697.40619432715,2702.86409357903,2727.40882613951,2739.88404006386
4749,2655.4782680535,2684.08543011436,2697.36326922563,2702.67798582087,2727.25544859073,2740.12697246602
4750,2655.38407934188,2683.80202141671,2698.81440836534,2704.20036476017,2729.1953611164,2743.64769033029
4751,2655.29902552717,2683.30090063519,2699.77314878341,2704.8654250103,2730.41666391093,2744.29924642835
4752,2655.2145854476,2683.05923479056,2699.91352011662,2704.90393615492,2731.11727635761,2744.90912162423
4753,2655.1917261777,2682.96099147271,2700.36019319651,2705.269789882,2732.10966800916,2745.82181981666
4754,2655.25136515363,2682.87583837812,2701.25537494658,2706.08035331158,2733.31319437809,2746.99508803644
4755,2655.30143945874,2682.72409697826,2701.26194401755,2706.06745283833,2733.5965095307,2747.3441969592
4756,2655.34042273853,2682.50337099822,2701.26934818813,2706.03581830177,2733.78337346852,2747.67851513973
4757,2655.36651504574,2682.21707313382,2701.25755696689,2705.96545250299,2733.81936445421,2747.93858244113
4758,2655.37745014046,2681.91496254653,2701.20252076748,2705.8384001588,2733.74041388004,2748.09572249692
4759,2655.37040107477,2681.60848299507,2701.08538923748,2705.63196257761,2733.55208803485,2748.14794355223
4760,2655.34193225888,2681.28645322292,2700.84593263266,2705.27995833873,2733.19434137749,2748.01082508241
4761,2655.28802064585,2680.90036823192,2700.31567681969,2704.60666312032,2732.46700050873,2747.15529421205
4762,2655.20459006578,2680.36586553415,2698.4269419552,2702.55484974006,2730.21357225807,2745.43503967718
4763,2655.03986381285,2678.91927688427,2702.87416693438,2706.75062310853,2734.17744931352,2754.18386558454
4764,2654.70773395573,2677.3910033914,2701.35218082315,2704.96085828428,2732.49841760641,2749.3730861099
4765,2654.4134398608,2678.09570526249,2699.64540835656,2703.28972638626,2730.59724391237,2746.31242616647
4766,2654.19922100155,2678.6040476825,2699.39138783072,2703.09834663653,2729.9572504619,2750.24960703354
4767,2653.99277646847,2678.29417749937,2699.24068351592,2703.14141528953,2729.41200605155,2755.83041822642
4768,2653.35226186897,2671.73360085865,2689.20828608797,2694.16636053248,2709.465422507,2730.22765855535
4769,2655.43889615075,2672.05811056607,2690.63855819889,2692.32923109706,2709.27269377227,2732.28172712982
4770,2654.92614819057,2671.32446725361,2689.60879576267,2691.2477536782,2706.73736280576,2730.19094938586
4771,2654.33768109874,2670.94421249355,2688.45844859896,2690.07774571479,2703.8149033509,2728.0701735775
4772,2653.74305659381,2670.56721551031,2687.15209373583,2688.77991313489,2700.74881717532,2723.73086332603
4773,2653.2819217671,2669.50145870875,2684.99463679893,2686.67622440321,2697.27993672172,2720.11880435845
4774,2653.11641121064,2668.78852976133,2683.9983537928,2685.73590921408,2695.16129800358,2717.84348393617
4775,2653.31196154939,2669.16930198385,2683.97594912344,2685.81092931258,2694.41318498878,2717.33630244926
4776,2653.77644284684,2670.07187736177,2684.70737603248,2686.6382470514,2695.13367871569,2719.24854231407
4777,2653.76863315288,2669.21567245332,2681.07024327156,2682.80938310241,2692.15727389891,2714.89551386699
4778,2653.74939793053,2669.17055766998,2680.99908774942,2682.72024322965,2692.41133863621,2714.89073167441
4779,2653.7278071927,2669.11054795564,2680.87728810368,2682.58585500538,2692.42038600747,2714.87956670257
4780,2653.70340495625,2669.62517642691,2680.87942568614,2682.57442632502,2692.49392996451,2714.70948091859
4781,2653.6755754896,2669.53945759207,2680.71170567149,2682.39877350033,2700.39701587248,2718.32654996721
4782,2653.64354034419,2669.45232329246,2680.56741403194,2682.24729260792,2700.38880684015,2718.87212155627
4783,2653.60627231868,2669.43262360559,2680.49555283791,2682.16477306716,2700.43377218751,2717.90314956934
4784,2653.56240389942,2669.5002961137,2680.52834175989,2682.17685146387,2700.60983299567,2718.38192228974
4785,2653.51012124332,2669.80554987958,2680.7021176465,2682.31347055923,2700.4422538119,2726.26879566242
4786,2653.44700848203,2669.81567105074,2680.88979348346,2682.47609571228,2700.15445480981,2722.67824624975
4787,2653.4732129623,2672.4650001001,2687.2699277238,2688.90441694451,2706.08816833055,2722.33634868615
4788,2653.51560900813,2672.99291342977,2689.23825597074,2690.94013853627,2708.62452866001,2725.47451711347
4789,2653.54323953736,2673.14384217124,2689.67587626638,2691.43131773464,2708.9799097394,2727.04015859781
4790,2653.55787894967,2673.22080764233,2689.89497681124,2691.70092048668,2709.02279735934,2727.7282514395
4791,2653.56043980712,2673.29026144117,2690.1466961524,2691.99785956463,2709.0736071968,2727.4842841563
4792,2653.65180846771,2673.39614849846,2690.50119874471,2692.37923535992,2709.09799038414,2727.44597302806
4793,2654.05037055079,2676.80854832983,2691.07871543345,2692.96242157187,2709.29585337665,2726.97381969558
4794,2654.14568425676,2677.99805735925,2690.73079669632,2693.43373751264,2712.01504237527,2733.46626251881
4795,2654.12401052612,2676.091339803,2689.69581387668,2692.01507914365,2709.65468569266,2732.52828209944
4796,2654.11198633687,2676.03087649931,2689.60735986572,2691.96082886311,2709.72411297042,2733.58733190606
4797,2654.18822507393,2675.51154230426,2688.919820965,2691.29538888371,2709.11613761266,2731.05021783052
4798,2653.77643607462,2670.29781603503,2681.77699015202,2684.02999064239,2700.73003963335,2719.82473313222
4799,2653.40366536241,2672.64252753115,2683.37970227518,2685.80246301721,2705.50100803593,2725.85826555331
4800,2653.58493968795,2674.2135821679,2687.21209163127,2689.88654222245,2710.72796922237,2730.44684004454
4801,2653.65882327027,2674.72158848887,2687.61339228088,2690.47354714862,2711.99081643352,2732.37975426283
4802,2653.68590959913,2675.00780045846,2687.79164667437,2690.7924572991,2712.10105689388,2731.92216023191
4803,2653.71245325889,2675.38773220681,2688.03109322522,2691.23301291874,2712.34819397342,2731.29864864697
4804,2653.73956591176,2675.82454968555,2687.73606102435,2691.17037187068,2711.86333025954,2730.32232527879
4805,2653.76636769687,2676.01025240303,2687.87398553263,2691.56363649475,2711.53676989,2732.33786501574
4806,2653.79203801199,2675.4647850159,2686.31436397309,2690.29945163819,2703.81357370458,2726.46893253951
4807,2653.82214941822,2674.8582568948,2686.43153781715,2690.66959413634,2699.52256105938,2724.10662995273
4808,2653.86317042831,2674.42395091889,2686.09943394331,2690.45326193758,2700.3474448964,2725.94547208403
4809,2653.92005042724,2672.77087090332,2689.31925047027,2693.71577136766,2704.81620759047,2732.86604627251
4810,2653.9623055359,2672.35893431369,2688.17350471872,2692.67711153994,2703.4240022091,2731.63419551714
4811,2653.98423804918,2672.53912685741,2686.24672647097,2690.83097550607,2700.74336738774,2730.91770587882
4812,2653.94037607405,2672.99925541692,2686.53935258467,2691.03468295817,2700.82301717937,2730.27387969934
4813,2653.84200169898,2673.30812651845,2686.8671367032,2691.11203368686,2701.17583918235,2729.71636547516
4814,2653.69111633376,2673.30687336674,2686.89475108774,2690.43030885359,2701.53042374455,2729.03430098394
4815,2653.9105913889,2670.16496489458,2679.04381588054,2680.45377855706,2691.58667505086,2717.60675117846
4816,2653.68584674061,2670.06886410935,2679.18139886571,2680.83560797638,2690.81044877499,2715.67683188624
4817,2653.50919790705,2670.49440380568,2680.82479607975,2682.85022277296,2691.5396583022,2714.70396682145
4818,2653.74545857894,2670.42821718117,2679.38004159155,2681.57569031132,2689.48964426358,2712.20026796893
4819,2653.39059302758,2670.27556643215,2678.7919519244,2680.01386363102,2687.30319717108,2708.90007436294
4820,2653.81368197596,2668.48478971637,2676.60951874084,2678.65439845416,2692.69327080608,2711.00755244677
4821,2653.62050739792,2672.99552822402,2681.53996125558,2684.65816513601,2704.95569114385,2722.64950819732
4822,2653.61872917667,2672.81312985497,2682.26115882161,2685.3771397159,2705.60615284641,2721.62677815365
4823,2653.6347509281,2673.57079837842,2683.23612433855,2686.31039337254,2706.51171528884,2727.12778588633
4824,2653.65834656142,2676.25161901461,2684.06824219923,2687.14159714396,2708.41716675156,2722.36107775208
4825,2653.68911182366,2677.19941260252,2684.63123198572,2687.74866964938,2709.16579091717,2723.20178657633
4826,2653.72360660865,2675.42907864301,2683.22217686433,2686.45076389091,2708.06880058909,2723.28906940648
4827,2653.75511460447,2674.67355280259,2682.74907037819,2686.12897877259,2707.22775011753,2722.86741519265
4828,2653.78263456446,2674.32096837583,2682.68026920523,2686.18439802695,2707.01486869052,2721.92151548006
4829,2653.82273764478,2673.54832858287,2682.58747420484,2686.19738091039,2702.80871258831,2717.10031680784
4830,2653.87053357937,2673.4332320826,2682.7401065965,2686.43802937767,2702.09660508133,2716.41074625263
4831,2653.9342547402,2673.22413192363,2682.80912413712,2686.60354380367,2701.98058014956,2716.38135360194
4832,2654.02988914222,2672.90276276904,2682.66308986299,2686.55635912308,2701.87768237427,2716.58535346148
4833,2654.06120831365,2672.71565872187,2682.50214339212,2686.44637295818,2701.716110018,2716.52230689845
4834,2654.07251736093,2672.49845014019,2681.84528137447,2685.89306786928,2700.80930041581,2716.030856705
4835,2654.02920080075,2671.73049463523,2680.67976350514,2684.59103968571,2697.31766975303,2709.81706384618
4836,2653.95235972527,2669.54380255007,2677.10992985601,2679.1205442215,2690.94975068239,2704.78302236449
4837,2653.96911995438,2670.91389316513,2680.86702224298,2683.04339208008,2694.78465874445,2708.67907131454
4838,2654.19838722176,2669.11648569708,2678.49907209123,2680.77581313422,2692.21731503396,2706.53491425246
4839,2654.15675722888,2673.80804111706,2683.26791596021,2685.7539099882,2698.21188457778,2713.36654704282
4840,2654.1365296187,2673.45325614732,2682.55481344065,2685.15199877227,2697.51536524283,2712.9680464632
4841,2654.13000980504,2673.42127434276,2684.76939751656,2687.31196987503,2699.68998456064,2715.85300635019
4842,2654.13244706234,2673.1892276148,2684.38892925861,2687.04037741965,2699.12903428241,2714.68265075054
4843,2654.14106775774,2672.65433452195,2683.8443316915,2686.60518262708,2698.29854799883,2715.1734647811
4844,2654.1542030163,2672.34119684939,2683.39396910599,2686.2760582843,2697.63945001859,2713.22236554016
4845,2654.17080112493,2671.91448813139,2682.82155653953,2685.80911577124,2696.90224749554,2711.37037506525
4846,2654.29390094663,2684.25124928925,2700.66929680764,2703.67886550249,2714.9952395474,2735.34404111231
4847,2654.35305776389,2688.02539713542,2703.84858299082,2706.81700681113,2717.72286469615,2739.54289155869
4848,2654.3987106383,2688.2446986606,2706.26873843776,2709.24197945762,2720.13329243619,2741.35224450008
4849,2654.40754494237,2686.66434001112,2705.83359153331,2708.80715971312,2719.7900370255,2740.78075839343
4850,2654.38461679737,2682.84219398048,2702.37651629232,2705.37587733559,2716.23856306991,2737.94405652423
4851,2654.40423535578,2681.6811074304,2700.44538294345,2703.47647655934,2714.18345347234,2735.93557897466
4852,2654.43870930831,2681.22119516073,2699.43276139761,2702.50079683303,2713.10164121286,2734.79115295733
4853,2654.47833823749,2680.9666481904,2698.57091329982,2701.65798018678,2712.15650976628,2733.89957756396
4854,2654.51941951138,2680.78288652103,2698.0568034865,2701.15228530001,2711.56623135782,2733.15725604692
4855,2654.5369641839,2680.63398877355,2696.90098590384,2700.09380823034,2710.38007195951,2732.50043344062
4856,2654.3939824189,2680.26895230103,2694.37981041692,2697.85716213852,2708.36131354876,2730.88695707076
4857,2654.35490264004,2679.94181580884,2700.71397185672,2704.49434180112,2712.88930698761,2733.5036449965
4858,2654.57718855989,2670.83295864708,2696.21266554213,2699.88127635146,2708.69416518859,2727.18690285306
4859,2654.71420434286,2672.76845674333,2693.95824534869,2697.61002204602,2706.19854363129,2723.75895401906
4860,2654.60749843179,2673.27699792092,2694.95814177826,2698.63498969087,2707.96652225552,2725.19933775625
4861,2654.33220644153,2671.76886999961,2697.02096175251,2700.75479601191,2710.27484295246,2727.32756232886
4862,2654.92190999561,2676.27570731257,2699.41059409491,2702.50034107188,2712.25203023814,2728.74247714304
4863,2655.26711067244,2676.91712289411,2700.19018602191,2702.99759297492,2712.57950119419,2729.52420068926
4864,2655.03799035434,2675.53083948451,2698.51918919167,2701.36201349069,2710.07281168857,2728.3748721799
4865,2654.15730340476,2674.21043061572,2697.03524913211,2699.87396475781,2707.52703294866,2726.1155645228
4866,2654.09749823242,2676.13565725005,2696.15247270038,2699.09777832811,2708.00108549588,2723.6365296878
4867,2654.30698597066,2677.71537394321,2694.61691796761,2697.54108107898,2706.51179837759,2721.76556824898
4868,2654.57746453048,2678.24758311394,2693.13229914884,2695.9768644834,2704.88112670751,2719.87463734552
4869,2655.03278135275,2678.50000971936,2692.99294417721,2695.79234942624,2704.76396776621,2719.37737895511
4870,2654.21047963486,2674.61829795817,2690.98615785753,2693.76857334605,2702.90949670768,2717.37556939647
4871,2654.23180069786,2673.98480495906,2690.85698205772,2693.61957948278,2702.84491103789,2717.72062276787
4872,2654.26412819213,2673.22893124785,2690.71172099674,2693.47657899675,2702.92203248651,2718.26878509685
4873,2654.30428391949,2672.02572482828,2689.87109461348,2692.62535916302,2702.17495023532,2718.24155753485
4874,2654.36715567923,2670.05988328564,2688.13881973662,2690.91604925529,2700.05064015657,2717.74402580223
4875,2654.53337816423,2669.77862267215,2687.69239581647,2690.64070866719,2698.21121784454,2717.37908382031
4876,2654.87442298621,2665.54103493323,2682.13295226921,2685.180956049,2693.82467620346,2713.5154627114
4877,2655.55731660179,2665.04406194006,2680.17626012414,2683.52478826318,2692.12811886934,2706.6867534659
4878,2657.27255968832,2667.50007586796,2683.54628673011,2687.19744755191,2699.06186780346,2720.93674852647
4879,2657.23296081862,2670.50749784437,2685.66748976463,2689.39389411075,2703.78936723969,2721.05899341662
4880,2658.06169446507,2671.43593986235,2686.84244656157,2690.55056092572,2705.09478152909,2720.26963306566
4881,2659.09221285232,2672.52876211006,2687.36875778725,2690.93447304789,2705.40189916327,2721.69495548479
4882,2656.31341862277,2673.16263554174,2688.29636142897,2691.53040758228,2705.35415960735,2722.51693498647
4883,2656.71610581921,2673.50330983219,2687.61175257267,2690.92009517566,2705.05146619955,2722.31798853725
4884,2657.20345401802,2674.01274518705,2687.41767777456,2690.88154012023,2704.94808768282,2722.32821591476
4885,2657.73221171828,2674.24977639007,2687.4284426828,2691.05024465784,2705.19816536773,2722.88007069449
4886,2658.2892729684,2674.31997372166,2687.56406552742,2691.38598846839,2705.59586671543,2723.48896654085
4887,2658.8498395063,2674.34938444717,2687.71743803127,2691.7711271698,2707.30701671766,2723.57482470169
4888,2659.37813891745,2674.42584618471,2687.86124943591,2692.13546500251,2707.42530221433,2723.60270237235
4889,2659.8342420713,2674.48998492217,2688.18281721037,2692.67653906337,2707.55126971615,2723.66427039959
4890,2660.18228774038,2674.5166373968,2688.32452789131,2693.01627723679,2707.47571259928,2723.76298287934
4891,2660.11567448883,2674.34916770784,2687.8741397865,2692.96294973448,2707.44784686425,2723.3841045232
4892,2658.21263434219,2673.17384140225,2686.07515520692,2692.48761399649,2708.07788558065,2723.16887499901
4893,2656.12265784496,2671.83448584726,2683.66079939859,2690.57480933522,2706.15369839811,2721.61823102579
4894,2654.97442222102,2670.45406497567,2681.37047757122,2685.75285830739,2701.6981921155,2717.31928785049
4895,2655.01373930245,2671.61691883522,2683.51470086749,2687.59314089871,2703.49388851044,2719.49095655663
4896,2655.03133892163,2671.67417928205,2684.50597599753,2688.44089948646,2704.8432304776,2721.36522472886
4897,2655.02894113174,2670.71317140176,2683.9804293999,2687.89915647049,2704.07647347794,2720.9621565499
4898,2654.98404870622,2671.16718246057,2685.27856461449,2689.06396725193,2704.43714310981,2722.61103754752
4899,2654.91835064402,2670.31544564563,2685.18773152973,2688.82149801098,2703.42935017028,2721.27601587128
4900,2654.84300538602,2668.73000221885,2684.43418808055,2687.91751646731,2701.95595065106,2719.40247496459
4901,2654.76580590997,2667.27929595916,2682.80908195324,2686.16614374409,2699.63424990826,2717.29357785554
4902,2654.69812696704,2665.31254589456,2679.46056563119,2682.70947015751,2693.16650171763,2710.14700428679
4903,2654.64729179748,2664.39510037941,2677.80163231941,2681.04800092868,2692.32322190651,2707.58538396813
4904,2654.6121368763,2663.79994457743,2677.01073301949,2680.21320234834,2690.89956380704,2707.42945737004
4905,2654.56740406669,2663.20122861867,2676.9974466163,2680.19548108046,2690.84620292548,2706.6722684579
4906,2654.51629526833,2662.75197123327,2677.71004068386,2680.93924106831,2691.7037410494,2707.03274948119
4907,2654.46118359958,2662.41274741418,2678.1952552487,2681.43461209506,2691.90266097465,2707.08644066288
4908,2654.40292884431,2661.93105875907,2679.1102057192,2682.39337096814,2692.73819074343,2707.60715238123
4909,2654.34166705967,2661.73907193967,2679.29013409799,2682.58422381568,2692.67757273509,2705.67628524692
4910,2654.29432128659,2661.752809225,2680.08248520892,2683.07906379531,2692.02809895478,2704.68784441094
4911,2654.25458171246,2662.14702528094,2681.40867197812,2684.39383808692,2693.87904956642,2706.78358142564
4912,2654.20312856733,2662.08812464275,2680.73522731481,2683.72813955182,2693.12424180876,2706.10448521488
4913,2654.15490054353,2662.10565811403,2682.1766783981,2685.07102797158,2694.55092118737,2707.43150358874
4914,2654.13566819017,2662.00349786465,2683.61917613511,2686.45466463236,2695.87413845938,2709.01762873628
4915,2654.10911075487,2661.48137451026,2683.21561428442,2686.06230884673,2695.36729394863,2708.89251031533
4916,2654.07858866418,2660.73537281503,2682.51502143688,2685.40221974008,2695.70838250787,2709.36435234192
4917,2654.08738369809,2667.60660331173,2687.93187109155,2690.92875709258,2700.75069884211,2716.58749708577
4918,2654.16341365705,2669.77590581819,2690.95149841976,2693.98927516601,2703.8771916278,2720.08201228781
4919,2654.20559494576,2670.31694252163,2691.46833632546,2694.43423432042,2705.04012211835,2720.57989446845
4920,2654.15199539673,2670.40279404636,2692.21285532372,2695.01864526448,2703.61254557815,2716.98930357651
4921,2655.17084169429,2669.85081566258,2691.63425823474,2694.50359313277,2703.37485317009,2715.30501387182
4922,2655.77328810856,2670.01194451922,2692.25402813698,2695.15501100469,2703.97559504731,2715.80855601068
4923,2655.78366858303,2670.02237769701,2692.64714246731,2695.55733980518,2704.45434540805,2715.99659316528
4924,2655.79527182637,2670.39829988887,2692.91262199321,2695.82369557961,2704.82072199613,2716.19127553811
4925,2655.80867877966,2670.39559115165,2693.25357978662,2696.16698659073,2705.29223857705,2716.4173522115
4926,2655.82558199201,2670.3585052655,2693.30786410702,2696.22202086113,2705.48351516214,2716.43612745653
4927,2655.86862303743,2671.03492809049,2693.75679078663,2696.71095311807,2706.0726237755,2717.42919158446
4928,2655.92487050868,2670.81262285014,2693.00681342246,2695.98003516715,2705.40681364194,2716.58519216398
4929,2655.9809524438,2670.76493608596,2691.99762114213,2694.98095077722,2704.45077011397,2715.52068644016
4930,2656.0457407325,2670.76850108052,2691.00955399071,2694.00573706444,2703.48243873579,2714.45359361249
4931,2656.11651213128,2670.87160527535,2690.36127578058,2693.37553397716,2702.86823448595,2713.7270190353
4932,2656.18928336017,2671.06818766165,2690.32949534312,2693.38746153641,2702.93651912258,2713.66117535714
4933,2656.22616826731,2671.15061267738,2691.23481728715,2694.38561292608,2703.66838451865,2714.17715315352
4934,2656.18112841783,2670.97327642516,2691.08496345307,2694.21584150431,2703.49417188184,2714.05486396726
4935,2656.13213056336,2670.53542712541,2690.29661251906,2693.36466107384,2701.37619797234,2710.51288583917
4936,2655.91717844435,2672.34161235549,2691.94319232123,2694.7522626157,2702.75307019495,2712.25606797371
4937,2655.9573463011,2672.91844274121,2693.24423289866,2695.96961637567,2704.13740477693,2713.96850677929
4938,2656.04776863777,2673.17603617901,2693.49184187702,2696.24086358683,2704.41339166728,2713.85889744819
4939,2656.2005642252,2673.33400979964,2693.87749080806,2696.70773947013,2704.87625248748,2714.4378642261
4940,2656.46354472987,2672.36298083339,2693.64655703708,2696.64960232234,2704.96332546146,2714.76908056198
4941,2656.90405952111,2672.6376032687,2693.95113615002,2697.00655997429,2705.41956951363,2715.1338402128
4942,2657.77955145919,2662.62723376161,2684.75511075369,2688.00922019109,2696.54814980643,2705.77863520721
4943,2658.30505567255,2662.7679104603,2681.59754462466,2684.98210714652,2693.32617160274,2702.43278397432
4944,2659.13352580003,2666.93039978124,2691.23034893872,2694.91834635892,2703.477677278,2713.8605579654
4945,2659.1603186435,2668.90467678713,2693.29516937563,2697.01974250392,2706.72122421521,2717.76732771499
4946,2658.99300619566,2669.56449450055,2693.53782070923,2697.31073127405,2707.24256380488,2718.10576152129
4947,2658.77642520162,2671.22275746056,2694.60484551991,2698.30421373505,2709.17681938377,2718.99129367796
4948,2658.50098177247,2671.08662415712,2694.01457016498,2697.74477641818,2708.86014673006,2718.09082103672
4949,2658.16204615819,2670.90611992559,2692.3762760964,2696.0761803136,2707.68974391546,2716.93103431895
4950,2657.75806808151,2669.59045083332,2694.16504838528,2697.77405048963,2709.73706431658,2718.54499291013
4951,2657.29083389974,2669.79766709561,2691.88665907189,2695.56401979737,2707.43637407442,2716.61529289817
4952,2656.76654375395,2669.80105590188,2692.83690164433,2696.4799617106,2708.53115592145,2718.04217562753
4953,2656.66937680031,2669.71816228356,2693.81419206583,2697.36372052877,2710.26892652244,2722.11727344256
4954,2656.89565613237,2673.38219862428,2696.4679665229,2699.78195909418,2712.87161222607,2724.97909677147
4955,2656.26581107002,2673.29149170704,2696.94575896681,2699.67355855419,2713.26978031783,2725.07638354561
4956,2656.71266637062,2668.4409784772,2695.18157419251,2697.70825986792,2714.4890498202,2731.18429017676
4957,2655.99102383224,2669.56810609079,2697.78637055899,2700.57348708911,2720.3375605412,2738.84997443555
4958,2655.37310265875,2669.70715061351,2698.48068717879,2701.36275330096,2721.90599807975,2738.86865067548
4959,2654.01914764894,2669.32970018677,2698.39040613163,2701.14855625668,2721.68676163781,2735.60240339033
4960,2653.75938636196,2668.57515695968,2703.6926057678,2706.41831876048,2725.87624936823,2741.40363550887
4961,2653.77951146,2669.58069773961,2703.59557243804,2706.35888655571,2724.61558686355,2741.11673422624
4962,2653.78026956814,2670.21333769807,2703.16109150982,2705.97826659077,2723.81589506643,2740.39493221899
4963,2653.76963784325,2670.55075017549,2702.63179248655,2705.50024054795,2723.26360153779,2739.63864029943
4964,2653.74152629365,2670.66307986266,2702.06492224813,2704.95902793591,2722.66243120667,2738.55940752472
4965,2653.7101576517,2670.64313557254,2699.91277963911,2702.93022450537,2720.46395672339,2733.98486796179
4966,2653.65907423542,2670.48593663211,2698.99847494378,2702.10325296328,2719.77354968269,2733.43287490505
4967,2653.61432182708,2670.24769016175,2697.84731957551,2701.06669942622,2718.84093945433,2732.57729741571
4968,2653.59281923669,2669.93493182251,2696.81366850579,2700.21527484882,2718.06250441482,2731.65512628047
4969,2653.59103569648,2669.56535543986,2695.97340640954,2699.62935452647,2717.50822562635,2730.80110504518
4970,2653.6058806426,2669.16768118751,2695.4316753528,2699.40696076789,2717.29962399253,2730.21116379907
4971,2653.63435696853,2668.75971914894,2695.18496176729,2699.52580224521,2717.42387588954,2730.01813640913
4972,2653.5104075039,2667.96603793003,2694.88732721999,2699.39898258811,2716.75909535656,2731.89555126365
4973,2653.37015717582,2667.14022423062,2693.85375155103,2698.09568341097,2715.98304070557,2732.96291182247
4974,2653.27614406651,2667.70279943353,2694.99762507807,2699.3420920688,2717.68092957237,2734.69729924258
4975,2653.21048847944,2668.31304063196,2696.69878214937,2701.47393208233,2722.92815874133,2739.44993693364
4976,2653.16604956167,2669.19694925431,2697.79751531801,2703.51804411327,2725.86767925556,2743.57580868993
4977,2653.15223437832,2669.0325215467,2697.17915947569,2703.37696904838,2726.12902884374,2743.20141875606
4978,2653.14624900672,2668.98693251344,2696.99139792377,2703.44972198049,2726.34735158162,2743.92924979244
4979,2653.14296540522,2669.00608754327,2695.78819606268,2702.55453967131,2725.47071832564,2746.43403757379
4980,2653.14279634463,2669.08539387969,2696.40847678943,2703.4973088049,2726.22938620981,2748.08012152828
4981,2653.14780711643,2669.18487541506,2697.52940906719,2705.08571622299,2727.40869403952,2750.26042547732
4982,2653.09192508274,2669.49943494183,2699.04300116861,2706.94787235114,2728.80452231331,2749.87008097587
4983,2652.94243414207,2670.05107654328,2700.12963868188,2707.98477757932,2730.33461629905,2751.83445937609
4984,2652.79607194996,2670.66268585314,2701.9917996464,2709.72302283306,2732.40987860271,2754.76863815192
4985,2652.65656142755,2671.31622211412,2702.47309630305,2710.2372508813,2732.70826494912,2755.92893438816
4986,2652.53454809874,2671.98162543242,2703.05815683199,2710.88378835517,2732.57789702213,2756.71525483279
4987,2652.4487522812,2672.65378695092,2703.59379019886,2711.53059186932,2732.03030446471,2757.33528688665
4988,2652.41555138746,2673.56856561075,2705.25571126547,2712.68848004641,2731.69672675635,2758.81875430339
4989,2652.3805625113,2674.94829066164,2704.0839473991,2709.49706109485,2728.29400141606,2751.03080848294
4990,2652.31734892891,2675.6442160217,2704.15322278,2709.7543446138,2728.71078831524,2756.20727512885
4991,2652.23825904305,2675.98644610253,2704.20275454197,2709.88920262135,2728.78905627836,2756.84151485558
4992,2652.13831950284,2675.93691344682,2703.88704710341,2709.54244993317,2728.51099730495,2759.43719031949
4993,2652.02092156956,2675.51610460308,2703.23991521528,2708.84427233917,2727.86417073325,2759.5031910935
4994,2651.89391518611,2674.85431275258,2702.36121135639,2707.91250624471,2726.82975048793,2759.13680713982
4995,2651.76469731192,2673.50014983231,2700.35933973556,2705.80194019101,2725.2094111282,2758.10654304112
4996,2651.63821566514,2672.63026667361,2699.13587299095,2704.51630492641,2724.15571525108,2756.81308434959
4997,2651.51698408136,2671.78715429844,2698.1882122473,2703.52207050989,2723.30187451128,2755.0263805078
4998,2651.40198080799,2671.00117295653,2697.90051013619,2703.24471355825,2722.81294700492,2751.67647664577
4999,2651.41491104612,2670.35034861103,2697.11982793508,2702.44022425794,2721.95000378287,2750.63734764181
5000,2651.48387940422,2669.75265360292,2696.491114753,2701.65757144072,2721.83176361254,2750.16839619548
5001,2651.51901307104,2669.1074560877,2695.79666232959,2700.68132589453,2721.67026067797,2749.28842327158
5002,2651.53749137278,2668.35797291931,2694.9754368809,2699.51573327691,2721.36289091213,2748.0415855725
5003,2651.54157354874,2667.52719458547,2694.04184415091,2698.25319956073,2720.95872642698,2746.82894503856
5004,2651.5305964491,2666.84880638973,2693.10393565529,2697.06662985154,2720.57785445943,2746.03944712881
5005,2651.50588902525,2666.93796562046,2692.1498453876,2696.0398737443,2719.77157216918,2745.23654691651
5006,2652.39486390955,2669.16604640336,2688.49851199414,2692.61800463381,2715.56585116713,2733.99395534972
5007,2652.94607552467,2669.5300931304,2688.5540667395,2692.86157184383,2716.36592707461,2734.57579523286
5008,2652.98876190213,2670.12429470833,2689.25996112792,2693.56234918713,2717.0495726373,2736.59976289426
5009,2653.03455660462,2669.72638178785,2688.9110885103,2693.17222610203,2715.7522927594,2737.64149477179
5010,2653.03661994325,2669.10038998911,2688.14868371186,2692.39985358687,2715.06106465492,2737.39071159833
5011,2653.01990274864,2669.2579997637,2687.96491937623,2692.1858417055,2714.63058078795,2737.02555490747
5012,2653.00287756808,2669.15516740128,2687.86460451544,2692.05172810336,2713.76909730282,2737.17378883029
5013,2652.98512804677,2669.19038741623,2687.84316710929,2692.00015485242,2713.01512344715,2737.25889045654
5014,2652.96603676732,2669.28477415614,2688.32275847165,2692.4364902956,2712.8906935675,2737.29770040244
5015,2652.94466070472,2669.39642299955,2688.58901076108,2692.6971324628,2712.84629653895,2736.86376709551
5016,2652.91941187349,2669.48862669579,2688.86406849162,2692.97428449843,2712.95504031587,2736.12478420666
5017,2652.88735079477,2669.52567990963,2689.00990551215,2693.12311635228,2712.9784735829,2735.18795189742
5018,2652.84199994872,2669.55602276327,2688.25106450509,2692.3674463113,2712.10584718539,2733.54462454022
5019,2652.7651239179,2669.54333206275,2688.16278764102,2692.28003792854,2711.9227994556,2732.87356607307
5020,2652.57633987662,2669.53618332552,2687.88872227946,2692.00254431502,2711.4370502781,2730.42263974372
5021,2651.90360248685,2667.16369105457,2686.02621737468,2690.23823064013,2710.7456008599,2730.37579039613
5022,2651.72589063338,2668.38748326624,2686.20660083767,2690.52944000523,2709.72723316375,2730.44423368819
5023,2651.66983957712,2668.14565521146,2686.04897931103,2690.43382635097,2709.13592348852,2728.18889392987
5024,2651.76104697127,2668.44848533502,2687.79834652518,2692.08808127158,2715.44265346098,2735.19844099037
5025,2652.15697266272,2668.6243474792,2688.08013096499,2694.08714443908,2716.80924268881,2735.11921278591
5026,2652.12936274491,2668.67918100837,2687.93083496186,2694.58701797767,2717.00178892231,2735.48604707393
5027,2652.08340079982,2668.77819007182,2687.59355315434,2694.19064819746,2716.86460501614,2736.23441427413
5028,2652.0710461181,2668.91481025088,2687.55924465429,2694.12724881838,2716.85050958523,2736.58417711649
5029,2652.07443609988,2669.07102828957,2686.67626640394,2693.22859392959,2715.67188022023,2734.26332495408
5030,2652.08504256201,2668.54588321204,2684.46862836947,2691.0580887659,2712.86339393533,2728.30922329996
5031,2652.07377088326,2669.52519940308,2685.95074865615,2692.59182287967,2713.99391114976,2727.24463962573
5032,2651.9267707405,2670.1074197094,2686.25002184141,2693.24527810858,2712.76664867494,2725.00353491867
5033,2651.96891917175,2669.77067673828,2686.32576872857,2693.35771130746,2712.94318231983,2724.38745775224
5034,2651.9553560893,2669.64732725117,2685.25183177826,2692.29272450887,2711.64434462141,2722.96565392365
5035,2651.90209410931,2669.56649436376,2685.32888983217,2692.40932834735,2711.69009861297,2722.94520448278
5036,2651.85210382608,2669.47941249216,2685.37215571514,2692.43720009354,2711.7630527003,2722.65635484171
5037,2651.8143149005,2668.41624972153,2685.43442044225,2693.13970878832,2714.08123653234,2727.58031275718
5038,2651.78531518147,2668.1542147852,2685.23503200373,2692.89923454305,2712.92787114763,2723.88332244334
5039,2651.75878230132,2667.9313751544,2685.3945712203,2693.04046174203,2713.1603179402,2724.0035148345
5040,2651.73510596329,2667.84720823141,2685.33420239653,2692.97266152223,2713.13943614898,2726.23936054909
5041,2651.71239869118,2667.81138160603,2685.04378796255,2692.67899675291,2712.67617478937,2725.72632299334
5042,2651.6890977301,2667.79181864233,2685.22960598456,2692.85382394042,2712.82531868678,2724.00046723753
5043,2651.6695887979,2667.78658196205,2685.3683973484,2692.9793085338,2712.90036992389,2723.74399846534
5044,2651.6542410051,2667.78525455563,2685.50789343561,2693.09040874,2712.9468516012,2723.710203056
5045,2651.63304288926,2667.82513685473,2685.37112390405,2692.95120771733,2712.09146161792,2723.3516305656
5046,2651.61565689402,2667.91165855533,2685.81300073912,2693.44746868093,2712.47473354333,2723.80868801075
5047,2651.60214935832,2667.9465905744,2685.24115223091,2692.82303094004,2711.55610804108,2722.74329984717
5048,2651.591241923,2667.636749028,2685.1904632319,2692.73867743231,2711.21474234363,2722.43459671662
5049,2651.57672754989,2667.39993926435,2684.99182122522,2692.46774858758,2710.74834073773,2722.99423746163
5050,2650.55051295008,2664.58801287534,2678.30740193047,2683.81172489454,2702.62362673484,2712.3863595016
5051,2651.66863848754,2665.1993292254,2679.99439168349,2685.39690134527,2705.19750505565,2715.70722607844
5052,2651.55236953458,2664.98431751001,2679.86411629504,2685.29088741301,2704.81470555622,2715.76915246877
5053,2651.43883087228,2664.80802637941,2679.90025605059,2685.27954905442,2704.5667109824,2714.99940388165
5054,2651.35804767936,2664.67968028694,2679.89644343682,2685.22586505714,2704.31266371304,2714.78531120456
5055,2651.29016107348,2664.6530353082,2679.94795791513,2685.20974892641,2704.14909869685,2714.65744652771
5056,2651.27075845073,2664.55396254884,2679.91791647324,2685.13127320549,2703.89920441949,2714.46696288258
5057,2651.31625203529,2664.47100528567,2679.90004971774,2685.0911092235,2703.73774317594,2714.42124235408
5058,2651.36795873243,2664.39475026551,2679.86325991334,2685.04716613513,2703.62593793422,2714.38027420161
5059,2651.42169386146,2664.24095046527,2680.35787145271,2685.53703479409,2704.26142196558,2715.079885683
5060,2651.55880440869,2666.24204181147,2684.50693336206,2689.94270359938,2709.50679203263,2719.7438482695
5061,2651.5458628317,2666.78385454575,2687.71830808592,2693.1029731544,2714.39083321554,2730.55268783751
5062,2651.25756134063,2666.48251559779,2687.92325347815,2693.23045489183,2715.1133138455,2731.70126823162
5063,2651.4931566187,2667.25606810058,2688.48345047841,2693.95399430402,2716.74634075431,2733.61414701313
5064,2651.94943002422,2668.38873429887,2688.39991915666,2694.05934589892,2717.24545378827,2732.53976308115
5065,2653.06269552928,2669.74383002045,2689.38321179585,2695.24207368776,2718.94122783104,2736.67166874186
5066,2653.24215481615,2673.44664794388,2688.55148906465,2694.90058466183,2717.52590865656,2732.01561391286
5067,2653.13491147503,2677.51660265464,2694.30529423825,2700.89452478815,2725.01141233372,2738.64290007927
5068,2653.18351620209,2676.36344379539,2710.18600264609,2716.76457093862,2740.80068656042,2753.46233381232
5069,2651.6595587309,2678.39775993166,2709.75427390675,2716.80259961995,2740.65522614417,2756.48436666469
5070,2651.14659001719,2679.91562213909,2709.85669859684,2716.9173928155,2740.14857752015,2758.25453716369
5071,2650.95986875896,2681.52875501156,2710.08046516853,2717.22646382321,2739.68045631194,2760.23489426376
5072,2650.89451739481,2680.6718039285,2708.1722513394,2715.50950961485,2737.0879393701,2764.7754667806
5073,2650.80045204456,2680.47669051675,2713.80221180005,2720.9681772508,2742.94387745576,2769.67317425331
5074,2650.80004991969,2681.5241259811,2713.51649982041,2720.50011812398,2742.69019148869,2770.16651030605
5075,2650.80744237339,2682.97513727416,2719.2107348475,2725.99386270248,2747.2034434052,2778.59048624388
5076,2650.8745716759,2683.36416222083,2717.40433164246,2724.15206367305,2745.2312500464,2777.96777464314
5077,2650.99775473673,2683.73477772597,2713.52528182395,2720.12548077019,2741.17793343801,2771.90000518716
5078,2651.16233455074,2684.00632290041,2710.24412664936,2716.76395602338,2737.02973995493,2766.63621990191
5079,2651.19637395819,2684.75027106033,2709.06516693016,2715.6467908159,2735.77186063459,2761.56433399636
5080,2651.17873639401,2684.24005146134,2709.31946161497,2715.86265502817,2736.05972896348,2763.53005361149
5081,2651.15508361367,2680.91835560977,2709.49207858829,2716.05202660139,2736.62578629116,2764.89544974929
5082,2652.77843937645,2674.57259781013,2695.29791247157,2702.69126505662,2724.83546242555,2746.03634081815
5083,2651.21278126671,2674.63145779556,2693.6068835485,2704.59489265336,2727.18222131503,2749.12912034983
5084,2651.24150000135,2678.09537224527,2697.73390576039,2708.38492949835,2731.85402743416,2754.53621373898
5085,2651.17420620392,2677.79256864446,2700.31796499615,2711.06425154149,2734.53494967698,2756.42631228648
5086,2651.06869420397,2676.86973290439,2699.82616626776,2710.59939906729,2733.86520715385,2755.99050445146
5087,2650.91341464475,2676.92486606492,2699.51989016039,2710.31770679127,2734.03387162227,2756.40585564282
5088,2650.76719127487,2677.04656246709,2699.16931587339,2709.99447014112,2734.03611973386,2756.46813089292
5089,2650.63911241205,2677.21973694006,2698.83396402924,2709.69178004782,2734.02924286167,2756.37425848889
5090,2650.53952864582,2677.46794152533,2698.54260469428,2709.4425552425,2734.10028331586,2755.9988844004
5091,2650.47873672076,2677.83646315972,2698.29733232006,2709.21708987833,2734.29842438809,2755.40449144099
5092,2650.46522317151,2678.28619592831,2697.93930515431,2708.81888893936,2733.72170138017,2754.51600736158
5093,2650.50363521909,2678.78039451985,2697.42222658413,2708.15991860673,2733.29175235163,2752.88616484932
5094,2650.59313439248,2679.11430072353,2696.33939361858,2707.0030365364,2731.75717598134,2748.06915252897
5095,2650.72573597803,2679.28019460087,2695.76941093921,2706.21937771224,2730.18322934502,2747.07778039781
5096,2650.86490345199,2678.59812687001,2693.52426532245,2702.86798894947,2725.67615710537,2742.5284492423
5097,2650.82466503767,2679.6744111809,2695.71824662325,2703.94458625033,2726.06593810825,2741.59865616183
5098,2650.69914793932,2678.86646664669,2695.7724260167,2704.01039801439,2726.56017238628,2743.75272426843
5099,2650.58558895912,2677.92952694539,2695.6120920343,2703.93484666375,2726.88643364117,2744.16573672651
5100,2650.48507288192,2676.93555316281,2695.62109436098,2704.01589620125,2727.08644007218,2745.62362686743
5101,2650.39824094267,2675.90308768475,2695.77982722277,2704.24007186217,2727.2453500256,2745.6542478262
5102,2650.32520930906,2674.83408672094,2696.03878441502,2704.55500794574,2727.41924814645,2744.62994421561
5103,2650.26553404502,2673.8201479831,2696.3850950099,2704.94111435474,2727.59039768089,2744.68833299817
5104,2650.21828184152,2673.00763350299,2696.85223629724,2705.44714974826,2727.90408249079,2746.56297444679
5105,2650.18219396378,2672.19373880213,2697.31832591714,2705.92943459344,2728.21599192706,2746.94327310821
5106,2650.1558481442,2671.45230098417,2697.76519988618,2706.38455994498,2729.15408527421,2747.6043989243
5107,2650.13790412377,2670.81193248431,2698.20972266666,2706.82634331778,2729.64201998835,2747.96535333508
5108,2650.12728723698,2670.25442013443,2698.66462538236,2707.2737534222,2730.13054321536,2748.03961405503
5109,2650.12321280061,2669.78403993565,2699.24363862521,2707.8391032468,2730.78601206564,2748.06052075471
5110,2650.12529402661,2669.61386094327,2701.10535871484,2709.69345178413,2729.47920702375,2745.73973945495
5111,2650.20098210272,2670.07928097122,2703.81984259524,2712.48039379759,2730.76453817195,2747.41089986813
5112,2650.33294015127,2670.23402934719,2704.30487569323,2712.58436769253,2731.13900796111,2746.15679758264
5113,2650.51334388272,2670.61845753101,2705.39685199305,2713.17727405059,2731.77348707077,2746.39948797823
5114,2650.73484232282,2671.24675156844,2708.11877059484,2715.6183332024,2734.58396333134,2750.187557874
5115,2651.04063064107,2672.08845733193,2707.57398659697,2714.95302634351,2734.50809802721,2751.47133649195
5116,2651.44050296841,2673.2200048616,2707.67445125705,2714.81191930216,2735.25120410407,2753.5818145158
5117,2651.76689724879,2673.91527115775,2707.82500722132,2714.81380106044,2735.37421424319,2754.49736190394
5118,2652.09198376308,2674.4124702596,2707.87892163635,2714.74866803468,2735.4351315802,2755.19030245911
5119,2652.45790193765,2674.87073641111,2707.82047331796,2714.55612914655,2735.32475602244,2755.67438712946
5120,2652.8586084978,2675.25450061341,2707.65486499101,2714.24131308856,2735.56661172558,2756.62970413056
5121,2653.28351041461,2675.62552676985,2707.47226401635,2713.88826249705,2734.22666148368,2755.79561930276
5122,2654.67838573836,2674.21122007144,2700.31942101169,2706.46435498699,2725.07331455376,2747.21332687124
5123,2655.11980417567,2674.60566043455,2697.1286027426,2703.83957606256,2723.72702591714,2747.17834644004
5124,2655.82761904211,2675.75768304485,2693.02585013658,2700.53088881048,2720.62814953075,2741.9168077457
5125,2656.68163277057,2677.4743654903,2693.22279872005,2701.01588341699,2720.59147860529,2739.44770542359
5126,2656.8271883348,2678.82732766087,2694.5586079364,2702.43565624275,2720.64741231222,2740.46979982684
5127,2657.32471773591,2678.79996815339,2693.70370390179,2700.70777411289,2718.67324160893,2737.67340082719
5128,2657.8414699674,2678.67284605198,2692.68012888294,2698.60690246565,2715.82737848013,2733.86991487013
5129,2658.0955325319,2678.48299433071,2691.46494382555,2696.81031732961,2713.92816891798,2731.53726854393
5130,2658.02539588639,2678.03453445535,2691.0677197514,2696.54279602602,2713.99267863319,2731.29019338677
5131,2657.95560554181,2677.49440237666,2690.62302379275,2696.23328464707,2714.0503006087,2732.48730079641
5132,2657.88689211411,2676.89987834457,2690.60225713546,2696.35657506,2714.44258306201,2732.15753606706
5133,2657.81991013999,2676.32009640689,2690.12788374446,2695.97953207511,2714.4537188203,2731.60123626616
5134,2657.75518129614,2675.82625859454,2689.75467851768,2695.6814991926,2714.374819334,2731.34171282849
5135,2657.69314375242,2675.51292056166,2689.6026099377,2695.5786818387,2714.13522947961,2731.2301070933
5136,2657.69726863071,2674.97677305458,2687.93291243415,2694.15898908637,2714.07606055416,2730.15454718819
5137,2657.73425698181,2675.14063116213,2687.72278384123,2694.29468443842,2714.37326004575,2728.96440417664
5138,2657.72869121891,2675.41002506825,2687.57673292516,2694.23312807336,2714.39523000403,2728.46179938407
5139,2657.69236406447,2675.34720046337,2687.15717356772,2693.71021873349,2714.1112776763,2727.54226790204
5140,2657.65563040018,2675.31723506567,2687.04463016036,2693.56330234907,2713.75741680931,2727.84580314681
5141,2658.1208253043,2675.51032901844,2691.53423131934,2698.37763686381,2718.8587288047,2739.65992783496
5142,2658.29945465572,2675.43273136238,2691.8015466425,2698.3332086506,2718.34159148949,2736.81457675799
5143,2658.44944680498,2675.1568253766,2695.33314123655,2701.31882621658,2720.87198922783,2737.21423886941
5144,2658.57916865838,2674.80812396277,2698.20713022259,2703.93407369633,2723.16781328736,2739.51524685485
5145,2658.70218660174,2674.51122596816,2700.1300902185,2705.76290311389,2724.7830222784,2741.93169834058
5146,2658.83657096748,2674.30159362791,2701.35826090394,2706.96090747363,2725.89955537825,2743.79947442684
5147,2659.01551780254,2674.21382920188,2699.19644765301,2704.75907035156,2724.33741042992,2741.34015696593
5148,2659.287868326,2674.39438570624,2700.17382516021,2705.64983254197,2725.80974629766,2742.01455710473
5149,2658.55295134572,2674.6233378418,2703.18595909924,2708.8078635861,2732.59040028369,2748.45433449419
5150,2658.86424664631,2675.11566205973,2702.05255545581,2708.19536850617,2731.25033455428,2747.1735732537
5151,2659.62588526146,2677.86855443447,2706.77578235272,2713.30856961428,2735.20884906969,2752.3545436679
5152,2660.91458802175,2688.69492938853,2708.39554983533,2715.04550209148,2738.26648466109,2753.04984974732
5153,2660.86765491378,2689.67849953325,2710.35646219191,2717.05389160092,2739.28709500498,2754.25338107867
5154,2660.77801085731,2690.52595855646,2710.02451996147,2716.80904257966,2738.70582437802,2753.07042816204
5155,2660.63072946776,2691.92637390674,2709.51671747238,2716.42077267005,2738.06007832777,2751.77991662376
5156,2660.08473740255,2692.34846419078,2708.78191163653,2715.77092602204,2737.32460469605,2750.22568488792
5157,2659.25963549294,2691.15301608448,2707.93206569847,2714.98426444741,2736.31252776661,2748.46174291525
5158,2658.33345305803,2688.60593406861,2707.08234956505,2714.17777161737,2735.05157188785,2746.6106992523
5159,2657.40590667688,2685.18508199347,2706.14171447821,2713.23626311884,2733.40393967245,2745.1909118468
5160,2656.64531103747,2681.23210560601,2704.103197838,2711.08548585105,2730.20013805505,2743.47907847178
5161,2656.37951269518,2676.545732679,2689.6427823239,2696.38603753033,2713.84779102549,2722.25900019433
5162,2656.29388904992,2676.36954348516,2690.98795437161,2697.88803903666,2715.6852542461,2724.56792988786
5163,2656.01952689756,2676.46536264641,2693.1864802057,2700.24959761298,2717.35363751701,2727.25972198263
5164,2655.74148742648,2676.15923953641,2693.1126528273,2700.12639815284,2717.18078710634,2727.66820098488
5165,2655.55712071597,2675.97451084938,2693.35369059439,2700.30512795984,2717.36876780263,2728.49577744582
5166,2655.48169186369,2675.99997840535,2693.56626170161,2700.36168423074,2717.37472058636,2729.09592777707
5167,2655.48660305653,2676.17010992554,2693.20855214646,2699.90050934802,2717.07294239884,2729.42290062284
5168,2655.53652921529,2676.38412361217,2692.69908300498,2699.24432178631,2716.53448596138,2729.43870941994
5169,2655.61129874924,2676.61778347585,2693.1699418223,2699.61482180436,2716.78957019003,2730.29516563977
5170,2655.69386308104,2676.84365335842,2693.15067768715,2699.46865090002,2716.42865630485,2730.54404167104
5171,2655.77379636808,2677.02889457479,2692.85578576494,2698.99839808434,2715.88493328516,2730.40399026445
5172,2655.84494334726,2677.15179516096,2692.60093689982,2698.5823372574,2715.35560226421,2730.68639837068
5173,2655.90385178384,2677.20797883204,2692.67818942678,2698.51964810557,2715.03603623387,2731.17773761997
5174,2655.94875331646,2677.18167807617,2692.4220652973,2698.18121916628,2714.5055539982,2731.08322896693
5175,2655.97895020282,2677.08241892092,2692.2755757605,2697.89638293772,2714.08387318561,2731.64308941229
5176,2655.99446081162,2676.89786134721,2692.27600287046,2697.78801466557,2713.30987481106,2732.31428296431
5177,2655.99579544587,2676.5362392892,2692.62746524045,2697.98666464888,2713.00258566531,2730.90044425434
5178,2655.9864082721,2678.62478670082,2688.79990223365,2693.5826996086,2708.27897131102,2722.67677254961
5179,2656.02047883814,2672.00568594816,2682.99069535648,2687.87949651331,2701.2069910443,2716.93731860642
5180,2655.95406918192,2671.97168025803,2683.0410125071,2688.016185447,2700.53673540629,2718.02627156234
5181,2655.88647881335,2672.22139139295,2683.23419508572,2688.13767612018,2699.56833747639,2716.21434663569
5182,2655.82955022512,2675.55688131856,2684.94890396097,2689.01750694898,2700.42085919456,2716.18940351788
5183,2655.77792904941,2675.34274937204,2684.33750936492,2688.44437738142,2700.51146776196,2715.37941486929
5184,2655.70344021892,2675.15699799858,2684.39451175882,2688.58253375162,2700.44539679184,2715.30893124153
5185,2655.64097633911,2674.94506931851,2684.52034773413,2688.74941041492,2700.56442522483,2715.40006777631
5186,2655.59348652381,2674.76463901047,2685.19897598736,2689.46156223133,2701.11999216168,2716.29434680553
5187,2655.56384921987,2674.60539769896,2686.05125064735,2690.36558192558,2702.00999569328,2717.15579811439
5188,2655.55462700984,2674.48680819067,2686.417482536,2690.77109246097,2702.36992016093,2717.5187365901
5189,2655.5679286328,2674.40566579473,2686.8582520522,2691.24827327236,2702.83158392432,2717.96477455795
5190,2655.60443301486,2674.3638317774,2687.33967481427,2691.76020091741,2703.36546409319,2718.6058003013
5191,2655.66355575534,2674.37810894663,2687.8648341142,2692.30936588871,2703.99309902791,2719.2274300247
5192,2655.74521658943,2674.45355572643,2688.40328645921,2692.8687474492,2704.66868304732,2719.7724262017
5193,2655.84812701781,2674.59035792309,2688.87935661941,2693.36161890882,2705.31816136266,2720.30034357258
5194,2655.97019263278,2674.78027417859,2689.35612453454,2693.83607642712,2705.93413205915,2720.75587309146
5195,2656.1086229707,2675.01437142253,2690.03480161656,2694.50725935839,2706.73083477749,2721.44360046055
5196,2656.26017662962,2675.28208554716,2690.75522503799,2695.24173387269,2707.56220502711,2722.26979371599
5197,2656.3987688888,2675.78713636724,2691.37692806733,2695.86935974941,2707.85291449344,2723.0481357513
5198,2656.4407046879,2675.78394533197,2695.13855839617,2699.83375779791,2711.72581173868,2731.52429793501
5199,2656.5149267978,2675.84234342168,2695.9011099946,2700.71944041096,2712.58823239475,2732.95255139749
5200,2656.58782981362,2675.9403839409,2696.2331647579,2701.15716241323,2713.01730260869,2733.07532609407
5201,2656.6578535148,2676.06591120768,2696.18881325411,2701.20394221551,2713.04167069048,2732.59243019902
5202,2656.72363293668,2676.22274685691,2696.09202966764,2701.20816863208,2713.00769790194,2732.21743620629
5203,2656.78400453071,2676.48675684175,2695.81799503121,2701.03830123711,2712.77675644823,2731.77558565924
5204,2656.83801733655,2677.09734901462,2695.21766933424,2700.55795233627,2712.18172772097,2731.24074898462
5205,2656.84117827758,2675.42827994386,2694.17305433364,2699.53705062132,2710.49896530715,2729.26243260236
5206,2655.79968738458,2673.57197180908,2690.9792479632,2696.76341977234,2708.91930951711,2726.81724334663
5207,2654.87923161488,2671.49497985755,2690.22392518396,2696.17920417589,2709.13219094329,2727.52829838032
5208,2654.22074806613,2669.88624414447,2689.4271014416,2695.45926878099,2709.15846500841,2726.96714479523
5209,2654.38630338235,2672.12021509113,2691.82182631666,2697.75105477921,2711.34182850564,2729.08425637135
5210,2654.53756458147,2672.72305202779,2688.61973574825,2694.42103971864,2705.38692446539,2720.8764143976
5211,2654.42141369751,2671.93249897448,2684.25481493404,2689.97612493652,2700.95451374733,2715.81461393969
5212,2654.31836693165,2672.13547822601,2684.49451977986,2690.05164810197,2702.34979569847,2716.38433838679
5213,2654.20994995067,2672.39180208059,2684.87995674826,2690.35034191569,2703.11161787683,2716.90938437311
5214,2654.08830841087,2672.3461368805,2685.1891466893,2690.60753679461,2703.51042480803,2717.31741654364
5215,2653.95510060367,2672.31436050619,2685.47572333082,2690.85725715949,2704.50011516476,2718.44398932059
5216,2653.81273917174,2672.24023439032,2685.73578207403,2691.12671699996,2704.76725754371,2718.77719416385
5217,2653.66409244462,2672.14686047724,2687.06879516814,2692.48657996375,2706.12278998451,2720.40430482061
5218,2653.68540088503,2672.29419220246,2687.78667724296,2693.24153790489,2707.0053223982,2721.48509509708
5219,2653.72900888196,2672.4280649306,2688.37163898241,2693.87029596489,2707.13936739066,2722.13304493383
5220,2653.7736219353,2672.37025731622,2689.32535493427,2694.84199253646,2708.41828562956,2724.69136947117
5221,2653.82336395669,2672.46928999722,2689.09294075471,2694.62545398142,2708.27110011878,2725.33514863959
5222,2653.87890685937,2672.65488572189,2687.78624246025,2693.31422960296,2706.70256396686,2724.56373804163
5223,2653.93440764968,2672.9059339557,2685.84576136156,2691.27089551996,2702.62844457038,2718.20238868633
5224,2653.88477685372,2671.84612666978,2686.17240229344,2691.5420132592,2701.58898223786,2721.62819998423
5225,2653.66539816199,2673.27900437339,2687.91719336553,2692.61508491274,2703.10526332071,2728.14202408666
5226,2653.58822481295,2673.6408343797,2687.90173446978,2692.27816926879,2703.65297740443,2727.49609293858
5227,2653.58920302252,2672.84726688297,2687.53238233555,2691.90320974643,2702.33470339854,2725.75753399977
5228,2653.62866205169,2673.02231683792,2687.29462625765,2691.61949761342,2702.34274530904,2726.39660471666
5229,2653.66286066238,2673.19817333682,2687.14174389141,2691.41418267841,2702.42539427771,2726.7140441215
5230,2653.6886389234,2673.35322490663,2687.02939148426,2691.24729589079,2702.53141392795,2727.36404080451
5231,2653.70476016541,2673.44555650982,2686.94182644517,2691.10125158003,2702.66362231877,2727.50171173685
5232,2653.71022702066,2673.39408346796,2686.84504057927,2690.92161963395,2702.76164316238,2721.00550943724
5233,2653.72823714938,2676.99326132905,2686.73078082113,2690.27563775925,2702.53411993372,2721.95337737975
5234,2653.58578615332,2676.75441767567,2686.47204309747,2690.03842084276,2702.31711065773,2721.43836101752
5235,2653.35672659134,2676.02325900127,2686.37720368282,2689.97228259251,2699.88776884233,2720.58948827508
5236,2653.38733233865,2674.09137901349,2684.66006947839,2687.82928008764,2696.52892876012,2710.30510946739
5237,2653.40611782386,2689.2430858496,2697.6559500889,2700.81015286746,2716.231263435,2732.38541494442
5238,2653.33296998671,2689.06400181274,2697.4081569258,2700.56182626233,2716.34664366433,2733.28292111106
5239,2653.25312114323,2688.93366036378,2697.37011677338,2700.50310402311,2716.18982248778,2732.95139649759
5240,2653.17415440917,2688.79931537027,2697.16413402189,2700.31560162988,2715.92240661167,2733.00044435749
5241,2653.09648514356,2688.69131037957,2697.30725677505,2700.45948656158,2715.98239666437,2733.0965064638
5242,2653.02053537518,2688.59103682234,2697.68314637021,2700.82147351978,2716.25143680561,2733.47763142735
5243,2652.99337257993,2688.76408237387,2697.62301680777,2700.83034106544,2715.86574688148,2733.68156487247
5244,2653.0333513192,2688.73990699795,2697.63193472813,2700.88374125839,2715.05442538377,2734.5152701649
5245,2653.08744536936,2688.14768387442,2697.17118532648,2700.43709169083,2713.65256294085,2733.91731419168
5246,2653.15558713969,2687.25328804437,2696.49710435961,2699.76843773071,2712.04230963362,2732.89461950951
5247,2653.23711795668,2686.27763153269,2695.74710182737,2699.02672171386,2710.46762762956,2731.72229480943
5248,2653.33073647617,2685.34792028073,2695.11624205572,2698.40773444299,2709.223726354,2730.76803094973
5249,2653.43464591572,2684.56946850917,2694.88095967631,2698.18145672536,2709.04027790073,2729.8809969215
5250,2653.54602677367,2683.81370431549,2694.85730941166,2698.16898875227,2709.29513888875,2729.52891567703
5251,2653.64746601793,2683.36188482971,2694.73120189978,2698.05413509688,2709.26460205511,2729.89814454424
5252,2653.75593389471,2682.96501231328,2694.75662796622,2698.06762316541,2709.34352005765,2730.278726818
5253,2653.87115209275,2682.61061040184,2694.87853370211,2698.18817628638,2709.54493456038,2730.78134947353
5254,2653.99263658255,2682.30119364333,2695.02485205033,2698.34296834785,2709.81792943534,2731.29892555376
5255,2654.11972661548,2682.03480521357,2695.18809888037,2698.51980892126,2710.13603709465,2731.80865769754
5256,2654.25155925531,2681.80706085549,2695.40948385624,2698.75378316626,2710.51396830478,2732.2952565799
5257,2654.38712440527,2681.60980253557,2695.67452993348,2699.03411312496,2710.94992413166,2732.7781373498
5258,2654.52529284176,2681.41185316788,2695.96929897045,2699.34679293745,2711.42666243907,2735.6928464676
5259,2654.66485871976,2681.16833874306,2696.30729742508,2699.70187045401,2709.30012898977,2731.37135155129
5260,2654.80453315007,2680.01824239645,2696.56001594862,2700.05268490161,2709.75224596139,2731.89470273593
5261,2654.94306786368,2679.62901723755,2696.82090935011,2700.36987570641,2710.19511032862,2732.28810062407
5262,2655.07915477993,2679.51754481272,2697.52540838509,2701.19728555653,2711.03953861421,2732.58283395252
5263,2655.21255946426,2678.83483377695,2697.90259650387,2702.99138816879,2713.11776085421,2735.08347755802
5264,2655.29947451341,2678.72262081014,2698.95351034681,2704.65976703138,2715.44398380453,2737.10491486239
5265,2655.37151137288,2679.10974606929,2701.3563937792,2708.16873107417,2719.7905470491,2742.31618398134
5266,2655.44979095957,2679.03347573019,2703.70608862405,2712.06316963471,2724.6047832272,2741.07070103012
5267,2655.48404266358,2677.21332133852,2698.21994795486,2706.62897878916,2717.90153591458,2733.79652555348
5268,2655.48433441466,2676.93524413856,2696.35545568678,2704.75132928707,2716.93724338582,2733.21931721694
5269,2655.47997331203,2676.94069775352,2696.59116309811,2705.0590275779,2717.37847352238,2736.79088536407
5270,2655.47354816418,2676.94112026026,2697.00029388652,2705.45022253343,2717.82254269813,2737.0799157683
5271,2655.45863482306,2677.29272581075,2699.73300532249,2708.23117481205,2720.59203546048,2739.22405703025
5272,2655.35723539379,2677.17562321333,2699.71387622172,2708.30819403298,2720.81824122424,2739.10386207897
5273,2655.17815502169,2677.01341347023,2699.73939130175,2708.47387648848,2726.54002616905,2743.05312159742
5274,2654.94595895416,2676.90672061795,2699.85125544907,2708.74251563301,2726.78052167216,2743.37541576956
5275,2654.89229314899,2676.62282858795,2699.2069465054,2708.15939868422,2725.38471661265,2742.46530339895
5276,2654.94632697648,2673.13753896726,2696.97257058186,2706.31255551626,2723.28313897674,2739.49093825801
5277,2654.8944766362,2673.13161575985,2697.17478682821,2706.49828240604,2726.83764476013,2740.06166418571
5278,2654.64744095298,2672.00218671983,2694.23339649977,2704.09267716702,2724.43838686124,2736.31502631694
5279,2654.49910233462,2672.05908464929,2694.20701586858,2704.24046117584,2719.92526049534,2733.37677093345
5280,2654.31537071973,2672.13619829378,2694.28307886682,2704.53725325419,2720.90594182268,2733.77767624962
5281,2654.11214981729,2672.28257225241,2694.43740010218,2704.90480425709,2721.99164419261,2734.51688545592
5282,2653.90917397274,2672.61576815532,2694.67889023282,2705.41124512947,2723.03937600403,2735.34373693628
5283,2653.82628093564,2673.58795351932,2694.97696884702,2705.93492301476,2724.25607604918,2737.16122589558
5284,2653.97864952552,2673.12584225533,2695.39976120318,2707.28315203935,2726.52056265896,2740.44974748247
5285,2654.18850128461,2673.19419439505,2694.92693987079,2707.66887246972,2727.05101031568,2740.83337462197
5286,2654.46688250414,2673.46538437814,2693.9658308828,2707.4452674543,2726.74428749354,2740.30614956838
5287,2654.8097501791,2673.79380815506,2693.11008634618,2707.1436809815,2726.22133609514,2739.29947653097
5288,2655.18427081022,2674.23952494255,2692.4330929791,2706.58145083259,2725.09679668365,2737.89561526014
5289,2655.53205909638,2674.71252078329,2693.14911730621,2706.74837827303,2725.00225791672,2737.90684528512
5290,2655.70139126187,2675.80518262216,2696.74925945743,2709.33984249974,2725.64547345567,2741.20968581007
5291,2655.65885008671,2675.42648964562,2707.98700257551,2719.98304461815,2734.93697342941,2754.9011249494
5292,2655.61529792573,2674.35650023896,2706.96921361811,2719.24185900564,2734.47447623485,2754.5757092227
5293,2655.52997815504,2676.10595496344,2708.33749739843,2720.52130654619,2735.48576485847,2755.14138495214
5294,2655.46494928083,2675.41941692591,2707.61031730261,2719.7585358412,2735.54210374353,2755.11263299121
5295,2655.85208943213,2675.48108316178,2708.13883763491,2720.24335517091,2736.46374088486,2756.57735079905
5296,2656.19354943566,2674.3287622931,2707.05515301724,2719.05296928791,2734.90770968957,2755.01433849468
5297,2656.56121705245,2675.48389554172,2693.90932518858,2705.35268509989,2720.85907028411,2735.76901080445
5298,2656.92921636332,2676.53071367496,2691.64734375001,2703.32894197215,2719.83566909083,2734.77703111549
5299,2657.26560968503,2678.12068891136,2694.14384852788,2705.91878978577,2722.82444574145,2739.53034795044
5300,2657.47114901396,2678.80330744881,2694.50883570931,2706.4375902041,2723.59991663313,2738.51546807131
5301,2657.6342471298,2678.60396388442,2694.08715149308,2706.09710597856,2722.34087367264,2736.59251348189
5302,2657.62606474166,2677.41843063753,2692.67452818466,2704.69873549956,2722.01084594692,2736.32662102609
5303,2657.59755007746,2677.50018712719,2692.7498445227,2704.73832787981,2722.59734672943,2736.81114336455
5304,2657.56760969311,2677.74786749763,2692.99561870132,2704.92592903178,2722.66989070237,2736.86945313212
5305,2657.53121324543,2680.06903855972,2695.15284723643,2706.75612462026,2724.47757730392,2738.26526125268
5306,2657.37324341354,2680.56994178513,2696.43557308364,2708.04265555706,2726.02704715374,2739.44879840195
5307,2657.0203383299,2679.89876560499,2697.22953827832,2708.82762618804,2726.84453691146,2740.01651784539
5308,2656.39854474428,2679.35898744697,2696.71817667554,2708.22963946422,2726.04668966872,2740.16387865622
5309,2655.51725697423,2679.34832042238,2696.06307952991,2707.09635431642,2724.20018682174,2738.60107629912
5310,2655.15086323027,2681.06258014953,2698.74374067804,2709.90622507363,2727.77695586105,2741.33878601908
5311,2655.35826935781,2686.4814880149,2702.49344264429,2713.01437351334,2735.63085218692,2747.21479114118
5312,2655.45473028134,2684.79783892839,2700.36930949007,2710.28668944371,2728.21166548803,2744.66216732642
5313,2655.11925178086,2682.38336712379,2691.7005497534,2701.54836014769,2718.66254184958,2732.51347331084
5314,2654.68302161248,2681.41029940542,2690.41161445597,2700.49761015255,2716.57179186512,2729.75641184603
5315,2654.16328069931,2680.41629323231,2690.20197869725,2700.56487552525,2715.31690604228,2728.66091465158
5316,2653.86002695421,2679.99838571801,2691.39868298182,2701.66827700227,2716.98046566418,2731.00146964866
5317,2653.59507579094,2679.73064148117,2693.06809794915,2703.14128164767,2719.06513210386,2733.55496795739
5318,2653.3078386942,2679.51998982544,2694.27699487067,2704.16005038991,2720.68607584026,2735.412579082
5319,2653.00032541235,2679.38036383265,2695.11693646066,2704.80245266084,2721.88413074641,2736.01907688332
5320,2652.67530254234,2678.90966444101,2695.9963635867,2705.47389343238,2722.78112746597,2737.01505526826
5321,2652.33770448077,2665.85841700035,2696.64537229959,2705.87373610525,2723.55376437341,2738.31316481459
5322,2652.0243703604,2664.85505947737,2688.58936866145,2698.09201829479,2716.714722488,2730.88265708252
5323,2651.83823931035,2664.68936298938,2689.15652642153,2698.49147010026,2717.90941412884,2732.62483835797
5324,2651.71859798559,2664.64375570203,2689.57844309056,2698.74841887073,2718.86824798646,2734.25196786886
5325,2651.68215445469,2664.77962599504,2689.60705054951,2698.64238024629,2719.39248704305,2735.72508270712
5326,2651.78604964426,2665.61004745263,2688.93769854435,2697.91423958825,2719.31581411147,2736.98864976711
5327,2652.8380530195,2670.10803964296,2689.61074729329,2698.65444907846,2721.54131493474,2734.75599241723
5328,2655.96230160321,2671.60928350593,2693.3107411947,2703.26077092622,2728.49344110091,2745.07296856532
5329,2655.71457674557,2668.54866014501,2693.98925262598,2705.29677321234,2732.53342405668,2750.11036431588
5330,2652.86101662913,2666.78276098699,2690.52620118165,2701.62182831924,2729.41378035866,2745.75223038208
5331,2652.33374280797,2666.55739678305,2688.61941552124,2699.59821088062,2727.03430890888,2743.33256874343
5332,2652.1960254641,2666.80231237219,2687.76664719622,2698.70619213048,2725.52845655133,2741.93272619965
5333,2652.18611884685,2667.24023981134,2687.48123193847,2698.36370772777,2724.5350244069,2741.2504004451
5334,2652.23863574039,2667.74631603663,2687.65355743328,2698.51179226483,2724.14053805721,2741.09167917257
5335,2652.32994172238,2668.28571710056,2688.10075207352,2698.91101748685,2724.07945286264,2741.33962429548
5336,2652.44940941985,2668.82658784301,2688.77608928608,2699.55317265405,2724.36130071455,2741.69098814866
5337,2652.59137535918,2669.36690028469,2689.54469594438,2700.28056744967,2724.79545238082,2742.12629056806
5338,2652.75241179894,2669.90510048638,2690.34691182611,2701.02777582446,2725.29118157157,2742.7211631178
5339,2652.92948241814,2669.26543127779,2691.78911170948,2702.41004584982,2727.39749217712,2744.77869711034
5340,2653.11820857807,2672.01650960581,2695.16696288774,2705.69104150805,2730.38860053898,2748.11080426645
5341,2653.32010264202,2672.22425725196,2695.429905566,2705.93616870633,2731.05215675456,2748.31529112899
5342,2653.53364225194,2672.57400962287,2695.52329432896,2705.99796402954,2731.54415564382,2748.39323135822
5343,2653.75742840889,2672.90892993506,2695.58730840255,2706.03418781549,2732.05319266183,2748.33741618659
5344,2653.99013199337,2673.3142510339,2695.64067525827,2706.06317827601,2732.56403171753,2748.34232510106
5345,2654.23047134558,2673.55505878345,2695.55917963542,2705.97719155846,2732.95618928372,2748.37736199958
5346,2654.4771342386,2672.66664193827,2695.68518037188,2706.16229444116,2733.32870730338,2748.68385598126
5347,2654.65251849629,2672.96753023085,2695.92060957609,2706.45660712763,2734.25125657049,2747.05827863243
5348,2654.66674306037,2673.36090603949,2698.13348061931,2708.87162808771,2734.60780849693,2748.53967729299
5349,2654.69529405332,2673.66440240393,2698.37638035193,2709.07104286715,2735.50388405626,2750.28903362813
5350,2654.73886444635,2674.16660561306,2698.77044122619,2709.48196225102,2736.37304150429,2751.5351998194
5351,2654.79785062418,2674.78521131351,2699.62018369457,2710.33871478032,2737.46347450253,2752.86020861772
5352,2654.87228543251,2675.48601040614,2700.72148632581,2711.52276317959,2738.6053187499,2754.28941751239
5353,2654.96176446696,2676.24987812374,2702.08259441275,2712.98695002928,2739.86619723207,2755.83755975062
5354,2655.06547875618,2677.05177890966,2703.51332747827,2714.52486789782,2741.10955597808,2757.40257861319
5355,2655.18224517079,2677.87874985214,2704.8899700245,2716.0042336674,2742.22649769341,2758.90343161406
5356,2655.31057605595,2678.70605183226,2706.15666033509,2717.36870946428,2743.17602168516,2760.32566367797
5357,2655.44867960737,2679.52337979144,2707.32464283344,2718.63109621195,2743.96415016615,2761.65462894861
5358,2655.59463545366,2680.30815133662,2708.3837619667,2719.78154647295,2744.58923054361,2762.88367906538
5359,2655.75400840261,2680.97172793718,2709.11486273185,2720.60038788724,2744.86549745462,2763.67621258121
5360,2655.92518119856,2681.53557454262,2709.51900007856,2721.08986664446,2744.90604576859,2763.98797898593
5361,2655.89969735909,2681.55933372934,2708.87788366442,2720.44790260727,2744.1756393056,2763.23281882172
5362,2655.85459522899,2681.81152758393,2708.35651039182,2719.93471710492,2743.74360309494,2762.68139503889
5363,2655.79938836319,2682.51983469879,2708.28118140866,2719.89734964557,2743.9253737597,2762.64277302832
5364,2655.73442827725,2683.81694691017,2708.86896402236,2720.5647955516,2744.82853149673,2763.24724553164
5365,2655.66022077151,2685.66710621356,2710.22619501211,2722.03979575012,2746.30892758786,2764.34383756741
5366,2655.57756540475,2687.71134757672,2711.99011687361,2723.92795184092,2747.84933249306,2765.16744613464
5367,2655.49077370519,2687.04445314858,2708.9945543264,2721.15050048174,2745.40188101806,2759.61241883958
5368,2654.79702743557,2682.64501308613,2702.80883633573,2714.06312915369,2735.46444360258,2746.40161819137
5369,2671.34471647879,2682.4757088241,2700.57041581914,2712.7328779488,2733.72981103836,2744.87988539754
5370,2671.4242353926,2682.70899717077,2702.30093364575,2714.45214098422,2735.9567871667,2747.84732096587
5371,2671.46462838643,2683.04648721974,2702.63342130981,2715.03471701851,2736.97459916959,2749.59689042595
5372,2671.49848860476,2683.20744636924,2702.7745548899,2715.38374229388,2737.79316713493,2751.04088805673
5373,2671.52693041714,2683.21625571374,2702.74709100876,2715.49916769057,2738.32006570008,2752.07687415534
5374,2671.55077017551,2683.06447614561,2703.45316307181,2716.23803549489,2739.56969318369,2753.74845795531
5375,2671.29005291009,2684.90050126022,2704.77189864827,2717.63488899424,2739.48251824735,2750.96781074209
5376,2671.11879073155,2688.35175719443,2714.47851620457,2726.88533491379,2750.47651727486,2763.8051729941
5377,2660.75938061847,2691.28233395601,2718.14062179956,2730.27820436651,2757.68397540583,2772.07403563545
5378,2657.98658881835,2689.97466579389,2716.02360211885,2728.0086046717,2757.07948759126,2774.81682328893
5379,2657.0326219552,2689.95253473845,2716.6389332583,2728.43880741703,2758.92271814926,2776.03449287921
5380,2656.59774955283,2689.86900533534,2720.37671410314,2731.86668422053,2763.16007767942,2779.13687127038
5381,2656.36876717631,2689.7576135423,2719.41242784634,2730.88450401721,2762.46404108163,2777.96869238055
5382,2656.24042278557,2689.62321985979,2718.89429893376,2730.13060862064,2761.61624013771,2779.18078577254
5383,2656.16804527049,2689.46842774036,2717.80807327809,2729.0305302437,2760.34438889681,2775.52137895665
5384,2656.12894781213,2689.30226540404,2717.87116857158,2729.02465409511,2760.0413113056,2775.69661706068
5385,2656.1097063857,2689.13748471849,2717.69630749954,2728.79983491369,2759.42142745681,2775.58610200234
5386,2656.10122608555,2688.9417374774,2717.83234698171,2728.84729225741,2759.04761925612,2775.92783361612
5387,2656.11647710187,2689.08863813372,2719.08977572453,2730.18488784427,2759.81991449512,2779.99735514909
5388,2656.11602431221,2688.71716704186,2720.99249329764,2731.99098072873,2760.61978774663,2784.68634832951
5389,2656.08678508922,2689.07616854683,2720.78583848106,2731.66598092928,2761.14324214445,2784.61620578357
5390,2656.05121938606,2691.6103890337,2719.41948258561,2730.18141553078,2761.03906130648,2782.24579333767
5391,2655.99818521833,2693.60979453501,2723.05046265535,2733.50210653922,2763.20401936807,2783.61390004445
5392,2655.91985881985,2693.57314603949,2721.38736915523,2731.88459678649,2760.98735829137,2779.49513648568
5393,2655.82683953769,2693.59112909799,2719.97608742311,2730.48868653436,2758.7289985548,2774.66522481386
5394,2655.71977474516,2693.59789610772,2719.46687396837,2729.97179053029,2757.14139678104,2770.7805571197
5395,2655.59953918425,2693.10203701401,2719.34597342119,2729.81752357719,2755.00032905119,2767.99977356562
5396,2655.67580708517,2691.81126238455,2717.58747485593,2728.11187829445,2750.77031665036,2765.18472621601
5397,2655.86846793317,2692.31968001394,2717.72121713001,2728.58471562904,2750.1336766788,2766.12150121583
5398,2655.99147088067,2692.57255691511,2723.02703585973,2733.92655079429,2754.47607730585,2771.50115523331
5399,2656.03276375702,2692.42237886242,2721.65723540377,2732.42377270935,2753.28489089802,2770.73856522159
5400,2656.05953217815,2692.41782058724,2721.30148784319,2731.93734336091,2752.76811029445,2768.49884914692
5401,2656.07176527987,2692.72739592796,2719.98388574191,2730.3357389613,2751.68210158801,2766.73711417757
5402,2656.08446004658,2685.22052412078,2713.17840855856,2723.5375719554,2740.4463342522,2756.14707381833
5403,2655.39429766576,2678.60529563414,2706.83799410594,2717.06270325669,2732.21778393378,2748.00910719883
5404,2655.2447277701,2681.29004993412,2707.24285805414,2717.6542776071,2740.48383219932,2758.18147365768
5405,2655.52059210402,2682.19544313559,2709.18212492151,2718.65447187764,2740.47806987637,2760.7938238229
5406,2655.81258133372,2682.81247902241,2711.83587037437,2721.55564074914,2745.4800136581,2766.91733171848
5407,2656.06008985988,2683.97892621244,2718.36930723229,2728.17150292163,2751.76760152461,2774.4614962595
5408,2656.18258093538,2685.35198809291,2719.42256323324,2728.99873816235,2753.49723391158,2778.14970247759
5409,2656.10268617125,2693.56764381105,2728.0645153814,2737.50319678104,2763.76621170839,2792.19088037604
5410,2656.00455293607,2695.34362599681,2729.23146836912,2738.67656662985,2764.17395932773,2793.57991107002
5411,2655.81557306093,2694.90116811026,2724.29366538144,2733.90902330915,2758.33579768591,2787.39340538756
5412,2655.63394615761,2699.42209629414,2731.58967556026,2740.90336445826,2759.9633923961,2798.05876327485
5413,2655.47125484779,2699.32123228045,2731.68430135313,2741.05899047503,2760.19763820958,2798.9535020651
5414,2655.32331721033,2699.20018206064,2731.5770008228,2740.98159119766,2759.99729102964,2799.02182409392
5415,2655.19402278809,2699.06353173283,2731.45704034737,2740.85452559594,2759.80226852195,2798.9692904435
5416,2655.08998018771,2698.91516519687,2731.33135189123,2740.67376483733,2759.6877117092,2798.84799079062
5417,2655.01606794216,2698.75139665499,2733.25408730879,2742.43296432866,2761.59102228966,2800.31030145497
5418,2654.97739403549,2698.58712543492,2733.99194906414,2742.96198744825,2762.82383813913,2800.7253837677
5419,2654.97910017148,2698.38573284662,2734.55238453829,2743.27169178292,2763.66601182272,2800.99070923771
5420,2655.02350442005,2698.13323644346,2734.63620909491,2743.08175853308,2764.1827517058,2800.84130855472
5421,2655.11083817478,2697.83206270584,2734.03350138601,2742.18886999961,2764.15731090207,2800.07244344799
5422,2655.23907396587,2697.49283827567,2733.75619740539,2741.51048902609,2764.58772780111,2799.62303768681
5423,2655.09935173871,2697.84462858434,2733.11003474432,2741.04927007383,2764.7688328584,2798.42800534635
5424,2654.89474310996,2698.9852791607,2732.75180671225,2741.21649778036,2765.34526815874,2797.28877082442
5425,2654.69559490127,2699.76141859844,2732.38883942561,2741.28786621535,2765.63656478075,2796.61555136409
5426,2654.50238786205,2699.91857791159,2731.97387040224,2741.18565632705,2765.70147327431,2796.22239334211
5427,2654.31638829182,2699.71790615565,2731.58829590336,2740.99632992781,2765.766136414,2796.1413788183
5428,2654.14003430334,2699.16634360384,2731.09068802629,2740.6002652814,2765.66125606416,2796.13516024451
5429,2653.97677326033,2697.1493046756,2730.39762549289,2739.93926307142,2765.2480696235,2796.08747440738
5430,2653.73528051897,2691.45903397605,2728.07464246252,2737.30486838639,2760.60126095053,2793.68886934049
5431,2653.25453667289,2692.08494102222,2728.22214785398,2737.47445442958,2760.03208669025,2787.93811199843
5432,2652.75214342875,2693.01852002873,2729.03687350381,2738.33185295979,2760.74960982811,2787.07833761882
5433,2652.21946502763,2692.13171789714,2730.28610473409,2739.59358642962,2761.89757445093,2786.87594696485
5434,2651.71224062924,2692.39459862459,2732.3921138719,2741.6755696944,2763.86452452748,2787.47477685772
5435,2651.25445442614,2692.84195635383,2731.85974611207,2741.23314140982,2763.5363297386,2785.14352251646
5436,2650.8637898778,2684.03420821774,2726.80144423979,2736.33116213968,2755.94740617397,2777.69294266407
5437,2650.82813082432,2688.41579588321,2724.73998897264,2734.35778539405,2753.28746040086,2772.85554885541
5438,2650.83271897197,2688.00054636335,2724.63992530897,2734.22400536392,2753.16897086497,2772.35478331057
5439,2650.83688399599,2687.57819396479,2724.51724746475,2734.06955112389,2753.04019627492,2771.76425951338
5440,2650.84013473862,2686.75586647164,2723.77109821697,2733.29954841024,2752.43605918977,2770.48352638241
5441,2650.83088288649,2686.0539806689,2723.94773590595,2733.36161770157,2752.2341464166,2768.78617507177
5442,2650.83380523465,2685.69523905197,2724.03341924762,2733.66038558552,2755.74848042842,2778.40185950532
5443,2650.91139761114,2685.4808653397,2721.80176627609,2731.31035991305,2755.97254674947,2778.86066051773
5444,2651.02291474967,2686.12707197219,2721.62226779435,2730.95863175845,2756.43374312052,2781.38181455711
5445,2651.16440573911,2687.14592363349,2722.42364141746,2731.48819208326,2758.70679841063,2785.19255723282
5446,2651.32953180887,2687.76335645051,2723.47815511536,2732.26175743819,2762.19934013509,2789.31241763629
5447,2651.51082155304,2686.01745232767,2724.46846190016,2732.98955206933,2758.80015675103,2789.77461989091
5448,2651.71058687273,2684.15109141823,2720.94159771613,2729.15157015735,2756.77267921959,2788.64040572825
5449,2651.9194639165,2685.85387850495,2723.16351664697,2731.31462500918,2758.83573566536,2795.95491738303
5450,2652.12893496829,2688.8461244357,2726.37640999647,2734.51023860885,2764.5593386675,2801.30140910429
5451,2652.33666986125,2689.72730849828,2727.88724250796,2736.05256164668,2766.55603215332,2800.82917514367
5452,2652.53981262004,2689.90558179758,2727.90659374319,2736.15696707569,2755.68352716243,2795.54855550282
5453,2652.74485042388,2690.85414671858,2728.26064753728,2736.72734657405,2755.28666039949,2791.86653676888
5454,2652.95807059881,2691.65161267912,2728.48101491658,2737.03175918926,2754.81877520405,2790.46547853056
5455,2653.17031227916,2692.445025892,2728.63510290749,2737.27157976485,2754.00162282283,2788.88259520377
5456,2653.37904188145,2693.07829678038,2728.82702824659,2737.54356541896,2752.6711206607,2787.17545300168
5457,2653.5825722159,2691.42291097587,2728.88066635965,2737.64131310964,2753.41687768048,2781.44580535406
5458,2653.83497472329,2692.93349213499,2731.40503806866,2740.11190411155,2758.12400224541,2789.7283383597
5459,2654.0992413579,2693.90540597593,2735.57475811589,2744.29720821183,2762.72519751037,2792.80857337342
5460,2654.36104062657,2693.9980207039,2736.31964413383,2745.21745544965,2764.3099335844,2792.87225098514
5461,2654.57868309833,2693.72217184265,2727.8211840453,2736.80780640818,2757.0749318062,2783.59574022971
5462,2654.54665505592,2692.87901328351,2728.6717136482,2737.45873194569,2758.21971178129,2785.17226088108
5463,2654.52500083811,2691.79707785731,2728.40269015423,2737.19609559858,2758.38528443099,2786.25802096617
5464,2654.51436611698,2690.50387835994,2728.10405804013,2736.89972942287,2758.46585657129,2786.80267198779
5465,2654.51452591647,2689.13318546595,2727.82652339223,2736.62298520195,2758.49520057503,2787.29859284024
5466,2654.52430009116,2688.57484900671,2727.63335717435,2736.41450641667,2758.50664186554,2787.75311406217
5467,2654.54451888948,2688.50076238398,2726.5791818061,2735.35060479637,2756.02740532103,2783.54792792508
5468,2654.61037028061,2690.42220302914,2731.54403175441,2740.34953267429,2760.96842750294,2787.58116781605
5469,2654.66502629168,2689.0091641079,2730.16079914941,2738.99157675178,2759.72680073753,2788.60591613605
5470,2654.66497923904,2686.68935658106,2728.85335639994,2737.90847867054,2760.20376262898,2787.48372530706
5471,2654.61175005592,2686.1818849082,2729.75101468542,2738.64384100732,2760.31523559754,2787.84346482183
5472,2654.54546893088,2685.71727504794,2728.90011827691,2737.73150496069,2759.38809083606,2786.10023688159
5473,2654.4674933653,2683.42316948557,2728.32601645867,2737.08881824253,2759.03389323694,2784.15837914411
5474,2654.53617205692,2685.79010646634,2730.31208671229,2738.30382626281,2759.60465858114,2787.29070083917
5475,2654.64193755594,2689.47303939516,2733.12554903662,2740.16739636158,2769.03140522392,2790.12161160419
5476,2654.78004494445,2692.3460854376,2733.80893075484,2740.33181492558,2771.89462229361,2790.21225635935
5477,2654.91124880057,2689.1967193215,2736.46271550145,2741.66104469002,2775.83089548344,2799.10025580021
5478,2654.73971633119,2694.21626741859,2737.7875212667,2742.85444842018,2782.96054853653,2800.32062313849
5479,2654.30925930317,2695.18060763049,2734.9083719393,2740.03857306478,2779.20339409057,2795.21500588434
5480,2653.82983347581,2694.03299897843,2734.00965983343,2739.51310607597,2777.34344323025,2791.72259582265
5481,2653.51798683361,2692.8545737875,2734.13736184932,2739.92618367832,2772.35333412818,2786.82849408898
5482,2653.23447156933,2693.26669538901,2735.95240347278,2741.69622219146,2773.68204302614,2791.31019516729
5483,2652.94472590773,2694.12296084962,2738.74489370612,2744.52253506157,2776.11499164391,2796.28531008562
5484,2652.65500826615,2695.0603592796,2741.27966194642,2746.99325007957,2779.60196997245,2799.42791140788
5485,2652.51180687305,2690.35734338571,2739.54583388332,2745.86853780804,2779.50747180658,2801.40792420163
5486,2652.45455333594,2689.54383414721,2738.99530714205,2746.50420465873,2779.75878608369,2798.5412128864
5487,2652.38002976542,2688.02988912251,2738.38604408738,2747.13983847527,2781.09356507021,2798.19799043077
5488,2652.29247899544,2682.00171147041,2719.67819830222,2728.40684817895,2762.83326919147,2778.78490425073
5489,2652.18025878914,2683.40862361994,2713.97888272571,2722.71179604541,2757.35207802333,2772.98655012763
5490,2652.05924145295,2686.73188010074,2713.79618652141,2722.37447325821,2758.62757394591,2773.67648286357
5491,2651.9337631647,2689.71747313409,2713.80602157647,2722.22721877487,2758.8482667148,2773.83080024635
5492,2651.80738895916,2690.09283320449,2714.19306320073,2722.45347220149,2759.67385964048,2775.4233178106
5493,2651.68392796328,2690.38000681175,2714.09763457009,2722.22191420671,2759.76103066861,2775.44947038082
5494,2651.56740157375,2690.61074224726,2714.12671174799,2722.10961620507,2760.0554856526,2775.7682047845
5495,2651.46219260669,2690.79352508776,2714.14261569901,2721.98353600512,2760.21590370123,2776.01990040442
5496,2651.37353641635,2690.92395714297,2714.13760211693,2721.84910554446,2760.32632318358,2775.68985556106
5497,2651.30846547293,2690.72328378245,2713.92800273561,2721.49198075851,2760.06925642081,2774.99685203323
5498,2651.27553062553,2690.53649201878,2713.69087324277,2721.16096769954,2759.75725690809,2774.44475007967
5499,2651.27683078012,2689.76338080998,2713.32019548103,2720.84574476015,2759.29395646996,2774.0627773499
5500,2651.28557540975,2687.68246512178,2712.73058574503,2720.48999470021,2760.98586797846,2775.72140592868
5501,2651.29405103934,2687.80095650233,2713.00705317911,2720.84148289378,2761.91889911429,2776.48909195458
5502,2651.31025718602,2687.89789548642,2713.35254500751,2721.28091164941,2762.95750557242,2777.27885436717
5503,2651.33498569577,2687.97541635657,2713.67371740395,2721.70401606077,2763.9311457318,2777.38644150394
5504,2651.36913085497,2688.02754408059,2713.73880745546,2721.94929847342,2764.67552549259,2777.83882775746
5505,2651.41357224782,2688.07676569669,2713.37639363607,2721.73638199051,2764.45410467902,2777.89716294877
5506,2651.46907561267,2686.0684189249,2712.49818011246,2721.0758629544,2764.13463484631,2777.91095889088
5507,2651.53584747472,2685.9452833341,2711.17631014192,2719.89257875625,2762.64692888032,2776.88946478857
5508,2651.61291654274,2685.65293703187,2707.71006673885,2716.63428874964,2758.62166141551,2772.99615510831
5509,2651.60223965363,2685.09759040673,2706.32779358765,2715.30320041809,2756.56571955836,2770.84418800288
5510,2651.60984240411,2684.55899086973,2704.5483708837,2713.569449704,2752.71786105663,2765.37440438776
5511,2651.63333188916,2683.95682150992,2703.37457599561,2712.50319778816,2749.10623578291,2760.31855345299
5512,2651.82754684068,2683.42589512256,2702.58475073026,2711.50313683063,2746.80820364979,2758.75772173244
5513,2652.71225450734,2683.62851834127,2700.31061093233,2709.28738020159,2744.87356647435,2756.68288481584
5514,2653.49536091647,2684.15315178645,2700.80358056615,2709.81625118809,2745.57031691477,2757.02948222924
5515,2654.05230491165,2684.66225692987,2701.60531920081,2710.56646487629,2746.56496421665,2757.16331988463
5516,2654.5664069813,2684.4953646068,2700.88396046827,2709.47774773763,2745.07642824826,2754.61384737706
5517,2655.43263064843,2685.46004003438,2701.80811274717,2710.39475831868,2746.38294498472,2755.18455047746
5518,2655.67840626887,2686.03810321924,2701.8477538972,2710.22344180073,2745.92160230816,2754.69590389548
5519,2655.30115589382,2686.04048622403,2701.10210153066,2709.17334667889,2743.80033575193,2753.58168745105
5520,2654.68001643123,2685.71574354409,2700.11703060023,2707.93098871979,2741.10941621966,2752.49370465741
5521,2654.09900578137,2685.3340170349,2699.24489859063,2706.87309306516,2738.70553549511,2751.66776768899
5522,2653.65233787252,2685.02145412108,2699.45870381016,2706.87902368328,2737.70741601787,2751.89743754863
5523,2653.33991972195,2684.79423659811,2698.95871662407,2706.28054466288,2736.44968455568,2751.427002114
5524,2653.13504120216,2684.62371970468,2698.60894235324,2705.84308459598,2735.58095402847,2751.25219797845
5525,2653.00971354757,2684.39777993278,2698.25444015577,2705.36097848919,2734.54563137899,2751.11006203588
5526,2652.94124705004,2681.11654218191,2694.64589513978,2701.73227336873,2726.57269215298,2744.36891555278
5527,2652.91228199631,2670.83617653897,2680.1071758633,2687.14437405692,2711.43420164406,2720.11258353834
5528,2652.51931365574,2672.68237956172,2682.5069935778,2689.5539598267,2713.6348531231,2723.66142724936
5529,2652.69590350614,2671.66751504971,2681.77052980789,2688.9009373563,2712.1262578607,2722.35052828854
5530,2652.42276309146,2670.21291048163,2680.64454596124,2688.41476912151,2711.23410401487,2723.2718592467
5531,2652.74254068482,2669.75938907836,2681.02386047144,2689.81269230476,2714.52612730938,2724.60756971334
5532,2653.09072118874,2668.14537615227,2678.67176274623,2687.46441221301,2712.46854121234,2723.56255916538
5533,2653.17476892276,2667.62337533344,2683.34882781549,2692.23545756236,2718.03334982313,2727.12430118318
5534,2653.23343712605,2673.04901261411,2686.4421436744,2695.42961097521,2721.32670810597,2731.2295939275
5535,2653.09646247397,2673.97652886409,2685.14754647847,2694.52531795798,2719.39093392427,2730.32682695675
5536,2652.91510121999,2673.04304502295,2683.00084303489,2692.52357835556,2717.20887642066,2728.39102408131
5537,2652.73537635311,2671.11203654584,2681.55835357435,2691.00808409761,2715.45867206991,2727.04529534893
5538,2652.67383808132,2667.94852725236,2678.75735964257,2687.91321619124,2712.41265205113,2722.11410024702
5539,2652.58992111581,2666.55068719804,2677.85232616599,2686.31623878916,2711.39708319779,2721.01410845311
5540,2652.50400004622,2666.65214414251,2677.79569287806,2685.68651395328,2710.15999295029,2721.29971703577
5541,2652.42132024439,2667.21215614219,2676.79738659039,2684.40648320763,2707.3279851185,2720.44835835885
5542,2651.62280882728,2660.09188785322,2674.72578688032,2681.92971301221,2698.26131379468,2707.71394674835
5543,2651.87483131795,2663.48849621964,2680.67348592173,2687.86458723496,2705.07529531507,2717.10638663772
5544,2652.40161091357,2665.6618648753,2683.05598234057,2690.53899244386,2706.22348672707,2717.35355947222
5545,2652.6071108077,2665.67743701947,2683.36095697218,2690.88720912223,2707.79396812337,2719.50409247418
5546,2652.63611868004,2663.74605243498,2681.04938186753,2687.92936487379,2705.0040186281,2716.05953880091
5547,2652.61864869294,2667.07007774845,2684.60729279152,2692.20274959323,2709.15749897325,2720.40422331918
5548,2652.33826581202,2667.40185160372,2684.54102381699,2692.37940698927,2709.14714149536,2721.1751460118
5549,2652.12455566868,2667.48582480018,2685.29532500875,2693.77578756409,2710.06386596813,2721.92119409766
5550,2651.73318817209,2667.57280103469,2685.41743454892,2693.85742031635,2710.58557248579,2721.72455301192
5551,2652.06764402505,2667.95399848414,2685.92487839743,2694.62584662479,2711.41961655566,2722.34037380052
5552,2653.99453507475,2662.29609401813,2681.85436806836,2690.10947714244,2707.04953721432,2721.13032540146
5553,2653.97037759173,2661.94458117705,2683.96369858521,2692.00494541122,2708.0338206974,2723.16154593657
5554,2653.91742757645,2661.93243147114,2685.09495033708,2692.82448290563,2708.4829273901,2724.47447192458
5555,2653.76736123054,2662.33435820906,2688.36360485711,2695.71095822401,2710.56117364238,2726.17869210527
5556,2653.4283777362,2664.8525173369,2691.88189479802,2698.58045769161,2711.45741880417,2730.36457750605
5557,2653.38782910438,2666.51433846531,2692.04871021943,2698.78728806287,2714.00720559959,2733.43730111627
5558,2652.65526684105,2667.41557199216,2694.76113449697,2701.74665534349,2718.3445488887,2737.25749030327
5559,2652.74625704983,2668.31125286809,2694.41815850712,2701.39591701531,2717.9201191909,2736.582493637
5560,2652.83844264679,2668.97129416537,2694.7481480423,2701.87247911047,2718.27345899823,2737.61109124405
5561,2652.93246046063,2669.46471472045,2695.74348613742,2702.99721758917,2719.42381219745,2738.87114508594
5562,2653.03311522939,2669.81914672054,2693.7505785012,2701.32681788342,2717.3787853047,2737.9287346737
5563,2653.15429000574,2669.97432069145,2692.91115049937,2700.44847664787,2716.38751347971,2738.74945385882
5564,2653.33871300464,2670.28270416044,2693.67312446749,2701.33539872336,2717.32153877185,2740.79168836013
5565,2653.78785281114,2669.75011194892,2693.07416853314,2701.07644663915,2710.88287332877,2733.7266726325
5566,2651.81006436817,2661.01640885317,2682.86147790942,2689.38526722412,2697.7136897313,2712.35509878125
5567,2653.20441753327,2662.46913222552,2683.41281193677,2690.27611904568,2698.19089409529,2713.26554775576
5568,2653.19679373385,2660.83353418733,2685.32584984274,2691.97747555164,2699.81933942111,2715.60402549509
5569,2653.13279715009,2661.07320888461,2683.81746955266,2690.21073196113,2698.18737175697,2713.45390972804
5570,2653.03407418747,2661.34949069169,2682.44983899743,2688.58700437601,2696.53924228345,2711.24148267057
5571,2652.94304327334,2661.28054021603,2682.12711542007,2687.74105879021,2695.15607240832,2710.28199310719
5572,2650.29683195717,2656.19063626751,2675.7962566312,2680.53048166364,2686.85878149207,2702.28920424416
5573,2650.637372579,2656.30024077667,2675.36338561222,2679.30593643046,2684.95503550457,2701.45006674283
5574,2650.77759942076,2656.19528578468,2675.22704842546,2678.41345248843,2683.45052668203,2701.23620063401
5575,2650.87109083881,2661.22525927455,2677.30573582698,2680.02108852207,2684.26061362048,2699.82449368004
5576,2651.0112768811,2661.08818576728,2678.02123125384,2680.45864566953,2685.68644439762,2700.91465047006
5577,2650.26364918997,2657.69194583522,2676.40827516606,2678.80469018965,2682.46266044766,2695.16199690782
5578,2650.83718385193,2657.85165798428,2675.75393897028,2678.09303892934,2681.46478730993,2693.24558678771
5579,2651.93386024242,2660.61570682069,2683.08375164843,2690.71536113839,2696.94647948987,2709.75608173582
5580,2649.87636844644,2659.06170233217,2681.56663566921,2684.33202294279,2691.62855273112,2702.09854588878
5581,2650.82348943165,2658.85093011954,2681.09736212865,2683.85156821384,2690.06664670606,2704.85632279977
5582,2650.95932848308,2658.3497889951,2681.45987154205,2684.16553610627,2690.35855386648,2704.21334307528
5583,2650.98550917498,2657.69012507235,2678.95470887511,2681.7336148087,2686.98168661136,2699.26294760934
5584,2651.58822199383,2655.98590936506,2676.91847137317,2680.02065290081,2686.08146391263,2696.80472751291
5585,2650.27297920244,2655.0199791184,2677.04231752385,2679.93109789134,2684.91061152321,2695.48098558502
5586,2651.37626413411,2657.3218805904,2680.79131568457,2684.31170114702,2690.25171642527,2700.55320803848
5587,2651.28815898743,2657.7457857238,2680.29188428661,2683.73541161181,2690.18480718385,2701.81591624324
5588,2651.339522148,2658.03541593587,2680.96712129332,2685.33463047692,2690.94288171509,2703.53734871629
5589,2651.28536653266,2657.85242119486,2678.06233675454,2680.94479408816,2687.76191154114,2702.12221592137
5590,2651.30084393273,2658.80706803272,2681.55403785171,2684.9209642397,2691.23993646926,2704.74961544128
5591,2651.72433274738,2660.36584896799,2680.91644309973,2683.64640050382,2689.58639613987,2703.11207087374
5592,2653.73259639416,2663.0051533483,2683.32681017798,2686.06810316987,2692.21903394179,2704.56786611567
5593,2653.96908575452,2664.01779278711,2682.79859975625,2685.6762729014,2691.59478505535,2706.1825632165
5594,2653.87394973979,2663.9532800349,2682.05659804738,2684.87966905295,2690.81695527596,2704.64718763684
5595,2653.7956594071,2663.85441500601,2681.20863655951,2684.00731153157,2689.89682671467,2703.25690502662
5596,2653.73314935991,2663.6935018765,2680.57083670291,2683.36435161868,2691.85496638247,2703.73198434102
5597,2653.68374636702,2663.24211744084,2680.58530609282,2683.32294977629,2691.56671783594,2705.0129429797
5598,2653.63775718657,2662.70164191935,2680.27787135535,2682.95832692634,2690.8571558659,2703.70608888252
5599,2653.58192326714,2662.66835144294,2679.17739811466,2681.82443646118,2689.3498528588,2702.29252154742
5600,2653.52861645693,2662.61644807191,2678.23644153745,2680.80263438535,2688.05992700082,2701.89318262852
5601,2653.47738508754,2662.56713472053,2676.53292435825,2679.15500184173,2686.33890839224,2699.3152821242
5602,2653.42702693871,2662.52076511098,2674.94725627592,2677.55525009638,2684.66971540117,2697.0046039843
5603,2653.37222797641,2662.45233259196,2673.18024818569,2675.74614971994,2682.74296595889,2696.05503795038
5604,2653.22193143585,2661.46501102971,2671.19219826853,2673.77099797011,2680.45956812903,2691.9628388875
5605,2653.0541067988,2659.73716196749,2668.68920143876,2671.1204550052,2676.95069281694,2687.97828691346
5606,2653.15077096218,2659.90570456845,2668.5803712807,2671.08359012459,2676.78674679817,2688.32992113732
5607,2653.13650506082,2659.92117169862,2668.51866448638,2671.03485303967,2676.57323703582,2688.91897639438
5608,2652.89596821439,2659.80468388326,2668.37369453535,2670.99775882269,2676.8911326216,2690.78924613411
5609,2652.67475959944,2659.69692906559,2667.22645811704,2669.81156899552,2675.60528592201,2687.35481939357
5610,2652.58740262703,2658.24954166797,2666.92156615337,2669.37252926249,2677.66356625594,2687.5782389413
5611,2652.76401537498,2659.05342462952,2668.10556693353,2670.53671049245,2677.19015715691,2685.36489169933
5612,2652.84381222558,2659.35077399335,2669.04505535665,2671.47743526695,2676.68125822021,2685.57819571078
5613,2652.9696300486,2660.24968232357,2668.14964652743,2670.67321481298,2675.97693297495,2684.97227229477
5614,2653.28238181557,2660.20775049348,2668.06193678461,2670.73273520866,2676.25759210404,2685.28800790922
5615,2653.13683536583,2660.86847252281,2669.00213546074,2671.84314006573,2677.3692334257,2687.03350346055
5616,2652.8318799535,2660.42644607844,2668.69291593129,2671.38771253143,2676.77891408179,2686.03956246991
5617,2652.76946651725,2660.39594768466,2668.33561644387,2671.0524134567,2676.48852456486,2684.8509712894
5618,2652.7241257476,2660.38638681078,2668.04164250058,2670.78459874797,2676.20355138738,2684.48370820605
5619,2652.67875244207,2660.3740142795,2667.87945189682,2670.66004437585,2675.91757716912,2684.50989684252
5620,2652.61908095262,2660.45134040691,2668.28374735591,2671.09839054516,2676.39603551475,2685.40179086676
5621,2652.59314590178,2660.49632369139,2668.53102342754,2671.4179411572,2676.76327877946,2685.89015907196
5622,2652.58288462027,2660.20747944215,2668.55205405682,2671.49441650125,2676.82607827712,2685.92425329569
5623,2652.65021893277,2660.68275807865,2669.39163101256,2672.43663073058,2677.71045035894,2686.89007286055
5624,2652.7036769895,2661.02445986721,2669.40402821082,2672.54269999828,2678.03663077828,2686.8501170997
5625,2652.73644620362,2661.29422630958,2669.34927354639,2672.56841296205,2678.33650341973,2687.02370524155
5626,2652.7385738406,2661.51616250046,2669.33055559517,2672.60986901216,2678.57651303087,2687.27897869932
5627,2652.69183261872,2661.74175554147,2669.24145475282,2672.57412466656,2678.55802536313,2687.94959559858
5628,2652.55751531324,2662.03537341694,2669.15348497787,2672.51970731476,2678.26876492324,2688.53442329504
5629,2652.34188284355,2657.98277774325,2667.2617261739,2670.74168442987,2675.29894619807,2684.22083740365
5630,2652.28423546809,2656.87792338382,2667.4226080321,2670.898179391,2676.48472642195,2687.37396284411
5631,2652.28232231756,2655.99469880499,2672.21520708168,2676.36696890369,2682.56504404957,2696.39343602369
5632,2652.23126252261,2657.05783282448,2676.34970336806,2680.59793828371,2688.17632891665,2702.74061902717
5633,2652.1633529002,2657.94155146236,2677.35674418629,2681.73712799495,2689.42183120073,2703.89008772866
5634,2652.07507691864,2658.65672523539,2677.92882875868,2682.48531573897,2690.24933538541,2705.08185836989
5635,2652.00925786312,2658.42213156643,2678.52966100746,2683.29411175649,2691.15690940198,2707.03882696226
5636,2651.96026265003,2658.46927016389,2679.59955915628,2684.52646620109,2692.44218725016,2709.31581078189
5637,2651.90090957092,2659.04509500417,2680.77987317364,2685.88912908543,2693.98234804667,2711.59439871341
5638,2651.8321503135,2658.60706215017,2679.91169701382,2685.31616929458,2693.38024529101,2711.94333693949
5639,2651.9062733585,2656.59243982829,2669.50367752845,2674.46890046183,2682.01258719356,2702.3710492898
5640,2652.03154246074,2656.68956487346,2666.4095787731,2670.89569530303,2678.14002538693,2698.29700489298
5641,2652.07004046416,2656.65308547707,2666.0183975203,2670.24895234609,2677.61195349299,2698.36750227418
5642,2652.07907027951,2656.62487153599,2665.97943800816,2670.26169519739,2677.74161995776,2697.25378380318
5643,2652.01507167936,2656.49564893519,2665.96546813658,2670.23253006802,2677.69961116603,2696.98579117679
5644,2651.98075112252,2656.40195340237,2665.97876227617,2670.2347903056,2677.21081406979,2696.46015771846
5645,2651.97572670887,2656.40034596953,2665.98451493798,2670.26028134386,2677.18809634452,2696.426804139
5646,2651.98057242006,2656.4759223457,2665.99014901676,2670.31734025451,2677.21554940172,2696.48451337354
5647,2652.02174841709,2655.88225391203,2664.10108066788,2668.39904618734,2675.38177061847,2692.55430495543
5648,2652.4912657001,2655.64698244907,2664.26541515851,2668.74410580761,2675.58305817541,2692.83963332503
5649,2652.05996259135,2656.4615801219,2666.52122492675,2674.21211338478,2681.56502223356,2700.65459023715
5650,2652.15294896858,2656.49227011102,2666.42811177458,2674.17571534081,2682.07630849327,2700.38205717895
5651,2652.20835556369,2655.71019826092,2665.36551588438,2672.15543176545,2680.33123432133,2698.91813086087
5652,2652.31834344696,2656.60533892956,2666.46620732285,2673.60568215447,2681.69104508733,2700.68076696816
5653,2652.24990319207,2658.37566777586,2676.43031649387,2682.67606407077,2691.11726936673,2709.08699634088
5654,2652.23858735253,2659.96517448857,2676.13505891306,2681.95653289423,2690.47724612545,2708.90552463993
5655,2652.29936776321,2660.28920904392,2675.52507742101,2681.22379869188,2690.06043696053,2709.05385788451
5656,2652.63551561018,2661.24060784392,2676.30480189847,2681.8484007693,2691.26683640443,2707.83653780863
5657,2652.17482645699,2664.21350746855,2679.37978674058,2685.34484246934,2700.22679674248,2713.89928966442
5658,2652.40369236337,2664.15091605905,2681.41723977381,2687.71832111867,2702.04655549947,2716.04508410339
5659,2652.65029516435,2664.04929556621,2682.47369859495,2689.18639214056,2702.83133557311,2717.46448178026
5660,2652.94326744979,2663.96937817307,2683.37185869544,2690.47994443308,2703.35257910764,2719.32907942661
5661,2653.27695650877,2663.94343639388,2683.89314372586,2691.47504404535,2703.65887253913,2720.3428464154
5662,2653.62820056991,2663.7238355225,2683.78457777913,2691.71543855537,2703.38381414372,2720.41416730719
5663,2653.97352333764,2663.61733252289,2683.41245267784,2691.63051599916,2702.88775506578,2720.13185203956
5664,2653.97043780262,2663.43478964742,2688.62222173161,2697.65641816758,2707.50505351512,2726.60899445097
5665,2654.23624717292,2664.48568399433,2689.80711337988,2698.61973956335,2708.46224975295,2727.46001031031
5666,2654.51912579871,2665.12285588274,2690.13607496673,2698.70360840096,2708.33921341687,2726.72216329656
5667,2654.8617803925,2665.73076017598,2690.46392731783,2698.67744338653,2708.3244453532,2726.18972225928
5668,2655.27541124113,2666.28201960351,2689.84174265411,2697.47921653597,2707.12416442561,2725.41298681424
5669,2655.74829152164,2666.77173297308,2687.43610402535,2694.65688339397,2704.15532616914,2720.73441597066
5670,2656.26432442872,2667.18826473945,2686.42077804549,2693.06615001453,2703.0041830991,2719.05867217356
5671,2656.22988205254,2666.98870826476,2682.06814510338,2688.59474575226,2698.10333611474,2713.52580524629
5672,2655.77138122115,2670.53222220675,2675.9658113111,2682.28263127731,2690.19388263817,2701.58952072432
5673,2657.19246754673,2670.51485562243,2675.90635645067,2682.6993377478,2692.99618885316,2704.79225152326
5674,2656.62553628586,2670.36784949839,2679.86934589869,2686.07748622681,2697.3465418523,2709.61426790093
5675,2656.02212876776,2670.63730696422,2680.38415671911,2685.70437486579,2698.15220698679,2710.95524920714
5676,2655.95380975998,2670.61802817752,2680.29432829593,2684.80741171445,2695.1958422978,2709.92463427273
5677,2655.08554280234,2669.65634369131,2680.68381805977,2684.61469693695,2694.59365580067,2710.69118461005
5678,2654.37333933165,2669.44391142021,2682.0777402688,2685.988261919,2696.0982177292,2712.82655147916
5679,2654.03878385501,2669.3252447982,2682.04629400463,2685.88213974147,2697.09728314324,2712.85532427312
5680,2653.83169415789,2669.25424129486,2681.96704144633,2685.7336379257,2696.80896788709,2712.87857405483
5681,2653.62291884411,2669.22719741744,2681.74772433652,2685.44126134558,2696.38919559427,2712.60195597862
5682,2653.46848216105,2669.24263346251,2681.52711658465,2685.14023277984,2695.96341532847,2712.43236221036
5683,2653.39672887233,2669.82575535011,2681.43699029957,2685.01623971345,2695.97536605283,2712.19733262527
5684,2653.33759981301,2670.39742470089,2681.34548470092,2684.86785430032,2695.66045314937,2711.65115806354
5685,2653.27977311683,2670.59258699292,2681.32364520014,2684.84281151347,2695.46310757947,2711.50057267122
5686,2653.22283427171,2670.63125174938,2681.24357238482,2684.79251808301,2695.25140405361,2711.32916284492
5687,2653.16679654038,2670.57725393777,2681.13244194221,2684.70619890087,2695.18395886636,2711.15028960729
5688,2653.11179829539,2670.4627927992,2681.0281701965,2684.62202134568,2694.92679245832,2710.83614069868
5689,2653.05798695879,2670.32927922513,2681.05520096157,2684.67033915537,2694.80764433065,2710.56105465297
5690,2653.00549420028,2670.1772232211,2681.22978814665,2684.85636212782,2694.8529912465,2710.37050635017
5691,2652.95444690297,2670.01297801415,2681.8671336462,2685.50600387204,2695.36556839609,2710.80317286755
5692,2652.9272830411,2670.23366494053,2682.10712535947,2685.76996054945,2695.31788832094,2711.51469072318
5693,2652.94640168852,2670.52358731697,2681.6998520158,2685.41346918079,2695.4085619639,2710.89822819804
5694,2652.94121954989,2670.51457529393,2682.36877954908,2686.14612306364,2697.67122536632,2717.45325087471
5695,2652.92247536789,2669.60541515953,2681.99986640381,2685.88438916281,2696.0008275842,2717.22081120578
5696,2652.91451791883,2666.33123773491,2680.85430921366,2684.89956675241,2694.80646280716,2715.20437463305
5697,2652.90992637149,2664.21180890362,2678.69723012433,2682.90011518142,2693.74551753562,2713.25459551131
5698,2652.76511660777,2662.63230403205,2678.52711337969,2682.81545973491,2696.82851728853,2714.87385199125
5699,2652.62925084224,2662.2836199511,2678.79261444613,2683.01755874455,2699.049119983,2717.51482623158
5700,2652.55337779234,2662.24260883977,2679.04625968044,2683.18256500714,2700.78515113811,2717.73522253171
5701,2652.53080290157,2662.24862816329,2679.32050914102,2683.35008238282,2702.29659358419,2718.10115163572
5702,2652.51661615839,2662.36784494894,2679.46421687408,2683.46734548181,2702.36328634242,2717.91407456117
5703,2652.51558820232,2662.42849411174,2679.70818848855,2683.68889728792,2702.58304446877,2717.83388832705
5704,2652.51863906141,2662.50774383027,2679.8801595669,2683.85144477021,2702.86548753362,2718.01492025661
5705,2652.52145373575,2662.30265506975,2680.19061684905,2684.1479677565,2702.92274652725,2718.93256089913
5706,2652.53542092876,2662.40402658506,2680.41757219613,2684.24818230344,2703.09118051444,2719.91844188893
5707,2652.62404895264,2662.70706901991,2681.14163187477,2685.05379277677,2706.32803708876,2723.11813906623
5708,2652.78821402873,2663.02474422215,2681.86203875999,2686.31119697047,2707.07501263933,2724.09219846054
5709,2652.95104771201,2663.61522525154,2682.65949412603,2687.73998920783,2707.8645137644,2724.96367318899
5710,2653.10383030765,2664.30670303639,2683.10740931946,2688.80419268273,2708.66092851295,2725.0410964599
5711,2653.27662749842,2665.45176779244,2684.8040678797,2691.14004435559,2708.27888646223,2721.49062481908
5712,2653.60193091024,2670.22735449021,2686.344946965,2693.01038215306,2709.62839106714,2720.79108378737
5713,2653.98525235953,2670.06155254157,2684.98401760568,2691.84826850889,2708.53406945649,2720.75046315716
5714,2654.37838813145,2669.84818486374,2685.76056761151,2692.69129204374,2709.62317980592,2721.06321221645
5715,2654.65402801248,2667.28795186011,2682.79125329341,2690.30522970098,2706.64284559932,2718.31188823774
5716,2654.71391820375,2668.26998953105,2682.32035575713,2689.82640821998,2706.04364899904,2717.96117816122
5717,2654.77041645029,2668.41857059535,2681.6111792839,2689.20513649013,2705.16867377217,2717.97539896438
5718,2654.7827245858,2668.56342866472,2681.5027335986,2689.06874640181,2705.49059413757,2718.3875047803
5719,2654.80142293392,2668.80507049363,2681.26383602773,2688.89055341183,2707.94619305646,2717.4430124812
5720,2654.83312866222,2669.20117370653,2681.08723071317,2688.83089850652,2707.47280320828,2717.24407647396
5721,2654.85865545431,2669.71784170407,2681.30334728527,2689.08636275743,2707.20567236048,2718.15147716419
5722,2654.87766058058,2670.11830212194,2680.42937090786,2688.42162263681,2706.09977094256,2715.9093867939
5723,2654.88629345667,2670.7975439507,2680.20934337872,2688.0483529617,2706.04673185734,2715.38184253379
5724,2654.88648915595,2671.2642961419,2680.17337469982,2687.75005087977,2705.37519180249,2714.20384383548
5725,2654.87795036694,2666.28054797389,2679.64975389487,2687.2505661179,2704.01025587996,2712.94179215868
5726,2654.95577217178,2674.03276165671,2681.13595071376,2688.04065863193,2704.56775404283,2713.56740920629
5727,2655.04897075325,2674.76661333276,2681.47448187007,2688.41554321287,2705.05037324955,2714.92532251408
5728,2655.13848884823,2675.3349020298,2683.11522102479,2690.16764218475,2706.37677957562,2716.1695589375
5729,2655.2238262248,2675.79143689283,2683.29207602453,2690.37622841147,2706.51487444285,2716.54713980812
5730,2655.30416517173,2675.85494076242,2683.06784207061,2690.303747228,2705.86761441903,2714.74966576765
5731,2655.36215611571,2675.3660395884,2682.67437535741,2689.83078015852,2705.45455852444,2714.37362603169
5732,2655.4886284564,2676.01288694396,2682.51820814796,2689.50288131524,2705.41062511859,2714.07286778064
5733,2655.74161811537,2676.29882057225,2684.03946845063,2690.76932303157,2706.94630541161,2715.63633158993
5734,2655.19609084025,2672.617762331,2682.97907294977,2689.61033637871,2707.10328039989,2716.06979172198
5735,2654.30561063382,2671.29913902997,2681.89133857307,2688.27257290819,2705.93684182331,2715.97293777941
5736,2653.5632703276,2667.82208997124,2679.79626822731,2686.08615836383,2703.57417058994,2716.10517503561
5737,2653.03891566478,2664.27585947584,2677.26412617946,2683.5191663782,2700.58310237338,2716.15464422532
5738,2652.9687344648,2662.57253914059,2674.15400806442,2680.23568973278,2697.32631204567,2715.49325727429
5739,2652.96119320815,2660.25382787009,2673.80835168187,2679.6572750992,2696.96511241644,2716.93649840965
5740,2653.05151985792,2660.53675509432,2681.74504802459,2687.37497637774,2704.45301809218,2714.88384215533
5741,2653.1930955811,2664.74836032951,2683.49624601986,2688.58063313703,2706.0965433803,2716.35318019276
5742,2653.33535972608,2666.06963592288,2683.50622511154,2688.59787288247,2706.41555542014,2716.56296665075
5743,2653.47828630964,2666.75336376898,2683.43687421039,2688.51109633673,2706.61643697937,2716.6595151848
5744,2653.62160288164,2667.33436534928,2683.63707795839,2688.70664591232,2707.33392121822,2717.52368632428
5745,2653.76501464358,2667.8938725054,2683.5718664036,2688.60195785479,2707.52786128104,2719.0753963317
5746,2653.90826520209,2668.37625187137,2683.51421781867,2688.49893229961,2708.09312505374,2718.63936314334
5747,2654.05108479666,2668.81775505794,2683.47178642661,2688.40741400485,2708.29214628749,2718.74729430859
5748,2654.19321326144,2669.22060346911,2683.4407639452,2688.32462073402,2708.47282801875,2718.75802966827
5749,2654.33438944443,2669.58905262833,2683.4184249946,2688.24808422339,2708.63791645223,2718.7428111095
5750,2654.47436593507,2669.92908102526,2683.40372163128,2688.17758800934,2708.78641298936,2718.73358745084
5751,2654.61288615803,2670.24198789977,2683.39888628481,2688.11489454146,2708.92489667443,2718.73427537889
5752,2654.74974047109,2670.52652083937,2683.39602013311,2688.05322368017,2709.04568930225,2718.71662170278
5753,2654.8846884813,2670.78338279928,2683.39919697206,2687.99703120102,2709.15091782768,2718.67966643045
5754,2655.0154906262,2671.01556132809,2683.45357205211,2687.98580509785,2709.27212776631,2718.73747136403
5755,2655.14390965762,2671.22176935606,2683.51344211566,2687.97928741794,2709.38132969499,2718.80156198115
5756,2655.26977211801,2671.40321598511,2683.58543130706,2687.98466778782,2709.48468606772,2718.88648848008
5757,2655.39291744495,2671.56499369652,2683.67545879911,2688.00536547207,2709.60876677675,2718.97782242958
5758,2655.51320450767,2671.71507618894,2683.27926654664,2687.54414911506,2709.25726870917,2718.44311393419
5759,2655.62138351982,2672.36380698285,2684.2387120625,2688.5945501491,2710.5906617356,2720.89908385618
5760,2655.71636966697,2673.70165733315,2684.12539468044,2688.46192863335,2710.8398103376,2721.79845800259
5761,2655.81505239297,2674.74225167346,2683.86081495071,2688.27237884016,2710.88943813946,2721.44827527713
5762,2655.91445478317,2675.50613864255,2683.62793371423,2688.101625787,2710.85191654883,2720.93609889984
5763,2656.01304253523,2676.0743645461,2683.47405541504,2687.99575852062,2710.82821599579,2720.55521527182
5764,2656.10861906011,2676.47846373605,2683.27731970592,2687.7316876794,2710.53159909149,2720.27904768615
5765,2656.2057491769,2675.99459168355,2682.23344271696,2686.66049464429,2707.47842943449,2719.68033813817
5766,2656.32292075534,2676.56440962823,2682.73891422527,2687.14547962628,2708.84067396338,2722.41038881264
5767,2656.4383749222,2677.11644904028,2683.3872500987,2687.77932199259,2709.56618567526,2723.58376541459
5768,2656.52241513197,2677.3631970552,2684.21631122235,2689.13432598091,2710.81298545435,2725.76486325902
5769,2656.55778643034,2677.4269341427,2684.36535260045,2689.30734634927,2711.03291706426,2726.2050430898
5770,2656.58988023942,2677.48904931757,2684.5563303117,2689.54016815536,2711.27503339778,2726.25708499858
5771,2656.61875692319,2677.54792249047,2684.69843898315,2689.72309693674,2711.44028231678,2726.27736685903
5772,2656.64452308241,2677.61088962649,2684.69835087328,2689.75155052859,2711.37613949966,2726.13713130362
5773,2656.66730343572,2677.660661141,2684.27297006711,2689.35572797433,2710.11521171599,2724.68301759487
5774,2656.77523211724,2676.51555779862,2682.22749766539,2687.88751146793,2709.57700049361,2722.55625617182
5775,2656.93279587944,2676.82335903358,2682.05410674349,2687.61699737832,2709.63222313713,2723.26466242627
5776,2657.08276091554,2677.03092571983,2681.6492084741,2687.14311913994,2709.49236526538,2723.41409618988
5777,2657.22770771872,2677.06719486032,2681.28877522332,2686.74665879082,2709.43845232573,2723.25842659579
5778,2657.37383781894,2676.85756785846,2681.00725178673,2686.48976558936,2709.45851415211,2722.68622965169
5779,2657.53203492885,2676.39316659389,2680.79995518537,2686.35774811466,2709.46207648161,2721.99905095036
5780,2657.71489632347,2675.80331313021,2680.61616661173,2686.25543102104,2709.310382491,2721.29207933314
5781,2657.92087133401,2675.26916854874,2680.38336171478,2685.96848429101,2708.94960284103,2720.53418802677
5782,2658.1049879837,2674.87961595843,2680.95735298432,2686.20054477404,2709.25690794083,2721.3515888393
5783,2658.17544718549,2675.09117990909,2681.25434781632,2685.9973220759,2710.32393340846,2722.07087464019
5784,2657.79203528168,2673.99550982318,2681.4201549044,2684.98605242994,2708.04101322441,2720.41114115424
5785,2657.9292211774,2673.46596856294,2680.9152449256,2684.38035993288,2699.60653275214,2719.2513506894
5786,2658.05859699405,2672.8269203356,2680.77069167791,2684.15463285097,2699.18730887814,2717.90816364618
5787,2658.17989183735,2672.27973648878,2679.40579306343,2682.68615614431,2697.50774977086,2715.99123729489
5788,2658.29290703035,2671.7542487522,2679.08733350975,2682.29210014433,2696.95376973865,2715.2379783332
5789,2658.39755292612,2671.24022606067,2678.80847819301,2681.94383760128,2696.43464242599,2714.55967620338
5790,2658.49381650848,2670.77488757813,2678.62357685656,2681.69233638841,2696.00892677594,2714.1121543668
5791,2658.58175963846,2670.36723573151,2678.57746481437,2681.58035381335,2695.72892214742,2713.92127191764
5792,2658.66150524093,2670.02127449177,2678.85358618081,2681.78439409541,2695.63253295469,2714.20158783502
5793,2658.73327088259,2669.48464760503,2678.01332937155,2680.89375403331,2694.21128388385,2713.93682582158
5794,2658.79562132931,2669.36826283241,2675.84419542858,2678.67580635717,2691.6760588949,2700.93837644189
5795,2658.80552155698,2669.3550630358,2675.76825889623,2678.59937922153,2691.3591178057,2700.0215748926
5796,2658.82664463262,2668.88981416492,2674.94813370299,2677.73301272476,2690.01596573747,2699.5204153488
5797,2658.94686354832,2669.41018556503,2674.69893997128,2677.51816266844,2689.9452324038,2698.74392400016
5798,2659.06865539374,2669.41485398031,2676.42334771603,2679.41341992413,2691.75658771571,2699.39955762133
5799,2659.68607105829,2672.6268231291,2677.16339479035,2680.59911733596,2691.53033134868,2699.34120102215
5800,2662.15104485256,2676.74365347399,2681.00181758121,2684.65157378408,2695.69585976738,2702.9799390132
5801,2663.09280313943,2678.88822571325,2683.22036506824,2686.74593256448,2697.7936821243,2705.25000711299
5802,2663.44438855314,2678.3205080628,2683.69375705405,2687.93383708118,2697.38998150528,2704.52128142667
5803,2665.78624068426,2677.67451221078,2683.50296739626,2688.06533739863,2699.4488816108,2711.08511549572
5804,2666.5481844143,2677.34767293258,2683.28313220419,2688.10352233415,2696.43975088062,2708.12676263676
5805,2666.63945488269,2676.73412285233,2683.23127444525,2688.31952723155,2696.66269311363,2707.21176114051
5806,2666.67309050706,2676.2138943408,2682.19942109773,2687.70948347717,2696.03107857423,2705.73644972947
5807,2666.69372721833,2675.86466061064,2682.13173589109,2688.12466352893,2696.50914604752,2704.38756666946
5808,2666.14073698035,2676.00116091838,2690.58505848477,2695.37866649829,2702.15825903817,2712.29657175643
5809,2666.06797224933,2675.93511559491,2691.50051927622,2696.19789289186,2703.25018691244,2713.79716804742
5810,2666.11662078838,2674.87676037224,2691.55937192217,2696.27789738948,2703.37785627384,2713.84630710317
5811,2666.35794218853,2674.33628915784,2691.57342549704,2696.36056437753,2703.51773455266,2714.05609949229
5812,2666.68379238424,2674.3507728226,2691.48777996942,2696.37780605206,2703.38498622147,2713.52556077713
5813,2667.06080556118,2677.28156835151,2691.39831984563,2696.13593017916,2703.54807152702,2713.37231390308
5814,2667.41200091055,2677.40100251087,2690.51289144799,2695.2824306021,2703.29875083704,2713.35929303538
5815,2667.74976837035,2677.46990546028,2689.66703750771,2694.50580636679,2702.93741816026,2712.40446917571
5816,2668.06574101878,2677.54235008594,2688.97387108446,2693.92537728635,2702.48217974541,2711.60471630711
5817,2668.34116640105,2677.63926362484,2688.50166773251,2693.61897026005,2702.76243545767,2710.81562650952
5818,2668.55143413589,2677.71047087729,2688.25123642835,2693.59676229713,2702.83941432437,2710.97645070606
5819,2668.66898085996,2677.81444912646,2688.16941196275,2693.79632909017,2703.18306165083,2711.36421308684
5820,2668.66633933429,2677.94319965048,2688.40278141321,2694.35387267212,2701.58649273881,2711.79443260915
5821,2668.51992320051,2678.04618046049,2688.59693921757,2694.91778002974,2702.28876450849,2712.42980814262
5822,2668.21379018474,2677.28965729853,2687.42635257214,2694.01849469856,2700.54045143413,2709.91615693684
5823,2668.05878144573,2674.16591199431,2686.30247443949,2693.27022868649,2699.58716667481,2707.22837498818
5824,2668.11452618259,2674.32361884644,2686.27048565005,2693.37167271178,2699.97514038404,2708.14051045878
5825,2668.12152453532,2674.47641227313,2687.01855792744,2694.17415250025,2700.87731771169,2708.66428114355
5826,2668.20860798076,2674.45058199919,2686.3115491879,2693.67334126428,2699.81098137041,2706.56953561376
5827,2667.70012790986,2675.27958049185,2689.4307609,2696.15715092001,2702.35259229113,2709.01790889848
5828,2668.06463634965,2677.61172538555,2691.84331514921,2698.12386163448,2704.54664336253,2713.49649222476
5829,2667.51751645745,2675.59814665577,2689.56166897123,2696.17613704607,2703.29130919061,2713.44935472232
5830,2666.78064645779,2675.28958785279,2693.59309373555,2700.07770171554,2706.98136671513,2714.173533664
5831,2665.88900694412,2674.97251121245,2693.22016033934,2699.74885263036,2705.91609866683,2713.59240275719
5832,2664.51535041473,2674.1495082729,2692.45023651221,2698.87822560626,2705.2467692115,2712.43391677286
5833,2662.90775437603,2672.58482961076,2691.32024323122,2697.66909691882,2703.55923578335,2710.24993259526
5834,2661.43291213331,2671.60173967517,2690.74183327989,2697.0576364817,2702.90842336051,2709.35713106654
5835,2660.32316904249,2670.8763378384,2689.91130981162,2696.25124526629,2702.06160469052,2708.53191368518
5836,2659.61983261713,2670.55576346315,2689.30693221093,2695.73294497307,2701.82290243961,2708.20341649872
5837,2659.1341975526,2671.75642716772,2688.41677817385,2694.99781174296,2701.41780682952,2706.7028119644
5838,2659.03772501788,2670.33596207137,2685.79164583752,2692.12299630022,2700.65555551968,2704.43579983527
5839,2659.21617559824,2670.44391792477,2685.96247324558,2692.37834650642,2702.91151956477,2706.65829234684
5840,2659.39388554665,2670.47491273803,2685.85335279744,2692.39320668777,2702.88693816617,2708.10759586364
5841,2659.56474318712,2670.59681073948,2683.82252348521,2690.74836439225,2702.21213876267,2705.14521577032
5842,2659.72983071025,2671.16663690338,2684.29252079367,2691.21331695413,2704.93295074739,2709.00507594409
5843,2659.69800508444,2671.26205628105,2684.68460010459,2691.37784381636,2705.21461508903,2709.4433942275
5844,2659.66056865783,2671.13518170781,2687.73095203249,2693.92747211604,2707.75822152503,2712.23823839631
5845,2659.67136306435,2670.51339291201,2688.32640117796,2693.65166933137,2705.19413550753,2713.03570264657
5846,2658.88493924244,2667.95826476057,2682.53862545343,2687.53853096823,2701.30182327965,2708.17593775558
5847,2660.21906219565,2669.39820828387,2685.19857246132,2690.86455978211,2705.65066402136,2713.0366381395
5848,2661.5776590848,2670.48060185073,2686.50849243441,2692.24152306845,2707.07514351735,2714.88845296471
5849,2662.64508828561,2671.11512975449,2687.00427876552,2692.83145507624,2707.98802253463,2715.52637003855
5850,2662.25687473758,2671.24165842169,2687.73870727854,2693.64052088879,2708.40467158571,2715.52198662651
5851,2661.8997484216,2672.15123444668,2688.28161177808,2694.23664443544,2709.71615430088,2717.31328709167
5852,2662.45674041884,2670.65420952408,2687.4376395325,2693.11557399886,2708.14819747447,2717.59910245056
5853,2662.64485844039,2670.67153196931,2686.88744831622,2692.46291897685,2707.27699603908,2718.06313864018
5854,2662.88335651844,2670.86021945731,2687.14388558829,2692.63070913199,2707.22075189682,2718.11484561827
5855,2663.56389126114,2671.64768582254,2689.56817715209,2694.88768099836,2709.32028228027,2717.67169591308
5856,2665.17057539732,2673.9187407521,2689.99468600065,2695.31108917148,2710.1703356237,2718.61680462269
5857,2666.78285129095,2676.02427262805,2693.20428160755,2698.31512068538,2713.48175270156,2722.29423049639
5858,2668.30055516823,2677.5878223061,2694.98586754041,2699.84129766837,2715.25465246357,2726.96940300485
5859,2669.64407191949,2681.1316243364,2696.02198844325,2700.65212441925,2716.33846831471,2727.98255959086
5860,2670.76384619788,2681.9168043128,2696.63529959297,2701.01944740995,2717.21033059729,2728.81191346947
5861,2671.64086741976,2682.54749059547,2698.00549314778,2702.09945721148,2718.95183021501,2730.10923667306
5862,2672.27877407797,2682.99181392591,2697.87061695002,2701.70609909055,2719.04258471294,2730.04237832902
5863,2672.69739915884,2683.24806410136,2697.89015082546,2701.52015153514,2719.31248093359,2730.00652484689
5864,2672.93307280202,2683.40256679898,2697.69232491665,2701.15375603242,2718.20277915144,2728.59637749016
5865,2673.01766400118,2683.42421611718,2697.10887664687,2700.42243020368,2717.22451707826,2727.43317988138
5866,2672.98264811163,2683.1594646862,2696.91939341276,2700.11282715188,2716.46791739024,2727.26379867758
5867,2672.85745782891,2684.61608374398,2697.1739520743,2700.29315013282,2714.26530703524,2725.65004684564
5868,2673.00231374065,2685.46258430419,2698.26589682955,2701.3368838053,2715.06003976702,2726.11737771593
5869,2673.212852536,2685.76459211546,2699.82462598245,2702.88279792464,2716.69715636666,2727.09724813199
5870,2673.36293586884,2685.60357318002,2700.86469331519,2703.89359543737,2718.01113130394,2728.47973714481
5871,2673.34045156181,2684.96775756314,2702.21684841348,2705.23188991272,2719.83557294689,2730.34560197209
5872,2673.30658103416,2684.71307444698,2701.95483177579,2704.94209801263,2720.11459559425,2731.53336269167
5873,2673.52532522547,2684.40317244305,2702.68417203139,2705.8239585703,2721.24898633734,2733.87927626432
5874,2673.83374163288,2684.15439004201,2701.84706494187,2705.0986442956,2720.57873239283,2732.59159419831
5875,2673.9333722573,2684.3932158757,2699.50366305826,2702.64063142668,2718.29738026971,2730.87864470723
5876,2673.51054776845,2686.2776445617,2700.11424680966,2703.25188511729,2719.2507650247,2731.18805960877
5877,2672.97045024937,2685.78899509518,2699.8339417446,2702.95649410691,2719.5494526558,2730.80892327325
5878,2672.34114960554,2685.28612314386,2702.88365638791,2705.93361433599,2721.22035555323,2733.58550283295
5879,2671.53844886957,2685.62888244395,2705.19284084611,2708.28163798811,2723.02177963817,2740.75978326874
5880,2670.90247269068,2686.50702214209,2705.69591342336,2708.88929362439,2723.56984402436,2735.78111782348
5881,2670.39456691474,2686.94134033154,2706.88005394492,2710.25674583622,2724.82388123741,2737.86775054563
5882,2669.87017043815,2690.06600286645,2706.77650808454,2710.23058440597,2728.29912642577,2738.65570973564
5883,2669.34467403566,2689.85423604044,2709.68698230818,2713.09223687066,2730.57008339114,2741.4691214358
5884,2668.81323806003,2689.49999812194,2709.063915304,2712.39818819155,2729.81556416278,2741.80850446611
5885,2668.27004093624,2688.99311951571,2708.38988863399,2711.63102918734,2728.96228628427,2741.2561029617
5886,2667.71210228116,2688.35583897875,2707.44772200896,2710.59078352153,2727.93099975413,2739.77740445611
5887,2667.13943448158,2687.78547397928,2706.75626195107,2709.78860309407,2727.14660801114,2738.88589249408
5888,2666.55440065962,2687.03936846932,2705.90603323492,2708.83639795059,2726.17592696489,2737.61759960507
5889,2665.9608490556,2686.20975666508,2704.68022670443,2707.51304455543,2724.83111005337,2736.86537169026
5890,2665.36337420005,2685.34974228701,2703.34005578425,2706.03629305084,2723.34432602891,2734.07068982594
5891,2665.22055421983,2685.19935286976,2702.62042466382,2705.26430856269,2722.81167867803,2733.21281907318
5892,2665.12230058911,2684.92708974702,2700.88028008883,2703.51213758224,2721.42125542005,2731.78341467716
5893,2665.04307769346,2684.14520323309,2700.15349824334,2702.61528667439,2720.70889529967,2730.63605172124
5894,2664.97756342257,2682.32345518755,2697.53094289402,2700.06140258981,2718.22056030371,2729.2120792491
5895,2664.46987957571,2679.13906400873,2698.10711478811,2699.73725805164,2710.65381064842,2726.18731249896
5896,2664.22529368551,2677.34702037533,2696.79000657044,2698.50435100873,2708.89739220271,2718.22853487487
5897,2664.13238390149,2677.68856743721,2694.53807520192,2696.26254776121,2706.4336671133,2716.03081870362
5898,2664.14046940525,2678.82599983375,2690.41878047867,2692.02674425561,2702.20953069592,2707.952647289
5899,2663.9775184495,2678.6657312192,2690.59594900952,2692.17919884417,2702.2726077925,2707.92011525397
5900,2663.78531079075,2675.54086775243,2687.76820635893,2689.33696479081,2699.55085104197,2705.23260915809
5901,2663.5666840909,2675.23878125203,2687.436880309,2688.98614795391,2699.32715482807,2705.05136364097
5902,2663.32507811228,2674.87136625728,2686.96359295192,2688.50566634968,2698.96300072752,2704.69552810803
5903,2663.06435203311,2674.47531307006,2686.94746128075,2688.4914825992,2699.09632873801,2704.82785040803
5904,2662.857637911,2674.02308148497,2686.90355340766,2688.44118290554,2699.19726178577,2704.76834896267
5905,2662.76680269729,2675.08138387463,2687.76067407024,2689.34522313149,2700.19782975908,2705.50567643345
5906,2663.00106618417,2675.29919081455,2690.08924077516,2691.5246804509,2703.39233404039,2708.8971638878
5907,2663.31622634312,2675.54724228504,2689.38700930122,2690.69209828989,2703.18479817242,2708.20790635218
5908,2662.84528564676,2674.57300168077,2688.21475686604,2689.30583559529,2701.98993074402,2714.41889954287
5909,2663.44363991403,2678.24045285891,2690.99056728097,2692.17880344173,2703.49593699341,2719.23921295941
5910,2663.53325193052,2681.55191921221,2694.37761126836,2695.89194127576,2707.71040915355,2722.96040340131
5911,2663.43061834952,2682.61563240938,2695.45354412978,2697.16321704945,2709.40427628978,2723.80724285437
5912,2663.40950884036,2683.347808318,2696.00002320539,2697.74099699466,2709.79821272926,2723.83132473244
5913,2663.37047533949,2684.10014938778,2699.66361962793,2701.17193177354,2713.25714029787,2727.82933392002
5914,2662.94778021838,2686.6561720574,2704.39903217469,2706.85037083618,2723.12181042838,2736.59708495976
5915,2662.51410092753,2686.75103415133,2703.68241998656,2705.4701562254,2725.4221961646,2735.00995528469
5916,2661.80695118613,2686.52173656348,2704.03520737246,2705.61434235512,2725.75994484237,2735.40413468959
5917,2660.91333901772,2686.18192326334,2704.21365008707,2705.78000814314,2725.83309216686,2735.55544606669
5918,2660.65274037488,2681.19032664057,2700.39079981549,2701.88910021592,2719.50989794627,2731.12176157905
5919,2660.80575323031,2680.83700140373,2699.88148629783,2701.35340032122,2717.63307644837,2729.57018267631
5920,2660.97282577992,2679.87690069106,2701.71315119109,2703.14247459761,2718.70142377579,2730.16413941001
5921,2661.21001026681,2680.55656269563,2703.80770980874,2705.15268391783,2719.92662326973,2743.16333004598
5922,2661.42611514485,2681.11902357937,2704.12551540005,2705.43275612112,2719.25590626003,2733.90772376109
5923,2661.60675865556,2681.46717164269,2704.04448215494,2705.31975994215,2718.20042244658,2732.6659856632
5924,2661.7465712123,2681.59164728893,2703.81131628905,2705.0586368736,2717.0744924361,2729.90403363535
5925,2661.83893536114,2681.46581503658,2703.62802339499,2704.85288876393,2716.11992889168,2727.83982122129
5926,2661.87925531777,2681.12790958252,2703.61454006968,2704.81575717781,2714.99882514359,2723.56245917101
5927,2661.90883898186,2680.3672565867,2703.42301245837,2704.61837910161,2714.59119122833,2724.52796764896
5928,2661.97790674466,2680.15107210522,2703.37560193362,2704.59639971335,2714.47839388901,2724.64188212352
5929,2662.03662586743,2679.89241533385,2704.06932943053,2705.3292138824,2715.13039642508,2725.44999173212
5930,2662.05547221912,2679.5339041038,2702.50128841656,2703.68537264012,2713.22383899548,2723.46667071806
5931,2662.04848392991,2679.12741901035,2702.5083235911,2703.68429123079,2713.10115782294,2725.04142719724
5932,2661.91708963814,2678.34029272032,2701.9646520655,2703.19342508797,2712.20491983442,2725.52252495837
5933,2661.69843040774,2677.03388646522,2701.80519604275,2703.14060674154,2711.79095709145,2723.6218246142
5934,2661.4670937953,2675.54577549369,2701.68199931948,2703.14698653519,2711.58873745882,2722.14514516383
5935,2660.62707793763,2673.52330161753,2700.96820694602,2702.17211487014,2711.89721372072,2722.90520744854
5936,2660.67328073619,2674.51573845012,2700.24526102296,2702.02310650162,2710.36124384013,2723.8647973911
5937,2660.44966558873,2675.36935032421,2700.37999740459,2702.30887053082,2710.97766671222,2722.95160789233
5938,2660.65126477459,2675.38705716854,2700.41140022389,2702.65080373419,2712.04115319473,2723.48571062703
5939,2660.88898917489,2675.55735868073,2700.40657364296,2703.02382344813,2713.35888911893,2724.22028735693
5940,2661.15510437409,2675.89198320715,2700.38653470823,2703.42241426269,2714.84514540368,2725.18652650549
5941,2661.43741611582,2676.37868719833,2700.43809529362,2703.90668243303,2716.46362521532,2726.45052910757
5942,2661.7209856159,2676.56949954986,2700.31082591684,2704.19559238399,2717.89446849864,2727.56932860475
5943,2662.04603162095,2676.81953643761,2701.73518903633,2705.64510716647,2720.42175481076,2729.11268447959
5944,2662.19248511908,2676.280763393,2702.89490101842,2706.51894478215,2722.12464674566,2733.66987249864
5945,2662.83751260828,2676.99442516039,2703.43330976354,2707.11481748229,2722.91445355331,2733.48985782316
5946,2663.46253815448,2677.74196303235,2701.72935372716,2705.45463380926,2721.06574095588,2730.84184490728
5947,2664.02856395091,2678.79827369471,2701.73776128779,2705.53780390298,2720.71666030142,2729.79645395267
5948,2664.17376766307,2680.83344355738,2703.75150005055,2707.54644377387,2723.78295225019,2733.20953951078
5949,2664.16180744715,2680.36304502849,2703.59143100869,2707.26363999774,2724.7765078134,2736.67615309725
5950,2664.36780424892,2679.39474001589,2701.64287542861,2705.30199089106,2722.47772444651,2735.36372627405
5951,2664.33973626578,2679.91258128484,2701.4111233272,2705.01228497964,2722.5632603584,2736.58722013407
5952,2663.94805908289,2682.99532573592,2701.97847116729,2705.51691593289,2722.00367124461,2735.01318741518
5953,2663.69275037115,2683.83243047953,2701.7139551791,2705.18760605651,2721.42007202737,2733.38686771648
5954,2663.56204859875,2684.36433326095,2701.52217830198,2704.936582004,2720.82696448927,2731.51783790709
5955,2663.51637411498,2684.74619061713,2701.2943399543,2704.65053005708,2720.94453067642,2730.54837782185
5956,2663.51608388471,2684.92794950591,2700.76375106062,2704.07405618602,2719.89835154542,2728.66281114701
5957,2663.53223777094,2684.96125930141,2700.43520546935,2703.71248562845,2719.15994281935,2727.26187704422
5958,2663.5467110336,2684.90642939177,2700.1368529444,2703.38700388163,2718.41869151666,2726.24055181185
5959,2663.54924519189,2684.79539872856,2699.74878884753,2702.98320036519,2717.68193207954,2725.6529249163
5960,2663.53440389515,2684.70909490672,2699.3092119129,2702.55035854224,2717.11271740972,2726.29714372274
5961,2663.49970124653,2684.63543995319,2699.63142397119,2702.88457647158,2717.79577423039,2728.01374992674
5962,2663.33867440521,2687.83702062,2709.31452818563,2712.42241390744,2728.88297908561,2740.18783958299
5963,2662.5729806935,2688.74255089934,2706.04555575939,2709.43695769845,2725.13550085521,2735.88755456148
5964,2661.62442973487,2688.98216911287,2704.92883866309,2708.37933675249,2723.84094695784,2733.93203585653
5965,2660.80482062308,2689.29008565287,2705.95433506007,2709.43457260311,2724.1078834192,2734.42030848246
5966,2660.69246644053,2687.45606011523,2705.48531956048,2708.75163872869,2722.33814636111,2732.92598439717
5967,2660.75869922058,2689.68098474931,2707.41257170419,2710.55570227961,2723.91308973846,2734.03179523998
5968,2660.83422076039,2691.33439285119,2708.74931171794,2711.70374550464,2724.72491016475,2735.03874914236
5969,2660.95658605071,2692.33103804083,2710.31075359865,2713.04207528313,2725.17590225647,2736.79638326434
5970,2661.40613591299,2696.25341014162,2713.94037510383,2716.67138246014,2731.68100107734,2746.06447795926
5971,2662.21555871961,2694.27021449513,2711.87253123908,2714.33190422245,2728.78556580627,2745.76634046524
5972,2662.99572790685,2692.85483723298,2710.78606867933,2712.97059596326,2726.84367639977,2747.3113656521
5973,2663.63581141533,2692.11202212339,2711.35746106821,2713.30042844865,2726.71216381181,2750.1319136834
5974,2664.0941043774,2691.67623427502,2713.0137094846,2714.81792592873,2727.92288221024,2752.53658981273
5975,2664.38705127093,2691.40427845794,2713.84983234176,2715.66836484119,2728.51130744967,2751.75205181675
5976,2664.49671544828,2687.99742850478,2708.57511743841,2710.35043007216,2723.20706724719,2744.10114530426
5977,2664.14069689254,2687.40494194571,2704.90119045114,2706.74122030857,2719.17011130152,2739.87828133605
5978,2663.73821003698,2686.4288163801,2703.16190131778,2705.09635198043,2717.18700416868,2737.24337364665
5979,2663.2981438908,2685.43356621905,2702.97229197974,2705.00144436481,2716.90616940596,2737.75962724215
5980,2662.83640539778,2684.4945061851,2703.08248751068,2705.22483464834,2717.02878702264,2738.82777888388
5981,2662.24882102676,2683.49863917602,2702.07733525633,2704.35778624145,2716.09613256834,2738.2923163978
5982,2661.66546237002,2682.59301030519,2701.82254807843,2704.32770136425,2715.87856033075,2737.21118455893
5983,2661.18164440911,2681.89156811516,2701.86287256383,2704.60233640324,2716.0093823706,2736.8759854362
5984,2660.81246384963,2681.39343187569,2702.61387546126,2705.60127181606,2716.81415599588,2736.92788981242
5985,2660.56273337261,2681.01843562482,2702.61700464551,2705.84726896371,2716.8380209181,2736.69638489244
5986,2660.42778676874,2680.68940866549,2702.86656407552,2706.25346214107,2717.01572462762,2735.9625958889
5987,2660.50537285279,2680.52774626187,2703.0408463712,2706.53711659211,2716.83969267589,2735.649635337
5988,2660.93913437276,2680.94896154929,2704.42080931337,2707.99438421717,2719.04368854545,2737.9856886199
5989,2661.45287693029,2681.3355617098,2705.34248723267,2708.78343568403,2720.55998900011,2734.90787356123
5990,2661.75341593764,2681.27710601891,2706.8353187216,2710.28547266521,2722.2300003739,2737.42347745931
5991,2662.02582782684,2675.96011296982,2701.68758835574,2705.13506412097,2718.4214806856,2731.0664906676
5992,2661.8519959119,2672.55541292807,2704.66192233508,2708.62151392963,2722.72317538207,2736.51596930843
5993,2662.37507523322,2672.06455717165,2706.67695712227,2711.42747855918,2725.91435545577,2739.26467862303
5994,2662.77261535383,2672.71300831046,2707.14169917895,2712.57174750828,2726.67231263073,2739.23132287685
5995,2663.05068584736,2673.1122010654,2706.63131935617,2712.72268280207,2726.35942202092,2737.49794800835
5996,2663.25484148736,2673.32699498486,2706.41214167833,2713.35599105918,2726.21347975049,2737.23162716881
5997,2663.41406096596,2678.79695759223,2714.87573149595,2724.05664063923,2737.45665338326,2750.44090225434
5998,2663.53026188708,2673.50820602412,2713.28320063902,2722.43138617974,2736.10818764109,2748.66303565574
5999,2663.48486176794,2673.47534742143,2710.66549164002,2719.19347336299,2732.10826386861,2744.73884380263
6000,2663.475467016,2673.441960108,2708.47756658152,2716.7856684791,2729.35437648775,2741.69047257976
6001,2663.50550550865,2673.87590382268,2706.64763777056,2714.88561815207,2727.25234731387,2739.8935437792
6002,2663.49221657276,2674.10355941199,2706.40406236432,2714.69847420318,2727.01549393447,2738.11180889434
6003,2663.37114044091,2673.59818298341,2706.48640331695,2715.04454630904,2727.45913598737,2737.82369875105
6004,2663.23938194065,2673.17088932245,2706.61144908719,2715.43326338377,2727.93402985593,2738.55968675788
6005,2663.09703195306,2672.77596693323,2706.84476436612,2715.93413184651,2728.48553934886,2739.54259871427
6006,2662.94446677878,2672.39660862019,2707.17775226454,2716.53915545167,2729.14102339977,2740.67000757944
6007,2662.78232792503,2672.03820425239,2707.5980949294,2717.2365774121,2729.92254664846,2741.91959147453
6008,2662.61143360911,2671.71050186685,2708.0936113913,2718.013569285,2730.83480242118,2743.27242633968
6009,2662.43287958419,2671.42008910929,2708.64940692867,2718.85391552528,2731.86257240925,2744.70243653023
6010,2662.24787300006,2671.16941984382,2709.24690814424,2719.73679517394,2732.97485374564,2746.16741781317
6011,2662.05779401577,2670.9572829344,2709.86238149072,2720.63603520143,2734.13300638334,2747.62246058079
6012,2661.86404531197,2670.77968461817,2710.47321847721,2721.52662701699,2735.30084626556,2749.02214857198
6013,2661.66803786958,2670.63131033474,2711.05867059434,2722.38593554889,2736.44943902741,2750.3379563344
6014,2661.47109092127,2670.50664948512,2711.60328334968,2723.19734079115,2737.55820670462,2751.55573316146
6015,2661.27443774623,2670.40036602856,2712.09810199335,2723.95126378734,2738.61315198166,2752.67076446475
6016,2661.07911743236,2670.30802804182,2712.53886338484,2724.64328090543,2739.60557563011,2753.69283332905
6017,2660.88605558386,2670.22558068902,2712.92600279472,2725.2736624975,2740.52976452389,2754.63232125134
6018,2660.69595458638,2670.15033440877,2713.26082439219,2725.84398576419,2741.38237961355,2755.50406056632
6019,2660.50939114097,2670.07969765003,2713.54986170548,2726.36093178379,2742.16636516551,2756.32721475522
6020,2660.32678234507,2670.01601341154,2713.80401374232,2726.83674366879,2742.89515045216,2757.13045118511
6021,2660.14845051909,2669.96917478393,2714.05441102367,2727.30440854835,2743.60576835415,2757.95196909255
6022,2659.97455136203,2669.96709911032,2714.41383094789,2727.87537715542,2744.43992099921,2758.87094782408
6023,2659.8052184235,2669.49126095227,2714.10871613956,2727.78927725154,2745.23214434086,2758.6293099303
6024,2659.65674573345,2669.58591702836,2713.70092363487,2727.4631881051,2744.96424086494,2758.53602469214
6025,2659.50747392623,2669.66629730107,2713.48481417326,2727.29309318675,2744.86680666086,2758.57213431469
6026,2659.35715494206,2669.76830250514,2713.37316422603,2727.21981307644,2744.86083382506,2758.72268409464
6027,2659.20591781812,2669.88135313196,2713.34005853775,2727.22715856552,2744.93185251609,2758.9693152308
6028,2659.0539417673,2670.00444530637,2713.34829815054,2727.28142972218,2745.03492689234,2759.26590766422
6029,2658.90141531677,2670.1581209884,2713.38110186174,2727.36315496757,2745.15948176954,2759.60745357524
6030,2658.7484942839,2670.33243668223,2713.38389248571,2727.41526335076,2745.2302409679,2759.93318819994
6031,2658.59534185476,2670.54387962583,2713.33037412875,2727.40385991458,2745.21223795229,2760.22430044721
6032,2658.44211212338,2670.80231898863,2713.19974634928,2727.2977382561,2745.05915660478,2760.46733234438
6033,2658.28897052221,2671.1399154531,2713.04238822372,2727.10880317388,2744.74392362264,2760.65944408611
6034,2658.01491949182,2671.17803861387,2712.44055917722,2726.5537785513,2743.92217911608,2760.88261983882
6035,2657.53234613586,2671.24884519266,2710.82187178744,2725.13991142914,2742.292832627,2762.24661231771
6036,2656.91531545089,2671.65568454926,2709.33791500794,2723.89470065542,2740.90980062011,2762.69409916773
6037,2656.19869755023,2671.74084492111,2707.2820622252,2722.22556594893,2740.08598053849,2758.04684942175
6038,2656.12583454702,2670.91836506137,2704.91278354547,2719.85364911217,2737.41475326036,2755.38589430737
6039,2656.10527665649,2670.98536571401,2704.63411394785,2719.56367255075,2737.15724601143,2755.35712378357
6040,2656.08277776134,2671.03973941581,2704.3228941337,2719.24513441427,2736.86644863258,2755.2004328614
6041,2656.05834433421,2671.07416235318,2703.96401748647,2718.88064104677,2736.52164968006,2754.93908937946
6042,2656.03199584094,2671.07865752723,2703.5774573062,2718.48436495038,2736.13983621433,2754.52325692877
6043,2656.00380927568,2671.0375722958,2703.19940608845,2718.08618663988,2735.75649885156,2753.89908933375
6044,2655.97380082315,2670.92914746051,2702.91990755901,2717.76432268424,2735.45611064607,2753.06036274569
6045,2655.9757450283,2670.93151203496,2703.28636319769,2717.98325733844,2735.26144387763,2754.47265197899
6046,2655.97764633644,2670.86246338148,2703.79918080045,2718.31290621946,2735.27201972238,2755.03046500132
6047,2655.97675443728,2670.80196473227,2703.81559769915,2718.07996773551,2734.83775076222,2753.41826349401
6048,2655.97307211998,2670.7663946647,2703.20258098649,2717.12083755275,2733.49080446068,2745.41549931891
6049,2656.0296696851,2670.30585035956,2708.18022223627,2721.99102333367,2741.96186671515,2754.68279446358
6050,2656.09092541632,2670.32377024648,2708.4994799248,2722.1057523403,2742.08881995077,2755.2338151491
6051,2656.14698828309,2670.34284388061,2708.72357770631,2722.11447631384,2742.03900070001,2755.68773424958
6052,2656.19702118396,2670.38722512013,2708.85673989062,2722.01818605567,2741.86767654131,2756.03543993235
6053,2656.24026431749,2670.46940219542,2708.51474940971,2721.62001168887,2741.33725598769,2756.17131887954
6054,2656.27612190269,2670.59081921167,2708.5555728299,2721.40130196405,2741.07913721802,2756.27844130237
6055,2656.3042028882,2670.7552940737,2708.57490635786,2721.15760790857,2740.8538977188,2756.31875831587
6056,2656.32437181174,2670.97404441809,2708.61438717955,2720.93705843065,2740.74329365447,2756.3267522715
6057,2656.33674773128,2671.25494658033,2708.69765504619,2720.76763933272,2740.78010963841,2756.38130034948
6058,2656.34165549064,2671.59731910883,2708.81878685596,2720.64578221781,2740.93930763384,2756.45444312718
6059,2656.33960239365,2671.9741736283,2708.97703639259,2720.57124711402,2741.17190193731,2756.52318147328
6060,2656.33124196523,2672.36570773052,2709.14641749186,2720.52572101096,2741.40408286802,2756.54213352846
6061,2656.31728918722,2672.75945305935,2709.25162439083,2720.45156181436,2741.54646766913,2756.43817471007
6062,2656.32696133134,2673.08364846187,2709.24353760127,2720.28288588608,2739.87723678882,2754.38064225972
6063,2656.43494769884,2674.66246480673,2710.48302710178,2721.3741882758,2739.0750324312,2754.98202043966
6064,2656.54245381976,2674.98946201406,2710.07363559239,2720.73650911393,2738.11383668122,2754.08866397278
6065,2656.64826214314,2674.82941985495,2709.15122468255,2719.55471422576,2736.844616258,2752.73062683715
6066,2656.7507725785,2674.5693252282,2708.10067233077,2718.23024398334,2735.4491227747,2751.16752709508
6067,2656.84961256531,2674.25022096181,2707.00804474205,2716.86510981264,2734.03909589639,2750.396931947
6068,2656.94439381507,2673.84009233222,2705.92969596963,2715.52957034366,2732.23649431972,2748.50150006524
6069,2657.03476242972,2672.86745425294,2704.67912959352,2714.05622660546,2730.66181437568,2747.21974617656
6070,2657.12034233627,2672.72045412704,2703.87787776235,2713.05036567694,2729.49513845068,2746.30714382191
6071,2657.24349954908,2674.70854876811,2703.509908825,2712.63269614974,2730.24867439845,2746.0246699535
6072,2657.45400579906,2677.0583991524,2705.50096300995,2714.50977062438,2731.58108207878,2749.46682177548
6073,2657.64933390376,2678.26843247025,2706.51367418316,2715.39466786988,2732.0660270916,2750.63975540825
6074,2657.82496514718,2678.84031529195,2706.901876367,2715.67488424489,2731.63039620765,2750.52313600374
6075,2657.97635471334,2679.04801332798,2706.55522842068,2715.15228175646,2730.52388165196,2749.70900958868
6076,2658.0992360068,2679.04139041084,2706.01528125003,2714.43492626403,2729.32972959254,2748.76044747881
6077,2658.18993810411,2678.92021106576,2705.3048877253,2713.55646186816,2728.08587215864,2748.05878897673
6078,2658.24571369521,2678.74646520939,2704.90718241084,2713.06849746128,2727.1617204987,2747.25164520784
6079,2658.18050859362,2677.47842056257,2703.68875729084,2711.62255310463,2726.03238856277,2744.81918782072
6080,2657.9297995741,2674.61675783683,2703.90064265535,2711.57907451504,2726.65230973786,2743.60159105163
6081,2657.6501648432,2673.34808428047,2704.25277191722,2711.69174922341,2727.27203490791,2743.70499865256
6082,2657.3500359671,2672.78074399651,2700.95461555964,2708.12759031916,2723.54582993162,2738.95615142838
6083,2657.16395003651,2679.65008487263,2711.02635629005,2717.93494258579,2733.81767743837,2753.28349579761
6084,2656.98555144889,2681.40355446769,2711.44029238409,2718.30811061491,2734.42289005484,2753.42812183882
6085,2656.80357419055,2681.76250759744,2711.2627136043,2718.0521268692,2734.22907620694,2753.08241938367
6086,2656.61375562837,2680.91892454767,2710.12284701306,2716.76031359096,2732.96567263125,2751.66813208545
6087,2656.42365215915,2680.06989971149,2708.97785657965,2715.49532168824,2731.42650334413,2750.02553139514
6088,2656.23346338851,2679.31674680287,2707.88138394001,2714.29674951445,2729.75232940923,2748.28689583295
6089,2656.04342489794,2678.64684526373,2706.81584138521,2713.13796626658,2727.9964868211,2746.49092851929
6090,2655.85378368735,2678.05609972203,2705.79142667246,2712.02540318567,2726.22763672036,2744.68003565853
6091,2655.66480946047,2677.50733807594,2704.79950573334,2710.9478348381,2724.48161454767,2742.87801560577
6092,2655.47678813205,2676.99120243444,2703.84918008699,2709.91396539234,2722.80276101744,2741.10605746196
6093,2655.29003154763,2676.48695901749,2702.94534636541,2708.92866737952,2721.22330087592,2739.39271964634
6094,2655.10486412187,2675.98540480704,2702.08806610576,2707.9924714396,2719.75925180163,2737.74461923471
6095,2654.92169635224,2675.47570411587,2701.2792139262,2707.10819838597,2718.42358740092,2736.17700401795
6096,2654.74092092615,2674.96207649095,2700.52154752593,2706.27981070388,2717.21848612837,2734.68721375671
6097,2654.56302537511,2674.43718933153,2699.80323334443,2705.49549493039,2716.12990287693,2733.26853194697
6098,2654.38848561818,2673.91307053199,2699.13010407455,2704.7627803285,2715.15613086705,2731.91813104227
6099,2654.21789795234,2673.39479590015,2698.49299693024,2704.07123942566,2714.275575822,2730.63000583878
6100,2654.051852602,2672.88760010909,2697.89447064342,2703.42204078204,2713.48491809701,2729.40721447611
6101,2653.89097699443,2672.3964181234,2697.34070631501,2702.82011131596,2712.78200615321,2728.25428764507
6102,2653.73596047088,2671.93905900838,2696.86475085625,2702.29614343992,2712.19445506612,2727.20231231114
6103,2653.58745995549,2671.53203761971,2696.5377337615,2701.91974054544,2711.79470118924,2726.30978408701
6104,2653.44617228987,2671.22610212193,2696.53479189395,2701.86495253971,2711.7600813039,2725.6702158033
6105,2653.31272598332,2671.18352727027,2696.59176007316,2701.85526156102,2711.58651378384,2724.59209575649
6106,2653.21213622925,2670.11620821482,2690.20712931838,2695.58583666378,2705.1261702072,2716.9192709849
6107,2653.4151203339,2668.80941536372,2689.74620542169,2695.09341640386,2704.38479698288,2715.61077706575
6108,2653.61189887361,2668.60132101815,2690.46416717838,2695.890806008,2705.28068107474,2716.28581708575
6109,2653.7927842687,2668.62859763775,2691.02817994334,2696.57275034382,2706.4937002785,2716.62230326593
6110,2653.95323068532,2668.15920793027,2689.88267368851,2695.61594951621,2705.65805360342,2715.27380930675
6111,2653.98201853351,2668.54535775008,2687.03930512834,2692.6702341547,2702.74208815474,2711.06618249462
6112,2653.87408864388,2668.26988070117,2687.63815370524,2693.2958248756,2703.14930430738,2712.72600578216
6113,2653.76725566594,2667.9762512097,2687.68561011266,2693.49301389958,2703.45498837909,2713.47626665199
6114,2653.67431242588,2668.52437307614,2687.82099690823,2693.6483977064,2703.67486043792,2713.8686620137
6115,2653.61037623326,2668.81455656465,2687.78097785428,2693.70652242895,2703.91483467909,2713.85152310643
6116,2653.58084101289,2669.33574411895,2687.38926883311,2693.46970747771,2703.82673767291,2710.76470248519
6117,2653.38686357484,2668.76914849474,2682.70432006403,2689.04812830541,2697.97441034335,2705.53307730879
6118,2653.31102687083,2668.37183525296,2682.93483206129,2689.54012297909,2698.74508783808,2705.25341217522
6119,2653.32565401143,2668.67874474737,2682.78726166968,2689.47853180859,2699.15040115518,2705.25929080617
6120,2653.33635134666,2668.50992821537,2682.70420255276,2689.48103583163,2699.52947539072,2705.36376529982
6121,2653.34273111198,2668.30872718845,2682.54790315113,2689.41684857547,2699.85271192256,2705.45343477759
6122,2653.34438636345,2667.76870841399,2682.56918730935,2689.51575933678,2700.36634285999,2705.44939616394
6123,2653.34092230826,2667.56150432718,2685.33790333737,2692.13051399015,2703.08467948477,2707.67092781333
6124,2653.33176614964,2667.2004474873,2685.13893453704,2692.13643344984,2702.57184868531,2708.192468332
6125,2653.31659818958,2666.92984459202,2685.09127015777,2692.26104175671,2702.8592062713,2708.39164497935
6126,2653.31694502054,2666.82681115489,2686.20488161916,2693.56589645276,2704.12783389599,2710.27359673834
6127,2653.31438804994,2666.81582336123,2686.17587379032,2693.65467698228,2704.11879138158,2710.3286370208
6128,2653.30402726472,2666.86850085028,2686.31318812452,2693.91233015141,2704.29937091277,2710.600064101
6129,2653.28590136482,2666.97771979041,2686.38769163621,2694.07992401749,2704.32090108934,2710.80409587382
6130,2653.26026113473,2668.55485647301,2687.77333907593,2695.65476295588,2705.74919179827,2712.63907426773
6131,2653.22754088251,2668.6808896607,2687.78652594295,2695.74945678671,2705.67950738682,2712.79848710319
6132,2653.18837175763,2668.80315133935,2687.74539143603,2695.78802254565,2707.33396059267,2713.96791720541
6133,2653.1435444422,2668.98019977746,2688.14982878223,2696.25585532483,2707.49049112555,2714.42524471651
6134,2653.09403004837,2669.12934205861,2687.88990342644,2696.08379948579,2706.88809055648,2716.36710394075
6135,2653.02214473125,2667.73326797203,2684.72730140066,2693.11543768913,2704.34097624534,2711.81574097787
6136,2653.1942976534,2669.69673269031,2683.73514834752,2692.04139787473,2702.34418637362,2706.94781114534
6137,2653.95921143456,2668.94259353717,2679.23553245777,2686.44987093648,2694.03030854032,2698.41814660961
6138,2653.94458489178,2668.7998994881,2687.55297283712,2694.37350378263,2701.83571391836,2712.75469280048
6139,2653.8684200074,2672.64919398317,2690.3012393773,2696.79809060753,2705.3228079165,2716.64406305429
6140,2653.79088786292,2676.76878039712,2690.10782343975,2696.51207278303,2704.01659413558,2717.16655738395
6141,2653.79291543552,2677.26102060011,2691.55173476955,2697.51397482787,2709.23127459503,2721.19669849326
6142,2653.63865874951,2678.2105493026,2692.4743859415,2697.99089144036,2709.01358904089,2720.93347464531
6143,2653.37613242326,2678.14510409333,2691.12780383991,2696.12602698285,2706.2976162251,2717.27782418252
6144,2653.13981948624,2677.73663125911,2691.8398596365,2696.32020472962,2706.85845550557,2717.70391606601
6145,2653.17447565679,2676.36991002491,2694.71362076841,2698.8402820116,2710.26218823668,2721.36392477904
6146,2653.62141794635,2673.78522285794,2694.08192520195,2697.80435547405,2709.34669897523,2720.63408309901
6147,2654.08974313075,2674.37750395354,2694.7110424048,2698.04987591752,2709.69870883991,2720.39117036694
6148,2654.5630812991,2675.02436997717,2696.46071555142,2699.47529716221,2711.0106282576,2721.38282802683
6149,2655.07991113158,2675.19649028111,2698.90906775724,2701.5762986695,2711.95376772135,2721.31578713136
6150,2655.51606544428,2669.68400632202,2687.55311997935,2690.09068691108,2697.21711590608,2702.17909221468
6151,2655.61887111572,2667.5656842981,2685.04414110978,2687.57747836421,2695.55152238744,2701.30833979598
6152,2655.64097957833,2667.72252762222,2684.90597692803,2687.54008156465,2695.09756486986,2700.34846275115
6153,2655.65341684395,2667.81651319937,2684.79799056055,2687.44757835903,2694.7388637472,2700.3848775407
6154,2655.6570287785,2665.07339851906,2684.89698448487,2687.46640418304,2693.23790740146,2703.58019004293
6155,2655.30413421351,2667.5609774476,2683.5456029031,2685.88712510842,2691.72076794778,2702.7209338964
6156,2654.01963788243,2668.3428123515,2683.01009931451,2684.44347412047,2693.46808591648,2700.82714180889
6157,2653.72335072725,2669.73830687559,2685.14657618631,2686.28055758375,2696.54357765602,2704.32284995424
6158,2653.68676114618,2669.45039199696,2683.55535637172,2684.7830979013,2695.71234019017,2700.80725325922
6159,2653.66189619182,2686.23173728922,2704.10276430321,2705.93169872598,2718.33673701963,2722.97610967358
6160,2653.67844040464,2688.07971955491,2704.89713446826,2706.61050408142,2719.29529802996,2724.36918459875
6161,2653.69244631822,2688.04462992105,2704.68888349526,2706.40168100327,2719.10069205007,2724.78533123735
6162,2653.68212498053,2688.0258291003,2703.4945313206,2705.21138006965,2717.79688483954,2724.63607861531
6163,2653.53469604762,2687.90928008951,2704.92945211204,2706.70781070064,2719.40900732031,2727.35759704639
6164,2653.46081317015,2687.81538064002,2705.23233226599,2707.02855662038,2719.74121514512,2727.9237985005
6165,2653.52317047043,2687.89033844306,2704.72958445841,2706.48292224455,2719.12186873851,2726.43940301242
6166,2653.59083175687,2687.96415016058,2701.22310370893,2702.98909111125,2715.35369719381,2722.90166809603
6167,2653.65833121259,2688.03745247288,2701.32733809007,2703.0755935911,2715.20746690827,2722.78789507962
6168,2653.70400119116,2688.12834417854,2701.50695838615,2703.22991381067,2715.27779532251,2722.78135201932
6169,2653.73676617335,2688.20119590591,2701.73353430966,2703.4599931048,2715.47948141942,2723.05185816903
6170,2653.76836467811,2688.29527802887,2701.97378271855,2703.70837716232,2715.66316966721,2723.3669029053
6171,2653.79939339984,2688.41694932901,2702.16961187445,2703.9069725801,2715.67792056293,2723.57297400985
6172,2653.82950161374,2667.91659465505,2680.5882522028,2682.4012255174,2691.83949488609,2698.25073156669
6173,2653.85837306727,2668.18044683053,2681.19062091653,2682.76790967528,2692.81030907053,2698.78000986758
6174,2653.90161126797,2669.50467453518,2685.02623346649,2686.46394438736,2696.39454840708,2704.49381293977
6175,2654.06936212484,2669.80195912167,2686.30397951558,2687.75689255158,2698.95230555413,2706.68245352089
6176,2654.18973945064,2669.51711230244,2685.8885975319,2687.37516867161,2698.9410894489,2706.74708543852
6177,2654.2613745153,2668.95703529498,2685.55156830659,2687.08527113229,2698.7829527631,2706.66521715774
6178,2654.29008934464,2668.57510477345,2685.47195482699,2687.01675691617,2698.80154133193,2707.13983856677
6179,2654.28654957614,2668.57149591546,2685.7180067728,2687.18697135162,2698.9129304836,2707.1638933468
6180,2654.22603329228,2668.24775306759,2685.50251654121,2686.90946737068,2697.25495328169,2713.34943548615
6181,2654.1509489007,2667.90488558671,2685.73852660707,2687.14157770051,2697.33298896953,2713.4921195351
6182,2654.08302656316,2667.91606757925,2684.59359573467,2685.98270820085,2696.26715520032,2712.2974373162
6183,2654.07743769769,2669.79412927692,2685.71736053907,2687.26804653784,2697.09820817912,2713.1645795492
6184,2654.07308786994,2669.82729575673,2687.34494478487,2688.95477262898,2701.40206363018,2718.91574045598
6185,2654.06740771634,2675.60207712569,2688.16997602047,2689.77371571895,2701.45188684585,2712.84323735833
6186,2654.05787583948,2669.21158683379,2687.79808016765,2689.37237234487,2700.40975417749,2714.18036098427
6187,2654.06028684736,2668.03796452095,2687.08280839121,2688.66193396715,2699.22213072707,2713.40612132583
6188,2654.07627769351,2667.5599745596,2686.1981780956,2687.82717121344,2697.88491781144,2713.62822490521
6189,2654.10194784979,2666.69420892212,2685.70363249009,2687.37385348407,2696.9012956085,2712.50934899772
6190,2654.1325840291,2667.91794924495,2685.92922675686,2687.6721445151,2697.04528540404,2711.92126176941
6191,2654.18829049905,2670.00553626655,2697.26917743088,2699.58174904491,2708.2530631841,2721.50830342285
6192,2654.50908021572,2673.56883107891,2700.80104705683,2703.19654760024,2712.58097711706,2725.98501906309
6193,2654.92198794232,2673.9484636025,2701.1608439744,2703.66243710602,2714.19829275992,2728.92105234816
6194,2655.42753921892,2674.03024844379,2700.33683856757,2703.01635065884,2713.78283162905,2728.94463051721
6195,2656.01793506879,2674.08709129441,2699.46300961505,2702.38348354501,2713.23372879684,2728.72190141495
6196,2656.67655347942,2674.223510342,2698.78913738142,2702.01490527261,2712.80514470852,2728.59652324884
6197,2657.37904197656,2674.46575859283,2698.48828672251,2702.07053266243,2712.69643323346,2728.80893833521
6198,2658.09621776728,2674.80946660556,2695.92536914815,2699.89224420397,2710.59059134297,2727.24753722158
6199,2658.79797607109,2675.2231079112,2696.01947388334,2700.33085033303,2710.90800603176,2727.95989359945
6200,2659.4501527524,2675.67288469435,2696.14515719054,2700.76077487725,2711.26891848371,2728.71889538242
6201,2659.19111485465,2675.63282967119,2695.91483659422,2700.89401295539,2711.0628810766,2728.56554749577
6202,2658.87199994152,2675.38900551991,2695.58015577166,2700.94283429159,2710.73298685868,2729.19330481269
6203,2658.49600931659,2674.9931286317,2695.13277558446,2700.89037802882,2710.30769509801,2729.11553040472
6204,2658.07213417797,2674.49500517138,2694.60711740397,2700.76172666112,2709.83893926758,2728.89711389007
6205,2657.61555032896,2673.95741056692,2695.33687162256,2701.94122579201,2710.59301046023,2728.64677685155
6206,2657.14673278057,2673.44317441283,2694.66983464619,2701.6242447054,2710.16000474936,2727.96735029154
6207,2656.68944264811,2672.99853502319,2693.11806596983,2700.33614341935,2708.94019698346,2727.21330175634
6208,2656.27289522908,2672.53710917204,2693.8606760073,2701.2175040137,2710.17259965178,2727.70580916878
6209,2655.9159307199,2672.19357295359,2692.8620788047,2700.46491777736,2710.07406498095,2727.36874555914
6210,2655.63278574516,2672.02502723423,2692.64885696473,2700.38458737237,2710.53181211275,2727.42881710232
6211,2655.43059168252,2672.04808630884,2692.55670176281,2700.37999936953,2711.21533379802,2727.73328565926
6212,2655.30918442549,2672.2796442311,2692.65222197055,2700.52357375803,2712.24051189489,2728.41132508819
6213,2655.26249757289,2672.72133114543,2692.88218679214,2700.77334123174,2712.17104674673,2727.19571794994
6214,2655.28062151982,2670.1036806689,2691.53092492661,2699.43121513808,2710.6574049755,2724.03823279153
6215,2655.32603308898,2670.42246552803,2690.84573148757,2698.72521666415,2710.51281607173,2723.9745484541
6216,2655.36241171699,2671.26542535837,2688.95499221325,2696.71988037046,2707.72730876184,2722.56348994905
6217,2655.38990359719,2671.18487748567,2688.48183988784,2696.29420637729,2707.43105473752,2722.19779821138
6218,2655.41714988881,2671.46672486996,2687.96687985076,2695.842476237,2706.82256825257,2721.48814125391
6219,2655.44463766689,2670.64644843657,2687.35432703982,2695.24190902835,2705.54397787949,2719.6758991367
6220,2655.55915661358,2666.75405403955,2683.69609442815,2692.03752636724,2703.51197224998,2716.09066738549
6221,2655.70902050877,2666.00138262589,2682.00331623484,2689.87205991102,2699.01733166025,2712.87152239044
6222,2655.53550885593,2666.7181760985,2683.14996033034,2689.55209257509,2698.52534950215,2712.06535496754
6223,2655.67047143524,2665.82344527281,2683.49038314021,2689.63138578578,2698.81155868143,2710.70044169191
6224,2655.79033148189,2666.06015959173,2682.22837505833,2688.30248422381,2696.09706919924,2708.38899574591
6225,2655.29862401364,2665.89414804133,2682.63318791705,2688.6295021647,2696.84881661783,2709.7766920472
6226,2654.85019573194,2665.2719080886,2682.2056350104,2687.99749533929,2695.97050642655,2709.37311663772
6227,2654.41483364559,2664.80479010217,2682.07704923406,2687.67920036443,2695.13933349335,2707.76980981674
6228,2653.98811518243,2664.5216295229,2680.98531640361,2686.58177236819,2693.73599638812,2707.32748089307
6229,2653.62558353494,2667.63542104718,2682.43816548361,2687.81371504106,2695.1246240718,2709.26496060256
6230,2653.46708040312,2667.09590288251,2682.36999656531,2687.52705083914,2695.0236370144,2708.90120565888
6231,2653.30362367127,2666.79395198834,2682.36465046895,2687.33758022368,2694.98146164497,2708.48872605745
6232,2653.13843168685,2666.78436167134,2682.47649580563,2687.25037000382,2695.35506202843,2708.89520820763
6233,2652.97498080122,2666.58176342481,2682.48535304423,2687.06721812658,2695.29345388415,2708.35555712687
6234,2652.81662754681,2667.08045534568,2682.53097526759,2686.92087344538,2695.34474463847,2708.04971473938
6235,2652.66639070882,2667.24345325816,2682.56465019683,2686.7694311782,2695.74871831003,2708.31350960044
6236,2652.62134100176,2665.76386842914,2684.02495906142,2688.09638155874,2697.41717328169,2716.68567797496
6237,2652.71166066784,2666.95666158163,2685.89647017404,2689.8522511111,2699.17738667479,2718.33315388932
6238,2652.80274423929,2667.38853966127,2687.95089158419,2691.76901161567,2700.88669999591,2720.34129343466
6239,2652.89383755555,2668.35644958672,2688.82865181306,2692.47151941824,2702.08127727594,2722.07856049543
6240,2652.98414882674,2668.62723326669,2689.75788004365,2693.19599021753,2702.44081051976,2722.92827081909
6241,2653.07273382784,2668.89937764905,2689.91025089231,2693.14778995142,2702.25477004841,2723.14026685068
6242,2653.15858776956,2669.15755845372,2690.1128716897,2693.14284520926,2702.13434646137,2723.43981979456
6243,2653.24059983152,2669.39047232353,2690.35218934726,2693.17009220612,2702.0582104884,2723.58986452298
6244,2653.31755875628,2669.58147586448,2690.6283550507,2693.23360583386,2702.00989239942,2723.61960798828
6245,2653.38823890639,2669.72804613452,2690.83671229914,2693.23195583993,2701.88548232839,2723.38851014833
6246,2653.45131907731,2669.81634512153,2691.03090788147,2693.22090484842,2701.72951142267,2722.90285011349
6247,2653.50553153286,2669.83297292365,2691.12720271686,2693.12097662833,2701.87365161873,2722.29368319722
6248,2653.54968888737,2669.77576812381,2691.10412764638,2692.91497608355,2701.48601610065,2720.92602300305
6249,2653.58271086702,2669.67925756416,2690.92283256001,2692.56757964481,2700.95188259885,2718.99303676063
6250,2653.60375398624,2669.77955993068,2691.30308744722,2692.84596607816,2701.12433043344,2716.92319321726
6251,2653.61222944095,2670.90605320188,2690.36652442308,2691.76417752461,2699.86607215338,2713.91215516298
6252,2653.57507499671,2670.83295476084,2693.07027061451,2694.74924124954,2702.7774110831,2714.04708451451
6253,2653.55255765692,2672.09807963463,2693.03285232174,2695.06609588269,2703.49939985558,2714.37277835331
6254,2653.55064216328,2672.65924444505,2694.11305940592,2696.39023370671,2705.72750099936,2715.49378619345
6255,2653.57431879329,2672.79987553675,2693.8185329997,2696.18535827895,2705.67051240441,2715.29587821795
6256,2653.66010808182,2672.70375786806,2695.85898209279,2698.1193056002,2707.78268244996,2717.86137579146
6257,2653.74399082189,2672.54177133069,2694.78359658589,2697.10143707304,2706.91250647135,2717.04662408309
6258,2653.82503926783,2672.41213619727,2694.02809475509,2696.40223805107,2706.36988713886,2716.59796607661
6259,2653.90239033223,2672.35567004936,2693.52972732033,2695.96409280157,2706.10787367762,2716.28712054019
6260,2654.00946409102,2672.27163827603,2692.28258729792,2694.68993321727,2704.8552975894,2714.48697920001
6261,2654.35937002954,2673.07645921253,2692.35700772016,2694.93371675282,2705.08374980226,2714.57545708875
6262,2654.80439505807,2675.43890993008,2690.83563100335,2693.59254823059,2704.49138059962,2713.26191919666
6263,2655.24397772314,2676.83850773185,2691.84780734871,2694.76314809331,2706.25568490327,2713.88195513195
6264,2655.33003772369,2676.99664039122,2691.48471725285,2694.6396778751,2706.29851851199,2713.54640023507
6265,2655.32522384848,2676.42707543829,2690.82747061549,2694.1300840338,2705.32331437188,2712.52915025847
6266,2655.31999198725,2676.31488254222,2690.44885030927,2693.7455557929,2704.94435806841,2712.48104585091
6267,2655.31180906573,2676.15787918973,2690.59229073165,2693.80374729339,2704.94417542281,2712.54571650756
6268,2655.42986005902,2676.69248820536,2692.10439354508,2695.33607163806,2706.5463283737,2713.88045547653
6269,2655.55525341299,2677.65055657488,2692.59834842072,2695.78394315327,2707.27165873439,2716.06724096266
6270,2655.73404973575,2677.97723587953,2693.21193220665,2696.22296454416,2707.80024217789,2716.14649399203
6271,2655.93764813621,2678.16229337329,2694.20547196563,2697.03329076728,2708.90029780488,2717.09002524227
6272,2656.1140656781,2677.98575108268,2695.4571150329,2698.18071234431,2710.18162974321,2718.30581287349
6273,2656.1727667363,2678.5101856153,2695.09895383245,2697.76170002914,2709.34666546417,2717.33799045802
6274,2656.18131728334,2678.1476109295,2692.45674978915,2694.95863270136,2706.66052637817,2715.86924451296
6275,2656.15401509366,2678.99590264458,2695.09689042594,2697.53600676736,2709.60201305994,2717.90195257117
6276,2656.09550013765,2679.08844056983,2696.02065244244,2698.40616786296,2710.74402308983,2719.00120178309
6277,2655.84343553066,2678.40463793127,2693.96476082607,2696.2033306738,2708.25232914693,2718.11538810552
6278,2655.61116871418,2677.87031112048,2692.3607141589,2694.54208828318,2707.33398184591,2719.03336611914
6279,2655.43980641014,2677.70297926287,2692.29076790758,2694.46928654625,2708.35001747187,2721.45755890713
6280,2655.34380086343,2676.22418696223,2689.16282912078,2691.50576189008,2705.3387012508,2719.72395694995
6281,2655.48968695328,2677.19060160716,2698.41594657132,2700.70084410731,2711.5458747392,2725.83176371377
6282,2655.65009374927,2677.4090677231,2701.71704726115,2704.05542368503,2714.59030158734,2728.11122107876
6283,2655.87342417489,2677.86648634481,2704.01108168634,2706.39764842909,2716.58231818976,2729.15754740507
6284,2656.14111525225,2676.42599100588,2704.10747451548,2706.59606139392,2716.29191260265,2727.92163523964
6285,2656.42974351232,2675.56860751771,2699.01512398935,2701.6451202555,2710.92765618445,2722.757680893
6286,2656.70995135828,2675.57704629744,2700.5596464433,2703.16937394,2712.17325074938,2722.85180726429
6287,2656.9743489085,2675.82910764952,2701.49897621611,2704.08550405253,2713.37489384842,2724.57718058165
6288,2657.22345118449,2675.90952980215,2701.76916039756,2704.32181026724,2713.67921631966,2724.76891027559
6289,2657.44991083433,2675.92437784385,2702.02599874815,2704.53869858486,2713.97281413148,2724.94541245762
6290,2657.65390262523,2675.73877777692,2698.11562880213,2700.89130216663,2709.87523369919,2719.51144160785
6291,2657.87768912713,2675.34852574568,2697.9939366247,2700.70123395372,2709.93888816008,2719.58369331952
6292,2657.88528871718,2675.19812167358,2697.80360447504,2700.58429888613,2710.0394485806,2719.80427950234
6293,2657.67695909128,2675.35841983018,2698.85768774201,2701.58975826669,2711.05757364718,2721.68806890326
6294,2657.48239851762,2678.89203688191,2697.83920445031,2700.27975963855,2708.88366016454,2721.5143120669
6295,2657.16137312219,2679.13238994881,2697.91836339125,2700.37562869296,2709.74746865761,2722.02505864986
6296,2656.73857518903,2678.12197953778,2696.61248233893,2699.0229797212,2709.06605459723,2720.9587521312
6297,2656.01759861718,2676.85261530201,2694.54243016165,2696.92041210436,2707.40888050181,2718.54558003408
6298,2654.90625387154,2673.10629678016,2692.89622953379,2695.06175698736,2705.83528878724,2716.66065305176
6299,2653.86946343671,2671.42435650875,2703.94128405397,2706.44055214296,2715.67541232168,2726.08341729093
6300,2653.1445808357,2670.71635358932,2702.35502033746,2704.95411272382,2714.99345975811,2724.93393210734
6301,2652.70659420295,2669.73567331598,2701.00434627171,2703.71420369701,2713.55414401963,2724.55549536127
6302,2652.54499827702,2672.51675707242,2697.18325830468,2699.53458487842,2714.79965275018,2725.18773152828
6303,2652.398566576,2676.66785419628,2700.68215173879,2702.94132553184,2717.62975742596,2728.70891127095
6304,2652.22624125357,2677.69272277201,2701.61698547053,2703.7866412427,2717.77549191957,2729.22952605103
6305,2652.16102678609,2677.8310728097,2705.00399335153,2706.98508404148,2720.21610001673,2733.88225936065
6306,2652.21948624067,2678.08407917718,2706.84614989696,2708.21977872031,2720.8178329494,2732.47600473466
6307,2652.22722362003,2677.49286737681,2706.62212660462,2707.55952975398,2719.86570557788,2731.79554622389
6308,2652.01252086444,2674.41010556021,2699.72110607155,2700.38020120403,2711.70413929119,2725.16249492063
6309,2651.88888150237,2673.30165795852,2696.93498244582,2697.5111650192,2710.04508554556,2721.55267439958
6310,2651.77661461093,2673.19195703968,2695.7703742352,2696.36005835525,2710.17538716173,2720.96451721338
6311,2651.67193315897,2674.97842093761,2698.22186904531,2698.93287208278,2713.73409817087,2723.9423770001
6312,2651.59321873191,2673.20083151662,2695.04619658789,2695.74757950364,2709.95598856346,2720.64729805316
6313,2651.47463651983,2679.2690423909,2695.55240446258,2696.45762376655,2714.97738123097,2728.5435140218
6314,2651.58983714544,2680.30226701447,2699.38541048924,2700.93222506846,2721.08673969246,2740.07976830095
6315,2652.04126687396,2682.11664007028,2704.93750747373,2707.15857715493,2728.94514672928,2748.59226322194
6316,2652.67688195267,2682.47573651155,2706.23276839985,2709.0025466958,2731.73756237313,2748.27461546984
6317,2652.89142163128,2682.96219625819,2704.44446202555,2707.63083768914,2730.76696974548,2746.38854053057
6318,2653.10217472949,2682.82968338812,2708.99005763672,2712.07185741285,2734.83389094088,2749.09280740123
6319,2653.31358698444,2682.7795182823,2710.6786494981,2713.70878759983,2736.03407839038,2749.36921070912
6320,2654.07394827243,2682.94336686856,2709.44197166238,2712.58454675473,2735.26859078945,2749.51934545446
6321,2654.52272616481,2686.24622097153,2710.93067218209,2714.25151779621,2735.96001804542,2751.80780595193
6322,2654.03610763518,2685.21871678122,2711.24969681909,2714.58088784933,2735.33107660445,2751.56461760633
6323,2653.62348826819,2684.5171285928,2711.10903135096,2714.4464086724,2734.00340347424,2750.18994503142
6324,2653.23330858906,2683.28188878034,2704.85176797983,2708.25662485238,2725.8297323926,2740.47677397862
6325,2652.96650131492,2682.84073957447,2702.69089216225,2705.78886913529,2722.44328713791,2737.47292968779
6326,2652.929760099,2684.40644121758,2703.48561040684,2706.44048440232,2724.58790970849,2738.92850493579
6327,2652.92370248784,2683.85268650003,2706.11817712593,2708.76320796814,2727.48592125882,2744.34912935205
6328,2652.97941827981,2682.45722224046,2708.19209552365,2710.71374129651,2730.16352851612,2744.60731139319
6329,2653.03371095053,2680.15961310664,2704.34701608761,2706.97983105954,2727.67685675535,2743.47005153069
6330,2653.15823501213,2679.30286423053,2701.20315721842,2703.71503981007,2725.29480852764,2745.72876968793
6331,2653.23096966098,2677.8714357242,2700.67829289708,2703.33114577151,2725.36994431269,2734.78493095506
6332,2653.14275895059,2677.26887270744,2701.12404064002,2704.06859654649,2726.15773409209,2735.10059752149
6333,2652.90247595528,2677.50619097015,2701.23443988128,2705.38166919679,2725.44945686057,2733.06468050336
6334,2652.82506870701,2673.96830251665,2702.044851487,2706.29874945633,2726.58214501019,2734.45067428961
6335,2652.75924894561,2673.20473877657,2701.80204848695,2706.06395940682,2726.75991968183,2734.84644415989
6336,2652.69105887344,2673.24018866039,2702.3255781039,2706.44648542425,2727.14977320484,2737.00604203462
6337,2652.62206139214,2673.14685145059,2702.19719906827,2706.06436876623,2726.08617423591,2733.21837995323
6338,2652.53580563355,2671.38904311349,2699.81940853412,2703.0628119162,2723.76941522261,2730.58051707105
6339,2652.21533638152,2672.06514177671,2698.56335236663,2701.78760674013,2722.29837518927,2728.75666166144
6340,2652.87227641585,2673.45350261391,2701.23816077479,2703.94373090677,2724.47769521607,2734.08125293192
6341,2652.66874744786,2674.30991577126,2702.78305137574,2705.69691257778,2728.18814015117,2736.5673953098
6342,2652.12049780942,2674.48323190157,2702.57149650924,2706.22684705504,2727.3309311143,2733.02457267922
6343,2651.69168578007,2675.28929966924,2706.85751884872,2710.88179859864,2731.69090985972,2738.04209532308
6344,2651.84582532713,2675.53292988415,2708.74635874974,2711.56091642793,2732.9756738242,2740.64177614702
6345,2652.11014484007,2675.89644711205,2710.6805682499,2713.24642991351,2734.62242578509,2741.97150423004
6346,2652.31951520619,2676.32060997539,2712.52304083799,2714.88941769886,2735.87914441042,2743.4784619892
6347,2652.51710404327,2676.76670233036,2714.49362288364,2716.7627129775,2737.28042374615,2744.86021498514
6348,2652.73916588619,2676.73653485718,2714.62047333265,2716.93948879944,2737.01901973517,2744.00057165432
6349,2652.9966980728,2678.75772049218,2713.46283966626,2715.90726736673,2734.35676863477,2742.34715321427
6350,2653.47540130904,2674.45600286998,2704.30421238537,2707.18151813477,2725.08712059559,2732.97035844529
6351,2653.91161685913,2674.47105551169,2706.13432268432,2709.13651819193,2730.14893638274,2739.37877323226
6352,2653.83938069978,2674.66670689388,2707.15199573158,2710.1493797304,2732.24688404636,2741.59160736284
6353,2653.76597997166,2674.75233329551,2708.08534570706,2710.97040863603,2733.41575864694,2743.83927403174
6354,2653.73059173242,2674.5317934148,2707.92046019859,2710.75630755168,2732.93458594375,2743.93868515088
6355,2653.70485216644,2674.00005923215,2708.09864657122,2710.83898309273,2732.30788275297,2744.03736567572
6356,2653.68437970609,2673.42351725236,2708.29211448192,2710.93146832695,2731.64253069702,2743.12004617402
6357,2653.67392832591,2672.93201110611,2710.13367134613,2712.76687360135,2732.46707731133,2743.78915497903
6358,2653.67645644206,2672.65179054984,2709.99698729009,2712.58057270975,2731.61208348712,2741.99475707212
6359,2653.69325462093,2672.66023050319,2710.87375035635,2713.42094519417,2731.2355699141,2741.9934452126
6360,2653.72411340805,2672.98687541744,2709.89030224923,2712.38873419606,2728.55923428055,2738.72084172167
6361,2653.76763235521,2673.98788098996,2708.64899080555,2711.13136656703,2725.50796129862,2735.59990934371
6362,2653.85836369499,2672.54186308225,2703.91256085989,2706.48756773608,2720.17967254436,2729.38582426883
6363,2653.90595148351,2673.05227119853,2704.64180508168,2707.25542716184,2723.50477017362,2729.92366167577
6364,2653.87230815308,2672.98750238329,2706.02392006609,2708.78525766673,2725.29956379949,2731.61848796365
6365,2653.7645375018,2672.75528401035,2706.49070943317,2709.40077290896,2726.32197979363,2734.1337270125
6366,2653.61556477593,2672.41985470215,2705.91069432734,2708.94289137497,2725.96984410181,2734.628875659
6367,2653.45222164262,2672.03465193212,2705.16289829989,2708.30956711652,2725.35479534329,2734.31243033276
6368,2653.04941591907,2673.14317685775,2705.82005869418,2708.67024448185,2727.12216009294,2737.6287544919
6369,2652.6546616192,2673.92335542149,2706.49186734627,2709.18938174436,2727.2149247069,2738.76131584333
6370,2652.4010892352,2674.83630996731,2706.2234960428,2708.91578684888,2726.60652084616,2737.68910425654
6371,2652.28275357498,2675.88853055482,2706.22816616943,2708.95875654141,2726.43474860835,2738.31297839173
6372,2652.28055646541,2676.76051009542,2706.57313025848,2709.33066339294,2726.62698154941,2739.25420494429
6373,2652.37234466259,2680.61387587668,2709.84139270047,2712.71757842466,2728.73752178343,2740.64969728424
6374,2652.7218210073,2682.3697841659,2712.38450481997,2715.5317478611,2730.32178406373,2743.68605278982
6375,2653.13931401191,2683.48276430744,2715.28812339755,2718.58500681923,2732.20407299743,2747.47942816305
6376,2653.57688670543,2684.49165828121,2716.82348022905,2720.18613523787,2732.82428398668,2749.08042744833
6377,2654.01984945816,2685.41012805266,2716.91066267012,2720.22773353426,2732.43169411448,2748.54954273058
6378,2654.49425218001,2687.26414245581,2714.06092289186,2717.67729051358,2729.51828758908,2740.29649083356
6379,2654.89170635812,2688.75586911088,2717.01848033687,2720.30340076307,2731.86620059229,2743.12829564833
6380,2655.24436848264,2689.27296246513,2714.3244065766,2717.55147924965,2728.80197859699,2740.79731748236
6381,2655.56744516775,2689.29431947803,2709.97925545171,2713.22151203729,2724.49918264073,2737.1028630938
6382,2655.89857486725,2689.05728411883,2706.96297162563,2710.07523550356,2721.49294584957,2735.27286822323
6383,2656.36840404114,2688.45206699949,2704.18753645201,2707.22058277115,2718.83961795422,2733.83305372893
6384,2656.9826867907,2689.4394401977,2712.95358170878,2716.03183186203,2725.37579665101,2744.4469240581
6385,2657.61199957921,2692.40329313134,2711.39745026739,2714.25232235558,2725.62845766469,2749.92712542382
6386,2658.16025023566,2693.4909819401,2709.75159370025,2712.4711908867,2724.31587438505,2750.96255048324
6387,2658.64382519767,2692.04978513889,2709.89704529282,2712.60209136987,2724.46713772591,2749.1147297177
6388,2659.90561570454,2692.31679060587,2710.7965840996,2713.728540756,2724.98311794472,2752.05592310368
6389,2661.40493556824,2692.39350678846,2707.63172451158,2710.78407703513,2721.82120185936,2743.03688676084
6390,2662.60722949583,2692.51182504959,2708.32025206191,2711.61504250191,2724.30358981332,2743.92767014319
6391,2663.15122388518,2693.6282732742,2713.28857063164,2716.38170096961,2732.57844229613,2752.21050874863
6392,2662.92253000427,2697.30843415801,2718.82521300951,2721.91644200016,2738.54491807943,2750.21318154863
6393,2662.3210289396,2689.91252003329,2717.56564702133,2720.99816724106,2732.97506854245,2751.27134839033
6394,2661.20489768177,2695.54871219536,2720.5880135215,2723.78054207936,2737.49845959946,2755.53288345074
6395,2661.25400099411,2702.08976084555,2728.8807968713,2732.39481273014,2752.04066262628,2773.49709069762
6396,2661.28933188502,2703.72319719531,2729.06470548628,2732.76882807262,2755.73430709372,2775.39039906455
6397,2661.31031829631,2703.02872947874,2725.1021393741,2728.83454462807,2752.26326341421,2771.02855842743
6398,2661.22015119696,2701.12952017246,2728.79570187948,2732.80001419848,2758.59328663053,2778.14136187071
6399,2661.062272474,2699.38658693253,2730.22461958957,2734.35612187352,2758.58057153389,2779.09052410915
6400,2660.86867075786,2697.80340838588,2729.28511766378,2733.44235101177,2756.06530264919,2777.0924332675
6401,2660.64500297238,2696.58850103755,2728.17944399792,2732.2924370817,2753.51617970644,2774.82238941766
6402,2660.39798201996,2695.73638746077,2726.86776555067,2730.91651662765,2750.922919605,2772.57244174492
6403,2660.13523050335,2695.33764653325,2724.88256798204,2728.87023319461,2747.85125373256,2770.84543655926
6404,2660.18731500867,2695.60267122821,2724.80763801804,2729.01082749482,2747.80180518245,2772.0642005957
6405,2660.32270101127,2695.38697676311,2724.72270366605,2729.20326981708,2748.72707850194,2772.53647690887
6406,2660.55745153106,2692.60675641794,2720.20658908226,2724.66614862717,2741.49691456423,2763.80609913408
6407,2660.11179439125,2697.28503060405,2711.54112645445,2715.61050659342,2730.1813667409,2749.81388188257
6408,2660.47854376072,2694.84004651995,2712.03202861677,2716.34226238367,2737.70983840014,2765.28358763428
6409,2660.77115075025,2692.25319598048,2710.51604254349,2714.80896994323,2734.93859024528,2764.24675896836
6410,2660.98058060619,2690.82976123816,2710.75608123228,2714.69053306114,2732.4692387437,2766.97168330161
6411,2661.17063978869,2690.32206900923,2711.71314166842,2715.20602606483,2732.0075774149,2766.3338105114
6412,2661.32193620112,2690.00811371488,2711.80386309976,2714.78588756912,2731.23541435132,2762.95894170932
6413,2661.41359624991,2689.71419452453,2712.64626148417,2715.14205911669,2731.83688071162,2760.19358652754
6414,2661.42763689009,2689.45751178315,2713.5458708834,2715.58587649879,2732.69161720992,2757.8798263804
6415,2661.3558218137,2689.35155771395,2714.77423381094,2716.42470421038,2733.36293363012,2756.45584155175
6416,2661.20974599738,2688.20610581422,2715.55333457247,2716.89377218862,2732.25084288066,2751.91411499153
6417,2661.0886723311,2688.1557424881,2713.4356594531,2714.62928106152,2730.66345774682,2748.11679675615
6418,2661.29229499081,2687.01931973122,2714.46446020694,2715.62055294499,2729.83899337541,2747.39168589355
6419,2661.42171374248,2685.89855154561,2714.47531827307,2715.63815076283,2729.49176537237,2747.74895831166
6420,2661.97269424576,2686.29995854324,2712.77392324288,2715.44862016669,2729.70729440834,2747.44579985915
6421,2662.1014864069,2687.24508622517,2711.46727788447,2714.40353296125,2728.02670051313,2745.35827080813
6422,2662.17458879873,2686.56136260371,2709.54180538245,2712.67280101501,2725.38837953996,2742.7977845232
6423,2662.55861368019,2686.75706752856,2706.6257135676,2709.82698450927,2722.46127825895,2738.07111729011
6424,2662.92170161773,2687.35530084677,2706.44119375989,2709.59687151362,2722.47920841787,2737.19545553172
6425,2663.20122121241,2688.01496142464,2706.70239758872,2709.71365625592,2723.19556866445,2737.49128054945
6426,2662.78521752596,2687.94572366393,2704.31128211544,2707.00643960676,2721.4248828086,2736.16337078746
6427,2663.08800391058,2687.17278767187,2706.32829840915,2708.69515452922,2722.65417939203,2738.45527576254
6428,2663.20845769384,2687.02330497739,2704.1665092612,2706.3765507402,2720.6288325935,2738.05412437291
6429,2662.42999861525,2686.10731654663,2704.34626439606,2706.60681019845,2719.08836106437,2739.85294986145
6430,2662.15182290404,2685.14528609584,2704.36084629599,2706.59248002277,2718.4736979541,2740.57207509388
6431,2662.05901556601,2692.09203086202,2710.60489980905,2713.02211314392,2729.815894675,2746.29274606688
6432,2662.34013660996,2696.62591359361,2712.88387931125,2715.31073932768,2733.61084625952,2749.6965025335
6433,2662.47976580724,2698.16873361955,2713.53629616545,2715.88340457457,2734.29205504739,2749.7815839152
6434,2662.55234773329,2698.66783088819,2713.09540884396,2715.31977934004,2732.92826347927,2749.07282064378
6435,2662.59778502703,2698.883477925,2713.29102814045,2715.47161808422,2733.05010743377,2749.61239716041
6436,2662.62982255307,2698.58303762041,2713.29353141105,2715.47686424146,2733.17882613329,2750.02406098034
6437,2662.62786163402,2698.62798012826,2713.66638345646,2715.89193062599,2733.82983424805,2746.58161050778
6438,2662.36127698313,2698.23802488937,2714.15481024083,2716.21098338122,2734.99732913257,2746.77441366713
6439,2661.84858751764,2697.72693829753,2713.78198394409,2715.73298640171,2734.48661324959,2745.46831984421
6440,2661.30934736619,2697.31448308365,2713.45940437161,2715.58505396544,2734.26750354719,2744.77740584653
6441,2660.85084641614,2697.07747060206,2713.30274739017,2715.70751073713,2734.96856054092,2744.88045002871
6442,2658.805391185,2697.21744445543,2714.00622515773,2716.96392311792,2736.39940983818,2745.91844924432
6443,2657.22984111031,2697.04061266784,2713.53167635509,2716.99064634616,2736.29768606193,2747.22832606864
6444,2657.14795696703,2696.80016437873,2712.85413699751,2716.23089219117,2735.67546622819,2746.61039457186
6445,2657.06005323937,2696.98080888985,2712.25019325944,2715.56851162243,2735.15738805359,2745.98284597521
6446,2656.97387609739,2696.66812015237,2709.88492380132,2713.17754446388,2732.69421750918,2745.19767857019
6447,2656.91755830406,2678.40799248561,2689.99142315505,2691.9824524468,2709.04406165247,2722.2723510769
6448,2656.93046073138,2678.76133038889,2690.6347955871,2692.65297154562,2709.81939543642,2723.88141902488
6449,2656.93928313438,2678.96317996217,2690.82765792742,2692.79077131792,2709.97159681928,2723.65978630803
6450,2656.87633613327,2679.10129657458,2690.91289734398,2692.92654953048,2710.24416508351,2724.46208644163
6451,2656.79891225569,2679.22015490842,2690.65262135928,2692.65271403698,2710.19273976664,2724.29299036543
6452,2656.66032746864,2678.24231242221,2691.39505600941,2693.43259713571,2708.68595422779,2721.40462434274
6453,2656.52928398256,2678.39429918457,2692.27150582843,2694.17227924007,2710.0301134676,2722.96290673153
6454,2656.45178733244,2678.71724150809,2700.81911204387,2702.49715916752,2719.08230141239,2732.84094293053
6455,2656.42998907655,2679.35605723883,2701.51788032965,2703.16261891434,2719.40853865219,2733.08003685567
6456,2656.46553503666,2680.0652288438,2702.17309915765,2703.81652975561,2720.04114767114,2733.52700549718
6457,2656.55094400614,2680.77321946377,2702.84998289506,2704.51957374812,2720.33373340925,2733.39781352118
6458,2656.67636767263,2681.44951605649,2703.54049997141,2705.26110920849,2720.72457538729,2733.64662113457
6459,2656.83141696331,2682.08262121217,2704.28044619382,2706.07174908333,2721.05799261434,2733.8541367387
6460,2657.00652489027,2682.07437471115,2705.28409642761,2707.17162652241,2721.84785683124,2734.54662302924
6461,2657.19365346514,2682.34764072375,2705.85482496643,2707.85366292408,2721.20243135554,2733.66393757225
6462,2657.34520271363,2684.38738614138,2706.67220979193,2708.7086041688,2723.38834312813,2736.32480069238
6463,2657.49459378443,2685.25315401804,2707.436866243,2709.50415015196,2725.54224455624,2737.59163263605
6464,2657.63790677607,2685.1906947076,2708.12142857911,2710.13340978658,2726.10227439604,2739.03361684901
6465,2657.6886665587,2685.12293417261,2708.13130579594,2710.06097388803,2725.88921252993,2738.97201908719
6466,2657.64887699229,2685.1010133755,2708.04997057768,2709.88465809902,2725.62078332706,2738.75046776571
6467,2657.55406872798,2685.46145547161,2708.06157528473,2709.83064781018,2725.43186800069,2738.62688593532
6468,2657.43510073404,2685.32915375991,2708.00600199931,2709.69945963732,2725.08267023607,2737.78177353021
6469,2657.33325435229,2684.97884044833,2708.09118553524,2709.64493782934,2725.49363253689,2738.72917092384
6470,2657.33274499115,2684.95572353461,2708.03229576903,2709.57939001277,2725.48829727444,2738.14435839683
6471,2657.32890761263,2684.97816463626,2708.03347763694,2709.56264076927,2725.32796341918,2737.9468114593
6472,2657.32110349345,2684.90197245077,2708.20404818472,2709.70888130415,2725.24045409088,2737.95391570155
6473,2657.33460524293,2685.55399579576,2709.91943724221,2711.42865104838,2728.16632260843,2739.95612972689
6474,2657.34493093598,2685.50618097729,2710.98019854671,2712.46204932035,2729.26094220294,2741.49325811384
6475,2657.34820295363,2686.07951103203,2709.81485745475,2711.29149244383,2728.50626162015,2739.49249805859
6476,2657.34725440446,2686.12323794138,2709.49475147371,2710.93592726416,2728.37687490421,2739.20110029515
6477,2657.3393199018,2689.95903462719,2715.30345751784,2716.81898732289,2734.00087505583,2747.37855551978
6478,2657.32487761117,2689.52410530066,2715.03384125029,2716.42450808173,2734.02621621416,2744.18456704581
6479,2657.30467710401,2689.12905560901,2713.99610919868,2715.22709289194,2733.53054544905,2743.67936838088
6480,2657.27882428419,2688.87940128332,2715.21241934593,2716.30770041183,2734.67651031254,2744.75216822603
6481,2657.24746496552,2688.44610453225,2715.29043965399,2716.34147174498,2735.36820391873,2745.93783942288
6482,2657.21082883471,2687.98250440181,2715.16977970883,2716.13083032508,2735.76705398687,2747.20751596658
6483,2657.16918893788,2687.49916664167,2714.42111526822,2715.32713851114,2735.44263144048,2747.66205852231
6484,2657.11400030619,2687.03139299642,2713.4133736454,2714.26316110605,2734.68513671882,2747.20424767509
6485,2657.01735122344,2686.5243103627,2712.60659794707,2713.42000842083,2732.48128574925,2748.0629040285
6486,2656.94954596978,2685.93663648935,2713.11167054863,2713.95255163016,2733.17875141282,2749.44798707967
6487,2656.91976209319,2685.42966796184,2712.80395818166,2713.67890150302,2733.08382915989,2749.41103264634
6488,2656.92033908436,2685.14755554025,2712.42986155242,2713.29856399212,2732.98409373254,2749.14195030862
6489,2656.92540199282,2684.83902381441,2712.02030988118,2712.88326390474,2732.79301972888,2748.65572249408
6490,2656.93667124526,2684.48570011145,2711.5367430036,2712.39080634912,2732.48695716635,2748.13320386625
6491,2656.95657709658,2684.07053354946,2710.97420934279,2711.8063598174,2732.02837119142,2747.29409388052
6492,2656.98780107627,2683.57565742459,2710.35335233497,2711.12026063673,2731.42230788072,2746.26408895915
6493,2657.02826662863,2683.02007674808,2709.88605346711,2710.49733170177,2730.88274624342,2745.63137307447
6494,2657.05512991849,2682.45883980912,2709.8306429022,2710.23578194024,2730.6972806561,2744.75485310189
6495,2657.02968418011,2681.45926076166,2709.8253011066,2710.24093323205,2729.57218142229,2742.69653480909
6496,2657.18930610563,2679.64838910821,2705.20811071097,2705.66296454345,2724.48853995921,2738.20375179867
6497,2657.17160516797,2677.80321765577,2704.85750880958,2705.21459909707,2723.12153875859,2737.06177699024
6498,2657.14156332502,2676.03453337636,2704.68523687999,2704.97746279702,2721.87648286672,2736.09434487183
6499,2657.12976325601,2674.68271280709,2704.67078552641,2704.95123656273,2721.05094696177,2735.45764482492
6500,2657.10852071299,2673.82726986034,2704.69355722402,2705.07585170149,2720.57443788371,2735.11596922124
6501,2656.92335931006,2673.42296518232,2701.63295048919,2702.29022775456,2716.54157739763,2727.7342628636
6502,2657.14484009486,2673.34080348693,2701.70308465553,2702.44319974035,2718.0452277845,2729.74787812531
6503,2657.3662796524,2673.44058082595,2702.57116131105,2703.43271011684,2718.91848664111,2730.05884861112
6504,2657.66279526485,2673.76120948096,2703.29296605376,2704.34617664514,2720.24291529713,2732.25024820788
6505,2658.28731259919,2674.84165741237,2706.30121518776,2707.70553985632,2722.99796229803,2737.46984806077
6506,2658.87445392034,2675.7797423419,2707.27032756582,2709.04374490375,2724.15768713327,2739.89784443616
6507,2658.92077757438,2675.86504589383,2707.6004811736,2709.49688495266,2724.79820921709,2740.72712738075
6508,2658.82689828797,2675.71247941834,2707.53116959284,2709.44970711522,2725.05524996851,2741.01869887915
6509,2658.77417234393,2675.5809343035,2707.42725756895,2709.37151528892,2725.13863747781,2740.95544239947
6510,2658.77284937901,2675.50643800514,2707.34502552305,2709.33144194639,2725.20479450514,2740.83790297427
6511,2658.82518441037,2675.49526838558,2707.28853387263,2709.33316866853,2725.28328120441,2740.65247859014
6512,2658.92964477303,2675.5541677473,2706.60446159076,2708.75896663238,2725.23128789816,2740.21855963345
6513,2659.0810669016,2675.70345358321,2706.60077323286,2708.82269856618,2724.80437247399,2739.81854304676
6514,2659.27102350717,2676.25661493558,2706.87683459931,2709.12805594318,2724.91909806483,2739.4516412186
6515,2659.19551063076,2675.93805288108,2704.41486412269,2706.76144800358,2722.53725979943,2737.33565789888
6516,2658.99445669148,2675.95321702906,2704.79877326805,2707.07580918936,2722.94882311737,2737.61326494305
6517,2658.78790421154,2675.67692225963,2704.04679132965,2706.2826678677,2722.10939088006,2736.48114306062
6518,2658.57665664954,2675.3125987163,2703.14477617691,2705.33748481685,2721.07771423485,2735.31829592414
6519,2658.35623225169,2675.01175017545,2702.27630881419,2704.40614808013,2720.05174650335,2733.89165924191
6520,2658.14725597776,2674.61411573185,2701.47320893105,2703.5424495102,2719.45397906302,2735.02674073526
6521,2657.94159948939,2674.1183130548,2700.27416543526,2702.29122309223,2718.60010148615,2733.98342771753
6522,2657.72830574664,2673.30536515729,2698.86913738753,2700.81506751967,2717.32644998355,2732.41659582737
6523,2657.50914247914,2672.52421840825,2697.35053538559,2699.2159930206,2715.68812163397,2730.48553859122
6524,2657.2861838073,2671.73145415691,2695.7638020567,2697.53776118576,2714.06782529551,2728.65083435217
6525,2657.06179233224,2671.01687561962,2694.39188673136,2696.08113016188,2712.63321653712,2727.14117873675
6526,2656.8385879581,2670.28580174273,2694.3180963249,2696.08900332837,2712.0558195022,2724.73669227113
6527,2656.80576887588,2670.28517322805,2694.47645979657,2696.27394300247,2712.10935764951,2724.90589417717
6528,2656.78751214797,2670.55755408407,2694.62490065359,2696.45790925047,2712.1199749867,2724.71502916359
6529,2656.76899360656,2670.71471272876,2694.49560295067,2696.35899122105,2711.88566707114,2724.47832366699
6530,2656.72388366953,2670.94118765624,2694.26360781381,2696.15233191786,2711.53633615251,2722.96118947972
6531,2656.60267632472,2670.94830411133,2693.90083111007,2695.83733673164,2711.00951329459,2722.58360507444
6532,2656.48194572523,2670.89633340026,2694.38523301134,2696.29716715242,2711.62587107995,2723.2474058839
6533,2656.36413579135,2670.64236706433,2693.96969456043,2695.9693496307,2711.53410726645,2723.55246496117
6534,2656.26560702192,2670.43601542785,2693.78914392036,2695.8503428852,2711.31688496933,2723.17416725127
6535,2656.2549753666,2670.52009980813,2693.94795284556,2696.02063788905,2711.49422110931,2723.72517222939
6536,2656.2285523833,2670.76828099188,2694.16024211351,2696.21901157622,2711.31846661967,2723.49614007452
6537,2656.19733690638,2670.74807469173,2694.39632735965,2696.40050333095,2711.01552245413,2723.21788043054
6538,2656.20036619362,2670.9449352775,2694.40384676929,2696.41363746491,2711.10373046749,2723.16682254593
6539,2656.20333388496,2671.09694319099,2694.54801476901,2696.60123932036,2711.49882448632,2723.43176948118
6540,2656.20626165442,2671.1786550298,2694.6394686653,2696.72316009788,2711.9285694751,2723.79524763736
6541,2656.20913367935,2671.20108403387,2694.67653382142,2696.78968035979,2712.44336944668,2724.22534835395
6542,2656.21196867753,2671.22880604154,2694.70429013885,2696.84497037162,2714.619135976,2727.65617926152
6543,2656.2147216293,2671.28232225116,2695.04842497717,2697.25557788413,2714.83807203684,2727.27655845711
6544,2656.21745248761,2671.3017987124,2695.05147347495,2697.28998776389,2714.84315193974,2726.92285311292
6545,2656.22011364356,2671.33266538293,2695.0574827948,2697.32486405026,2714.85308051455,2724.77796465261
6546,2656.22270742741,2671.73937938158,2696.47724356046,2698.81531144749,2716.0798818796,2727.67696304958
6547,2656.22527368209,2671.79056292049,2696.89843020308,2699.2578964664,2716.48410016515,2727.85354326891
6548,2656.22777314752,2671.82152438081,2697.32011742944,2699.69401540282,2716.85250731839,2728.08452392871
6549,2656.23020567716,2671.88141914794,2697.74088787386,2700.12419432081,2717.22754641887,2728.32041028157
6550,2656.23259000851,2671.94005478955,2698.05932471712,2700.45225223717,2717.5349860301,2727.40272370239
6551,2656.2320943798,2671.97298098547,2698.35819548175,2700.75076679886,2717.84025988186,2728.74199812973
6552,2656.21029077663,2671.83275558286,2697.9869165801,2700.35423902568,2717.49761655067,2728.68424123867
6553,2656.18979514085,2671.68912753879,2697.41336598045,2699.76586297335,2716.98142630146,2728.55913988586
6554,2656.17984126466,2671.54893595478,2695.72625466019,2698.07046799519,2715.2912213292,2725.55034929452
6555,2656.16975709588,2671.44691084123,2695.2542977357,2697.58989813744,2714.90423156826,2725.25100916234
6556,2656.15957164163,2671.34673478005,2695.03223813834,2697.35429168912,2714.74887667867,2726.24574031645
6557,2656.18714106802,2671.25038387736,2694.77013947387,2697.10853749187,2714.46110883941,2725.80785850356
6558,2656.24148806437,2671.31367511141,2694.62566551707,2697.00159897827,2714.23110677355,2725.43330593319
6559,2656.29844205713,2671.45169665344,2694.59163512274,2697.00097216433,2714.06682992708,2725.02650583741
6560,2656.32877071303,2671.45277009198,2694.49391003151,2696.91277099891,2713.84379746517,2723.98398234147
6561,2656.35704981425,2671.45494021522,2697.74040657057,2700.13167236999,2716.84895326065,2727.45001521932
6562,2656.38554388766,2671.49148490135,2698.01110988796,2700.40063638505,2716.94186772401,2728.24779451419
6563,2656.41347530852,2671.55168418568,2698.41060925146,2700.79784395089,2717.17159533948,2728.67631255037
6564,2656.43658913474,2673.27180686549,2698.94966372154,2701.36128934318,2717.52403632359,2728.84646676264
6565,2656.45979809914,2673.21806147332,2699.41465173972,2701.81832401685,2717.88994823835,2729.54692961497
6566,2656.48310762591,2673.23089211148,2699.95257646416,2702.34929831617,2718.33599927899,2730.10720594711
6567,2656.50651507403,2673.29618603082,2700.52290118372,2702.9105155719,2718.84676999149,2730.79011626675
6568,2656.5299872656,2673.36959147919,2701.02091252582,2703.40101234503,2719.31349705525,2731.41177545188
6569,2656.55146042445,2673.46805068612,2701.50694709127,2703.87645328712,2719.79001633983,2732.03998200214
6570,2656.57125049259,2673.59082314994,2701.91543649967,2704.27718487907,2720.1948882493,2732.5072724095
6571,2656.62634803391,2673.40889591449,2701.54521096735,2703.85659154979,2719.57468846967,2732.21386324247
6572,2656.69619635027,2673.31346870394,2701.09150986807,2703.33122493436,2718.78634605489,2731.64674522401
6573,2656.76302307476,2673.43562172469,2700.9044571333,2703.07516238043,2718.34798720948,2731.36069063506
6574,2656.82614383747,2673.67524124645,2700.91545290316,2703.02290012889,2718.18025276974,2731.29680558366
6575,2668.64502423723,2681.23323575689,2693.06006790014,2698.74238312744,2717.24052700974,2727.74105024292
6576,2668.6450056446,2681.21878369605,2693.03761078377,2698.72002908215,2717.21436163228,2727.70559034145
6577,2668.64501197427,2681.22442973102,2693.04638296716,2698.72717585753,2717.22466403631,2727.71937871399
6578,2668.64499667039,2681.22001633268,2693.04186512901,2698.72171322447,2717.21308764936,2727.70524429466
6579,2668.64498202624,2681.22955204149,2693.05005227748,2698.73071376523,2717.22622039805,2727.72958551208
6580,2668.6449861803,2681.23353205534,2693.05696324699,2698.73589239625,2717.23199616815,2727.73169373034
6581,2668.64498079999,2681.23437045387,2693.05819312259,2698.73643668408,2717.23596404727,2727.74210126724
6582,2668.64496128312,2681.22717697604,2693.04718537691,2698.72579855755,2717.22638933539,2727.73738213974
6583,2668.64494034353,2681.23309323288,2693.04141220778,2698.7211959335,2717.23403549672,2727.75850860205
6584,2668.64489397896,2681.2320965958,2693.03007701923,2698.70951592534,2717.21833758477,2727.7430328584
6585,2668.64483518416,2681.22358710779,2693.01991446478,2698.69780605457,2717.20623563926,2727.73610901658
6586,2668.64479364975,2681.23608737481,2693.03078508145,2698.70794329101,2717.21654913997,2727.7537071684
6587,2668.64474711117,2681.23170423017,2693.01239114427,2698.68998638502,2717.20523997126,2727.75615806737
6588,2668.64469354109,2681.22299158735,2692.99464270977,2698.67073351225,2717.17889533962,2727.73591684354
6589,2668.64463028218,2681.22990747407,2692.98801391132,2698.66289725595,2717.16977023964,2727.7362675199
6590,2668.64458361764,2681.23231948447,2692.9804193246,2698.65489178202,2717.16543571602,2727.74698377282
6591,2668.64453076309,2681.22211659693,2692.95251966546,2698.62601071184,2717.14224368434,2727.74626292592
6592,2668.64447633086,2681.2219345902,2692.92647827466,2698.59876944523,2717.11551445575,2727.74078020849
6593,2668.64440777692,2681.22849093619,2692.89275398282,2698.56337091878,2717.07478507781,2727.72747381206
6594,2668.64435332906,2681.22379268224,2692.85411355494,2698.52190500904,2717.04069313117,2727.73090933245
6595,2668.64429678056,2681.22108307444,2692.77265743434,2698.43971288321,2716.96176570778,2727.69725684608
6596,2668.64421819373,2681.22446642297,2692.65574322374,2698.31938191501,2716.84514091611,2727.65440511168
6597,2668.64411588409,2681.22871634009,2692.29681575759,2697.95689973135,2716.47903246782,2727.36008228149
6598,2668.64400949838,2681.21985741321,2691.54263737203,2697.20263715242,2715.68661517025,2726.19187916898
6599,2668.62223557046,2681.19070155658,2691.00252444987,2696.70787618502,2714.93006464142,2722.31406314582
6600,2668.11765911809,2681.07286475465,2690.30216606916,2696.17877855457,2713.9543522309,2721.60564011404
6601,2667.77348964947,2681.08533205473,2690.68916269092,2696.74360121625,2714.35051251185,2723.59381484997
6602,2667.72662295349,2680.70200556709,2690.39368604993,2696.61155364328,2714.13563413505,2723.05927877599
6603,2668.02420058383,2677.36075267236,2690.49192035097,2696.78472524624,2707.75290306827,2722.91787172305
6604,2667.97280786983,2677.24727764115,2690.77460006777,2697.04539432193,2707.84972213484,2723.02096674439
6605,2667.89220192657,2677.13751817173,2690.8364035084,2697.10535303391,2707.67502879306,2722.67339413151
6606,2667.83897219744,2675.8701574349,2686.55179620346,2692.95635373027,2703.00834513118,2717.69185128235
6607,2667.81015527237,2675.59321895769,2685.80340685302,2692.26649661182,2701.2029120813,2717.81221097972
6608,2667.79189687608,2675.11508342935,2683.12823961575,2689.64038531454,2697.33332146812,2713.22726551617
6609,2667.77810736855,2677.85055983613,2685.47571963525,2692.26793370118,2700.90824704991,2715.26229753533
6610,2667.76318690518,2677.98986883162,2685.85062309998,2692.60905448269,2705.16274459538,2718.36257664242
6611,2667.74784962453,2678.12549347358,2686.25094353989,2692.95345802612,2705.58199968707,2720.15390953094
6612,2667.73267881849,2678.03811734452,2686.55786259314,2693.18960322597,2705.76126645833,2713.76842288587
6613,2667.71763513097,2677.9310987815,2685.95409038654,2692.5371039356,2704.90559015085,2712.60819618754
6614,2668.15857060968,2680.9419794853,2688.35507015527,2694.97402451979,2707.31614462413,2715.26575021866
6615,2668.67483723776,2681.42363990446,2690.36352983816,2696.89115265489,2711.034208761,2730.35808050065
6616,2669.16152374645,2681.36920214285,2687.18071598441,2693.68540325208,2702.90333965829,2722.06667806623
6617,2669.63744952663,2681.8463001793,2687.38706306234,2693.82076143599,2709.08468711242,2721.42231269299
6618,2669.63034016989,2682.83965951988,2687.98523997036,2694.3995734305,2716.12792028186,2721.9361143673
6619,2668.8165088218,2682.92978542934,2687.78197990922,2694.10507553011,2712.27326517112,2719.96688076039
6620,2667.66076647891,2682.74417857154,2687.6924272941,2693.94610468521,2709.93486356198,2718.09841510113
6621,2666.32763534332,2682.63938195731,2687.81705981753,2693.94338269664,2708.21379798174,2716.91426809252
6622,2664.89413358216,2682.52931720214,2687.92896706273,2693.98812687606,2708.02389331163,2715.23735495653
6623,2663.51821505508,2679.85168314579,2688.19062976787,2694.19625135701,2707.82393807401,2714.60787501249
6624,2662.27592649239,2676.87731838074,2686.20105714723,2692.31714564176,2705.27082276831,2714.34698640677
6625,2661.19211445133,2676.04317640783,2684.65734469599,2690.71828961421,2702.76588401494,2715.25960407823
6626,2660.73466844439,2675.14804502898,2683.39226130769,2689.27008963575,2696.20802396283,2704.20100963212
6627,2660.46411181778,2674.40210330943,2681.5023994446,2687.53316556484,2694.30829759847,2701.73439309447
6628,2660.46143684041,2673.56078788298,2684.46472081165,2690.40177833932,2697.0063269404,2704.38571080094
6629,2660.46108346272,2673.54784138705,2683.38407139255,2689.32695110935,2695.96406484038,2703.41134278934
6630,2660.46195227087,2673.55061410392,2681.40410139061,2687.42908450812,2694.08180584531,2701.58693744338
6631,2660.4635353699,2673.55509415927,2680.93516582042,2687.00300067774,2693.64172876715,2703.14903886744
6632,2660.46348430901,2674.00136843641,2681.98894127621,2688.06978766985,2694.71929746044,2703.20829300219
6633,2660.49166968721,2673.95699800423,2683.78516712567,2689.87976148302,2696.5752113112,2705.07900137839
6634,2660.93710478984,2673.87999415309,2684.19062157141,2690.22845522686,2697.12514308041,2704.6945176719
6635,2662.36939277645,2677.62622246581,2685.86619097726,2691.7383806911,2699.6855871415,2709.40106858097
6636,2662.52643307882,2678.19521626649,2685.91415166985,2691.8088271007,2699.82770604097,2708.52704989658
6637,2662.08330944853,2678.82964649815,2686.01422368489,2691.9411959147,2699.97137238922,2708.47138498846
6638,2661.53924775628,2680.58402378777,2686.10244634877,2692.06354579321,2700.06371410608,2708.42274120492
6639,2660.38131842222,2680.46437091825,2686.22275068804,2692.12648429904,2701.03536107879,2708.53046587342
6640,2660.92788331713,2678.48896655946,2686.26231991496,2692.10411316017,2699.92954139219,2709.63923738475
6641,2661.17422010817,2677.59379641638,2688.35325699813,2694.21757632406,2702.155916014,2712.84370084769
6642,2660.36046031771,2678.69331790609,2688.75948721018,2694.61072345775,2702.47456961322,2713.86877339485
6643,2660.33713275301,2678.31897877975,2692.45026876198,2699.6634616539,2707.67810489981,2726.1037271248
6644,2660.60462737017,2678.48728538271,2691.90016663352,2697.0628614665,2705.3619153255,2716.74304529125
6645,2661.03954494192,2676.83137852893,2691.08930106701,2694.40115597392,2702.32756601277,2711.77189678482
6646,2661.59905257713,2677.48567105229,2693.08448665287,2694.79677939729,2702.025924751,2710.2023327626
6647,2662.12509188539,2679.8213919955,2691.81033860596,2692.55155081207,2700.61468194543,2709.03269873094
6648,2662.05883385182,2679.48626088978,2689.89100463425,2690.57652822732,2698.40951790543,2704.7955351143
6649,2661.9556635241,2679.06219349557,2691.20834285187,2691.8407611113,2700.09794316826,2706.60589352176
6650,2661.82964949885,2678.90664155335,2691.18959517193,2691.80646818964,2700.23247583891,2706.98971150478
6651,2661.68295690029,2678.57788144109,2690.95978603103,2691.56600740061,2700.78558415888,2707.1860733844
6652,2661.51871165788,2678.30451750198,2690.67724921187,2691.27569193325,2701.43966077302,2708.10559811837
6653,2661.34069666523,2678.23062589901,2692.77932292917,2693.36065929353,2704.06185540456,2711.5461782032
6654,2661.15310664428,2678.32668280428,2690.83709652741,2691.46652650268,2701.83377330211,2709.35344619101
6655,2660.97740896949,2678.34293246527,2689.93206662621,2690.66398005902,2700.61798690828,2708.52423961084
6656,2660.83232359601,2675.83909613394,2689.65533046383,2690.44494256618,2700.03208352291,2707.77825638063
6657,2660.71242869281,2673.45942712095,2687.51189794332,2688.12082594335,2697.07850550351,2703.46546736005
6658,2660.89291540315,2673.06104553541,2691.4364218196,2692.54361957573,2702.05790850519,2709.35203174131
6659,2661.08611360096,2672.36131694197,2692.51913121429,2694.19383617709,2704.1292349606,2711.63580702639
6660,2661.23666497578,2671.97057148445,2689.49222358704,2691.3655473552,2700.94218270672,2707.87382484323
6661,2661.36771427427,2672.14058437445,2690.13190768793,2692.87052126299,2702.67588368416,2709.49985742492
6662,2661.4869721653,2672.87496103575,2690.69453221183,2694.54312700621,2704.40173147304,2711.01101653805
6663,2661.58503423019,2673.95416778804,2691.07380896854,2696.22891074312,2705.92559882313,2712.24049457624
6664,2661.6400780226,2675.18018036401,2691.11633079058,2697.63483932278,2707.02483508738,2713.04763223941
6665,2661.62650482243,2676.30032229514,2690.61515219549,2698.31074861032,2707.45521226576,2712.52742630029
6666,2661.52463085518,2677.0053784418,2687.04176236823,2695.37987584686,2704.65444335616,2708.95135802076
6667,2661.53222912249,2676.98296253384,2687.18929282308,2695.47079423899,2704.61128391017,2713.90707835814
6668,2661.60526505134,2676.98949727423,2687.05947378749,2695.35828141675,2704.03435297561,2713.859854268
6669,2661.677037327,2676.9632187322,2687.54263995395,2695.82999792391,2703.99813770212,2713.90464656807
6670,2661.74739624194,2676.89755329132,2687.73464772668,2696.05573411547,2704.0747914038,2714.75755990001
6671,2661.8162033722,2675.56742926959,2687.66391363822,2695.99995927138,2703.91576363522,2714.26857434411
6672,2661.88331755309,2675.68320437545,2687.91601366008,2696.252594346,2704.15079332964,2714.42614138499
6673,2661.94860346328,2675.86356659985,2688.08544594416,2696.43785126685,2704.33537732862,2714.48887867931
6674,2664.39031924698,2676.54984896605,2688.55809484085,2696.84720025771,2704.84605942165,2711.63294423288
6675,2664.78532884017,2677.85084177524,2689.89636047374,2698.24408103131,2706.8032028615,2717.75228105903
6676,2664.76340877096,2676.53066621678,2689.67267096834,2698.35331527869,2707.97783593151,2720.2728807411
6677,2664.31478717588,2675.79568664796,2688.88361222718,2697.65506261983,2707.30974700649,2717.59103180617
6678,2663.58626506907,2674.56140615297,2687.04125444477,2696.11313347083,2706.06364016287,2715.77937389396
6679,2663.00414081734,2674.2945805782,2686.83489610158,2695.95113606574,2705.9432617323,2714.64844705317
6680,2662.50451849882,2674.14483480989,2686.46539630638,2695.41797672461,2705.27576236272,2714.00316168639
6681,2662.18894245067,2674.0275211875,2686.0872969307,2694.87693461483,2703.9412862172,2710.41722375813
6682,2662.11552787088,2674.39651309831,2688.20651737011,2696.91570778229,2706.21878199844,2713.20520742231
6683,2662.11306984985,2674.30299400066,2686.66308222613,2695.48504925502,2703.95475141101,2710.90996936671
6684,2662.10284686071,2674.10332739773,2686.392051772,2695.22047538228,2703.58983796639,2710.74653943797
6685,2662.08651908258,2674.09286901268,2686.39231314961,2695.23676824649,2703.54567510447,2710.57122037655
6686,2662.06954344813,2674.09257179282,2686.38428866871,2695.23863905714,2703.48548824237,2710.60221787816
6687,2662.06384978292,2675.2576592525,2686.79819653768,2695.6658046089,2704.79976361746,2710.80833159227
6688,2662.06196905731,2675.18522163698,2686.81181905303,2695.70482843071,2705.08942008733,2710.93759426476
6689,2662.05564644083,2675.51374097574,2686.74196743554,2695.6683125854,2705.40238748219,2711.6454691693
6690,2662.0253305975,2675.69187788618,2688.79322133847,2697.57084309376,2706.25122768081,2713.01161806693
6691,2661.70203593015,2675.75425650825,2692.10136730162,2701.00109756536,2710.25452866055,2717.80292031018
6692,2661.35540431804,2675.57252014177,2690.70903724213,2699.58600931072,2709.28917375845,2717.05384059651
6693,2661.00734522755,2675.56201849011,2689.64742956413,2698.51126973436,2708.58994048311,2716.18028351722
6694,2660.68130323158,2675.67754645793,2689.23848203808,2698.08624023476,2708.45921418294,2716.10711260541
6695,2660.39312791075,2675.86536644964,2690.73461012911,2699.63638639874,2709.43213514525,2717.26451294873
6696,2660.14922604578,2677.75654324842,2691.46761322171,2700.4563277835,2709.91190257973,2717.75141866987
6697,2659.94870079012,2677.71771040586,2691.44808985302,2700.4351993409,2710.13243396018,2717.97220417516
6698,2659.86537091769,2676.80416391397,2690.77421645805,2699.58967027443,2706.62671905811,2714.89468415207
6699,2659.82038984604,2676.62634869444,2690.66882299023,2699.36623073411,2706.86856178568,2715.76445256653
6700,2659.74650038632,2676.55620634666,2690.76074730786,2699.36442671178,2706.60805708166,2716.21070204231
6701,2659.65116673984,2678.28032595026,2692.66983550785,2701.17695584452,2708.21856563846,2717.76522644092
6702,2659.53721958395,2680.47904593095,2693.07528287149,2701.49683521641,2708.35301676712,2717.76973145889
6703,2659.41308605493,2680.89586295362,2693.11118167584,2701.45734056401,2707.64523974265,2717.57410466837
6704,2658.73371228813,2677.80963170946,2691.70493999928,2699.40740857781,2704.84747080077,2716.0670730794
6705,2658.88108060711,2677.92439514757,2686.99896640404,2694.82190894272,2701.09473167001,2709.13370700283
6706,2659.20466468846,2678.15688823586,2686.05130531566,2694.15533393521,2700.07788468018,2708.09636009031
6707,2659.67675308419,2678.40478834704,2686.38314514636,2694.6922346065,2700.0632586805,2707.88124725743
6708,2660.31995013428,2678.11575513618,2686.55879661745,2694.64580279886,2699.68645141869,2707.63561149861
6709,2661.1080150407,2677.81408930384,2686.48997674907,2694.20344651937,2699.40670266034,2707.07063756466
6710,2661.93011074697,2677.56403085334,2686.33680365807,2693.70559174337,2699.08887965334,2707.55349946349
6711,2661.99391049974,2676.16853687145,2683.49485163227,2690.63565657908,2696.15961705578,2704.53065578772
6712,2661.87007132117,2675.45284196447,2682.96513034139,2690.06842084505,2695.74907544571,2704.15777633461
6713,2661.85121791465,2676.16049913448,2684.24896865171,2691.32880847248,2697.07535223976,2705.39929492314
6714,2661.83548060446,2676.67078426722,2684.75604835248,2691.8394622379,2697.89444920637,2706.24153757481
6715,2661.82009873332,2676.7187564698,2689.10397816645,2696.13104351649,2702.55036940222,2711.40562390068
6716,2661.80500800153,2676.65995830013,2689.08015301109,2696.12173828892,2702.61819263551,2710.96042572524
6717,2661.81697444347,2676.5264915947,2684.69454261754,2691.7866013964,2697.9546085563,2704.47467392675
6718,2662.04357007972,2676.90417973099,2686.87232152146,2693.87332688173,2700.72590049569,2707.7528636164
6719,2662.81469459867,2677.14853899414,2686.0549950268,2692.95042034927,2704.85047725576,2713.80468579434
6720,2663.23658488941,2676.11883050384,2686.42066714034,2693.292195402,2705.07712274297,2714.5232935673
6721,2663.23779870517,2674.26566802486,2684.8928984426,2691.79515801415,2697.82099143868,2705.19976218983
6722,2663.52282898017,2675.4279631553,2689.71908154548,2696.86548291166,2709.07914075988,2719.17556679952
6723,2663.77729894561,2676.00368534394,2691.72507622755,2699.14367184476,2711.57720921377,2721.98200904415
6724,2663.9899507013,2677.23993009729,2692.57189301393,2700.06154573772,2710.99679489688,2724.42830652984
6725,2664.18008714051,2677.73028671105,2694.00624793695,2701.39342528279,2706.63761986107,2716.88277964354
6726,2664.567047029,2682.10420204799,2696.42027102177,2703.74711800598,2712.58099901695,2722.83590994309
6727,2664.8758094374,2684.84977988949,2695.91292243038,2703.31212720371,2711.61298690522,2723.95196206526
6728,2664.94395292894,2684.31103604037,2696.76131079834,2704.25424067958,2712.77297015693,2725.04650974125
6729,2664.90131656496,2687.32785726753,2697.79932717637,2705.34928841972,2713.78486220699,2726.56202406856
6730,2664.85982385806,2687.64517380395,2698.5342735615,2706.10851748676,2713.19033942482,2728.64345069473
6731,2664.81984305825,2683.75440155539,2694.93698701533,2702.43884206685,2708.75453323421,2720.15175375187
6732,2664.80269934643,2682.75869208909,2693.02980724058,2700.56857513976,2706.3254489124,2718.02807916721
6733,2664.84617334895,2683.14693850011,2694.07102437273,2701.56851915734,2707.44875680148,2717.36144640597
6734,2664.90214827865,2684.65281243528,2697.53072884849,2705.26937170904,2713.15028081602,2726.29127206015
6735,2664.80623446775,2685.64282431308,2698.25858976909,2706.06024049172,2714.57587827068,2727.14035602029
6736,2664.64919742235,2686.29327728337,2698.84678657041,2706.68812176778,2715.39754471964,2727.31732767116
6737,2664.57962996525,2686.62089430644,2698.79739945308,2706.60181762207,2715.44125568539,2726.85963442735
6738,2664.48056893739,2686.8739089782,2699.66902893715,2707.4547816047,2716.32145057899,2727.63890299949
6739,2664.35728985618,2686.83567080408,2702.14393910029,2709.90279129487,2718.67591279174,2731.30039369727
6740,2664.21442342195,2686.69358421426,2701.00144010836,2708.70398527938,2717.46419134197,2729.7897883163
6741,2664.05601084137,2686.50175359456,2699.05488943702,2706.83986671055,2715.43308121547,2728.55541659421
6742,2663.88545884694,2686.27472023871,2699.28820023929,2707.1705470012,2715.37854382818,2726.52003467878
6743,2664.2923004322,2688.49025330645,2700.75945195982,2708.10506932209,2716.55544668157,2725.82152173314
6744,2663.6560825159,2688.40832398705,2700.7665376449,2708.50126669558,2717.00806674397,2725.19160115634
6745,2662.92021979517,2688.03807639896,2700.58225043827,2708.6403395797,2716.56571819514,2724.41090087886
6746,2662.14894517912,2686.49452974743,2699.01659875396,2707.38333253698,2714.95993976024,2723.7297515225
6747,2661.40308687959,2683.56475039508,2697.39248828831,2706.03147793823,2713.74258508174,2722.71826246111
6748,2660.83875966123,2680.80878984427,2695.96396660117,2704.61447681864,2712.68810823437,2720.15866930352
6749,2660.57504569471,2687.0201218056,2702.06096845176,2710.62994054869,2718.91413936121,2727.14027353439
6750,2660.37868453154,2685.77133896558,2700.93090299685,2709.40375507668,2717.51695867908,2725.95032818679
6751,2660.38745651803,2685.7862852248,2702.33807159409,2710.82764429484,2718.81494790603,2728.67891482462
6752,2660.4778632198,2686.2372511962,2702.59407802687,2711.07052773716,2719.00800252022,2728.80624213833
6753,2660.56739389589,2686.66170153338,2702.76695216587,2711.22754152625,2719.12140204594,2728.82672153778
6754,2660.65540226612,2687.06011222028,2702.92805892735,2711.37125777323,2719.2308579369,2728.83116027699
6755,2660.74100646633,2687.39084633761,2703.11228586133,2711.537208973,2719.36159888008,2728.87065759795
6756,2660.82310121693,2687.63579257157,2703.33958797325,2711.74098219471,2719.51717178047,2728.97594274499
6757,2660.90033147359,2687.74606542287,2703.60851994891,2711.97499186974,2719.70325069492,2729.15376196716
6758,2660.97108798033,2687.70678796163,2703.91061763181,2712.22618633528,2719.92294966825,2729.38526849882
6759,2661.03354574177,2687.47200263848,2704.23967530876,2712.4864252521,2720.13745092762,2729.61950563473
6760,2661.08578921174,2687.0805258786,2704.56088811828,2712.71866130964,2720.35843653277,2729.81514144505
6761,2661.12606357846,2686.5877152604,2704.85545439877,2712.91078898407,2720.58747084252,2729.93867978171
6762,2661.15318793739,2686.11062140561,2705.09501001071,2713.04493944666,2720.804918207,2729.96593442116
6763,2661.16710360273,2685.76987243431,2705.18371415194,2713.04063717454,2720.89159541644,2729.77028298046
6764,2661.16931546383,2685.63870390145,2705.1665902632,2712.95821617815,2720.87564799976,2729.40315594261
6765,2661.16300152336,2685.77229112554,2704.34174141491,2712.12493183986,2720.16957157074,2728.06442654873
6766,2661.16203873392,2683.55638494242,2704.39901332707,2712.1716999231,2719.50152293293,2728.01657051384
6767,2661.19767152754,2682.71338447935,2700.9990252481,2708.80289950706,2714.8694966017,2725.06311932906
6768,2661.19549723454,2679.63033068928,2695.10326915736,2703.42236653147,2708.91371675908,2718.97202236654
6769,2660.17614518345,2680.10807100084,2700.63538903281,2707.39277448615,2716.39820301174,2730.68652518418
6770,2658.66342258413,2679.94933099653,2700.83244508417,2705.66313907995,2716.61276216797,2729.75786899883
6771,2658.42328662549,2682.42077024865,2703.64167031465,2708.10634218522,2721.85867182697,2736.67815591028
6772,2658.64375166894,2683.43056509152,2704.04423050348,2708.86477578924,2722.1841536767,2739.75012952045
6773,2658.83628591314,2683.03419272904,2703.24559137231,2707.67253705299,2721.37329318907,2741.61315636023
6774,2658.99577271077,2682.88528750249,2702.98153540065,2706.88641586465,2721.02464504166,2741.65006295963
6775,2659.12762647782,2682.54331781484,2703.83908867627,2707.18671561588,2721.62607597231,2742.37246476214
6776,2659.19706069499,2682.81666767402,2705.07621812918,2708.29218609274,2722.45041317751,2743.41543206683
6777,2659.32751257562,2683.51919614972,2707.20211920105,2710.29524736189,2724.2235572379,2745.72853217857
6778,2659.52883646476,2685.31958820965,2709.89105057996,2713.103010236,2727.80732813125,2749.17009064113
6779,2659.81076510847,2686.68225289961,2711.63889442207,2714.79791006174,2729.89594065732,2751.94122435405
6780,2660.18233669124,2688.20086662336,2712.53089572734,2715.63741687068,2731.40466201891,2753.87595879236
6781,2660.67754275095,2687.04136165754,2711.64597034138,2714.21833180547,2728.80665429628,2751.29815355544
6782,2661.29975785195,2683.31538211672,2699.95604329808,2702.21823094012,2716.37021870549,2738.86983161573
6783,2662.06471205567,2687.21603681543,2707.65168524328,2709.97994776916,2724.08580850512,2747.67661818477
6784,2662.94145149611,2688.58085517031,2710.58127029055,2713.38834064043,2728.29379420614,2751.31276341849
6785,2663.92079911969,2689.45296010545,2711.19364319183,2714.03798864035,2729.31708015394,2752.21535513277
6786,2664.98825393567,2690.19060885273,2711.69590667619,2714.56726163167,2729.81022042878,2752.86802490549
6787,2666.12448088667,2690.82712859794,2712.23430725628,2715.12691041919,2730.29958377396,2753.53111591227
6788,2667.30629925484,2691.38619773983,2712.71193912572,2715.63998656252,2730.71095832752,2754.02690312163
6789,2668.507918668,2691.85196481387,2713.29932696426,2716.24169128248,2731.2125671912,2754.55359203406
6790,2669.7025334902,2692.1877240107,2713.89682802019,2716.80915658158,2731.72308802353,2754.64023009432
6791,2670.86373425666,2691.93015281821,2714.69839335654,2717.42798490269,2732.53679107369,2755.05700339365
6792,2671.59100846713,2691.38663061639,2718.16024463275,2720.87160317125,2736.02475907598,2756.76959765237
6793,2672.02125688619,2691.52435770383,2719.75894458818,2722.52630541023,2736.94275736749,2759.10548140513
6794,2672.38386315666,2691.56797578187,2718.07537194713,2721.07642221189,2735.75090031294,2760.21119282416
6795,2672.67602673148,2691.5150016385,2715.8213646286,2718.58218098384,2732.94628818174,2753.83165083117
6796,2672.8858600699,2690.04476718801,2715.1340649378,2717.85103963589,2732.9423756325,2753.68650954947
6797,2672.98841720117,2688.74153017038,2716.15059289156,2718.66677068694,2731.95931520724,2757.36527250228
6798,2673.02964499383,2690.84496626685,2721.32237523829,2723.87950736595,2738.51078929893,2765.75553315349
6799,2673.05966044127,2691.3409636368,2727.26256278295,2730.13250773826,2745.20643165938,2773.88876257164
6800,2673.07828831853,2691.63880492478,2732.57317075375,2735.9938361255,2751.83323740595,2782.0683833444
6801,2673.50123419597,2691.08199783919,2729.76682963239,2733.44587282255,2750.04716210886,2780.29698454685
6802,2674.37791187295,2691.43903857978,2724.40303186369,2728.13628266652,2744.94032547082,2774.995556523
6803,2675.29305971925,2692.32273556206,2722.71223491311,2726.52282430913,2743.35647234212,2773.186611346
6804,2676.20134454071,2692.15292290429,2721.54530576978,2725.45857809422,2742.03933768518,2774.87081427149
6805,2677.04922742297,2693.40772452863,2720.87117296908,2724.90558344397,2742.06209309822,2772.23393129545
6806,2677.71624725807,2694.90258035104,2721.02097051235,2725.10082880676,2741.27019335073,2769.69944011641
6807,2678.25549128186,2695.16785076369,2722.60129679197,2726.72750051068,2742.75255568816,2769.99792731478
6808,2678.65879266838,2696.52083476641,2723.81670714259,2727.92584517082,2744.30554105503,2771.16829444459
6809,2678.9139461771,2698.86826606131,2724.53229638395,2728.3923186892,2745.99571344938,2772.27246723677
6810,2678.94481332219,2700.9471660923,2725.53866167895,2729.41094182612,2747.8921179483,2774.25627761361
6811,2678.8573084906,2701.58332391592,2726.54895591923,2730.46846666558,2749.20409331444,2775.83796028347
6812,2678.77587809455,2699.1483154492,2723.91324758182,2727.71880234978,2746.93453383395,2765.02336819479
6813,2679.26669059045,2703.26686895907,2728.77561710688,2732.58514501903,2751.52216854282,2770.99246295828
6814,2679.79910290857,2704.5748436985,2727.20256971187,2731.00199860398,2749.63929386954,2768.13538207535
6815,2680.59118313092,2706.91735256748,2725.80973461925,2729.66740925887,2747.72399003785,2768.29908571075
6816,2682.76559079482,2708.18189801966,2725.98087972213,2729.81238907989,2745.63949354837,2772.6871533212
6817,2689.09410981579,2708.42212146812,2726.5222052861,2730.41338431068,2747.98224030813,2773.99807340645
6818,2694.98374159023,2706.22032195974,2720.90885665334,2725.55844311015,2744.46352571299,2764.97011954214
6819,2681.36196860963,2704.49010804088,2719.85329914237,2723.4168029432,2746.23756058118,2767.92188941934
6820,2678.6563164377,2705.40002083052,2722.55901267661,2726.70413834964,2750.7193413553,2773.20538380253
6821,2678.63097359719,2705.17989172164,2722.56362707171,2726.56930742869,2750.568384909,2773.35688064405
6822,2678.23998776254,2709.63172379512,2724.05470795271,2728.22730729262,2755.16567073548,2776.31751363865
6823,2678.01470098672,2709.83782897891,2725.51208321275,2729.76727556763,2756.09013081339,2778.24685380483
6824,2677.80811154886,2710.07404838006,2729.31381794677,2733.7392593459,2759.21609732094,2782.50814306376
6825,2677.59878621633,2710.15493850077,2730.61152107382,2734.86411081548,2759.72956528814,2783.97759192795
6826,2677.38430278012,2710.35782303182,2731.24312789024,2735.49882909502,2759.75840279426,2784.24513213996
6827,2677.16374587095,2710.39540794523,2731.39298307082,2735.69023331274,2759.57113501766,2782.7260533149
6828,2676.93667729051,2707.58994813181,2730.49042606888,2734.79599092172,2757.95951446988,2779.25965076635
6829,2676.85726803972,2696.2197458513,2718.34973771738,2722.61312945838,2741.41086679476,2766.26399992375
6830,2676.7983119896,2694.63159118253,2716.94722268827,2720.69243767055,2738.45307222136,2763.6964409573
6831,2676.84966284227,2692.87570094192,2714.41381461976,2718.81746185273,2727.83970208338,2752.4790209048
6832,2676.71100568283,2692.84834779319,2713.26694774563,2718.82710326298,2726.02087719495,2750.77920901049
6833,2676.41205868953,2693.43072792627,2712.15289753349,2717.152957889,2723.97034853547,2747.29451712845
6834,2675.8303228008,2693.93986572994,2712.55863849561,2714.68040421758,2723.15097252122,2745.78600070222
6835,2676.73570276563,2696.15757717515,2714.51991589848,2716.55015741309,2726.14381934387,2749.24398366327
6836,2676.77487064522,2697.75362680586,2717.20146201766,2718.98455842113,2729.33951869028,2753.43288096076
6837,2676.72798118492,2697.60269437857,2717.21506039798,2718.97580149043,2729.22968425149,2753.85112606342
6838,2676.66551801688,2697.57301928375,2717.26090582513,2718.99067179715,2728.99099905703,2753.87708336737
6839,2676.5855492739,2697.55504357202,2717.31105124876,2719.02802610988,2728.7400020306,2753.8719366507
6840,2676.56092611193,2697.5670623954,2717.28757052846,2719.01480876706,2728.54166234715,2753.64420446168
6841,2676.66305668312,2697.6561247026,2717.07032187286,2718.8431622915,2728.27145334283,2752.99230040311
6842,2676.76241909503,2697.74612386245,2717.01918153801,2718.83185788782,2728.15542069785,2752.59540260039
6843,2676.85873697075,2697.83080102599,2717.06582284487,2718.90176983511,2728.10658868327,2751.98707557733
6844,2676.95447570375,2697.91476218862,2717.11735765678,2718.97906150562,2728.09982256599,2751.65258409951
6845,2677.046265679,2697.98427184468,2717.17287657345,2719.06102706673,2728.09281071129,2751.35018404222
6846,2677.13380850531,2698.04037597757,2717.21988182205,2719.13632017543,2728.06657760389,2751.02918794274
6847,2677.22054864741,2698.09286977892,2717.29535427618,2719.24465564228,2728.06266025939,2750.81114190502
6848,2677.30474849366,2698.14799130783,2717.47937263207,2719.45564341125,2728.0202189135,2751.27773056502
6849,2677.45862791469,2698.27648298338,2718.00953045783,2719.99440636472,2728.27898262581,2753.72837875102
6850,2677.67588784471,2698.47732692899,2718.73672056191,2720.75946411986,2729.03921031615,2754.13661698206
6851,2677.88501874637,2698.71269363583,2718.93386576797,2721.02393690299,2729.38549656038,2752.03375614206
6852,2678.08593181833,2698.97108110127,2719.40362193599,2721.53017902237,2729.95746316939,2752.30119986266
6853,2678.27926884216,2699.22512572741,2719.98287369249,2722.15078879278,2730.7321995825,2752.59907811846
6854,2678.46737775838,2698.58239756441,2718.52093112828,2720.76628017102,2729.02105645725,2747.75805455108
6855,2678.68421631316,2698.63923943843,2716.64201705128,2718.86803393731,2727.36832922411,2745.53240310278
6856,2678.94804864077,2699.01198109332,2716.43496443194,2718.6545372191,2727.28703016226,2745.30631565459
6857,2679.45687986826,2699.67228190616,2720.06018658877,2722.34950285532,2730.87712462797,2751.4837744941
6858,2677.42256504657,2699.30222689353,2720.52373852779,2722.70963901312,2728.73555810378,2743.75200344298
6859,2670.94328208718,2697.87913950951,2718.70958788404,2720.76855291576,2725.00095797412,2739.30567972495
6860,2667.54564980438,2690.06734356273,2714.51315360935,2716.4594429556,2720.13250184263,2733.33716738845
6861,2667.80188549334,2687.8187881006,2707.79347952866,2710.02801778462,2714.78311294912,2732.28100172164
6862,2667.77866767541,2688.48830686777,2707.39918903736,2709.67796447297,2714.57766648913,2734.70993142572
6863,2667.70965218607,2688.96043725261,2707.32423002383,2709.59460295114,2714.5852016213,2734.95080898236
6864,2667.63534524898,2690.19592087759,2707.24275669067,2709.51129429786,2715.19580031973,2735.69656490925
6865,2667.55582801154,2690.22960039899,2708.24562976007,2710.51788107936,2717.80817238522,2738.08602253403
6866,2667.0809851247,2691.44698743652,2708.92030246327,2711.2845487495,2721.45009999698,2739.21346300658
6867,2666.31995456749,2691.62988923609,2708.93818446693,2711.51274758698,2722.79803011271,2740.15042945675
6868,2665.32783106094,2691.43392362042,2709.14026941474,2712.12248559399,2722.99838614383,2740.33888619277
6869,2664.17954073877,2691.34154407183,2710.24486308213,2713.76686632444,2723.9144608667,2740.31358855078
6870,2662.96956414422,2691.0374097683,2712.18608975424,2716.08354333448,2725.96197900397,2746.51953882455
6871,2661.77467522943,2691.98083291263,2710.58263239366,2714.73065964895,2723.53629916535,2744.51142578853
6872,2661.6837000691,2682.8629986077,2699.3080952704,2703.87852110913,2712.23085713275,2729.02164685996
6873,2661.97911287599,2685.34847753061,2706.82124294281,2711.65852771339,2719.63267663996,2736.24054984312
6874,2662.23767458147,2684.7165797186,2709.51099838766,2714.4747545723,2723.51300313813,2739.97931707718
6875,2662.45373414624,2685.39199968995,2711.73675922696,2716.70873463623,2727.67401931324,2742.65172118085
6876,2662.62521318047,2686.06278327999,2712.7883523048,2717.76222110451,2728.83032171905,2743.68545028977
6877,2662.75954707158,2686.66062551522,2713.41468815995,2718.39058121982,2729.5503646587,2743.95365825523
6878,2662.72964406536,2688.27057813493,2713.67965466543,2718.07041673103,2728.53901446921,2742.89655625189
6879,2662.67698206211,2689.41475018022,2714.18995333703,2718.16300693968,2728.93527573789,2743.69393123208
6880,2662.77594860281,2690.35560426534,2713.45044703786,2717.2749518545,2728.78994698319,2744.37616753838
6881,2662.84414904834,2689.11800741022,2712.52213445814,2716.14736453817,2727.33336492825,2743.67984410477
6882,2662.80553528165,2688.70029025657,2711.71084389094,2715.12041142806,2725.73282802249,2744.27507312699
6883,2662.61719428043,2688.84642133866,2711.51236072696,2714.75463978639,2724.84049098861,2745.17749778171
6884,2662.28642116191,2688.52656319534,2711.35805797544,2714.48615704753,2724.0104439697,2745.7188388479
6885,2661.85264192136,2687.61089230109,2711.2238560596,2714.28255643565,2723.30162131388,2746.14503333677
6886,2661.37314976782,2686.56102199,2711.19642753723,2714.2110599165,2722.78537163596,2746.646620943
6887,2660.90211870046,2684.73981307376,2711.14911322996,2714.15766089924,2722.21229903508,2746.26153971351
6888,2660.4767771462,2682.79815540142,2711.12987989018,2714.1299734496,2721.96149785831,2746.15477992567
6889,2660.1149662149,2680.56587050395,2708.10307788431,2711.00397665709,2719.17613186259,2744.04694094763
6890,2659.71972354462,2679.78159737848,2707.96629051256,2711.02213830613,2719.16114115551,2743.96990807181
6891,2659.30540857795,2679.13259650944,2707.23284524063,2710.4906793573,2719.31193824159,2743.94958314397
6892,2658.91241145854,2678.3569308803,2705.77189665987,2709.20381103625,2717.87967684814,2741.32054074517
6893,2658.65401999155,2681.71338653312,2703.80599659065,2707.08955129009,2715.84998217687,2736.20395008345
6894,2658.5853978943,2683.61986537181,2702.2318080204,2705.9116867821,2715.35231543584,2738.91897319611
6895,2658.65089274219,2686.76812723223,2704.42058851154,2708.34827161479,2717.56316277732,2740.98990164484
6896,2658.73485043973,2677.0973939022,2708.29475955672,2712.74585656745,2721.32454934393,2742.60855482699
6897,2658.86526164493,2686.65342400849,2708.40449929371,2713.08065213565,2722.17731045181,2743.13587982134
6898,2659.00310616269,2690.55503837059,2710.03804019932,2714.75153627248,2724.11119447285,2743.1426787245
6899,2659.03226224896,2691.20614258436,2709.16974634523,2714.20244231572,2722.87970067473,2742.29653205924
6900,2659.04215472691,2691.02351070482,2710.86368191993,2716.06782903226,2724.10684583538,2743.34922146376
6901,2659.04735637003,2691.33393545688,2711.50844244986,2716.8582714669,2725.02986521622,2744.62892606269
6902,2659.04778644089,2691.55902600798,2712.18377012638,2717.65860327894,2726.03787631184,2745.75908950897
6903,2659.04332393141,2691.85685132009,2712.94885951565,2718.55698969721,2727.13030431288,2746.89874752617
6904,2659.03390583234,2692.07753753868,2713.94689825816,2719.67190958884,2728.46634251964,2748.22318705142
6905,2659.01950542118,2692.1528326353,2714.79148546091,2720.61992102036,2729.68859777898,2749.44328189833
6906,2659.00008680537,2692.36461389169,2715.52749383177,2721.44942258561,2730.83373826492,2750.50705237744
6907,2658.97570145037,2692.45025102822,2716.16802177962,2722.15338433535,2731.90889842622,2751.48748838595
6908,2658.94638943951,2692.59131811466,2716.60193704562,2722.64773001826,2732.80264172757,2752.31770923809
6909,2658.91224305237,2680.88848776071,2709.50176378469,2714.96853879229,2725.89575921775,2747.04571668947
6910,2658.87339330729,2681.3453319856,2709.73129178748,2715.20368613449,2726.54339184576,2747.81913493458
6911,2658.83000143779,2681.83655516858,2710.02861455195,2715.50302918418,2727.12589262555,2748.60628930081
6912,2658.78223484313,2682.69802723289,2710.35118635333,2715.83982459875,2727.59294871669,2749.06801603555
6913,2658.71764275538,2682.61877647261,2711.58035806106,2717.09795281626,2728.7765676357,2749.85430539754
6914,2658.55378747714,2684.88679200265,2710.83072507092,2716.50134901271,2728.1941882061,2750.41654309294
6915,2658.39465130943,2689.25535679769,2709.93488245508,2715.75535032509,2727.71708954858,2750.51263050867
6916,2658.24444688235,2688.29367442371,2709.04076926548,2714.99773374399,2727.34271681522,2750.48831221865
6917,2658.10787916233,2687.71025893803,2711.94080290722,2717.79083080118,2729.85984900174,2752.80877054005
6918,2657.98998610972,2687.02716206027,2710.72599103824,2716.64264288285,2728.30395927216,2752.28317882309
6919,2657.89590057334,2686.4243808841,2709.85112361587,2715.71841751377,2726.80563287556,2751.74066658634
6920,2657.83059056882,2685.89580825737,2709.22894339477,2714.97259283127,2724.96039309974,2751.25168216164
6921,2657.79785774796,2682.65313227033,2702.80065177035,2709.01451187811,2719.28374145928,2745.56353907185
6922,2657.83706943364,2682.53948233648,2707.8837386762,2713.7863417864,2725.39425898461,2751.32930308219
6923,2657.95848370909,2680.63219312841,2704.93650399486,2711.33143947089,2723.88082801083,2748.42016259082
6924,2658.13628518744,2678.95140592938,2705.25295572244,2711.81494675645,2724.96456265298,2748.81819444283
6925,2658.37729361269,2679.42405457407,2704.67021579724,2711.05407364283,2725.16649439762,2748.69266333388
6926,2658.69575678052,2678.7862165666,2701.20735036098,2707.65069351863,2722.89145826061,2746.51064701285
6927,2659.08815305127,2677.27056774923,2701.47457351822,2708.11192115968,2723.93676484806,2747.01846949289
6928,2659.5127150967,2677.46107859389,2708.06511242824,2714.53139231312,2730.85093206712,2754.21641102092
6929,2659.94095678429,2679.60523052796,2710.34835211438,2716.69714964609,2732.65613583312,2757.23270612573
6930,2660.37593565366,2679.22108270286,2704.72924960452,2711.51016553911,2726.34177878826,2751.03775668263
6931,2660.561134078,2676.34237667708,2694.50119152924,2701.13058669356,2718.17564202179,2738.53833224518
6932,2660.57617663164,2678.42854055302,2693.81638002643,2700.33329614528,2717.13022741959,2737.59276438458
6933,2660.56724584138,2679.12368602448,2693.88509584798,2700.38558273805,2717.45406650288,2737.31536399759
6934,2660.53330932365,2680.33927068746,2694.75874614077,2701.24259386866,2718.46586792841,2742.35615990493
6935,2660.47416357986,2681.67902304805,2694.47433119665,2701.01450036586,2718.23144685832,2738.63725517187
6936,2660.39050967946,2682.72834613845,2694.05448854183,2700.60243469196,2717.70887654538,2737.20526914726
6937,2660.28493160208,2683.17308899371,2695.20142434307,2701.84356777167,2718.62673594042,2737.26530931935
6938,2660.16796031132,2681.60972814221,2692.49500215645,2699.21272012725,2715.29061489211,2733.88987364838
6939,2660.26399146101,2678.92081059565,2691.35354646072,2698.39325034353,2712.49481932247,2730.06736709625
6940,2660.36034192509,2672.1713708136,2681.43073614861,2689.48715914302,2701.19949644696,2716.3567479047
6941,2661.1227455663,2671.14541527883,2680.99302797717,2690.78779987488,2700.34986834352,2716.47439778732
6942,2661.42422671481,2671.34423392883,2682.18229550827,2691.89631414824,2700.85459326644,2715.2358764551
6943,2661.72050249877,2672.28537263951,2683.46810695505,2693.02357722836,2701.65538705262,2718.59347043684
6944,2662.04361370991,2672.45290083775,2684.96299185482,2694.2579739542,2703.48304191757,2721.52880258665
6945,2662.37158143905,2672.53477863871,2687.18580142742,2696.21989144961,2705.41202359461,2724.50819185695
6946,2662.69018381932,2672.61146390814,2687.60712868361,2696.22832671727,2705.26904474094,2723.24284397233
6947,2662.99080722923,2672.68250951767,2688.66746120184,2696.99788829641,2705.95271931358,2724.26015636768
6948,2663.26749672715,2672.72375370828,2688.6144541371,2696.63867380502,2705.52643569064,2723.75174641016
6949,2663.51592545679,2669.74207470815,2689.57988155191,2697.31115724954,2705.95018528664,2724.83214453042
6950,2663.73284717829,2669.81637204239,2689.64824273249,2697.0740449161,2705.66186222824,2724.32282872383
6951,2664.47091175875,2670.37403107279,2692.54008702902,2699.75363288122,2708.12253354359,2729.32085433589
6952,2664.22796492714,2670.36990909788,2693.2512773274,2700.05611657527,2708.64482823853,2729.38474549126
6953,2663.85553679707,2670.30057418133,2690.93994962555,2697.18409422891,2705.87458110806,2724.35399271721
6954,2663.36455094677,2670.21999236388,2690.1053429815,2696.16185216652,2705.95311948608,2718.43870880889
6955,2663.21957301614,2670.179729596,2693.05709189704,2699.04949936983,2709.51285032754,2726.66590091021
6956,2663.00165972782,2670.54358084876,2694.25842135247,2699.72188439455,2710.23155742467,2728.28585804669
6957,2662.44013165921,2672.5349434192,2693.55310612171,2697.93290599688,2708.78671986982,2726.76579618597
6958,2661.55554015499,2670.84004412872,2691.51444392846,2695.46102745463,2707.24960854009,2724.2484873891
6959,2660.37175978642,2669.35931362914,2690.87709195657,2694.68003716437,2705.34148037364,2723.47468947241
6960,2659.17104553653,2668.08388156726,2690.35402294423,2694.00386921931,2703.56146868216,2722.69166902853
6961,2657.97128148236,2667.10207877319,2689.49710414394,2692.95865894931,2701.57891179018,2722.33167202726
6962,2656.77438219153,2666.39896754593,2688.63398536813,2691.90458637693,2699.54468347522,2720.54055708282
6963,2655.50047675217,2665.95879720993,2687.36733180306,2690.4409143953,2697.07368389399,2719.35536692096
6964,2654.81204546125,2668.82828848726,2687.12305991724,2690.02600176967,2698.16506062796,2717.46503927527
6965,2654.84302336772,2666.83544633879,2684.44359528565,2687.21051364756,2696.41914229435,2714.55358511074
6966,2654.90466623047,2666.88279298181,2684.08501916327,2686.77198311316,2696.1449075756,2713.03590144983
6967,2655.11179041138,2667.1135127712,2686.52729989939,2689.58119785234,2698.3194492787,2716.38776987603
6968,2654.81120476053,2667.23595626165,2688.58591343451,2691.14011963872,2701.57359535996,2719.89960528917
6969,2654.63930868656,2666.40574395501,2685.60579318956,2688.19778095162,2696.62854339181,2717.34498691461
6970,2653.09897754265,2665.31846390833,2683.78967779089,2686.42031265146,2693.48872946118,2712.27293779298
6971,2650.62886957718,2663.38884674008,2684.4742723654,2687.53563268093,2694.2862579191,2706.95225397673
6972,2650.38773337859,2665.00682362633,2684.55973452181,2687.73347020553,2694.09896661339,2703.49231496763
6973,2650.94033748207,2661.50107274234,2674.59120461801,2678.29924017684,2685.93712275258,2696.49775120952
6974,2651.68053734626,2662.5576401766,2673.91259506636,2677.82706897649,2683.88675356408,2691.04799583041
6975,2655.55130922924,2668.05827262403,2679.53632920876,2683.65487076164,2689.55367424083,2697.78910799167
6976,2655.04169634195,2666.64612270368,2680.3699222154,2684.41500557808,2690.17126038585,2699.63883703904
6977,2654.85841409875,2665.77361365467,2682.43637374479,2686.38246263685,2692.8050525725,2706.11673601336
6978,2654.82057032185,2664.51020130333,2682.01770213914,2685.57875890094,2692.43269830791,2703.78618099824
6979,2653.57862619344,2664.39811022173,2682.35309048571,2685.88814951612,2691.91742653783,2702.23538043874
6980,2652.13454975538,2661.31528626656,2677.84047415326,2680.9695284507,2687.05401083513,2697.32735053711
6981,2651.2445364851,2665.38542799459,2686.11124608585,2689.17008388715,2697.24978201597,2708.00795474722
6982,2650.67636572908,2663.32027522906,2690.12100971521,2693.03081089031,2701.08673864488,2713.83212162397
6983,2650.08277259495,2666.58515558675,2695.15753835728,2698.03397278829,2704.53705056747,2719.67715784765
6984,2649.96361297367,2669.50697714207,2694.1474443597,2696.90201132005,2703.47157273631,2719.06925292499
6985,2649.99389984747,2666.0568780653,2692.19530795216,2695.03580591995,2701.64128375328,2719.59615248651
6986,2650.02469382805,2662.64101474845,2691.09624299735,2693.79256737445,2700.62495733073,2730.65113238955
6987,2650.12477157278,2661.62301764094,2689.4308385517,2692.09510328561,2702.03122122511,2730.35621554365
6988,2650.20451258276,2660.54735101245,2685.978887997,2689.06065879988,2699.98671255829,2723.15229934619
6989,2650.0631362511,2660.89327314104,2684.6674782786,2688.45484737725,2700.31902309499,2720.78094413692
6990,2650.02657481033,2662.6618190207,2691.91794881857,2695.70881971362,2707.45061584126,2726.78119225274
6991,2655.57196707964,2671.81298662549,2695.29061253327,2698.47997339586,2707.67102277671,2733.44586869691
6992,2656.19913334265,2672.04783527956,2694.41462521088,2697.19297802683,2708.36033503266,2731.06618051253
6993,2656.62381039407,2671.99406361624,2695.34282517241,2697.88074493047,2709.35807635326,2731.25807279515
6994,2656.96213339698,2671.98296041848,2696.30747559835,2698.50148269064,2710.19225448052,2731.21182541238
6995,2657.19180509961,2676.55185979914,2698.54740830291,2700.42563754871,2712.26562047947,2732.58357531786
6996,2657.38588628637,2676.20011832265,2700.58865734549,2702.1375274302,2718.75334159922,2736.85440512584
6997,2654.78043750094,2673.81956773636,2698.54406754483,2700.64625708812,2718.76841072379,2735.32496778722
6998,2651.98205888474,2670.1474802722,2696.91270377005,2700.27036763823,2718.98056834812,2732.47696338302
6999,2651.27272248618,2668.00333434298,2696.625508171,2700.67130129468,2719.87466873838,2729.51787791369
7000,2651.27825540361,2667.08992027122,2698.19585070334,2702.69275511007,2722.27726469133,2731.33682715403
7001,2651.4851785169,2666.48026275548,2699.00727867769,2703.48469137411,2722.96217051337,2731.46783271799
7002,2651.64330026764,2666.6789888529,2700.11425478732,2704.33468389552,2723.38542994019,2731.94603521491
7003,2651.77255204159,2668.67168018331,2718.01173167574,2723.43814610505,2744.94325947399,2753.16371972348
7004,2651.86717751606,2671.74165293774,2717.96355142933,2723.35474545067,2747.00930836369,2754.95061378031
7005,2652.00795981359,2675.74851111288,2717.66166603073,2723.02648270641,2746.93560259659,2754.34315611434
7006,2652.70710351838,2677.46102245395,2715.04023089106,2720.41179957449,2744.72958168579,2751.36479957704
7007,2655.68132230136,2677.89657860272,2705.09134104829,2710.34749084779,2732.26437201975,2739.93070274034
7008,2651.85210339822,2676.88342472862,2713.04817527147,2717.7048768341,2739.07956467604,2746.68471016592
7009,2651.89036310728,2675.84067911322,2710.25645972148,2714.5321689344,2735.69078318815,2747.74463383119
7010,2652.16504158179,2675.54630951366,2711.48930564265,2715.74210068235,2736.85815941223,2749.11747900827
7011,2652.43022999627,2670.03901635938,2702.72986633156,2706.90685427341,2729.77036327616,2741.69754644794
7012,2652.61704056681,2675.85054699015,2707.2676507458,2711.91033987985,2739.53923035668,2754.01262370908
7013,2652.22659829869,2675.65480725613,2709.07052561049,2713.82507410737,2737.80361949826,2750.13042077198
7014,2651.99240144123,2676.19623341169,2709.46391452984,2714.31867714862,2738.00127612774,2750.47972185752
7015,2651.81731028011,2669.13482350328,2708.70160278452,2713.64316241356,2738.95359485158,2751.64923872872
7016,2651.65298786075,2669.28423266582,2709.02907471012,2714.06634162931,2739.46478546006,2752.30190568658
7017,2651.48840139552,2669.65452712291,2708.99288273177,2714.12538589269,2739.38934048466,2752.00099493374
7018,2651.32406269379,2670.12408107413,2705.2739576125,2710.31711305964,2735.83823714801,2748.44927250751
7019,2651.1653477215,2670.64208582889,2703.78202343339,2709.04065063285,2734.31487399424,2745.67265368448
7020,2651.02181544009,2671.28197345379,2702.64512769279,2708.05385109458,2732.54368668587,2742.82866310698
7021,2650.91653606994,2673.96251117563,2705.68700097914,2710.93993950446,2734.56721572134,2746.75440761097
7022,2650.77716744443,2674.52033280735,2710.41441961404,2715.98183138689,2742.22706521554,2757.00913394693
7023,2650.56650625312,2674.57695460464,2711.65661407244,2718.37945007687,2743.35945602557,2756.94242111678
7024,2650.4251890518,2674.69395456396,2711.51175794379,2718.63470000348,2743.03914428796,2755.67177302209
7025,2650.35080885824,2675.071122692,2711.63079405671,2718.8092742953,2741.93732844203,2755.2895456128
7026,2650.27898105278,2675.47463406677,2710.99144087226,2718.25489306433,2741.84489069209,2755.48206171103
7027,2650.21013835495,2675.86338935157,2709.71086936019,2717.02468211582,2741.3790352083,2755.87053870772
7028,2650.14466882126,2676.23467001618,2708.86958181864,2716.1752494271,2742.75529440417,2757.68899596793
7029,2650.08303317597,2676.63136960659,2708.89704542825,2716.29156741768,2745.42849730954,2761.25423297611
7030,2650.02635167415,2677.32080502656,2709.5378692322,2716.95493900716,2747.64323737844,2764.33721669226
7031,2649.97406817424,2678.37520961234,2708.69775218254,2716.07643907569,2746.25727366623,2762.79876892065
7032,2649.91554012677,2678.75574322881,2708.50426374794,2715.99237035556,2746.5238967838,2762.70562767791
7033,2649.85933890227,2679.10712647858,2708.3548020631,2715.9390612733,2746.76391067511,2762.61465485541
7034,2649.80587872361,2679.42243460815,2708.22496552722,2715.89601513621,2746.97663367426,2762.49817695463
7035,2649.75607067757,2679.71582494346,2708.1473076873,2715.89263888278,2747.19833951402,2762.22108693492
7036,2649.71134158457,2680.0056620797,2707.45100472933,2715.28956891487,2746.82555339641,2761.58119640603
7037,2649.67348198855,2680.31033872636,2707.08622547582,2714.98576981965,2745.73007557107,2759.92345222795
7038,2649.64426529097,2680.14116183962,2705.39883047729,2713.30136380431,2743.65625932936,2759.38462375003
7039,2649.61564298477,2678.14019580979,2703.20731593964,2711.4705015974,2737.6669901535,2749.29112418454
7040,2649.606661808,2676.66668868717,2699.56156443269,2707.32091531214,2730.71175583091,2735.33959019869
7041,2650.11099039439,2671.70890238391,2695.30925199699,2703.40446719031,2730.46822523937,2736.7862914787
7042,2650.1719303454,2669.19011597217,2694.10743039474,2702.2741988498,2729.43637218068,2736.14775622798
7043,2650.20648029663,2668.22030527543,2694.42660275199,2702.61692823784,2729.96312195559,2737.2939363846
7044,2650.20478847769,2667.70862694104,2695.45356778311,2703.769529919,2730.71713973771,2737.74931416712
7045,2650.18293201061,2667.42311428598,2697.24127436383,2705.78491630632,2732.01174753601,2738.5374494274
7046,2650.17125511888,2666.27752020945,2698.72992222795,2707.66392895097,2733.11574025059,2738.25257438634
7047,2650.20874719672,2666.54939421129,2699.66287557278,2708.70164342974,2734.64008391029,2740.15959533298
7048,2650.48973000343,2667.99812099671,2697.83218844727,2705.8364488098,2730.61307881312,2736.13018413655
7049,2650.60272727737,2668.33361391216,2695.8494513138,2704.01755611645,2730.30171830491,2737.54465976976
7050,2650.63890432104,2668.49078207782,2694.92609040356,2703.16545431428,2729.51652587751,2737.02970533683
7051,2650.65277667728,2668.5306016247,2694.29526233698,2702.56250668053,2728.11532828199,2736.57492235661
7052,2650.69852251879,2668.6830451196,2693.61686753161,2701.59453520524,2725.38006228203,2734.76514418559
7053,2650.77514459145,2668.68397077596,2692.13678513347,2699.66696627353,2720.68992783402,2731.45623230115
7054,2651.43894192139,2670.65087785485,2695.95605649689,2703.83450183471,2723.3101760246,2732.68792647866
7055,2651.33912953866,2671.59869061826,2696.51347883463,2704.36353685549,2723.45729370027,2733.03734382414
7056,2651.28384966121,2672.12704857897,2699.42778823341,2707.28545975061,2726.45520400818,2735.95978897151
7057,2651.19615563472,2671.89334218727,2700.00344879666,2707.8963179298,2727.18949164792,2734.81629319747
7058,2651.1332685444,2671.76780125766,2695.36081028629,2703.07309659245,2722.93622994005,2730.75044839716
7059,2651.14707668605,2675.30841738639,2704.12803813887,2711.95397693684,2733.67983579748,2740.60010044435
7060,2651.16202737192,2675.07912572001,2704.08975729364,2711.77364212457,2734.39296699298,2741.40730083116
7061,2651.17817725654,2674.81710616987,2703.92016027748,2711.43863766838,2734.62709955742,2741.64080559088
7062,2651.19563913143,2674.51479892511,2703.72318344407,2711.06569377475,2734.60166293144,2741.78938979633
7063,2651.21454678936,2674.1610965598,2703.59466857473,2710.76467964315,2734.47029665345,2741.99799577108
7064,2651.23503525836,2673.76725275795,2703.55244111061,2710.55634388866,2734.28425918809,2742.15168641127
7065,2651.25724015702,2673.32807138152,2703.58939977139,2710.43719191954,2734.26771736207,2742.46638420429
7066,2651.24662106015,2673.78620187532,2704.8782218887,2711.6533060711,2735.33462917325,2744.48563922015
7067,2651.21059025853,2673.67126837242,2704.67906083447,2711.41330629733,2734.8287783973,2744.19820351248
7068,2651.17584325821,2673.52378449656,2704.3803389415,2711.08207583196,2734.73093032501,2744.29862000847
7069,2651.14346849983,2672.4946801859,2703.8044665102,2710.47532851003,2734.513181339,2744.48605333564
7070,2651.11455868889,2672.32762974522,2703.77901914126,2710.41672926261,2734.85994793416,2745.80359996198
7071,2651.12754083802,2673.19854631261,2703.1555410278,2709.69293335886,2732.51802152861,2747.4035305125
7072,2651.17622428396,2672.77463759435,2705.07239163343,2711.54231534954,2734.62648213125,2748.41619859174
7073,2651.22643195261,2672.52799406827,2704.94371555074,2711.37977623901,2734.36301000888,2747.45168415983
7074,2651.27783073918,2672.42556217452,2704.50084954104,2710.94600898121,2733.89759143382,2746.56029988186
7075,2651.33006860992,2672.44213416265,2703.88264989374,2710.36582631966,2733.23077043156,2745.74134454442
7076,2651.38282619552,2672.55614825011,2703.19350889294,2709.73185157592,2732.43177703728,2744.94477431771
7077,2651.43577282688,2672.74956577406,2702.51124591824,2709.11522319099,2731.58966868556,2744.15071167708
7078,2651.48859591635,2672.99405132967,2701.87442473876,2708.54924807895,2730.74708319829,2743.34547974236
7079,2651.54106622724,2673.26994733329,2701.30872792781,2708.05726781475,2729.94191330748,2742.54733110319
7080,2651.59295750739,2673.55525880892,2700.81042742261,2707.63339810666,2729.1783455887,2741.76148900871
7081,2651.64414506668,2673.83857331388,2700.37581922666,2707.27288826719,2728.46576206165,2741.00181272143
7082,2651.69454441556,2674.11626062762,2699.99063860595,2706.96060925437,2727.79933960418,2740.26341722463
7083,2651.74413753357,2674.38195603377,2699.64148760499,2706.68237408099,2727.17447047856,2739.54065481206
7084,2651.79296596246,2674.63546619347,2699.31500479072,2706.42452824442,2726.58738021232,2738.81905059027
7085,2651.84115031504,2674.86959093569,2698.99422495991,2706.16962510413,2726.02832871073,2738.0782248675
7086,2651.88883658813,2675.08350322548,2698.6657977322,2705.90320748423,2725.48723565477,2737.29987297495
7087,2651.93622991739,2675.2618768802,2698.31195172794,2705.60628091187,2724.94227057887,2736.46477408827
7088,2651.98358213069,2675.38730265654,2697.91948250817,2705.26351617428,2724.37533530208,2735.62820359208
7089,2652.03114282156,2675.42414267919,2697.45427826149,2704.83693681396,2723.74635541743,2734.94213100959
7090,2652.07920604365,2675.30666983995,2696.86229295777,2704.26508866265,2722.99243846143,2733.80147364963
7091,2652.12806042141,2674.7407974717,2696.08246990379,2703.48250804154,2722.03224952041,2732.83384148869
7092,2652.17876104662,2674.20854520036,2698.3467084524,2705.77075232596,2723.92763816996,2732.24749441812
7093,2652.26580325847,2675.40163387557,2698.75316785743,2706.48858333928,2723.6425243908,2733.83120065747
7094,2652.35554451254,2675.6469315076,2699.40834903092,2707.33062159701,2724.57481854331,2736.62164112356
7095,2652.43729309598,2675.62539057543,2699.62779316871,2707.7078078552,2725.21105171763,2738.31206469511
7096,2652.50111659172,2675.56703221445,2699.9816995105,2708.15735719994,2725.90169482531,2739.80019248451
7097,2652.53732004768,2675.52275272169,2700.4120768762,2708.61821082021,2726.62334294754,2741.01749233562
7098,2652.53886580653,2675.47441296273,2700.85307899905,2709.02873838374,2727.33628636431,2741.96080235276
7099,2652.50344495119,2675.39112885336,2701.262357497,2709.35579431323,2728.01590361105,2742.65639883208
7100,2652.43410508616,2675.25975457075,2701.61188333121,2709.58465005348,2728.64630212319,2743.13125792454
7101,2652.33811863759,2675.06844313207,2701.89007624987,2709.71712258183,2729.22534474519,2743.43531668991
7102,2652.22475822884,2674.81364938544,2702.09034605545,2709.75840594607,2729.74712625188,2743.60423083858
7103,2652.10303911991,2674.50463487165,2702.21470033959,2709.71940552408,2730.2040653852,2743.67141784172
7104,2651.98029294933,2674.14816882724,2702.26683071643,2709.6096467371,2730.58952729767,2743.66622590043
7105,2651.86169918817,2673.76038880533,2702.24897995979,2709.43453680711,2730.88857807208,2743.60344529036
7106,2651.75038302751,2673.34704173138,2702.16419510705,2709.19874877163,2731.08588127789,2743.49656012149
7107,2651.64796038771,2672.9096602199,2702.00187204429,2708.89266740209,2731.15088046643,2743.3291554822
7108,2651.55491355793,2672.45413328733,2701.75114414402,2708.50565507637,2731.0565030797,2743.05707016911
7109,2651.47110047531,2671.97622338128,2701.3757468488,2708.00104533185,2730.75405012795,2742.49842197562
7110,2651.39601115618,2671.47559464721,2700.79938577884,2707.29992536464,2730.18720861771,2741.37142208487
7111,2651.3289370111,2670.99636759852,2699.7928862743,2706.16036612676,2729.17476430635,2740.08678383559
7112,2651.27005755103,2671.66848832612,2696.74029613766,2702.87488143923,2725.91459855957,2736.59677311928
7113,2651.20250422969,2671.35815101224,2694.81511652806,2700.68695032109,2720.94939283285,2731.18040183056
7114,2651.24737378008,2671.04107927545,2695.34620264646,2700.88854936759,2719.76634415242,2730.47725186279
7115,2651.96577944553,2669.65336717543,2696.95447003506,2702.03424326131,2719.79516656689,2730.57469488215
7116,2652.1233086043,2670.18458990477,2701.19608597679,2706.60592363066,2723.9585888435,2732.88465530873
7117,2652.0341291424,2669.91186473893,2699.63983392274,2705.10204369881,2722.45707947056,2731.43473304713
7118,2651.95206771255,2670.06453791857,2696.34829398276,2701.79758835701,2717.8776089982,2728.05036636387
7119,2651.87799925688,2670.08779001389,2693.09949768153,2698.73332432196,2714.87149422595,2724.8258711172
7120,2651.81233702812,2670.1366995719,2692.00230672204,2697.78032920209,2714.47304106785,2723.40147225697
7121,2651.75508604397,2670.11572217835,2689.89487759874,2695.79097466238,2712.92232795366,2722.46336696111
7122,2651.70603697094,2670.15225974885,2688.29028154107,2694.35553123966,2711.87189263049,2722.92713550576
7123,2651.68606361177,2670.42847969242,2687.37500208894,2693.50719981017,2709.63564399424,2721.6065446652
7124,2651.69685626236,2669.50619372586,2687.49311369976,2693.60136522212,2709.92502907158,2723.01773800074
7125,2651.69588303575,2668.99011064642,2687.77918796183,2693.92135309752,2710.59277219878,2725.6449476898
7126,2651.69507248736,2668.98806850919,2688.08995443393,2694.24610046381,2711.06404814382,2725.75599857592
7127,2651.69438963902,2669.13519548659,2688.27672603187,2694.4323774541,2711.41509239493,2727.9834492911
7128,2651.6938101789,2669.33920271417,2688.23595261402,2694.3693058141,2711.71107103147,2724.64598880518
7129,2651.71188907838,2670.3479064525,2687.99541210982,2693.86378243241,2712.38201310938,2725.06664376047
7130,2651.86388726419,2669.94796201847,2686.75085549868,2692.53875359826,2710.99205248346,2724.75693877885
7131,2652.11090248713,2669.6270573071,2683.56572692382,2689.30188854899,2706.49908735189,2720.57457638606
7132,2652.14933528928,2668.34240246075,2683.52683976857,2689.39232573154,2706.81153791414,2720.87864763128
7133,2652.20863575465,2668.7203942984,2684.45568717509,2690.70910278486,2708.41438689227,2722.19068823307
7134,2651.84171082753,2670.78574345152,2685.75679036816,2692.22594094225,2709.71690368368,2721.62714852891
7135,2651.953135199,2670.77882142246,2684.60730253031,2690.70691016473,2707.84082751984,2720.85431746146
7136,2651.86800149632,2668.78191586071,2683.51810680057,2689.60233356132,2704.50243693422,2716.2086547127
7137,2651.74643219321,2666.57789833659,2681.58432944931,2687.83649637357,2701.04415297878,2710.5815128758
7138,2651.51459598277,2665.52574208777,2681.2477537519,2687.62171876713,2700.51216548139,2709.95043861164
7139,2651.36838366121,2665.72196868278,2682.20961052347,2688.78467222159,2704.68192519983,2713.03559250303
7140,2651.37617976338,2665.24645595841,2682.75333906532,2689.4771641351,2706.64924830991,2714.38507959177
7141,2651.52788602666,2665.04333133938,2683.52006802881,2690.38519143022,2708.64492258069,2715.72498223184
7142,2651.78352468563,2665.14531376419,2684.25023750689,2691.24245229827,2710.47986165113,2717.07472284687
7143,2652.09007050082,2665.54505715111,2685.08565532299,2692.16883591292,2712.04906621395,2718.67045500144
7144,2652.0116051956,2665.16096281127,2684.60619403859,2691.52431711144,2709.45435878617,2717.55837310736
7145,2651.96071121458,2666.91201262088,2684.79359680316,2691.73939066984,2708.68194241164,2717.83512021956
7146,2652.20864006689,2668.81827200384,2688.74117375181,2695.71720389782,2712.55692545465,2722.39325110957
7147,2652.33903231603,2669.15877983194,2688.47426423378,2695.29950454598,2712.21558401061,2722.00464517086
7148,2652.48718194064,2669.41143038345,2688.19684991987,2694.88937239248,2711.83026621052,2721.40238401376
7149,2652.58681719298,2669.99193850073,2693.88128810533,2701.37776674855,2717.56318856858,2725.56754043009
7150,2652.62490885789,2670.15833335607,2694.2032595177,2701.51873466723,2717.96465168058,2725.88146050594
7151,2652.65032117016,2670.59618519758,2693.90742840553,2701.02664155649,2717.56634107014,2725.64298585218
7152,2652.62527730383,2670.50156652383,2693.35631898774,2700.50317316801,2716.47194103064,2725.28671552859
7153,2652.59915458693,2670.5979868355,2692.95060530724,2700.0070411279,2715.9863444126,2724.67238103824
7154,2652.57208659457,2670.81144268655,2692.93562510391,2699.89065902191,2716.07210780642,2724.42126214399
7155,2652.56082184554,2670.08253792676,2688.97397344637,2695.91638904795,2711.14082597402,2718.03291700543
7156,2652.7555689129,2669.01608679238,2690.06677874581,2696.82333326725,2711.90507508202,2718.85532460694
7157,2652.95285023771,2670.88605805675,2691.22493026113,2697.57333882384,2714.8450744548,2721.80713644232
7158,2653.15816344864,2671.11972080556,2691.22092963152,2697.41672702976,2714.78045570352,2722.37093030073
7159,2653.36416135393,2671.41590891688,2691.2960808727,2697.38132805473,2714.83791368605,2722.83910000163
7160,2653.56435151966,2671.71052625838,2691.32021412902,2697.31246357411,2714.86741465827,2723.14686191118
7161,2653.74808473413,2672.02975100844,2691.28535971611,2697.19258151021,2714.76802079739,2723.23886639004
7162,2653.86157219587,2673.28469285155,2690.95033655724,2696.76387625881,2714.54857080992,2722.36662204491
7163,2653.91953169488,2676.51553508638,2691.78191441494,2697.70385998612,2715.39416953526,2722.32904191868
7164,2653.96745588767,2678.07937718401,2692.48818369215,2698.45111296521,2715.80431547886,2722.34171033424
7165,2654.00515966983,2678.88839087772,2692.97036061733,2698.9266641663,2715.98764658723,2722.34987091972
7166,2654.03278904287,2679.39633761236,2693.32247599467,2699.24694623655,2716.04478182148,2722.35146368061
7167,2654.05082274495,2679.76109294643,2693.60000240584,2699.47636440244,2716.01249027091,2722.35530902072
7168,2654.06002867081,2680.06951582802,2693.8504163568,2699.66710172571,2715.95107006538,2722.41406145833
7169,2654.06140586204,2680.34168174949,2694.07969650889,2699.82663882439,2715.86196344366,2722.53380335409
7170,2654.05608787429,2680.58153148295,2694.28728966486,2699.95356669339,2715.7175075416,2722.69177643741
7171,2654.04533076076,2680.75828712554,2694.42161176166,2699.99649133424,2715.47495321178,2722.83537732805
7172,2654.03038565631,2680.77504518979,2694.36736136755,2699.83936112245,2714.98346675578,2722.82710055953
7173,2654.01248650229,2680.48486312153,2693.95765252142,2699.31188762022,2713.81066238925,2722.36261506635
7174,2653.9927447625,2679.53228836142,2693.01018920945,2698.22093930675,2711.07471787824,2721.04160291547
7175,2653.96058923245,2679.41108062343,2693.09446770309,2698.24443452574,2711.80391817811,2721.84361937485
7176,2653.92784743907,2679.09072641091,2692.8824201477,2697.96941159297,2711.62261209448,2722.03612702375
7177,2653.89494056274,2678.69929591727,2692.55409173662,2697.57729173088,2711.12440754017,2722.11586121002
7178,2653.86189027427,2678.25428604313,2692.10350093566,2697.06277710244,2710.48476972604,2722.30534361695
7179,2653.76290180396,2678.60072391913,2692.21260531523,2697.16062449707,2709.59506974972,2721.16723248336
7180,2653.49081873154,2677.28804429389,2689.44503988331,2694.45779369607,2707.6384772534,2714.79776483694
7181,2653.38204269541,2677.03545947235,2689.54320693427,2694.57494246908,2708.77398989589,2715.89125499947
7182,2653.34670408824,2676.95511717617,2689.56356706266,2694.55135694617,2708.6647847835,2717.96338965633
7183,2653.35416165197,2676.82655485876,2689.60360142304,2694.58150086218,2708.71796490966,2718.60030316496
7184,2653.36181342561,2676.74087264613,2689.69577240749,2694.69143915531,2708.81110493693,2719.10806738157
7185,2653.36966487469,2676.72902016832,2689.75502793799,2694.77784153934,2708.83440076867,2719.41390594924
7186,2653.37769961092,2676.80473423347,2689.79909659862,2694.84942924679,2708.79219501426,2719.61390885168
7187,2653.38592143293,2676.96190952436,2689.85628796261,2694.92992519978,2708.7130562385,2719.77318178482
7188,2653.39432670869,2677.17942300075,2689.9449684834,2695.03555384443,2708.61657237037,2719.91626926188
7189,2653.40290914444,2677.43161614628,2690.07241182276,2695.17247527026,2708.52410477643,2720.04554128395
7190,2653.41165889476,2677.68548341953,2690.2290707693,2695.33148522649,2708.45498797354,2720.15871859887
7191,2653.42056021084,2677.92937727961,2690.40789270263,2695.50691984803,2708.42482482067,2720.25440226226
7192,2653.42963946625,2678.14890897033,2690.5960228929,2695.68717198579,2708.44143393806,2720.3324782
7193,2653.47798498492,2678.33085706206,2690.63194676006,2695.72255329287,2708.31574502078,2720.2623042214
7194,2653.88575238392,2678.65145379007,2690.73896611259,2695.87489754705,2708.1489392541,2720.63547719992
7195,2654.33969530529,2678.99311251446,2691.44078607274,2696.6261049619,2708.72776170398,2722.08839586764
7196,2654.80423961594,2679.29917015328,2692.54504936207,2697.77984264364,2709.87539882814,2724.1326749798
7197,2655.24795292484,2679.57862144876,2693.83486100189,2699.11465939513,2711.36572876776,2726.18757210393
7198,2655.64848469167,2679.85552771633,2695.14224023582,2700.46109446636,2713.01221329044,2727.74146447759
7199,2655.79972014701,2679.94448484335,2695.90954221725,2701.269055787,2714.106393785,2728.2180005167
7200,2655.51609059788,2679.55203363968,2695.47066366537,2700.91417220588,2713.86021641663,2727.42139817963
7201,2655.22584609454,2678.90700282697,2694.78834214518,2700.3487910379,2713.3777650999,2726.81302300172
7202,2654.93143316123,2678.04167247318,2694.04754880267,2699.73950610441,2712.90936170151,2726.47515639031
7203,2654.63585971941,2677.05950794563,2693.27792338419,2699.09113781657,2712.39017329382,2726.37932922889
7204,2654.39695087878,2669.12924934942,2687.95720505329,2693.48454567411,2707.75777168302,2725.64799118028
7205,2654.33066004377,2667.77801471189,2686.67569533262,2691.92714870221,2706.08572206313,2722.92757823343
7206,2654.2727193866,2667.77668299977,2686.75005311744,2692.03897067474,2706.10858375589,2722.45780922505
7207,2654.22024445241,2667.82345791906,2686.86560542997,2692.18164726051,2706.21264427249,2721.94719484111
7208,2654.17434822166,2667.91722927045,2687.02176537158,2692.35382256788,2706.40203719397,2721.4180759936
7209,2654.13611335066,2668.05575229768,2687.22103545026,2692.55744230239,2706.67517971682,2720.8936405581
7210,2654.10656851219,2668.22954708595,2687.45867350486,2692.78933650453,2707.01846697948,2720.3962897007
7211,2654.08665268615,2668.42948984024,2687.73314050192,2693.04925707483,2707.42071553287,2719.95071606499
7212,2654.07718957679,2668.65248203098,2688.04968632439,2693.33780855457,2707.87660217634,2719.59736968108
7213,2654.07882850184,2668.88518723543,2688.38013256857,2693.64595588639,2708.359705727,2719.33486393481
7214,2654.09203286716,2669.13434461662,2688.73529451841,2693.97632346992,2710.62657612817,2720.63457654985
7215,2654.11701484229,2669.40804781487,2689.10770886097,2694.32469835453,2711.10107520753,2720.58290693136
7216,2654.15380528413,2669.69512485112,2689.49010442565,2694.67651557161,2711.61975755365,2720.69549552554
7217,2654.20212556176,2670.0231861276,2689.86771952434,2695.02691531919,2712.19225841575,2720.9624513923
7218,2654.26145899834,2670.38983357347,2690.1922624685,2695.32344594623,2712.67283178456,2721.25241474001
7219,2654.3073506253,2670.71300004629,2689.19687356967,2694.29821625107,2711.7642102986,2718.01756298475
7220,2654.23557093355,2671.20181665064,2689.6427054544,2694.73199426773,2711.68082783386,2717.23362526037
7221,2654.13298577572,2671.06633628895,2689.79656063323,2694.86826119992,2711.43989412108,2717.76160399103
7222,2654.03139751202,2670.95690647419,2689.9342851564,2694.9982270025,2711.40466642881,2718.26423978549
7223,2653.93097932695,2670.87297200383,2689.99477951667,2695.05697827167,2711.36682871137,2718.67229877516
7224,2653.83196021686,2670.79127872997,2689.98794209143,2695.05249420411,2711.32679528171,2718.97058603216
7225,2653.73453453707,2670.7158719667,2689.91767629747,2694.98747071522,2711.26945187185,2719.17127779344
7226,2653.63884038527,2670.62377464059,2689.79481573435,2694.87226090712,2711.20769794674,2719.25232968294
7227,2653.54508480865,2670.49509706052,2689.64346926512,2694.72978071339,2711.19500060751,2719.16880192193
7228,2653.45340421875,2670.16257650972,2689.46540805766,2694.56181442332,2711.18564341824,2718.50949407058
7229,2653.43309025188,2669.86283536728,2689.11249884364,2694.27826647639,2710.69444436147,2717.92463192842
7230,2653.52227191976,2669.76425250367,2688.73094505714,2694.02321615497,2710.22504839727,2717.7560569095
7231,2653.59967373604,2669.6927239606,2688.63129712398,2694.03730537877,2710.4816017679,2718.0361144459
7232,2653.76468618008,2669.97376689313,2689.22900850694,2694.66059084754,2713.88344748467,2721.20439190917
7233,2653.99490943145,2669.57075198599,2688.71704032862,2694.13861656087,2713.37488783382,2720.1943583624
7234,2654.06996344575,2669.2984098326,2688.52726081213,2693.95501111793,2713.11843008441,2721.99845577528
7235,2653.86555355806,2669.52164014941,2688.56096584237,2693.89330230965,2713.13209217157,2721.64379656063
7236,2653.69367242274,2669.82829102337,2688.38891955223,2693.63550701241,2712.98437270255,2721.19424074882
7237,2653.56182970415,2670.19143110871,2688.16594748434,2693.3308758195,2712.80304358892,2720.75439287667
7238,2653.4746046395,2670.58996947679,2687.90382355719,2692.9911598537,2712.57072974721,2720.3253270226
7239,2653.4329596696,2671.0089095971,2687.61014667517,2692.62334878144,2712.26074688606,2719.90423344794
7240,2653.43428737233,2671.45021514,2687.28989304247,2692.23141241992,2711.83983110892,2719.4851322619
7241,2653.47303979774,2671.94225096101,2686.93271350903,2691.80472299081,2711.26530192929,2719.05429406005
7242,2653.54179121811,2672.52118662785,2686.50260946138,2691.30873590111,2710.52289284231,2718.581856188
7243,2653.63239497732,2673.11283099569,2686.04971964711,2690.7902723322,2709.86338151133,2718.10670248237
7244,2653.73696343235,2673.40027578319,2685.9169741839,2690.57294811076,2710.0270067745,2717.81180419102
7245,2653.84860551374,2673.63770853313,2686.41677360849,2691.06264510422,2710.93393296629,2717.90889711438
7246,2653.80261232434,2674.78470793933,2687.29408644936,2691.89952964731,2711.54927180436,2717.98290039023
7247,2653.73617554369,2675.09000831543,2687.71393406451,2692.26542472932,2711.81332826261,2718.07481778415
7248,2653.65601158715,2675.42391770047,2688.2991189058,2692.82314423237,2712.17421563341,2718.32663435941
7249,2653.56454508085,2675.98851291726,2689.24059490504,2693.80658135859,2712.61769354797,2719.10225840176
7250,2653.46535268208,2676.76959640049,2690.14466096577,2694.77787084725,2712.75796621068,2720.24567841832
7251,2653.36262977305,2676.4462989958,2690.37877129546,2695.00232845941,2713.22809400431,2722.17095314152
7252,2653.3616620291,2674.6560110853,2685.23487142131,2689.59096867989,2708.78879877359,2720.54091243862
7253,2653.43960915611,2675.47960800965,2685.75135433279,2690.15536301649,2709.32036228303,2720.21937710935
7254,2653.4517764385,2676.65678077908,2686.9714268122,2691.33785168682,2711.67345853641,2724.09075842389
7255,2653.35167253642,2676.688280226,2688.69086581047,2692.85652219859,2715.74994502679,2727.81619858642
7256,2653.27637088444,2676.1228304286,2688.72931721258,2692.43704257904,2714.35893716671,2726.37628695889
7257,2653.25062012803,2675.81792419918,2688.3008148803,2691.82362406251,2714.98704643759,2727.15843849084
7258,2653.27167164899,2675.7991622437,2687.91953156881,2691.24870183489,2715.63766511461,2728.19772231212
7259,2653.3399282506,2675.9308163307,2687.61084571071,2690.76343361095,2716.40127462529,2729.36485899558
7260,2653.45381623858,2676.15957041001,2687.58187230106,2690.58372643329,2717.51556900941,2730.82522259039
7261,2653.61001945514,2676.73481186127,2688.37388426377,2691.24968865155,2719.31022039541,2733.23477407078
7262,2653.89315592564,2678.0646740569,2690.50193622903,2693.3061786988,2720.66330566869,2735.27121189424
7263,2654.35253314129,2679.00025779,2692.28240647481,2695.07618200752,2721.79369215384,2736.67150079165
7264,2654.84687077048,2680.11290965813,2694.40622786613,2697.18274580685,2723.40321632573,2739.02684146577
7265,2655.36335133963,2681.10959916728,2696.53605453934,2699.2990123542,2725.08815095516,2741.2715653187
7266,2655.88793337053,2682.02836868339,2698.53797755426,2701.29668333178,2726.67101652617,2743.25166312199
7267,2656.40670087334,2682.87907960167,2700.37041444147,2703.13681148516,2728.09378952667,2744.99802396691
7268,2656.90719063804,2683.67021249145,2701.89814993591,2704.6891563513,2729.21615729485,2746.47539851971
7269,2657.37931054116,2684.4175371411,2702.68473241563,2705.52578210518,2729.56502851089,2747.20236746816
7270,2657.83837772721,2685.40480513876,2704.31830330959,2707.20954321465,2730.60720486975,2749.60701191437
7271,2658.30326965317,2686.27620854699,2704.3521084181,2707.37786697163,2730.28981283043,2749.7880415041
7272,2658.6306400995,2683.69876835434,2703.53327798301,2706.69881249982,2729.78204927615,2748.98814699022
7273,2658.82950100408,2682.10328662002,2703.37126408867,2706.6595207141,2729.5704552186,2749.40860666437
7274,2659.02036582959,2681.01955613015,2702.89463650888,2706.30850201619,2729.01099201748,2749.2157057227
7275,2659.19882883175,2680.41645602536,2702.34322053747,2705.88607990377,2728.30573730139,2748.58977120396
7276,2659.359310828,2680.06560910343,2701.89426006471,2705.56185682638,2727.61037880066,2747.70392888346
7277,2659.49536516419,2679.73111080024,2701.68089691234,2705.45761930407,2727.06279257418,2746.61983759334
7278,2659.59999005485,2679.27478014977,2701.79721200449,2705.65019906739,2726.78395191552,2745.31495529207
7279,2659.66618453385,2678.66800108707,2702.18243432804,2706.05078966789,2726.71409900714,2744.02971936459
7280,2659.68776698173,2677.97797576301,2702.49568354606,2706.32735149663,2726.44075647399,2743.50869362202
7281,2659.81136674897,2677.97001158189,2702.66308563744,2706.66090708124,2725.86491466495,2742.97806507079
7282,2659.9608058039,2678.80232454916,2702.72808355758,2707.17787081594,2725.15966936223,2745.00462982616
7283,2660.05708579657,2680.16350606081,2701.67067655753,2706.70272748293,2722.24548012534,2747.60805340086
7284,2660.11300061427,2676.69432579888,2696.65442330143,2701.79090295921,2714.25437813128,2740.13951804515
7285,2660.17393904605,2676.66574888214,2696.72814705086,2701.89392582506,2714.46647560028,2740.63997489551
7286,2660.23744366156,2676.58235981973,2696.81883252276,2702.09658362884,2714.84461584577,2741.69474920658
7287,2660.3031004619,2676.6014715232,2697.28154934225,2702.65758520351,2715.51623408412,2741.91336397496
7288,2660.37045416746,2676.95941776433,2691.67302872518,2696.8030465156,2711.2048599541,2732.29283266419
7289,2660.34501113684,2676.6566472276,2689.17631727853,2694.26281877852,2708.09683569408,2725.80078232311
7290,2660.31964414626,2675.72379859668,2688.40302835531,2693.50934097588,2706.81624765734,2720.68069343705
7291,2660.29531871501,2674.53026893613,2686.56417142482,2691.56749091678,2705.72758278169,2714.30189073199
7292,2660.29123808747,2674.53770936349,2685.25214740124,2690.05071455594,2702.6257685947,2710.74237044776
7293,2660.28675045801,2674.53060127713,2685.16257293807,2689.89151289695,2702.35883079093,2709.86188052076
7294,2660.27994185341,2674.51812375823,2685.1697884266,2689.89400792058,2702.44604892212,2709.71827242627
7295,2660.27317921214,2674.50927411412,2685.18893280926,2689.91985443963,2702.5679112639,2709.7433200075
7296,2660.26646176854,2674.50431477348,2685.22057706258,2689.95974130176,2702.66555507175,2709.87279794818
7297,2660.26809782018,2675.34173271839,2693.6986169675,2698.28154617232,2710.88763414085,2721.15571948143
7298,2660.25785855583,2676.320073024,2696.91210810015,2701.80575357588,2714.36925282463,2723.98826936197
7299,2660.23053746209,2677.528855467,2701.05939149355,2706.35597307416,2719.16136415537,2728.12518046552
7300,2660.17703471854,2678.81156029212,2707.55425568887,2713.36875742238,2726.83998481214,2735.06249915502
7301,2660.09510991779,2679.9551145812,2711.88954393954,2718.44951746722,2732.55510129575,2741.47553121842
7302,2659.97088981404,2680.7946090974,2715.27257330249,2723.07646313163,2737.52404698559,2747.98422934054
7303,2659.76339033447,2681.46849732112,2716.12322587218,2726.45363603166,2741.5367045092,2751.76597875976
7304,2658.99281125223,2680.65143202003,2716.35121582502,2727.5423090478,2743.86868613313,2753.61910628813
7305,2658.79247387251,2675.51815579906,2713.03031825544,2721.53904406411,2741.85475495991,2750.61413685229
7306,2659.07324932134,2674.79199905815,2713.29653518501,2721.65438606495,2740.99695503285,2751.12381433112
7307,2659.42766613462,2675.52808856348,2712.66790476184,2721.05880724417,2739.39857458672,2750.22422663601
7308,2659.81738801398,2676.76130124019,2712.32213063449,2720.78507838431,2738.24548773906,2749.56587041646
7309,2660.24833302725,2678.26441286253,2711.88875414205,2720.45216925487,2737.32744861788,2748.98277349604
7310,2660.72424276795,2679.95299496058,2711.62889828787,2720.32343772267,2736.72460383284,2748.92509936261
7311,2661.06172408977,2681.4641441819,2713.58983325328,2722.36299618382,2742.54595400369,2756.45690747107
7312,2661.4577840226,2683.07612857489,2713.21733835652,2722.10604556002,2741.87864128132,2755.52609330201
7313,2661.87360742758,2684.63922984033,2713.22920359658,2722.28803395289,2741.14080656994,2754.39210388628
7314,2662.2434389819,2686.05694711296,2713.59774776746,2722.90121598525,2740.25012679405,2753.24369905697
7315,2662.4911340442,2687.23867722527,2714.67632432087,2724.36016035633,2739.84832317784,2751.53300737467
7316,2662.91022944485,2685.81566160174,2711.76278697015,2721.16535119015,2735.23031585866,2747.95762296691
7317,2663.40514526052,2686.44241822,2710.92463930536,2719.95129947667,2735.43624004187,2750.33109313246
7318,2663.94484657455,2687.18930393888,2710.58054367411,2719.14692075132,2735.62060755834,2752.1634963823
7319,2664.52708223199,2688.00978556535,2710.68813258154,2718.76393812214,2735.69659374558,2753.67104892017
7320,2665.14825500462,2688.89208607068,2711.13016950336,2718.74623604581,2735.79203700938,2753.64083902784
7321,2665.80425049809,2689.82898328386,2711.77586312764,2719.00947815011,2735.96113547366,2754.65761517675
7322,2666.49110522385,2690.81563357767,2712.45363268443,2719.40193453229,2736.19176120805,2755.53739849428
7323,2667.20540860475,2691.84902874484,2713.07215677506,2719.83614463067,2736.48998484354,2756.34926983325
7324,2667.94418445529,2692.92237961062,2713.57622698493,2720.24560386332,2736.83686098058,2757.10073414336
7325,2668.70461433704,2694.0257691729,2714.01974552273,2720.67172766573,2737.26251507779,2757.84035593039
7326,2669.4837262176,2695.14807831854,2714.30273928748,2720.99859533682,2737.64695545245,2758.45125148562
7327,2670.27803723657,2696.28100310685,2714.72669782859,2721.51777647628,2738.25140357889,2759.20453779516
7328,2671.08306365313,2697.40337137878,2715.19038253895,2722.11486972089,2738.95696759728,2760.01689594358
7329,2671.89312498583,2698.50579871905,2715.68031812614,2722.76545069189,2739.73880098644,2760.8698173666
7330,2672.70082535894,2699.56779424917,2716.212581369,2723.47868054515,2740.59413617783,2761.76946082897
7331,2673.49674116001,2700.56858289526,2716.77994858986,2724.24114708783,2741.50794176702,2762.70824117379
7332,2674.26897099933,2701.48590977502,2717.38435647956,2725.04996514606,2742.4653407766,2763.66597314826
7333,2675.00289849712,2702.29448154023,2718.015614193,2725.8914312956,2743.45094174533,2764.63519269473
7334,2675.68132021308,2702.98173206483,2718.66473845239,2726.75268037744,2744.44825952923,2765.61977647601
7335,2676.28497201248,2703.52107082876,2719.33273081622,2727.63156681091,2745.45795841327,2766.62086417252
7336,2676.79393007089,2703.89801213764,2720.00420235661,2728.50888023104,2746.45296678071,2767.6131525228
7337,2677.19008458853,2704.13856994716,2720.68270238927,2729.37837508946,2747.45793884584,2768.97707521828
7338,2677.46018731401,2703.86057718821,2721.03092870985,2730.02217467766,2748.24882690928,2770.70391802124
7339,2677.58149604874,2703.30098719673,2717.66811048599,2726.27986925688,2744.8372840266,2772.28209735677
7340,2677.51348781786,2704.05696537008,2720.03173401378,2728.62896469765,2747.17973305265,2774.03114022776
7341,2677.41519161362,2704.37367465858,2723.76136373994,2732.17612933715,2750.62151361921,2775.73408513346
7342,2677.2869081305,2704.44212475922,2724.35917130944,2732.81061360054,2751.03093184288,2776.43441050523
7343,2677.12885817864,2704.57903687438,2724.71743461896,2733.19242155953,2751.28480640424,2777.08066077954
7344,2676.94125900378,2704.75696897093,2725.06520447569,2733.54787335849,2751.63379235047,2777.71760519438
7345,2676.72430851456,2704.95884604876,2725.44315315004,2733.91651736176,2752.14436762004,2778.37188962996
7346,2676.47828310023,2705.18267943842,2724.86263908537,2733.48769684521,2751.83920559386,2779.15566022763
7347,2676.20342117852,2705.42547172858,2724.90420822663,2733.53604590084,2751.95730701375,2779.38377362582
7348,2675.90001925984,2705.69039466388,2724.89016001329,2733.52155103816,2752.20808442207,2779.53027775154
7349,2675.76245896699,2705.99650644986,2722.82634414723,2731.29785810655,2749.73755632593,2776.07705808499
7350,2675.68731238479,2706.19087573724,2723.35882737524,2731.6897194541,2749.61623806712,2777.09738504069
7351,2675.58669229785,2706.47818722752,2723.98525475838,2732.18268423648,2750.14381720664,2775.65291829981
7352,2675.46155625439,2706.76117779477,2726.5485712257,2734.47591575553,2751.80856574472,2776.85468181601
7353,2675.42054723208,2707.16696006286,2726.98267302109,2734.68090308439,2751.56477819948,2776.48461964631
7354,2675.52612459401,2707.78400731844,2727.36452672129,2734.69362451753,2751.25438146402,2776.19605601314
7355,2675.60383345674,2708.33901515262,2727.65447564127,2734.60992422722,2750.91766301546,2776.05551390446
7356,2675.64941141403,2708.82683547453,2727.90892452865,2734.48326993634,2750.57996457047,2775.91910576935
7357,2675.658976364,2709.24818950266,2728.16583399683,2734.34896249371,2750.22679588395,2775.67184415016
7358,2675.62889024518,2709.58527720233,2728.38115640967,2734.16769488377,2749.783744968,2775.29032701722
7359,2675.55630677045,2709.83156382406,2728.48867379727,2733.88509200891,2749.19465737314,2774.80161517026
7360,2675.42789703523,2709.96072395908,2727.27965425782,2732.42106690765,2746.9844501094,2772.49577983585
7361,2675.24731071814,2709.97500988714,2727.23921056951,2732.0031066503,2746.3410376674,2771.993558872
7362,2675.01626376586,2709.76147822395,2727.06961311126,2731.48250591641,2745.55562827865,2771.4127175704
7363,2674.7363198903,2709.28092749134,2726.75576391353,2730.84573125558,2744.43104316042,2770.7074513281
7364,2674.41036661469,2708.6190261131,2726.28925922736,2730.08436305433,2742.82248055619,2769.82286939462
7365,2674.02335814044,2707.90300423992,2725.63735348964,2729.14884195753,2740.89300906951,2768.40549954639
7366,2673.86552662085,2707.49330370718,2725.14259438069,2728.48915071874,2739.86268476465,2767.84672308044
7367,2673.78318003675,2707.1380402582,2725.66383516855,2728.81513366799,2739.98325065379,2768.27299062892
7368,2673.69431037559,2709.35801208431,2725.02838335958,2727.76371428162,2739.15227301472,2766.74325993077
7369,2673.57676076164,2709.61946521352,2724.55713014195,2727.12890468751,2738.49421658474,2762.82251753175
7370,2673.44943561755,2710.35862631545,2725.00347300125,2727.43897641232,2739.23783044235,2764.16901173121
7371,2673.31275908768,2709.49662837853,2724.11714574895,2726.48875709203,2739.53254594228,2764.83308255887
7372,2673.16361529871,2709.07336572061,2723.04018858311,2725.36501351874,2738.77939311164,2765.15175319984
7373,2672.99792491609,2708.85649809401,2722.07613182527,2724.36137674116,2738.03696504953,2763.93616632798
7374,2672.81026710995,2708.82672283854,2722.55521921262,2724.80977878645,2738.80905892772,2764.40079621384
7375,2672.59320316085,2708.78326601797,2722.0290820467,2724.23815927182,2738.12172782137,2763.10598001141
7376,2672.33644156893,2708.77341084465,2721.59900367496,2723.75967370311,2737.67742786107,2762.35765447578
7377,2672.025401226,2708.79714916176,2721.21823044609,2723.32605420204,2737.27142425316,2761.55257719544
7378,2671.63941831895,2708.71877963527,2720.71887241603,2722.77030519915,2736.70568958273,2760.57368908416
7379,2671.14927003155,2708.05567230592,2719.98226465684,2721.96552790168,2735.82881191066,2759.33262244133
7380,2670.51440909037,2708.00845201847,2719.2575304616,2721.1736980424,2735.03546372978,2758.15419129723
7381,2669.68104961669,2707.89325128422,2718.39296411045,2720.23597150274,2734.10311748015,2756.96328293532
7382,2668.58451958723,2707.65019711121,2717.49958671002,2719.26636117553,2733.1774422781,2756.23483740611
7383,2667.16229624805,2707.16392065815,2716.9915273539,2718.68953504028,2732.75628985042,2757.00109157277
7384,2665.38615002958,2706.11055263156,2717.13985942414,2718.77095043148,2733.06548011266,2759.7714069899
7385,2663.30491035875,2703.59810875099,2717.35843555467,2718.86708323696,2733.44399555537,2764.872850916
7386,2661.50453880461,2697.94292784725,2715.57290894645,2717.08276834406,2732.10278588741,2766.29737273765
7387,2661.72710998457,2691.8269822231,2710.87076502265,2712.3928833777,2726.43098712904,2770.00321138793
7388,2659.91246903063,2690.17252057411,2702.79756321668,2704.43331850297,2714.94719504296,2735.08912508895
7389,2659.14306742654,2693.21939713883,2709.05959270774,2710.69448300557,2720.8630693951,2742.58229115052
7390,2658.42363799539,2692.88312865495,2709.38513537179,2711.48427367923,2721.6137971204,2744.70163768954
7391,2657.95022468862,2692.69780088982,2709.87958492398,2712.70432305785,2722.47828667393,2745.74942187573
7392,2657.74193712997,2692.5781838384,2709.10833414173,2712.16190005456,2721.60382932965,2744.36197619872
7393,2657.78684801586,2692.5723374557,2708.24423765193,2711.71374290818,2720.774480104,2743.13468474196
7394,2658.0585263281,2683.90081215864,2695.99731765103,2699.70110991555,2706.09339693016,2729.76669065587
7395,2658.25338358913,2683.83968692075,2695.72695719033,2699.35756153185,2705.85993646486,2727.58826771847
7396,2658.43502987162,2683.75549587292,2695.40358320576,2698.83014169318,2705.50108533781,2725.38213155582
7397,2658.67852255293,2681.7824388392,2693.00192141221,2696.6155663546,2702.38033504612,2717.99780520129
7398,2659.3020361613,2683.57162742974,2701.80959871665,2705.13516551782,2712.4662831433,2727.37495070655
7399,2660.44979452348,2685.83174427114,2703.55451785948,2708.02152003222,2717.07079044016,2732.98127949895
7400,2660.69000881116,2686.73943860117,2702.4889689121,2707.31435216951,2716.69572902487,2733.29716637561
7401,2660.96513173587,2687.10255975612,2703.81794372811,2708.74160210934,2718.48590746086,2734.98942669405
7402,2661.24268697371,2687.35390582809,2705.2840037389,2710.2436845309,2720.15263200426,2736.84520627397
7403,2661.51491760029,2687.47149092249,2706.5287831574,2711.51533020406,2721.52854697174,2738.79939904637
7404,2661.77955241611,2686.93225405266,2706.96076026354,2711.90372904008,2721.51865717647,2740.04473108357
7405,2662.03753470146,2686.89274479444,2707.84590879178,2712.80804829852,2722.5294983473,2742.61420483508
7406,2662.29254141989,2686.45008472104,2707.88050113869,2712.7796736795,2721.3389284336,2745.19186291267
7407,2662.55078327452,2686.48149047645,2708.26317771732,2713.07570364632,2722.03459779401,2750.83182962584
7408,2663.3189022853,2687.0220489902,2711.25588732611,2715.9941313632,2725.68405863322,2756.20926037389
7409,2664.04463723982,2686.4098727966,2703.51482279091,2708.76942892996,2718.40421532623,2753.25883528702
7410,2664.26061614407,2686.68389016036,2705.27347768076,2708.14283741112,2718.91625638929,2756.67218678615
7411,2661.2094189025,2687.3737302545,2706.49925365923,2709.38518759008,2724.60088625649,2764.30669409867
7412,2660.98860110317,2688.4698188391,2708.2435439482,2711.27408066276,2731.75523888156,2768.30963978611
7413,2660.66359039477,2690.7711992895,2713.0596958346,2717.28683439207,2743.74428961221,2774.12257888718
7414,2660.98579721861,2690.02807074883,2716.35532010868,2720.75381938064,2741.35555906833,2770.72225767543
7415,2661.60846718877,2694.8965332105,2708.92823299342,2711.886185575,2729.58953427227,2760.69480711996
7416,2660.8347871238,2695.40624604968,2726.15514490557,2728.58809610289,2745.99642508139,2764.41673543782
7417,2659.08816429633,2695.14600540826,2722.45817772705,2724.91408331041,2745.77677343832,2763.41770572548
7418,2656.94478576797,2693.68276884181,2718.08106571627,2720.77263673059,2739.91908267107,2760.73991576189
7419,2655.07556083194,2693.5764847762,2715.46347527794,2718.21679897788,2740.74551709378,2761.51354369783
7420,2655.14078694745,2693.46852137866,2719.67123644443,2724.81157387018,2747.77699150265,2762.48631146789
7421,2654.5314300935,2687.00693889318,2717.97032415345,2723.46137778325,2745.55218750099,2760.4218943458
7422,2654.51279373898,2696.81568706517,2715.18971927886,2720.99536225102,2738.4512642938,2757.22885870779
7423,2654.66037439711,2697.20802853231,2706.09483990301,2711.72891678475,2728.60022356629,2740.04954634242
7424,2655.0188880947,2692.36341014301,2706.2194049153,2711.75872189258,2727.6471261935,2740.63326499164
7425,2655.71231437227,2680.74129846177,2701.05461217808,2706.04520308943,2721.38963187054,2739.68552687886
7426,2656.78035170547,2681.92369976131,2701.71875141037,2706.1317107182,2720.73737620261,2738.94438671448
7427,2657.20173162356,2684.11518790269,2701.78903777544,2705.87230775295,2720.80146422797,2738.87371857611
7428,2657.30702762537,2694.60787232428,2705.36524260882,2709.75577376433,2725.5926776863,2740.81642863012
7429,2657.66002413586,2702.92592823881,2708.65270701375,2713.36202996103,2731.53980099369,2745.40235800776
7430,2657.87753838889,2701.589388141,2707.61233499415,2711.93525928518,2728.74167081562,2741.83948482471
7431,2657.3396948357,2699.38226312709,2704.70480057782,2707.87948203988,2723.92762183125,2734.92272461692
7432,2664.56711609991,2692.46518495494,2703.35630580389,2705.03191760158,2718.73498805293,2729.40437034736
7433,2659.59055552259,2693.03324315357,2702.20486556342,2705.62315167161,2722.58364163438,2737.39068608851
7434,2655.25390967607,2685.12825657909,2693.9542375619,2697.17301337429,2714.92401714114,2731.46438655558
7435,2654.52418744453,2683.05610502306,2688.86766647413,2691.97816205436,2708.90325506199,2725.45864058117
7436,2655.78722694361,2678.50181784481,2685.50065201159,2689.03192903422,2704.88614111087,2718.26663967394
7437,2658.16649217487,2687.78941238019,2696.63930562888,2703.18650983317,2733.60959118641,2753.33945372537
7438,2658.32256672455,2687.98333715689,2697.05320613262,2703.50528191297,2734.36547244191,2755.12072435009
7439,2658.51128173944,2688.22875041388,2696.02288610453,2702.30019103597,2735.02997300716,2754.56683391245
7440,2658.72221598238,2688.30653720674,2695.60969202096,2701.76167965881,2734.32715571413,2752.92171199484
7441,2658.96011848993,2688.36366766009,2695.67224439144,2701.66123989972,2733.72382591889,2751.74622560594
7442,2659.22697064759,2688.00364772782,2695.47494859419,2701.40471863844,2732.52071379701,2751.59251576698
7443,2659.5138520676,2687.08976972439,2695.7681784805,2701.73462550815,2731.29556750693,2752.6854841954
7444,2659.77565437719,2685.56963437725,2696.20294376779,2702.26904815724,2729.91710307064,2753.45603440605
7445,2659.89735185082,2683.98786389335,2696.28070765025,2702.46154750022,2728.15359849506,2752.42534470786
7446,2659.78362091169,2683.06301027784,2692.63484512916,2698.90512551134,2724.00210526471,2743.64062520852
7447,2659.69401043556,2682.99560772767,2699.81369163373,2706.6196118865,2729.69631099697,2749.10709140748
7448,2659.70010912745,2684.53100611089,2703.63159057642,2710.46049552818,2733.64241748596,2755.38970483941
7449,2659.7075852365,2687.60908149082,2707.91280171943,2714.75160308769,2738.26749825918,2761.84907160098
7450,2659.71617798392,2691.07171991539,2709.66091329436,2716.61729677095,2740.1578269115,2764.67254389659
7451,2659.71118750835,2696.56593659035,2711.64454910381,2719.38064973207,2744.46084419233,2765.22710012908
7452,2660.78288981371,2699.72073267614,2717.9864352698,2723.99520209691,2750.38662902881,2766.67774394359
7453,2661.59830395083,2697.50271466199,2711.2212810443,2717.12646922216,2743.06369332486,2757.28989716502
7454,2662.3448639171,2698.13692708484,2716.45894481468,2722.2804893253,2746.71044968093,2759.52562655689
7455,2662.47670979125,2700.93797802992,2719.98780990365,2726.70587249038,2751.17752938851,2766.53208663629
7456,2662.43565219157,2703.63659808647,2720.82379620059,2728.29195035132,2751.73449402839,2767.27124616607
7457,2662.56323614172,2708.60828810596,2724.43716566729,2732.87474720603,2755.45065832927,2772.39358299151
7458,2662.90933449172,2707.68415636249,2724.31908418846,2733.62585823134,2756.18726572874,2773.76120807587
7459,2662.02345499067,2709.22712055832,2727.31435982374,2737.29593638293,2758.93767430774,2775.02369195742
7460,2660.32506904248,2706.97600720177,2725.38388075337,2735.64856950929,2756.19352706484,2773.45707728203
7461,2658.31190900081,2703.36624139943,2719.47441449627,2729.71412583337,2750.7746055866,2766.63403961418
7462,2656.50548558993,2698.92102964248,2712.09928487961,2720.99470396765,2741.65557913519,2755.00159375398
7463,2656.37302832215,2688.28547780719,2715.79808529396,2724.30413433346,2747.0880806692,2759.7177092019
7464,2656.64319110681,2693.45981214496,2715.35940183279,2724.92628591419,2746.62817330821,2759.65077760091
7465,2656.97381463801,2694.05831115016,2717.56957932755,2727.56021085636,2749.98931185373,2760.58397983054
7466,2657.32153217653,2693.39422101729,2718.18196719912,2728.34895159953,2750.40332814802,2761.72862398791
7467,2657.59759172239,2692.75354256223,2718.12010835886,2728.3300881607,2750.09857002709,2761.76317860015
7468,2657.81555716306,2692.29357739505,2718.04738485046,2728.19030103372,2749.6836200523,2763.31798748461
7469,2657.98211883781,2691.86728292968,2717.7621131339,2727.94486706911,2749.12562206909,2762.65963557547
7470,2658.10172799546,2691.49675242328,2717.00102066896,2727.11475993099,2748.19642907113,2761.84228166842
7471,2658.17843830676,2691.15793328965,2715.91433389969,2725.86937493419,2746.7718538668,2760.76433907338
7472,2658.21659050294,2690.81575696913,2714.88039176605,2724.65440393999,2745.32119794547,2759.72513530275
7473,2658.22091449637,2690.44451997666,2713.89447955789,2723.523830179,2743.89053299588,2758.5340215904
7474,2658.19649467751,2690.02536142308,2712.86622794255,2722.31606642154,2742.31709836333,2757.32661450515
7475,2658.14863778014,2689.53526271094,2711.81426856297,2721.08009738979,2740.65701682671,2753.1594679643
7476,2658.08276404143,2688.92375651299,2710.79716845023,2719.84419023459,2738.603841276,2751.70939749272
7477,2658.00447452946,2687.99059664894,2708.21490165799,2717.05009449257,2735.16953441375,2748.44447389456
7478,2657.92006507647,2686.53022150898,2707.3506740378,2715.89755541238,2733.20164074146,2746.79918568806
7479,2657.83781964631,2685.54690403582,2706.55274858957,2714.79366309414,2731.07733938622,2745.03754735881
7480,2657.76903724598,2685.43404523021,2706.0559864808,2713.95127197387,2729.53226042363,2743.82752421125
7481,2657.73199099042,2685.5087368251,2705.36270379882,2712.85822506139,2727.92679432716,2747.92564704155
7482,2657.7878457222,2685.48642050676,2704.73245833429,2711.80912976301,2726.3508384427,2745.69175118167
7483,2658.18450097883,2685.64316703729,2705.0595273176,2711.91570635379,2725.76064320533,2744.50910623948
7484,2660.12684843661,2687.66526222343,2708.43497945195,2717.37647720547,2729.69258529652,2745.30345849922
7485,2661.42315388711,2695.11143982838,2707.80524875997,2720.29412988318,2732.44342430608,2745.86499261026
7486,2661.64811314195,2694.25543858943,2707.1509774308,2719.45851971935,2730.87903036351,2743.68533667382
7487,2661.78750774081,2691.96127408191,2706.52718403329,2718.63225318331,2728.27480360657,2740.94770439185
7488,2661.8891293487,2691.71397738012,2706.18489962199,2718.15144902694,2728.16685960328,2739.65603214718
7489,2662.04636323323,2692.20778725679,2706.14037774223,2718.03364158893,2729.54696678654,2739.76205356702
7490,2656.64281729105,2685.87224978649,2697.14230558795,2702.26022452749,2716.07044238191,2725.04280638177
7491,2656.03768363733,2685.14111661766,2696.29196370863,2700.26253902453,2713.66546115215,2724.2640102774
7492,2655.66642537584,2682.23666200259,2698.17056962058,2701.85746484716,2715.00872213185,2726.28217824798
7493,2657.81690523496,2684.79029092764,2700.74455927905,2706.07859235167,2722.00425994804,2734.782566459
7494,2659.7584244865,2686.80428883615,2706.95134560745,2714.00741992456,2728.99212209983,2734.91755489214
7495,2660.10690609164,2690.82296596342,2707.8076735232,2714.68470934617,2730.27679931344,2740.34458804381
7496,2659.8077170541,2690.9485703616,2708.73852141077,2715.54724868433,2730.19415255407,2742.47295254494
7497,2657.77482203248,2685.89532065172,2695.48526535605,2697.64523854609,2710.92037137114,2723.35877496102
7498,2650.51435793341,2680.54131740802,2689.9283126147,2691.84998844097,2699.94683320452,2713.50653634485
7499,2650.52420787013,2678.06954076738,2686.34771782496,2688.25652871631,2695.52134500369,2706.10364912235
7500,2655.97025591772,2680.38885796783,2700.18740036955,2702.61570915741,2710.07934411484,2723.45780190388
7501,2655.49091779711,2694.6564837752,2713.39223335262,2716.29713609786,2722.08745654961,2736.88054268554
7502,2655.49731233756,2694.20482835458,2714.23813144001,2717.2829031674,2725.0174341889,2738.19872462104
7503,2655.51337515012,2693.30233706675,2716.36526979961,2719.45630549277,2726.30514229667,2740.60912291435
7504,2655.28141228318,2693.81260945859,2715.24767056725,2718.32160044578,2724.03373623264,2739.06033740452
7505,2656.59185477607,2688.71348347711,2707.92441640733,2710.98397049284,2717.4640809464,2731.70259761732
7506,2655.69781108157,2681.68173273675,2696.15628436079,2699.11991360415,2707.07448605857,2721.68567325671
7507,2655.94161840581,2685.33906304958,2720.39719541761,2725.20306453429,2735.90877472813,2755.49343838383
7508,2654.68126615917,2687.88788504994,2715.70967002004,2721.176493719,2732.82684497574,2751.65606886881
7509,2653.86002559791,2692.66278260658,2715.01839810551,2719.94137319239,2731.6667978159,2750.0568766761
7510,2653.84290775406,2696.97241380032,2720.43233246206,2724.76373926448,2737.43809600313,2754.93769533031
7511,2654.31198291509,2694.50523797629,2721.11188445858,2725.20679871135,2738.78475551209,2755.59781742321
7512,2654.78927660471,2690.58569776657,2720.75617395448,2724.7624557819,2739.09564095244,2754.27777084751
7513,2655.08367784802,2689.95852823027,2720.11237192083,2724.10843960961,2740.38712492727,2754.30566328477
7514,2655.4518930207,2698.79731295481,2716.4347296252,2722.69652543708,2745.43535327943,2756.57277092511
7515,2653.83132758976,2697.61236428115,2706.39373858847,2712.51633695798,2731.71218504132,2739.55928574604
7516,2654.08502573827,2697.16150874161,2706.09727211596,2712.27389166136,2731.05424043882,2740.50573983808
7517,2654.34648649368,2697.24379731505,2705.90164244093,2712.13929584193,2729.64506939988,2739.30027261634
7518,2655.00791993551,2700.78967066004,2707.0586065652,2712.98641818253,2731.06526892212,2740.6381246651
7519,2656.92877085788,2700.02339591701,2713.34156769491,2719.19684106609,2737.56509808723,2745.54259935953
7520,2656.35904347937,2701.40797433193,2719.24465453457,2725.47003900151,2757.71837414298,2785.57083855994
7521,2656.02812045069,2704.07011964162,2720.4237852254,2727.14844060506,2761.54115757939,2792.34028882039
7522,2655.94192856809,2703.82832203033,2722.26286833483,2729.56790694431,2763.52441774213,2788.16926512499
7523,2655.97830779145,2696.99260426451,2721.3040464162,2728.9428380162,2759.15842167345,2778.27468130294
7524,2655.82358535783,2695.38603459761,2713.45263421488,2720.3297314937,2750.93774878281,2761.01454099864
7525,2656.92887533334,2697.16302426752,2714.21671420023,2721.14617737536,2743.37442553222,2752.49702950845
7526,2658.77957089148,2680.67526851474,2706.82822944826,2713.62751194254,2739.08434766217,2752.1511546057
7527,2659.20357525596,2681.71709639412,2703.44245969855,2709.89962361711,2736.22304614474,2746.15062131803
7528,2659.72927154771,2682.14968678716,2703.08242085584,2709.11603236822,2735.32170000059,2745.84988289399
7529,2660.21715500619,2683.1565311184,2702.69595070203,2708.08276464156,2734.06527567985,2743.90727714139
7530,2659.95884461688,2686.00914581996,2702.41687928215,2707.11265580361,2734.07447234632,2748.31340665922
7531,2657.83832145463,2681.75669468179,2700.49553577693,2705.40844541846,2732.85168996083,2742.10121437295
7532,2655.60381674841,2684.10556289316,2701.57009895217,2707.75654866893,2734.6076879958,2744.04273962733
7533,2655.26644750843,2685.86311514719,2701.62791937499,2707.81846236258,2735.00020388869,2744.67500400966
7534,2655.3694665706,2676.05720363484,2701.83549647803,2707.67767247236,2726.4627292101,2749.37121714203
7535,2655.02084667996,2683.51415940326,2698.56462527929,2703.84207837405,2728.48764156914,2745.13994676697
7536,2653.92917770711,2682.64879073158,2697.43396736405,2701.82359433357,2727.99626085533,2744.57275216979
7537,2652.4583499212,2672.82223115766,2696.4392770411,2699.90412878231,2727.20071763719,2736.71995014835
7538,2652.70404443493,2663.73239536346,2685.5244266014,2688.80643042095,2697.99540359557,2710.31363200221
7539,2652.91927532252,2664.72425418623,2687.57537233061,2690.77707255407,2699.71479631433,2710.94199079986
7540,2652.78221502808,2664.88801869077,2687.09477529627,2690.31294283604,2698.83641676506,2709.08870714965
7541,2651.95404247486,2664.55387567563,2686.4799428697,2689.57559756883,2697.67393282999,2707.54735428041
7542,2651.69767757566,2664.02313671999,2686.23537668784,2689.00681176908,2697.18138609567,2706.52494573261
7543,2651.8447264082,2664.19414398716,2684.66895661461,2687.4175396566,2695.55513596432,2705.50650949781
7544,2653.47457552232,2666.61265064662,2688.52674169666,2691.42641792356,2700.78962268292,2711.52985949178
7545,2654.04161207152,2666.47721106935,2689.63482920175,2692.49584145581,2702.33589470645,2716.83608279694
7546,2654.34244421795,2666.3924369686,2688.12318873262,2691.01794280427,2701.13366137338,2713.79402753677
7547,2654.30144325829,2666.19503756273,2689.90575270185,2692.83740952133,2703.13143221213,2713.07264858346
7548,2654.01405864904,2667.01328853268,2690.75892194587,2693.69838885634,2707.55952860872,2719.57346144366
7549,2653.58292836158,2666.97733566913,2695.2372038782,2698.08865023202,2713.5565323692,2725.36100836318
7550,2653.10218943064,2666.96744551263,2695.57928854487,2698.41716205216,2713.96426345953,2725.54198048456
7551,2652.63328129847,2667.13714924157,2697.0099869151,2699.81858834558,2715.52522221771,2731.09714634607
7552,2652.19896622271,2667.43958610177,2697.9891490322,2700.60802725349,2716.5001254035,2731.18106271412
7553,2651.81783182449,2667.79931906358,2698.10030721399,2700.6850615112,2716.91908774348,2731.93030193101
7554,2651.53565462107,2667.15683056678,2696.67316295804,2699.26651003521,2716.62950923673,2730.73008471175
7555,2651.51594487087,2667.8373227075,2695.27676439909,2697.90509098896,2715.77011162664,2727.37368392684
7556,2651.51832298847,2667.32014834463,2693.3171979373,2696.01528636567,2713.84333752158,2724.17384834095
7557,2651.53577754091,2666.87613423256,2691.81006212795,2694.58885626805,2712.62173494564,2722.54967676582
7558,2651.56423836183,2666.68391294661,2691.32454275312,2694.0917585028,2712.19791856214,2722.06594280464
7559,2651.60074263325,2666.53364662143,2690.66217720916,2693.3641303231,2711.2890126992,2721.1464481493
7560,2651.64286394478,2666.46095914835,2688.32087562311,2691.05005830862,2709.00601597664,2719.26528352981
7561,2651.74276401599,2666.25098865662,2688.10553750157,2690.80470954401,2708.46973974733,2718.01367576389
7562,2651.7997249382,2666.04520259021,2688.03858966665,2690.71853773437,2707.88680619089,2717.91278207658
7563,2651.8562598327,2665.77984845847,2688.07800781953,2690.73709657932,2707.43385228955,2717.86524530266
7564,2651.9115638737,2665.53042885733,2688.76908562721,2691.39788115206,2707.73296668214,2718.50341027391
7565,2651.96499355536,2665.29583248083,2689.18635436796,2691.78111825713,2707.99840321638,2722.35777807638
7566,2652.02047847862,2665.79083523679,2691.77085965963,2694.34365574789,2709.82562889162,2724.03156965834
7567,2652.07444121832,2665.997380423,2691.45098397442,2694.08151744712,2709.46392889142,2723.7282135097
7568,2652.12615909431,2665.70519346547,2691.40354935973,2694.01742101893,2709.08438950006,2723.09889328799
7569,2652.17547195416,2665.34748073865,2691.43152091134,2694.02835484655,2708.71162840002,2722.94185566634
7570,2652.22225212227,2665.06831352144,2691.29296675431,2693.8990703842,2708.01338839549,2720.14950202159
7571,2652.25131737285,2664.33901550979,2688.38978443534,2691.09153629195,2703.70932734633,2721.83723447288
7572,2652.27026787805,2664.12426533741,2688.27008289116,2691.06642585103,2703.88417646417,2722.84269727998
7573,2652.29238902999,2663.95316406515,2687.43953352855,2690.23803118521,2702.94837272793,2723.56387733662
7574,2652.31775802026,2663.744382466,2686.93573221826,2689.79151968052,2702.56849221363,2724.94948528642
7575,2652.34645821896,2663.35955067532,2683.51277791993,2686.47376385375,2698.89940838191,2721.14475224403
7576,2652.43133540031,2668.60349097775,2693.24308391285,2695.88829702866,2708.85785229381,2728.98658848148
7577,2652.40923762589,2668.39898581137,2693.6582029535,2696.23550742881,2708.60863041318,2731.53624197286
7578,2652.38564990485,2668.21649706192,2693.47664492892,2696.07419117397,2708.46750164413,2730.75235018955
7579,2652.36133532928,2668.07376438141,2693.38929190017,2695.99871458032,2707.39534530835,2730.18131433791
7580,2652.33627683868,2668.00412047978,2690.49655308024,2693.32826898266,2704.68867307994,2727.02617261284
7581,2652.3105905558,2666.79898592413,2689.84678985777,2692.74181668451,2704.26615769939,2726.05274022398
7582,2652.28509074083,2666.75383473332,2690.44769077667,2693.29221429606,2704.79480064029,2726.62647684652
7583,2652.26177145679,2666.74648843613,2690.98240716179,2693.87377425209,2705.4851573007,2727.07551295438
7584,2652.24451695669,2666.85729124541,2691.87782758665,2694.8471478654,2706.6563682379,2727.8057427525
7585,2652.23831755303,2668.26564336926,2691.90665909654,2695.03594449727,2709.23173313544,2730.59486639897
7586,2652.30863509819,2669.0810705445,2691.36883051878,2694.46810445198,2711.22025067614,2731.79612845704
7587,2652.38500680029,2669.20591446995,2691.61254381108,2694.70330422119,2711.46874193083,2731.93407261282
7588,2652.46536172485,2669.53026230273,2692.02855695038,2695.14818302386,2711.93936044515,2732.04400730348
7589,2652.54654126194,2670.19175117691,2692.81731190989,2695.99783438815,2712.84632300263,2732.52462069859
7590,2652.62321133138,2671.50137213281,2694.31796401251,2697.59738395333,2714.61702794988,2733.89483628183
7591,2652.68537449282,2673.8568377878,2696.60788145444,2700.02211230912,2717.77235564795,2737.67448529467
7592,2652.69901974318,2674.9649867103,2696.27611430823,2699.75311188256,2718.74130390853,2737.99994023245
7593,2653.9865783993,2673.63055872147,2709.52419863201,2713.35561076917,2735.65240680083,2755.66115428108
7594,2654.03820235769,2673.3058480335,2707.70131733654,2711.69021669963,2733.35759979345,2753.55978922334
7595,2654.039750755,2674.09499573287,2710.20374844846,2714.40603340265,2736.52848800506,2758.21057002279
7596,2654.00043708715,2674.02155636352,2710.55527670927,2714.99846555683,2736.44179393496,2759.10233355461
7597,2653.94909503565,2673.81412344354,2711.04466248325,2715.70571216108,2736.49519208686,2760.59432135676
7598,2653.88826879816,2673.57122431658,2711.47404954064,2716.29086268885,2737.18901156629,2762.67205587604
7599,2653.92865574725,2674.97375679627,2714.76689951096,2719.71740287233,2740.82400115872,2766.4561792379
7600,2653.96569603657,2674.11905523349,2714.50469023763,2719.48347994759,2739.82407693387,2766.08067091224
7601,2653.99519786383,2673.34722527139,2714.53717996625,2719.53261322338,2739.03659290982,2766.25974009325
7602,2654.01712022742,2672.62624087578,2714.62749720639,2719.61988385143,2739.08448211879,2766.56637079923
7603,2654.03175924094,2671.96945433947,2714.7329579777,2719.70183757439,2738.35598139764,2766.82636479188
7604,2654.03970880174,2671.36571025675,2714.8150463843,2719.74008004666,2737.60680085864,2767.02952342724
7605,2654.04173954936,2670.83997407197,2714.88210417397,2719.74663408148,2736.85662719903,2767.20454318107
7606,2654.03325948563,2670.5224626809,2715.33134245075,2720.26663373127,2736.52959301275,2767.87254921621
7607,2654.01819723884,2670.27763565257,2715.60748119233,2720.44877907708,2736.05851342667,2768.22383376618
7608,2654.00030871249,2670.0465111576,2715.93570275749,2720.67000064107,2735.65383535144,2768.63749426299
7609,2653.98038979817,2669.85871557956,2716.37029083018,2720.98701480124,2735.3798133084,2769.0604647793
7610,2653.95908578118,2669.78282433177,2717.04997658347,2721.53898929318,2735.35559600937,2769.13741468464
7611,2653.93696174395,2670.05521965083,2718.24563990498,2722.59642224064,2735.77136448771,2767.63776946814
7612,2653.91443989766,2670.24913299139,2718.51474672469,2723.08204442565,2734.6547730302,2764.41731839337
7613,2653.82899940038,2676.00908723208,2723.51435778275,2727.47813447536,2735.87479750609,2770.86554757361
7614,2653.67762295464,2689.62808779651,2723.62282715776,2727.58822487983,2742.04961426216,2770.9977984901
7615,2653.54728133982,2676.94525257454,2725.48448140061,2729.21404533745,2737.88080271276,2769.01732673656
7616,2653.43858267643,2677.3300393486,2725.0523467499,2728.62541804295,2736.70140107277,2768.53717199395
7617,2653.35401475743,2677.66249634118,2725.14628205204,2728.71790899718,2736.7242232768,2769.56212275478
7618,2653.29704513998,2679.5679136509,2729.65933477431,2733.2228849389,2741.63776000698,2774.56934640724
7619,2653.29996038232,2679.12445391965,2727.84702127783,2731.48208708007,2740.04691235986,2771.55698078529
7620,2653.43367512159,2678.76139783412,2726.16909432516,2729.81398647743,2738.68806027719,2770.01768169866
7621,2653.56110180773,2678.74920577903,2724.99327631021,2728.76008082583,2737.94893655466,2769.51169403789
7622,2653.68154305161,2678.76514387185,2724.30486835533,2728.15366946757,2737.40157302626,2768.62483824412
7623,2653.79496563515,2678.12763007766,2724.33073301395,2728.22253936066,2737.34065967834,2768.02873665274
7624,2653.92869870388,2677.77583987597,2722.76640588483,2726.82917664562,2735.7529575466,2766.28977106936
7625,2654.34339300237,2678.18181148481,2727.70627941733,2731.58333374238,2740.50641695559,2758.39924853282
7626,2654.69281102695,2677.54327822064,2715.08061515053,2719.45199509627,2728.59247527828,2750.00239306911
7627,2654.84377746086,2684.21976111229,2711.73646683506,2716.10657963965,2725.99795318035,2747.8308259624
7628,2654.97665074985,2684.60333807562,2708.19394883925,2712.50355591974,2721.64295973784,2743.67325308484
7629,2655.08964767468,2684.81053161144,2705.26790026572,2709.377496972,2721.52348127568,2739.41755943866
7630,2655.18258490984,2684.86820513259,2700.80690626746,2704.6797702163,2716.57019587154,2730.32534403564
7631,2655.26562315963,2681.83768290774,2697.65044969855,2701.14315006534,2712.3113491499,2721.25704159372
7632,2655.55347414303,2682.37459293249,2699.57028253423,2702.72648847277,2711.29011673062,2724.08417573161
7633,2655.83343203217,2680.19484050211,2701.8741875858,2705.08841167687,2713.75557345657,2728.00449461345
7634,2656.10154756995,2678.64280172504,2702.88485653426,2706.12096220094,2718.64261638631,2730.14737252597
7635,2656.35111450251,2678.48330894888,2703.23045974192,2706.48033799255,2718.67965961377,2730.43682031129
7636,2656.58318284931,2678.60631290317,2703.16603951051,2706.41616149223,2718.42811785673,2730.6915933833
7637,2656.79635249033,2678.78021362088,2702.93151268709,2706.17609603917,2718.06547759474,2730.3237566122
7638,2656.98958029043,2678.83726628206,2702.62975793752,2705.86808490708,2717.67841863152,2729.88695964185
7639,2657.1625904435,2678.82698821156,2702.32940049537,2705.55756435746,2717.3447092346,2729.4716151031
7640,2657.31584241224,2678.72951111082,2701.99680684059,2705.21025081155,2716.88663910557,2728.89774686189
7641,2657.4504621127,2678.67313434219,2701.58065993947,2704.79076577221,2716.38816178664,2728.49873259828
7642,2657.56799671923,2678.63628495162,2699.3726320661,2702.5679721831,2713.32739719279,2725.39978730402
7643,2657.67041938804,2677.75444107341,2696.1509748904,2699.52108117971,2710.55081003162,2722.76266907092
7644,2657.76009325184,2676.67018965489,2703.70194953137,2707.10158025241,2718.29700210503,2730.77427325739
7645,2657.84054358046,2681.41648060461,2709.53994437126,2712.75722470195,2726.73596770694,2739.19871191984
7646,2657.91279681579,2682.07507793018,2709.89165342004,2713.09819858023,2727.04835393084,2740.47312595052
7647,2657.97874401245,2682.8329028333,2710.15830841476,2713.36011524187,2727.27924068858,2740.64898324926
7648,2658.04010610158,2683.59770354809,2710.42414745739,2713.62802558288,2727.46565616091,2740.93876922039
7649,2658.09856625399,2682.77957735775,2710.44396990594,2713.66355972604,2726.89397755977,2738.31258289962
7650,2658.1554277724,2682.37605389462,2709.94155473471,2713.19106003055,2725.6744579369,2737.41553333805
7651,2658.19604591424,2677.65887161712,2712.83527750582,2716.14120562318,2727.73136150351,2742.35439659658
7652,2658.17567333903,2677.61938008451,2709.73975628476,2713.08700113625,2725.26804544819,2741.95601555148
7653,2658.15268238264,2677.66292262083,2708.82094507761,2712.18989573894,2724.45707152289,2741.08812527979
7654,2658.03507040803,2677.02837183185,2708.0107978031,2711.31170038444,2737.58476185434,2746.7289571183
7655,2657.77073093293,2675.28557283001,2704.01172013058,2707.54734817786,2733.33611202291,2744.92157621077
7656,2657.54770458814,2674.07155033949,2700.6808105063,2704.50758449515,2729.92276258081,2741.21691880889
7657,2657.36947558046,2673.69600099955,2698.20518427994,2702.30071448101,2727.54509279375,2737.86414186825
7658,2657.23041235891,2673.90327741471,2696.79144012815,2701.15457343018,2726.50461497797,2736.65140207174
7659,2657.11724154613,2674.35626212316,2695.39410176293,2700.15181258563,2726.31528760101,2736.4450949827
7660,2657.05887967429,2673.86698235952,2692.26271952972,2697.25689724001,2723.04622212166,2737.66148839338
7661,2657.02948109512,2673.52185709989,2692.22403032139,2697.17287581109,2722.33694441398,2739.36998059498
7662,2657.00297770209,2670.6836355541,2686.03865284633,2691.06209109795,2722.08541231607,2740.49167473347
7663,2657.00021996567,2670.82913478515,2685.74551373193,2690.77625771717,2720.77697395075,2739.52859061569
7664,2657.00055667769,2670.86335480695,2685.60920890257,2690.65912812804,2720.79159795806,2738.9283583053
7665,2656.99987623147,2670.7452912709,2684.732273823,2689.8636139317,2720.12683813855,2737.48596041142
7666,2656.9981799144,2670.53572056129,2684.45769340545,2689.62338364225,2719.73898343679,2736.13385981445
7667,2657.02839423295,2670.58471498498,2683.90153319123,2689.04352314029,2706.6946347937,2720.05385616936
7668,2657.0855112627,2670.58109886059,2682.65411962024,2687.75325008903,2711.01265927838,2731.78944738893
7669,2657.4234006156,2673.69325080241,2688.59756273353,2693.76916340962,2714.93675632279,2736.15052549443
7670,2657.85069093133,2676.18533671698,2690.93499848139,2696.37881728423,2717.04109097325,2737.77493829237
7671,2658.18656808098,2676.35894833665,2690.73717820207,2696.40006431667,2716.20726407768,2736.17219553868
7672,2658.42697484953,2675.67374572756,2689.14036471865,2695.07815210867,2713.88582007707,2733.11359460252
7673,2658.52377874634,2675.31301411601,2687.96489313022,2694.17941931966,2712.44841945367,2732.48232581882
7674,2658.55390428338,2675.50202111401,2687.21715825788,2693.74574705338,2712.08950935527,2731.58629918125
7675,2658.59337519598,2675.74399307266,2686.52544276435,2692.90218256895,2711.65864827349,2731.24320727074
7676,2658.60673605722,2674.43781092354,2685.30437936503,2691.65608486945,2709.9541969592,2730.1193739408
7677,2658.8777107902,2675.11742954982,2686.44052167765,2693.01320747826,2711.35107114902,2730.45895504761
7678,2659.21562873455,2677.26010388506,2688.21352348972,2694.6980351429,2713.01708535196,2730.74039325562
7679,2659.32473361432,2678.30192803487,2690.66243859622,2696.9583039355,2718.79194149655,2734.91983518991
7680,2659.41883571308,2678.17998038702,2692.69660351511,2698.9935057667,2722.4699937079,2739.61440877789
7681,2659.44654693293,2678.50488708722,2697.54280734118,2703.92398285933,2726.40619177834,2748.87905892947
7682,2659.5467213517,2681.78782811955,2697.35062597045,2703.34529198984,2724.78004006108,2745.22792889691
7683,2659.64598369344,2681.59197851582,2697.43868644447,2703.17441660272,2723.3080827547,2743.2996620893
7684,2659.77033203818,2681.22502670446,2697.33264102619,2703.06410211615,2721.92731056371,2740.96978497094
7685,2659.96458588675,2680.74487796946,2697.1896807625,2703.25395102182,2724.98336534118,2744.60825403405
7686,2660.28073840968,2680.26266491647,2697.20651477872,2704.07836966916,2724.68193921539,2744.42415060449
7687,2660.74582982135,2679.91219773634,2697.58783769246,2705.66507535706,2721.75232660242,2742.39935502973
7688,2661.33323269963,2679.72722944249,2698.42890010038,2707.84681739192,2724.42406748943,2746.35968013245
7689,2661.97398892566,2680.01295346243,2699.28702628608,2709.9959837046,2727.85938627573,2750.4387641961
7690,2662.59834246209,2679.42853086758,2698.59651715304,2710.68911303277,2730.16455415923,2753.86118840722
7691,2663.16331151058,2682.35439351521,2700.47847949607,2713.23682759713,2733.74938555868,2756.34822315437
7692,2663.40543618143,2685.49073241279,2706.13633653184,2718.59081078745,2739.68894462904,2765.62536800613
7693,2663.36027923496,2682.86821423842,2711.83335731941,2723.57244461827,2745.7615528392,2770.45928133291
7694,2663.38635303886,2681.79622938631,2713.16970286641,2724.6464993709,2747.06052223994,2771.46419418301
7695,2663.37192350463,2681.34077392092,2714.27204102349,2725.49630917437,2747.60687701521,2772.21121255779
7696,2663.15044049648,2681.24858046755,2714.13162759273,2724.80820040781,2746.56219616311,2771.76896522926
7697,2662.7746211837,2682.97074793641,2713.27899757987,2723.37358625927,2744.98586692567,2767.6415076171
7698,2662.61758158087,2685.55074329289,2710.64574736186,2719.5354589759,2740.72814733448,2757.42283479999
7699,2662.73855351849,2681.9056474033,2711.08826366137,2720.02848114517,2741.66161530301,2757.9786676617
7700,2661.97416227627,2681.75536436638,2707.74624651852,2716.43295347363,2738.77770741265,2757.22636682477
7701,2662.24316334231,2683.58222656808,2707.28751241509,2716.50601935615,2739.40306456291,2757.55231326302
7702,2662.33807632296,2683.91773423526,2707.42493547195,2717.15426240488,2741.50796366627,2759.82584286827
7703,2662.28433765156,2683.83595540924,2708.84381107025,2719.09041133365,2744.4960310979,2762.86878380066
7704,2662.1144590107,2683.55471415198,2710.90388336274,2721.35108986193,2747.88227263828,2767.18677067225
7705,2661.86685221855,2683.24395962027,2712.30517824594,2722.77921053511,2750.73276757106,2772.08070138474
7706,2661.57636849311,2683.2623897012,2712.13705307397,2722.42540308201,2751.72508024914,2770.69707958208
7707,2661.45799016776,2688.27978325609,2708.92862731959,2719.97641858481,2747.8327289501,2763.65937412714
7708,2662.10809610121,2686.62892772402,2711.49738123154,2723.2157482372,2753.51518730553,2766.71046733056
7709,2661.71193441488,2688.34281394592,2712.39434446712,2724.83120255728,2755.30243064121,2770.43293276554
7710,2661.59287333429,2688.79008043285,2713.31436430828,2725.97778658786,2755.86821513487,2770.7654483308
7711,2661.5574106612,2689.1807674839,2713.75731940504,2726.67788830283,2756.27832985934,2770.78454531413
7712,2661.53356918283,2689.44355176375,2713.90573143164,2727.08501942408,2756.45857360998,2770.69506413191
7713,2661.50497948141,2689.62706960758,2713.92641581905,2727.34236098354,2756.48722816546,2770.56092366929
7714,2661.4668035091,2689.75571400176,2713.88667888996,2727.5064368953,2756.40753249031,2770.42342683749
7715,2661.38581762607,2689.74354733718,2713.70411973954,2727.50764675959,2756.28033388334,2770.27186994587
7716,2661.22586896589,2689.62201796021,2713.33487919841,2727.30784587401,2756.14576555833,2770.05778201961
7717,2661.0328644898,2689.55134091689,2711.9347431149,2726.00380444639,2754.89024785676,2768.60571077418
7718,2660.8203413142,2689.53458609254,2711.69679649004,2725.8367650096,2754.7863752339,2768.33589432936
7719,2660.60042827325,2689.5755473059,2711.65427040655,2725.83482683672,2754.758380694,2767.91967879043
7720,2660.37799909962,2687.02874676032,2712.24242029546,2726.34721922845,2753.14093616177,2766.40453659218
7721,2660.21475888553,2682.19327903095,2707.58389867891,2720.74298947479,2748.16220434158,2761.09720396327
7722,2660.22711802139,2687.00570590156,2714.93448275497,2727.92328683436,2758.83381300076,2773.65826458848
7723,2661.11221131676,2687.2898688327,2715.21999478622,2727.50410564634,2759.28159985422,2774.29467058222
7724,2661.02805627952,2687.06306823104,2716.75647346154,2728.8556037614,2760.18143403473,2775.80377059613
7725,2660.85396112946,2688.04657277576,2717.41710458788,2729.28351243071,2759.70221710576,2775.84138666962
7726,2660.65841914565,2689.21597787079,2717.70801723589,2729.2332947937,2758.70932275226,2775.39939809118
7727,2660.49481710811,2690.06609071289,2715.89235816145,2726.94972532055,2753.6061832988,2773.89594174311
7728,2660.31248289461,2691.56192030927,2715.0288827883,2725.39947157949,2750.66629953901,2773.86914933848
7729,2660.12336433311,2692.12978151884,2715.11998358265,2724.91553536674,2749.15578965223,2770.76350020602
7730,2659.99952178778,2691.62186355244,2713.95391765146,2722.48926641557,2745.02323011787,2764.63563894888
7731,2660.00955085604,2690.66610067019,2712.89629601002,2720.336784361,2740.71416084441,2760.57931086843
7732,2660.09995032607,2689.37694977372,2711.00194396477,2717.4207466553,2735.98348092942,2754.62779903776
7733,2660.25824150469,2687.59816499546,2705.23085863006,2710.71186926336,2728.59805326576,2747.28040617162
7734,2660.54156342721,2686.28797076702,2703.56591616367,2709.08468012087,2724.77776442142,2742.63593523589
7735,2660.21622368871,2679.51084474218,2702.43825896684,2708.15477577428,2722.31258383485,2738.24447344984
7736,2660.56485219825,2678.38956146321,2697.0843312453,2702.96888729831,2716.79889929688,2730.77642382351
7737,2660.24058625074,2677.13827156466,2699.7947435795,2705.76224357295,2720.23021914561,2735.36484081962
7738,2660.20666683863,2679.37471161755,2702.31528050835,2708.44037367038,2723.34137260139,2738.3177223344
7739,2660.05813801396,2680.64436165357,2703.26775751623,2709.30659467973,2724.68747226497,2740.39282671397
7740,2659.81936892355,2679.16117680801,2701.54124420631,2707.53258495498,2723.23084633398,2738.64690194699
7741,2659.48157989651,2676.44448131133,2699.02216807993,2704.98794787502,2719.87914951696,2734.75954249142
7742,2659.69852806001,2677.9472927756,2698.82415327982,2704.82651961651,2719.89398667229,2734.86698015098
7743,2659.85129402731,2678.27237745642,2698.5637452435,2704.37282770452,2718.87906184004,2733.61992242962
7744,2659.97078267872,2677.47941871474,2697.0236917838,2702.68940487362,2717.42293988142,2731.56284647484
7745,2660.1082523424,2677.8093485321,2696.68349821632,2702.34596981752,2717.2745654324,2731.17365806038
7746,2661.87646112396,2679.68618891364,2703.41502823742,2709.19772947541,2727.85006142805,2743.52429552065
7747,2663.53936026592,2681.12752593095,2705.82433170721,2712.00262648018,2736.05222231423,2751.35350708484
7748,2665.80626607395,2679.97479467766,2705.8876613105,2712.75164174857,2736.98245438746,2750.91285454694
7749,2665.98697945161,2680.49497516707,2704.88904037848,2711.64418077048,2736.26085203583,2751.00452881528
7750,2666.32938272024,2683.17395754985,2704.65705108912,2711.37451030385,2736.6698428744,2750.84640802303
7751,2666.67362954739,2683.42970090912,2704.55715104871,2711.30851823966,2736.88279816685,2751.41347294405
7752,2666.80048821493,2683.55571986602,2704.49381439653,2711.26479129653,2737.00468980022,2751.17233276059
7753,2666.79990593119,2683.59713407162,2704.44238826186,2711.22425068012,2737.07338875148,2750.61440561782
7754,2666.78024573939,2683.664919189,2704.46682312331,2711.21194252795,2737.09794133468,2750.52592900622
7755,2666.74149857642,2683.73526366666,2704.40454666198,2711.16149754032,2737.05945128154,2749.91866910386
7756,2666.68201754229,2683.83026139705,2704.4150472819,2711.15398768183,2736.99321133764,2749.55654201229
7757,2666.61206763719,2683.71478584399,2703.22370010116,2709.92378510973,2735.20938876489,2747.93417426444
7758,2666.55371981115,2684.26206842255,2703.52498123354,2710.23858870225,2735.37892707661,2748.46195427632
7759,2666.43739871718,2684.85194612489,2703.76576531429,2710.42894607763,2735.22772364334,2748.64076323194
7760,2666.26104767006,2685.45674898054,2704.01079362841,2710.49377152199,2734.76142799071,2748.34786089961
7761,2666.01570997537,2685.82963695702,2704.00761464417,2710.24230729542,2733.73628018394,2747.56289832624
7762,2665.11351045714,2685.11929766864,2703.35302951835,2710.11622115628,2734.0805273848,2747.59392820146
7763,2664.12639883892,2684.57986755444,2702.95800267161,2710.51688946821,2734.50287890529,2747.71977938241
7764,2663.62953607806,2684.80934576034,2703.24867392489,2710.85908395626,2734.45304408541,2748.39937286057
7765,2663.02702445938,2685.05694915036,2703.40230732581,2711.00009983444,2734.34579752443,2748.95799779428
7766,2662.36766852645,2685.04427721561,2703.03723869773,2710.62859361637,2733.75195610745,2749.38727603214
7767,2661.40376599597,2685.01870128861,2708.81033610661,2715.90385458078,2738.15651385452,2760.46604514314
7768,2660.37622042933,2683.80822026633,2707.45685215208,2714.26813193302,2735.14865941703,2756.27052533809
7769,2660.40843415992,2682.3273008648,2706.09775202865,2713.10723106962,2733.92834586015,2750.66245002193
7770,2660.61356224162,2681.22014928604,2705.39810392393,2712.31237127895,2733.473865384,2749.20138394355
7771,2660.53208937236,2680.31757247133,2704.79834601132,2711.74497582177,2733.17166447721,2748.2520845345
7772,2660.53750396616,2674.57391938633,2699.00032435086,2705.98128477936,2727.83255829074,2742.5474756011
7773,2660.73472131583,2674.66618226049,2703.4094004299,2710.90485270632,2733.97249600031,2748.22668392987
7774,2660.90002711619,2674.77373241042,2704.58446939154,2712.4231776666,2735.65752227259,2751.40773877826
7775,2660.55181593674,2674.48648352034,2703.72912726431,2711.27844769973,2734.98347983581,2750.44076630501
7776,2660.24286769063,2674.89077454312,2703.63632780191,2710.75962391382,2735.57901403696,2751.6150268418
7777,2660.00911523218,2674.77513896516,2703.52125143633,2710.49295221814,2735.46819408764,2751.37372141368
7778,2659.78402139025,2674.79730488103,2703.78911881519,2710.60816771935,2735.59571182302,2751.36211505393
7779,2659.54033795772,2674.92393883322,2704.43345181384,2711.07381062609,2735.91754340557,2751.54818583926
7780,2659.19799734423,2675.02440880619,2705.99168368546,2712.29181750159,2736.39791700151,2752.01463964531
7781,2658.84273156675,2675.58281473317,2707.40038635525,2713.35911224659,2736.67847618843,2752.32739993948
7782,2658.48539518485,2675.50110723494,2708.08921163285,2713.69748017239,2736.18044376914,2752.05070781318
7783,2658.13729372021,2675.31497037294,2708.38308462852,2713.70370863036,2735.36840063198,2751.77966991722
7784,2657.98651582867,2675.55640307442,2704.68712110389,2710.01247315994,2732.37059680386,2748.36610165985
7785,2657.90840803317,2675.2631028088,2704.44138878495,2709.77900826841,2731.7781922634,2748.15526858614
7786,2658.0438093116,2674.79582072237,2703.41399724177,2708.71110859699,2730.02414274029,2746.86428105925
7787,2658.33305347054,2675.19653084903,2701.90323290135,2707.34296385818,2729.82034381289,2747.57395113301
7788,2658.98304821483,2676.12928093038,2701.76948218937,2707.5594756627,2729.43612973493,2747.39727749742
7789,2659.71477824297,2677.01348185459,2700.84723457899,2706.92263698782,2728.37564800429,2746.98024086774
7790,2660.41970695024,2677.69499874406,2700.41346941805,2706.73553981699,2727.71074484536,2747.09103616174
7791,2661.05759376139,2677.9465437512,2700.09283907798,2706.59950099825,2727.02107984202,2747.09121373464
7792,2661.6017264409,2678.05131651222,2699.74905928947,2706.36908025531,2726.18191761792,2746.80023297813
7793,2662.03316553111,2677.96073980467,2699.29610298349,2705.93942566033,2725.10293150339,2745.95947028742
7794,2662.34273051819,2677.23729398186,2699.05568483973,2705.68173775632,2724.0404262811,2744.86631670812
7795,2661.14255510019,2676.47928215253,2699.61988665011,2706.4948117911,2723.19007736764,2744.39344119289
7796,2660.52016287512,2675.57135054085,2699.3724668969,2706.12302389365,2722.06670955447,2745.11267317484
7797,2660.48365569931,2679.12953959924,2703.29026600691,2709.76555640596,2724.96930408109,2749.96845240187
7798,2660.5627231532,2681.88086099563,2705.56777312565,2711.65108087261,2726.04371191161,2750.03135165793
7799,2660.62457252864,2682.28637241696,2705.0699443959,2711.01655106254,2724.69976441493,2747.93883173501
7800,2660.61580644802,2682.39655152242,2704.32172175355,2710.19796878304,2723.44916281413,2747.20701993008
7801,2660.67908349821,2681.64660435074,2704.25196546503,2710.31396164079,2723.89541790174,2745.8032313854
7802,2660.92276847566,2681.69835054583,2705.19710528662,2711.77629589467,2726.96581471046,2749.65471834305
7803,2661.04608611546,2680.74745820886,2704.17871642103,2711.07001353449,2726.66555016993,2749.88635637101
7804,2660.87782570872,2678.50453851178,2702.92747644897,2709.78366202276,2725.74201935955,2749.1793343471
7805,2660.59761348263,2674.68368769994,2700.32361498217,2707.14964821172,2723.34079910491,2746.91550378092
7806,2659.65910076572,2673.37762213172,2692.51183475843,2699.71341062311,2717.09064257388,2738.12655751557
7807,2658.41913858765,2672.20096486866,2693.53902781092,2702.58687266476,2722.63513757447,2740.61450460509
7808,2658.3776554975,2670.64651057973,2693.69638042707,2704.08559491644,2724.5782713742,2741.29416385342
7809,2658.01864772579,2667.72211052735,2688.89243898113,2698.90728105898,2717.61219076775,2732.63633780295
7810,2657.9525328338,2670.95575440409,2691.73213053463,2701.54016291755,2721.55894659533,2737.25652051514
7811,2658.15833440388,2674.83760810928,2693.53736727235,2702.9432178578,2723.13890517744,2739.94007910054
7812,2658.83252664322,2677.82909791308,2698.33215201655,2707.22777876548,2726.79073853026,2744.98868789987
7813,2659.49414922993,2678.15645041214,2699.97460306048,2708.4243007944,2727.7145122147,2745.95800295562
7814,2659.95131024217,2674.15130661597,2694.80604143732,2703.8658853416,2723.42361586893,2739.35913553475
7815,2659.81637747859,2673.003801246,2691.39357216691,2701.02325431018,2720.33869554224,2738.1776858523
7816,2659.30992413425,2672.95485578416,2691.57828795921,2701.13036175645,2720.95128664202,2738.05595787125
7817,2658.80925228631,2670.84226776521,2689.67889868949,2699.43999414178,2719.22741500967,2735.354825687
7818,2658.32447536203,2670.13777014343,2689.32588636952,2699.03111722602,2718.81695506455,2733.14984755906
7819,2658.23636141544,2668.48560024027,2697.11645404406,2706.08337733207,2723.20691539451,2742.19900461631
7820,2658.57175027154,2676.07394897402,2708.90804946485,2718.3739299673,2742.32048397705,2764.2082409484
7821,2658.09701422491,2675.06344755063,2708.04236596564,2717.56181684505,2740.81367301138,2764.47454412287
7822,2657.57962471925,2674.18318918381,2707.43355291396,2716.95710122311,2739.5132217195,2763.77709571485
7823,2657.03903953923,2673.35112425248,2707.10266217398,2716.59387614389,2738.35787485537,2763.47144615913
7824,2656.49339188444,2672.3460787418,2707.33503671669,2716.74154165058,2737.23690434651,2763.84413618997
7825,2655.96563097723,2671.10778193195,2710.69512504213,2719.96202824266,2738.85351800872,2765.25562355859
7826,2655.41345071528,2670.04511185014,2705.21647452808,2714.4794539816,2733.95624919264,2763.28522906998
7827,2655.36006142904,2668.90185573901,2712.60322613516,2721.94902062466,2742.13450015322,2768.26609780015
7828,2655.44590194178,2669.23014296822,2713.44947562154,2721.94813625311,2741.03594614247,2766.40395463017
7829,2655.60872105431,2669.86717816348,2713.60993681263,2721.27331125119,2738.97414162435,2764.05066246608
7830,2655.84437624159,2670.73561470041,2713.27335681974,2720.15643238698,2736.48158102685,2761.8006810428
7831,2656.14069523351,2671.74422976633,2712.73828473444,2718.93751144022,2734.12864797379,2760.35568824654
7832,2656.48089440903,2672.89716213306,2712.39724955786,2718.03726977853,2732.42039509463,2759.93908353511
7833,2656.84724309162,2674.35744888639,2712.74683870268,2717.9557215438,2731.82035886616,2760.67139633517
7834,2657.2182345241,2677.15445331386,2723.30490445779,2728.31032077114,2741.2966412067,2763.75548541243
7835,2657.38728319413,2676.95213226182,2716.99388150846,2722.67653539851,2736.34776167071,2757.25258436241
7836,2657.57796335714,2676.19043500069,2714.21222217442,2720.13380398548,2733.53208036835,2754.65194501434
7837,2657.96681188773,2676.72554709031,2711.68517517514,2717.83686233565,2730.78149587366,2751.04689432905
7838,2658.2887176855,2678.11913255171,2702.54456193687,2708.98137504117,2724.83049700942,2746.99393652254
7839,2658.17197636959,2677.7955854371,2703.24688416233,2709.8919439233,2726.41164492188,2748.10832878922
7840,2658.02137952369,2676.87141609095,2702.31032133229,2709.16987185959,2724.87691641845,2747.45227333989
7841,2657.84896570786,2676.67073949411,2702.23356397328,2709.20939115915,2724.07522263569,2747.13202338598
7842,2657.65403449587,2675.78813259344,2701.69890574942,2708.87345160651,2723.29190320305,2746.32471509055
7843,2657.43668977097,2674.95948554948,2701.34494245002,2708.71858561951,2724.4960410417,2745.90612681439
7844,2657.19800109945,2674.31572194302,2701.16750731154,2708.74123669372,2724.6223706893,2745.64043379056
7845,2656.93209188046,2673.96716581069,2700.62481478734,2708.39522926656,2724.49831592638,2745.0689645296
7846,2656.62466438672,2673.78129257834,2699.69291239731,2707.66268682658,2724.15946211707,2743.54937705015
7847,2656.16308526678,2672.80239550565,2698.78761536907,2706.8305954461,2722.06506901364,2743.03595909181
7848,2655.71632683279,2671.302804709,2697.36317364384,2705.52973293122,2721.10588387814,2741.33581469843
7849,2655.2973003486,2670.57902748441,2697.39471101828,2705.52672617826,2721.08157682724,2741.02579949452
7850,2654.91952043362,2669.96623912928,2697.32362908845,2705.35042913634,2720.69292140955,2740.46587046291
7851,2654.59594459161,2669.47613072622,2696.91099629185,2704.77158449197,2719.7423216955,2739.17379822363
7852,2654.33767893763,2669.13458388614,2696.37749660165,2704.03838426536,2718.52109205817,2737.76379153045
7853,2654.15251701732,2668.98409859749,2695.93263477952,2703.41076357703,2717.35100588096,2737.51177206008
7854,2654.04341721617,2669.09940698319,2695.03447314664,2702.27089854265,2715.40263894214,2737.29583256913
7855,2654.00772205687,2669.33753050421,2693.36140002277,2700.28988666381,2711.74691835141,2736.44150266134
7856,2653.94524915733,2669.59462271445,2723.91647899545,2731.08992429584,2742.04367626297,2771.21945507971
7857,2653.90155391216,2671.4368085037,2719.11091567708,2726.36044532991,2736.25687005493,2764.15311031632
7858,2653.89971735267,2673.45232900545,2713.71634402594,2720.54530764519,2729.87650249486,2757.24975251086
7859,2653.92429674745,2672.12942340425,2706.66093750336,2712.75701986062,2722.92811311708,2751.90462681041
7860,2653.75631165696,2671.80373576848,2708.2414399638,2714.0970206229,2724.04651702332,2754.65512974877
7861,2653.59348422951,2671.4796639484,2709.29411909724,2715.52733355714,2724.83885803536,2756.21048737861
7862,2653.41381827367,2666.14589777222,2696.90894406805,2702.96089086813,2711.60654916343,2747.71000941106
7863,2653.25221197311,2668.64847468043,2701.96308423251,2707.96688080861,2716.17786109661,2751.43267173568
7864,2653.33176649326,2668.75164946862,2702.40781375613,2708.39126230054,2716.11242982401,2750.43646417686
7865,2653.40869321193,2668.71504352524,2702.27342392567,2708.23692342355,2716.01956688132,2749.80136829504
7866,2653.48146384838,2668.76406451771,2701.88334399566,2707.84059185557,2715.79154933254,2749.14360987028
7867,2653.54837548662,2668.47126476311,2698.87843131569,2704.78845816626,2713.21112662344,2745.94091499237
7868,2653.60779114753,2669.24516503021,2701.26608107227,2707.14506638772,2716.14243967712,2747.58416817037
7869,2653.66060089295,2670.25509383775,2702.33171532468,2708.07250625226,2718.21750886795,2756.16008288499
7870,2653.72342734933,2671.26603862584,2701.91167876558,2707.622692785,2718.23941952597,2757.16246164168
7871,2653.78383230218,2670.94354202575,2698.95871031022,2704.54820178729,2715.82486667562,2752.63850985459
7872,2653.84086064905,2670.4428684704,2697.41864346431,2702.91505867722,2714.6027816326,2749.78213802468
7873,2653.82127751661,2669.72484018421,2692.2234423061,2697.79609408852,2709.52857450716,2743.31045274062
7874,2653.6373171257,2670.22153584125,2692.1073251069,2697.84541862535,2709.45619022044,2741.7162948918
7875,2653.46438065463,2670.46415678181,2692.3298344528,2698.20800008443,2710.1863582704,2739.68532330385
7876,2653.31528195973,2670.9652410261,2692.94851822849,2698.77934034521,2710.72301000076,2737.91554626497
7877,2653.19930812724,2671.43037731451,2692.32627783058,2698.23346259251,2710.24456363319,2734.74042698278
7878,2653.01845555524,2671.47468850361,2692.43191934688,2698.42375894144,2710.35728525136,2734.51726624011
7879,2652.75865258084,2670.16119464013,2690.63652988111,2696.65687549873,2708.59531635511,2731.89212265695
7880,2652.45597768548,2667.3941372995,2686.74641907519,2692.45535154069,2703.56560225912,2722.88966159308
7881,2652.52173759809,2667.55891527573,2687.74110628343,2693.42085736394,2703.13612803594,2725.53641841236
7882,2652.59149673046,2667.55777202767,2686.88228903986,2692.52084962829,2701.88000183885,2724.37136329942
7883,2652.6652613025,2667.5785740381,2686.18424923621,2691.79614020242,2701.01435533558,2723.21802218721
7884,2652.74814331636,2667.75003420948,2685.85060230772,2691.45597312281,2700.6076534585,2722.53719545593
7885,2652.83444321465,2667.88714489211,2685.55741328019,2691.16175014561,2700.24090375009,2721.8687629719
7886,2652.9235699644,2667.98763612797,2685.30540901363,2690.91213986608,2699.30856541726,2720.62829481916
7887,2653.01531519419,2667.97614364672,2684.69012910175,2690.31718820134,2698.72469959443,2719.64884914288
7888,2653.10752659185,2668.07376716115,2684.49938292716,2690.15752370251,2698.56967438903,2719.19945818893
7889,2653.19947324424,2668.24977684955,2684.3085437404,2690.02170141489,2698.50029456125,2717.91791774815
7890,2653.29295160891,2668.39263871572,2684.11964347703,2689.89107986138,2698.43273474206,2717.82532709204
7891,2653.38762369156,2668.47566614677,2684.44969716656,2690.28118896794,2698.82992734015,2718.16384505909
7892,2653.48311825731,2668.57414221975,2684.43364199951,2690.3250215549,2698.86384116078,2718.12928111862
7893,2653.57906260894,2668.75967911413,2683.24158687332,2689.20934543189,2697.73073543874,2715.83585795617
7894,2653.67323967372,2665.66249238227,2678.78193607375,2684.61095119284,2692.18024535758,2707.23427176038
7895,2653.68318831609,2665.70330876106,2678.84082469936,2684.68733044243,2691.98967759448,2706.41041166622
7896,2653.69036601042,2665.64405906614,2678.87807365067,2684.72984241759,2692.01358918824,2706.01688264566
7897,2653.6971111587,2664.87246503554,2678.6586336152,2684.51242985706,2691.73869034643,2705.52556383201
7898,2653.70339854852,2664.86412588186,2678.6862712862,2684.54236483821,2691.75299665503,2705.57724732548
7899,2653.69341660697,2664.83828667203,2678.66994716834,2684.53145489058,2691.72153174106,2705.49094554056
7900,2653.67531652791,2664.78926994068,2678.673663103,2684.53761207496,2691.71102109288,2705.45107894801
7901,2653.65553182719,2664.68107214657,2678.21128823566,2684.13754110934,2691.36289055853,2703.75231127333
7902,2653.63715015725,2664.27219930959,2678.35556158311,2684.27330284109,2692.30639979382,2706.21641684782
7903,2653.61609235561,2663.70441827001,2677.51427795507,2683.42616090702,2691.99925063307,2705.30855252841
7904,2653.54955940515,2663.22645659794,2677.36903757776,2683.26780025353,2691.84127158127,2704.8610045614
7905,2653.06376855615,2662.62540968202,2677.50549766909,2683.4018095658,2691.67154590087,2705.47883613841
7906,2652.66056816817,2662.35751887832,2675.62933678899,2681.45220437654,2689.35709268832,2704.67030679943
7907,2652.65738659968,2662.35900818108,2675.66702118172,2681.48341454635,2689.13375768071,2704.14470703923
7908,2652.72783953098,2662.61703907967,2676.07424673695,2682.05855674657,2689.70988763462,2704.71199163836
7909,2652.80940435985,2662.89438842213,2676.96150903421,2683.0979698891,2690.69899041114,2705.37094212184
7910,2652.89895861345,2663.18151230643,2677.37935307244,2683.69172938457,2691.29855688344,2705.99551682972
7911,2652.99590452205,2663.47050045252,2677.86668075363,2684.35018776424,2691.94894476257,2706.41186965017
7912,2653.099516105,2663.75783054127,2678.35546030376,2685.00294537802,2692.58351735186,2706.45198066892
7913,2653.20899298114,2664.03770516883,2678.74768300973,2685.54917068182,2693.06662528329,2706.75307938902
7914,2653.32345253722,2664.29234731586,2677.81563599034,2684.79341119749,2692.23309195218,2705.95541437123
7915,2653.44198387436,2664.49050730744,2678.13867233381,2685.26725318555,2692.48990675021,2705.47977299149
7916,2653.52284515447,2664.60730353801,2678.38747007843,2685.63424498067,2692.94913830681,2705.53418623016
7917,2653.45006611909,2664.39786481444,2681.5674995917,2688.85856712319,2698.73718864992,2711.65465327605
7918,2653.38349024573,2663.99114839748,2685.08900051781,2692.39324705772,2702.56857255927,2717.51917813294
7919,2653.32372600524,2663.30661154573,2684.87287062206,2692.09408438198,2702.47468612183,2717.17293325662
7920,2653.27133614992,2662.63069426649,2683.83028413276,2690.9102854486,2701.32057613482,2715.56290916137
7921,2653.22695534505,2662.11369713943,2683.66591339511,2690.6059603662,2701.15686009151,2715.20355247792
7922,2653.17869435841,2661.79727564623,2683.14778559951,2689.92942438355,2700.09944182265,2714.06646131593
7923,2653.11625167786,2661.10259563446,2682.34538296296,2688.85651433048,2698.70632350519,2711.70282010267
7924,2653.05659090701,2660.72225995407,2680.21187614735,2686.46544614857,2696.0504165005,2708.1999112059
7925,2653.01391384953,2660.47457779543,2679.99914171251,2686.04634531848,2695.69227927743,2708.84305373275
7926,2652.99442315834,2660.98508325309,2680.37286928093,2686.40223940004,2696.01790040428,2709.44208335397
7927,2652.97408654246,2661.35265602356,2680.65818096521,2686.63023694672,2696.10988246924,2709.77960158555
7928,2652.95294359734,2661.53628802281,2680.80340844318,2686.71525936976,2696.14073739326,2709.92132441495
7929,2652.93108469636,2661.60478471722,2680.84619890793,2686.70319583466,2696.12333578132,2709.21910655445
7930,2652.90445191404,2661.72336786407,2680.85668515904,2686.68588183522,2696.11842043263,2709.17992798572
7931,2652.8662540279,2662.08164979481,2681.23436597345,2687.10045822208,2696.55056667767,2709.2741564499
7932,2652.82995248087,2662.30047263503,2681.63231636213,2687.52158788052,2696.96292264045,2709.2985596832
7933,2652.79574301199,2662.38138441733,2681.75613757852,2687.68084718505,2697.15479938269,2708.87276518092
7934,2652.78012215236,2662.50479112069,2682.93648047815,2688.91899997108,2698.52526779704,2710.19137409459
7935,2652.77381830891,2662.78975341035,2685.18499681659,2691.2502987293,2700.87168303815,2712.444635148
7936,2652.76708787281,2662.988231198,2686.20767953292,2692.34364419575,2702.09871089256,2714.01363552714
7937,2652.75989854139,2663.07461087249,2686.55068129792,2692.73753101269,2702.6649476473,2714.93843820314
7938,2652.75226830392,2663.04016112276,2686.45918168775,2692.68597378105,2702.70747247705,2715.26884963398
7939,2652.76203877841,2662.98444830325,2686.84825170923,2693.06956292572,2703.20547466581,2716.0627942044
7940,2652.78245867626,2662.91383734305,2687.01802879,2693.26196953765,2703.54315286822,2716.42332451739
7941,2652.80508095267,2662.83112268685,2687.02205296121,2693.29069993048,2703.72998602522,2716.66377074819
7942,2652.82976697805,2662.72792785979,2686.89792371786,2693.19744167128,2703.80530687914,2716.79593374485
7943,2652.85641092727,2662.90242680227,2687.31951153689,2693.68866318555,2704.43330437668,2717.22868319218
7944,2652.88483409935,2662.73410993633,2687.1360554923,2693.54758317736,2704.47924494973,2717.34972015759
7945,2652.91689772656,2662.64269232217,2686.49759450057,2692.98921295271,2704.10134199614,2716.68703760511
7946,2652.95040889117,2662.52180616564,2685.07711013925,2691.64911361935,2702.94374672054,2715.04688442279
7947,2652.98516518115,2662.27848608523,2683.59804205478,2690.26846154351,2701.68458655603,2713.39449610318
7948,2653.02095750135,2661.70666298177,2682.10269394939,2688.85833852287,2700.35888734265,2711.34191412486
7949,2653.02156700979,2661.54292145649,2682.48211066573,2689.44235802208,2700.8248583243,2711.83230852949
7950,2653.01472097476,2661.44870349553,2682.07750891631,2689.03296237854,2700.47476016567,2712.90576546068
7951,2653.00486335247,2661.44326826922,2682.86541359314,2689.86404975734,2701.38442313502,2714.07951970304
7952,2652.98314069288,2661.94939761414,2683.85793256612,2690.89755136321,2704.66571317072,2714.35808139745
7953,2652.95409394011,2662.56630564336,2684.25897217418,2691.3231934561,2704.78416030914,2714.19983951048
7954,2652.95479727158,2662.83133929715,2683.85459306411,2691.05280389495,2703.87990019157,2713.28553580228
7955,2652.99026144581,2661.88975886642,2683.7927066652,2691.05646850212,2703.46699542818,2713.39186939448
7956,2653.04454612789,2661.58965092389,2684.87430243976,2692.14411769025,2705.28730674052,2715.70924123768
7957,2653.09019377814,2662.45336663408,2685.02072498259,2692.15013786543,2705.61204981763,2718.87748546346
7958,2653.13044196909,2663.15583648805,2685.46201258018,2692.59090578097,2705.9887076918,2720.60899224749
7959,2653.16852132157,2663.62882558431,2687.70922423463,2694.7769544783,2708.39610102264,2720.67687568235
7960,2653.2042639669,2664.21267213373,2687.73947800402,2694.73445735182,2708.65742634527,2721.63090552758
7961,2653.23755156005,2664.80242644527,2687.81659112189,2694.74400001799,2709.02286326478,2721.6292496214
7962,2653.26836199478,2665.27531193499,2688.71413325878,2695.53990847885,2710.32549968856,2722.77168506087
7963,2653.29666582666,2665.57756855379,2686.26015434463,2692.24784763516,2706.8084258575,2719.65832273068
7964,2653.3225147265,2665.80723567072,2686.37346465301,2692.18729419157,2706.6372913944,2719.69302372213
7965,2653.34596163572,2665.98886231429,2686.48711511506,2692.15733801943,2706.52706273731,2719.65602242971
7966,2653.38968887041,2666.13426225969,2694.2751676785,2700.72732362542,2715.51069101179,2727.60164148109
7967,2653.5205059594,2666.32089694677,2689.1145829172,2695.07211078327,2710.39748111945,2724.41556831116
7968,2653.65572569952,2666.52756731234,2688.72487838047,2694.76497742538,2710.00006245275,2723.12299168483
7969,2653.79519121737,2666.78353005334,2688.85996930413,2695.03233216431,2710.22491683007,2722.89714249191
7970,2653.93879528933,2667.06238131561,2688.49272206477,2694.80852965281,2710.0422133606,2722.27975673342
7971,2654.08867155494,2666.76727020298,2688.37333017099,2694.83091785704,2710.31937104619,2721.82178214235
7972,2654.24244464294,2666.43804175067,2688.22763672786,2694.79806953965,2709.79689337452,2721.23562714423
7973,2654.4425939614,2666.63790276671,2689.74447763654,2696.516873619,2710.70065713199,2724.080020813
7974,2654.67151912663,2666.99561025379,2689.98415397892,2696.90705804027,2710.50709906207,2725.05295676812
7975,2654.90652417416,2668.27311326382,2690.4071107019,2697.48886263109,2710.94509229518,2725.72865254587
7976,2655.14728097843,2668.50243662216,2690.64833079007,2697.87952138646,2711.20148407056,2726.85289077514
7977,2655.3934174128,2668.74552896826,2690.92448459207,2698.30345622265,2711.49331871199,2727.32864552712
7978,2655.64453957548,2668.97669982767,2691.22494372521,2698.75136462812,2711.85495245499,2727.74755388246
7979,2655.90017271975,2669.22051930398,2691.54028481584,2699.21005162113,2712.24280000497,2728.01840412211
7980,2656.15579746001,2669.50993352348,2691.81036837883,2699.61279731966,2712.52262928538,2728.06706354768
7981,2656.41425536876,2669.84052409828,2692.08212383491,2700.01781556793,2713.25305395216,2729.01976077125
7982,2656.67518619745,2670.10598874643,2692.35853381221,2700.42436909353,2713.668347317,2729.82970183328
7983,2656.93800373375,2670.37022441913,2692.61346536595,2700.80749848345,2713.81974409945,2729.80311323922
7984,2657.20212125579,2670.62157328818,2692.855979972,2701.17552670673,2714.15425153184,2730.13819825114
7985,2657.4669150367,2670.87060251785,2693.09747171144,2701.53758829788,2714.53288051474,2730.42819711967
7986,2657.73179603395,2671.0930334789,2693.35241731247,2701.91016211616,2714.9392653138,2730.72878030035
7987,2657.99612764414,2671.32325792809,2693.61280728265,2702.28313928377,2715.3912680834,2731.02750541249
7988,2658.25512531209,2671.52900743716,2693.68987251901,2702.47039202401,2715.6268357174,2731.13600606008
7989,2658.5109291331,2671.73534501451,2693.83144959319,2702.71980212618,2715.88694943822,2731.11857458299
7990,2658.7641224326,2671.85146504428,2694.01511415282,2703.00696000781,2716.12232911113,2730.70359937637
7991,2659.01233591221,2673.00080030054,2694.75233307033,2703.90311192763,2716.88469827361,2730.43082877893
7992,2659.25695464761,2672.79419947845,2695.99033150188,2705.21216560858,2716.60362824606,2731.59244253685
7993,2659.50038494143,2673.95152477999,2697.80309804024,2707.12223860119,2718.47196396024,2733.46483511787
7994,2659.7432749008,2674.40613397535,2698.46823813582,2707.85222001546,2719.41062462728,2734.22545146284
7995,2659.9851188773,2674.82800760032,2699.03533016139,2708.49438960594,2720.08314703864,2734.69943162594
7996,2660.22538234251,2675.20576069338,2699.32269543226,2708.85905533046,2720.60328606809,2735.39221654735
7997,2660.46364369786,2675.59899881586,2699.52089918415,2709.12741465983,2720.95596427654,2735.72366381142
7998,2660.69945978651,2676.01213050311,2699.78682739626,2709.4674399064,2721.34841738022,2736.03757429971
7999,2660.93245437444,2676.43713631881,2700.06690200461,2709.81398356842,2721.73050005556,2736.3520554012
8000,2661.16229230706,2676.88035060887,2700.37921997178,2710.19173218048,2722.12864282561,2736.65383496445
8001,2661.3886647162,2677.34202744733,2700.73473723302,2710.60058265459,2722.53896012949,2736.97060612347
8002,2661.61135318703,2677.82623375696,2701.08598537508,2710.98545195555,2722.90940092006,2737.32647960946
8003,2661.83012910176,2678.3512613249,2701.33787315069,2711.21831917562,2723.12682740919,2737.64279111308
8004,2662.04482048213,2678.89405853226,2701.29990786129,2711.10018584253,2722.98699395502,2737.76972265924
8005,2662.25528009292,2679.2908351035,2701.14106478802,2710.88883578581,2722.98466243695,2737.91374463054
8006,2662.46138922124,2678.79762202933,2700.41800671097,2710.51570416231,2722.97813293287,2736.83261533787
8007,2662.56506764786,2680.06576047627,2700.46088798018,2710.56766911165,2723.27699728546,2737.83750635023
8008,2662.6356468309,2680.14401110993,2700.85780384763,2710.97224113521,2723.96103107422,2738.16788940122
8009,2662.70246536958,2679.84129237787,2701.17074756112,2711.27567046193,2724.35301133124,2738.12688419297
8010,2662.76524188428,2679.32601064236,2701.70380481883,2711.76311481669,2724.86051865751,2739.01371873092
8011,2662.82409727633,2678.7311673387,2701.94632089097,2711.9383439252,2725.06757181239,2739.19890708064
8012,2662.8790107293,2678.33523070491,2701.92641047201,2711.81785909265,2724.95151484766,2739.06658541069
8013,2662.92995445246,2678.39442170746,2699.932469742,2709.47475450578,2723.12177628235,2738.6665177196
8014,2662.97690549108,2679.19003311766,2700.41591063695,2710.03339142009,2722.88964293174,2737.32598853015
8015,2663.01985366664,2678.59133080719,2694.26950626157,2704.11572937687,2716.90212073669,2730.09945170058
8016,2663.22319670543,2678.54344518513,2695.52997689677,2705.55382961867,2718.01036359569,2731.30492268727
8017,2663.46304601466,2678.00536778454,2695.67348358347,2705.63482155756,2718.31258685609,2731.68198317565
8018,2663.69352450094,2677.89731934141,2695.92056676101,2705.82994733221,2718.64448709693,2732.10165497512
8019,2663.90092434644,2677.94347566819,2696.10479792337,2705.92532149184,2719.01712146166,2732.46067737275
8020,2664.07706604104,2678.05773989955,2698.69827055639,2708.6816225934,2722.18345195226,2735.69160465428
8021,2664.2410769557,2678.0458836284,2700.26332397198,2710.07348917171,2724.07892874876,2737.29125413664
8022,2664.39201230709,2681.21399712155,2704.24331718796,2714.112109708,2728.72969600045,2742.18274581001
8023,2664.52902739431,2681.62225571708,2704.13936937036,2713.79853442299,2728.66355760229,2742.21711782406
8024,2664.65148400013,2681.88577005729,2704.15437070343,2713.59786630962,2728.52271152635,2742.37447343258
8025,2664.7589047284,2682.2179321726,2704.17816416257,2713.4046861311,2728.36900543849,2742.5749651356
8026,2664.85099005408,2682.4849495421,2704.26192504822,2713.25776028187,2728.31341757573,2742.83359831823
8027,2664.92763303302,2681.24555729069,2704.23023019444,2712.9882844263,2728.16309639506,2742.90455525785
8028,2664.9889185729,2681.80325796781,2704.4183614297,2712.95942946271,2728.3452666356,2743.35002348586
8029,2665.03510700975,2682.44747185249,2704.64827411054,2712.96717765766,2728.5920627204,2743.60919024042
8030,2665.06658275756,2683.26182482347,2704.74384192674,2712.83421242808,2728.76156398258,2743.53129856256
8031,2665.0839203245,2683.07940825871,2704.40185497305,2712.26110279649,2728.49166876942,2742.87511330752
8032,2665.08779991269,2683.43069844337,2704.29492460885,2711.8882205045,2728.41225076889,2743.09931692564
8033,2665.08842587092,2683.42078139718,2703.17624199241,2710.59616286204,2727.57364815749,2743.73205946994
8034,2665.13285185956,2683.79703229171,2708.22725621457,2715.43138263631,2732.89604368918,2746.56964650021
8035,2665.16645647163,2683.02425591969,2700.73714029578,2707.77540954268,2723.85618755827,2737.39492925457
8036,2665.22181171096,2683.27831534792,2701.26782850226,2708.32971657725,2724.2723410811,2738.08012792789
8037,2665.27783949079,2683.63443697949,2701.74782254788,2708.89489024389,2724.74095559303,2738.57593406485
8038,2665.32581361679,2683.9057989809,2702.16611015032,2709.39596252184,2725.19292654757,2738.37213633404
8039,2665.3657607513,2684.14442962025,2702.62134405308,2709.90075425215,2725.70459442108,2738.83201822062
8040,2665.39775995107,2684.22881146607,2703.00981108617,2710.32594614719,2726.11528999216,2739.05137668936
8041,2665.43925921401,2684.65176574634,2703.89461246062,2711.27932681779,2727.07551235756,2739.90035374162
8042,2665.52040343028,2684.81382022805,2703.96766295554,2711.3603943998,2727.11765960894,2739.85532549581
8043,2665.60057051686,2684.91664394044,2704.18583574581,2711.57327500922,2727.29726501154,2739.98713299769
8044,2665.67967053874,2685.01876160239,2704.26422173596,2711.64652989972,2727.36982522953,2740.02908782576
8045,2665.75759911639,2685.13708163778,2704.33409957527,2711.70145148114,2727.34094580794,2739.96354733615
8046,2665.83429473336,2684.89690229376,2704.461884185,2711.8127875885,2727.45475882713,2740.0665692413
8047,2665.90844646824,2684.99030303268,2704.69501298565,2712.02579664056,2727.65131752822,2740.23296309807
8048,2665.98055536283,2685.07969074439,2704.85029908071,2712.16099549784,2727.73206087391,2740.33431181999
8049,2666.05116962333,2685.17407071679,2704.85422545829,2712.14994033369,2727.65352860007,2740.28889402989
8050,2666.09282404278,2685.17775687297,2704.55486207145,2711.80124060542,2727.1262586942,2739.72106542747
8051,2666.1419913525,2685.15628692741,2704.68398173709,2711.8932338109,2726.399176585,2740.21305323477
8052,2666.214783113,2684.70679114218,2704.86144473973,2712.01454224919,2726.15730812992,2740.10113193019
8053,2666.26465476213,2684.7866056733,2705.33819120451,2712.45604792435,2726.26996720951,2740.47719878017
8054,2666.29762840526,2685.91791847078,2706.80481580304,2713.59838633734,2724.45739980062,2740.11836010727
8055,2666.31903497869,2685.53302075203,2706.91245022474,2713.66268007386,2726.72580762118,2742.55856172008
8056,2666.29838532765,2685.41561041189,2707.21415495869,2714.05569747065,2732.12623083753,2750.63977272345
8057,2666.21295378097,2685.37526457134,2707.1297591804,2714.08363761726,2732.58209290442,2751.47971736788
8058,2666.09717202349,2685.22077991094,2706.99522026887,2714.05561120032,2734.7482520721,2754.1902897982
8059,2665.95112836896,2685.01135367754,2706.47470065043,2713.62225745646,2735.11620015648,2754.65175336053
8060,2665.77542075015,2684.69711321712,2706.01863898067,2713.23163610213,2735.5868597056,2755.07546302694
8061,2665.57118619893,2684.50680231588,2705.94982672892,2713.18215528553,2736.07963781634,2755.78004844985
8062,2665.34003862084,2684.18804926073,2705.55844450399,2712.81505674711,2736.28543504218,2755.96443509464
8063,2665.08407773084,2683.79060768473,2705.07711916768,2712.34336013861,2733.89145543833,2754.12888770673
8064,2664.80581903293,2681.46655628838,2699.51981780196,2706.49817799988,2727.41319893499,2746.4881511961
8065,2664.50810152612,2680.35715888372,2697.65219363975,2704.56012335301,2724.86785427548,2743.73034041916
8066,2664.19398025392,2678.49196350195,2694.4331141751,2701.25377089799,2721.51212196971,2740.46741688954
8067,2663.86661409989,2677.42708549527,2693.21814208183,2700.05589049892,2718.09958685823,2737.35680137725
8068,2663.62172631805,2676.85376411671,2692.57308752831,2699.42645100238,2713.20513901467,2732.94979660369
8069,2663.53190175448,2674.53874272864,2689.52737618592,2696.04932980513,2708.15728742168,2725.58051491967
8070,2663.30893546442,2682.97537775263,2698.07231057035,2704.85430417347,2726.41303341202,2743.33276752191
8071,2662.85502773356,2680.66088896174,2698.42761009238,2705.88264472546,2727.89546651977,2744.68157233936
8072,2662.72227530011,2680.25439605093,2699.46818701468,2707.08032530793,2728.65872918814,2746.39265141827
8073,2662.89179634552,2680.34992546829,2698.38332665894,2706.22691629713,2728.32622570928,2745.6895887248
8074,2663.17385438679,2679.26868572978,2697.27686600086,2705.24505395279,2725.93278866819,2744.47202772873
8075,2663.20857876363,2673.1788341066,2691.56030895935,2699.67933814971,2715.3898286357,2734.69591512684
8076,2663.25238239456,2673.94822114705,2700.17878926835,2708.20977341058,2723.93954405811,2745.7240391741
8077,2663.53850458886,2675.75078994914,2701.30171195831,2709.31606747899,2725.414830098,2748.75745346406
8078,2663.79507537296,2676.20379942692,2700.89096794691,2708.96519963909,2725.37902377349,2748.32461944637
8079,2664.01407001635,2676.55617454483,2700.50121446921,2708.57738642835,2725.07414982235,2747.88706193428
8080,2664.15138680535,2676.8499831536,2699.80551197637,2707.79192151881,2725.19352990211,2747.75591359844
8081,2664.25483766729,2677.24767091126,2700.36623114202,2708.3051422462,2726.44216091343,2748.43068251135
8082,2664.3467021015,2677.66243731601,2700.87164835802,2708.77521688275,2727.12123530091,2749.08434661267
8083,2664.42488263037,2678.04696104582,2701.23619172205,2709.08802308815,2727.43760410847,2749.23807421914
8084,2664.48793027681,2678.39057679422,2701.53417926588,2709.31944760521,2727.57946302369,2749.22332913838
8085,2664.53497127754,2678.68549657281,2701.80606237996,2709.52476497807,2727.636203133,2749.1619605474
8086,2664.56570031833,2678.93044633633,2702.05560931209,2709.70713040982,2727.62645392227,2749.07477269795
8087,2664.58020729233,2679.21705011592,2702.33674462406,2709.88789427221,2727.58990672083,2748.8205092356
8088,2664.57887636557,2679.36635354828,2702.61710441581,2710.1112021877,2727.59011710242,2748.81143509222
8089,2664.56226489106,2679.47753177472,2702.86295044854,2710.29049301773,2727.52298650135,2748.70294271214
8090,2664.53102112156,2679.55227261453,2703.11057311809,2710.46944907347,2727.46074243334,2748.60969442122
8091,2664.48583888489,2679.59006137547,2703.35311772121,2710.63974499462,2728.18061415699,2748.6581281818
8092,2664.42740174424,2679.60572438936,2703.6004820736,2710.81250388036,2728.3271317783,2748.7313521778
8093,2664.35638323662,2679.59800501599,2703.83179085187,2710.96577713976,2728.30241849111,2748.61407997491
8094,2664.27341743622,2679.56642799258,2704.05720955005,2711.11034136175,2728.2818230073,2748.49848525654
8095,2664.17909537719,2679.50256409848,2704.26328754159,2711.23081835697,2728.25083013844,2748.39145218019
8096,2664.07399476786,2679.42944495042,2704.44297977167,2711.32041323786,2728.19864076933,2748.25783543969
8097,2663.95862628673,2679.33895423119,2704.60448185128,2711.38957841273,2727.06334840441,2747.96880161483
8098,2663.83349083069,2679.24274929352,2704.72805675194,2711.41762281389,2726.91962439584,2747.89067200736
8099,2663.69902521431,2679.13396193653,2704.82970129122,2711.42100347746,2726.75840388679,2747.82359191417
8100,2663.55565798275,2678.87142069429,2704.88254657143,2711.36754286587,2726.53880221793,2747.65517083319
8101,2663.54730659822,2678.86043389577,2705.14076213626,2711.59090796921,2726.5109549706,2754.38439052077
8102,2663.55806774816,2678.65129847997,2705.10575223971,2711.50086644153,2726.08488159481,2753.02150561238
8103,2663.56584538052,2678.38471754645,2705.07327956893,2711.39691806048,2725.61688308868,2752.88036040815
8104,2663.56996222254,2677.96915072884,2704.65371128531,2710.85217473494,2724.52905762893,2752.09979586974
8105,2663.56965855652,2677.12107626802,2701.54547379682,2707.41312580467,2720.92483312288,2745.58505043111
8106,2663.26418565291,2679.53504703602,2704.85527977118,2710.52487647677,2726.9807405296,2745.85176888431
8107,2663.2615284045,2685.22557877573,2709.46129721257,2715.48242347673,2731.95541210437,2751.17094505197
8108,2663.23621174169,2685.89053712315,2709.97569034884,2716.10954658427,2732.07290167431,2751.45700883204
8109,2663.18814106735,2686.08159877526,2710.76039749637,2716.99816464107,2732.41617285271,2751.8052506833
8110,2663.17819156166,2686.27581170164,2711.07594768136,2717.39223684907,2732.50948747837,2751.75878066826
8111,2663.16715208614,2686.46964862177,2710.35437765564,2716.74327927257,2731.93107752658,2750.98100817249
8112,2663.14043677136,2686.64321825357,2712.09130908075,2718.57946403926,2733.21699132304,2751.58441280994
8113,2663.05082561565,2686.05013625283,2710.382284785,2717.10773822108,2731.32832478573,2751.2270645461
8114,2662.91042361781,2682.83957909747,2711.69138381701,2718.48047997688,2732.84944575965,2752.64247136404
8115,2662.73900953,2683.720368924,2712.63353713831,2719.57715899272,2734.07532177361,2753.1232783882
8116,2662.53783742307,2684.76995552727,2713.3359678344,2720.41724942345,2735.14292006665,2753.60964892804
8117,2662.26320448501,2684.50223535864,2712.6710595737,2719.77979678506,2733.60161166642,2752.27145951071
8118,2661.87239070085,2688.61132032446,2713.01986902266,2719.87824139526,2732.92384140919,2751.9715395723
8119,2661.45335022677,2688.31883705584,2712.60981386308,2719.1768323127,2732.09857791006,2751.362264032
8120,2661.0020350408,2688.09005189372,2711.93663503611,2718.197832002,2730.65615631589,2749.76817691339
8121,2660.50756892451,2688.15334985701,2710.98177031248,2717.02526346276,2729.19794635289,2748.28760330573
8122,2659.94756803389,2688.39911220853,2710.56007942014,2716.31779639491,2728.40620973925,2747.36194179214
8123,2659.28783540583,2688.75859305911,2710.10721318251,2715.58645362626,2727.60227959243,2746.50916456694
8124,2658.54826601119,2689.11981813974,2708.79493946465,2714.07276920421,2725.91158865806,2745.06621895255
8125,2658.18068000582,2687.56900779985,2708.51757264536,2713.55952643558,2725.17573115076,2744.07229330747
8126,2658.03863353658,2684.58821618834,2703.78967570336,2708.71373065826,2722.75126845272,2743.34705765261
8127,2657.74217469415,2684.4215064128,2703.54976294906,2707.99824783411,2723.98251884201,2745.28415857485
8128,2657.45483955353,2684.20640750972,2702.59365558532,2706.67281817626,2722.89801688929,2744.51445141796
8129,2657.17759204115,2683.94894810392,2702.30049677634,2705.96737088032,2722.45508802098,2743.95127137862
8130,2656.91155751123,2683.64131821307,2703.1694857457,2706.55114214079,2723.21801222573,2745.00666529331
8131,2656.65803081613,2683.36054889286,2701.57243815429,2704.60431304262,2721.46465730544,2743.06872654202
8132,2656.41837720404,2683.05064834539,2701.51131683451,2704.26268066656,2721.1320603227,2742.32179079197
8133,2656.19404205237,2682.71663414083,2703.89294792158,2706.40533927715,2723.46529974647,2745.84855320557
8134,2655.98644052926,2682.47083945231,2699.12529886958,2701.32016591742,2718.40529090527,2739.77964193332
8135,2655.79676196387,2682.15577763593,2704.38869539476,2706.94613785473,2723.79370411593,2745.26381739972
8136,2655.62600283957,2681.90610665256,2699.12057591312,2700.98080210842,2717.89085995873,2738.81670716383
8137,2655.4736848361,2681.02501619984,2697.50957119772,2699.2591215935,2716.02978861021,2737.49255807625
8138,2655.3417765506,2680.6377969528,2696.51571945826,2698.21546848788,2714.94664983162,2736.2316822449
8139,2655.23094920609,2680.10631466441,2693.72966236634,2695.62640697184,2712.57173873694,2730.92654272399
8140,2655.14411041716,2679.49487305046,2690.85009817131,2692.67648333821,2709.48228273966,2726.20345668276
8141,2655.06864384172,2680.4791098934,2692.60713267254,2694.32916567176,2711.9225231288,2728.39782030059
8142,2654.99793761132,2680.52972137567,2692.30052563049,2693.96482257918,2711.59102350429,2728.44258759365
8143,2654.98288220387,2680.82150635222,2696.62407239956,2698.1378992485,2716.5654026341,2734.85893846767
8144,2654.99486056506,2681.01462908549,2696.38825748091,2697.92113786015,2716.36866360017,2734.29894832896
8145,2655.00794905386,2681.18977706789,2695.23009244139,2696.74522448505,2715.41731963533,2733.09581713799
8146,2655.02213554485,2681.44064180971,2694.98569815896,2696.49927108457,2715.26774468068,2732.8231871146
8147,2655.03737520866,2681.68651603613,2694.76719475577,2696.27402852303,2715.16005494098,2732.72340842319
8148,2655.05363928731,2681.91069695711,2694.61732908852,2696.11894817371,2715.1094021859,2732.85564728709
8149,2655.07089362325,2682.09376130055,2694.28129566654,2695.75939738717,2714.83984186027,2732.19590761152
8150,2655.08909256411,2682.21940639065,2694.07843138,2695.55629885739,2714.55437402848,2732.26568259618
8151,2655.1084605058,2682.12040721489,2693.351664496,2694.83835455409,2713.52577918352,2731.68394318579
8152,2655.13286421621,2680.18153922507,2691.21843519248,2692.67605434367,2710.94416352849,2730.5100709915
8153,2655.15273174735,2679.95582387633,2689.17063934854,2690.7345746959,2707.88775840712,2724.72938604919
8154,2655.17380409769,2680.05932176738,2689.69126058529,2691.31865396817,2707.87297820478,2723.73580527754
8155,2655.19494403901,2680.11107848496,2689.76588865945,2691.46740077443,2707.23712833965,2722.04427965073
8156,2655.22083402764,2680.15153641386,2689.05665015111,2690.820406903,2705.52866545257,2719.02535126008
8157,2655.3163318722,2680.19963131548,2690.22472130067,2691.95489038495,2705.19613371374,2718.15721264918
8158,2655.47121783517,2682.16373048904,2693.39890354509,2695.09413153499,2707.07015057873,2721.02893670443
8159,2655.62155829213,2680.86888939721,2692.60392493107,2694.33595458323,2706.19669338553,2719.1626706503
8160,2655.75415688617,2679.82561309104,2691.92049483778,2693.5025246637,2704.14963167246,2717.14464845493
8161,2655.88339729708,2678.82975618965,2689.71485322575,2691.1205333777,2701.62302530873,2714.62888834147
8162,2656.01500453261,2678.74442938647,2689.4325461108,2690.6969883625,2701.22664518034,2714.20423381952
8163,2656.22937793331,2677.16923542095,2691.28492092352,2692.86649459315,2704.69193761323,2715.36076527315
8164,2656.37574350681,2677.65073000245,2689.46539888683,2691.04138110088,2703.09850417879,2712.26182877097
8165,2656.50791350044,2677.96570692212,2690.05878021817,2691.65203835324,2704.2504707112,2713.70306662665
8166,2656.57987419571,2678.04348225885,2690.18399320168,2691.74515029721,2704.27422531571,2712.85591103616
8167,2656.63458392863,2678.07286193061,2690.17494053089,2691.70176350198,2704.14494444591,2712.69706143311
8168,2656.68455977488,2678.10385694502,2689.6562684842,2691.15065319686,2703.4374835042,2711.73316897469
8169,2656.72917029025,2678.13306775018,2690.03102404048,2691.50845054835,2703.56317678904,2711.90287213998
8170,2656.76794548065,2678.11720730893,2689.18406707258,2690.64280249597,2702.55527004224,2710.16079538321
8171,2656.80056544407,2678.13514835925,2689.23427543435,2690.67069915116,2702.42584849142,2710.13398255021
8172,2656.82687715647,2677.76288760673,2688.91477580776,2690.33618977417,2701.87839545534,2710.18371815975
8173,2656.84694026903,2677.81363337333,2687.97102234357,2689.35728303154,2700.6970561803,2709.01244221002
8174,2656.86071149811,2678.65704495043,2689.57371860487,2690.86970058121,2702.2091341449,2711.05573821293
8175,2656.85099650645,2679.24580816426,2690.01799423961,2691.13542228011,2702.56574570456,2711.78719694577
8176,2656.89415743153,2678.56839786918,2691.75293259892,2692.94182068428,2704.43116700905,2713.53264970179
8177,2656.92598738496,2677.91843466206,2691.66456274826,2692.86098729977,2704.57648793018,2713.69620336364
8178,2656.92386909468,2677.2880294164,2691.36818210338,2692.48645383565,2704.40617545942,2713.52744599302
8179,2656.83269252311,2677.06927558968,2690.17791671924,2691.04220947869,2702.78097537576,2712.47718199165
8180,2656.79647421857,2677.15780799839,2687.83117350173,2688.74428362946,2700.24817000983,2708.67678292004
8181,2656.84632970689,2675.77896518967,2685.2983492137,2686.21849511108,2697.40238147743,2707.36312166975
8182,2656.89829160964,2675.45583525167,2683.6131120609,2684.62876139379,2696.16782812243,2706.09005650463
8183,2656.95414268539,2673.7118861274,2682.83077800475,2683.91829185629,2695.80627960562,2705.3739774656
8184,2657.01390047092,2672.16783659006,2680.97812475952,2682.0534777451,2694.13576056094,2703.67252478145
8185,2657.07739269495,2672.05762129783,2680.87114203677,2681.96739492766,2694.47053776174,2703.82705341412
8186,2657.11540162266,2672.28048106087,2681.34108045271,2682.40288538355,2694.67324160204,2703.64724523948
8187,2657.11645582209,2672.04002837936,2682.48761874677,2683.55518128922,2695.17831256362,2704.8100230533
8188,2657.11873830773,2673.42396950605,2684.97515121777,2686.00078628231,2696.65639646776,2708.72303467951
8189,2657.12257592059,2673.40397015779,2684.8948246331,2685.8586569522,2696.19347387284,2705.95461589587
8190,2657.12825155575,2672.99383037972,2684.35348394353,2685.31949960098,2694.88637062468,2704.88252779228
8191,2657.07457342165,2674.01636167246,2684.88525164788,2685.86689052637,2695.79239598682,2705.38522914186
8192,2656.94392839993,2673.02178306771,2682.86800648434,2683.66462145887,2693.26879158865,2702.00702841492
8193,2656.81733655523,2669.42535992177,2679.9635691476,2680.90499388391,2690.40268390673,2697.49749306219
8194,2656.72227174872,2668.28631236015,2678.40221687195,2679.246014064,2688.25417285748,2693.44743318378
8195,2658.55640414604,2671.29296448336,2681.77432979902,2682.84752382421,2692.73052913974,2700.43950672244
8196,2658.39569648905,2671.01289744917,2681.68908379483,2682.77344849491,2692.91229515243,2701.37432787506
8197,2658.23354782598,2670.69881337879,2681.26670139737,2682.36059859671,2692.65460118679,2700.90285458605
8198,2658.0714102782,2670.47644013084,2680.94385347365,2682.04887312907,2692.49308112774,2700.65599675354
8199,2657.91094888388,2670.35112457919,2680.50862080083,2681.64960766517,2692.01541387921,2700.21691422789
8200,2657.75394436465,2670.06483704693,2679.88900447373,2681.01776701707,2691.41514502458,2699.91745973401
8201,2657.60231730646,2669.98057631464,2679.41999985892,2680.59015310788,2690.85953717879,2699.39424756397
8202,2657.4551053606,2670.51198497067,2678.58944007372,2679.96939345085,2690.46743738577,2697.7605050058
8203,2657.27024428691,2670.50044740976,2678.43600080397,2679.82443008546,2690.51375367832,2698.54770245473
8204,2657.082185829,2670.25409151043,2678.17417504721,2679.57718594839,2691.36140499038,2698.58729529981
8205,2656.89053728083,2669.98577032557,2677.93333137792,2679.35937970903,2691.05531996843,2698.33820719735
8206,2656.69521366297,2669.69540980717,2677.69856427175,2679.15429365093,2690.7837906231,2698.07356673718
8207,2656.49649051757,2669.38827278656,2677.45353951261,2678.94883807265,2690.54260051709,2697.79340639435
8208,2656.29508868282,2669.04076643073,2677.10979209658,2678.66069509828,2690.0366273475,2697.17483787665
8209,2655.64454291757,2665.70600546868,2677.09731563626,2678.74634004901,2687.27723219018,2694.89311721308
8210,2655.62973299701,2667.188436169,2679.04278332086,2680.56445980077,2688.18692351593,2694.05313031929
8211,2655.65530644021,2667.51570012984,2679.50350178399,2680.9026197976,2688.63495970769,2694.56713023979
8212,2655.70700792442,2667.5863466327,2679.39213714154,2680.79844936086,2688.62644486479,2694.78257514933
8213,2655.78059609376,2667.54246303155,2679.02098696023,2680.47597863964,2688.3889204862,2694.85761243718
8214,2655.87192351835,2667.38222277223,2678.80239604822,2680.29228528916,2688.29934396089,2695.25755362053
8215,2655.98532928645,2667.15876042743,2679.13265688275,2680.65289883235,2688.82034547883,2696.16244996842
8216,2656.12573749328,2666.98051329973,2678.28764974058,2679.82664706201,2687.98058296487,2695.66456997601
8217,2656.29230826603,2667.4390005245,2677.04078703752,2678.63330027908,2686.81566566201,2694.69979526637
8218,2656.42895575373,2667.38390302622,2675.54365726368,2677.19391059679,2685.46364458334,2692.83648339413
8219,2656.50689914661,2667.39177190662,2675.6868842589,2677.33619769928,2685.55227816873,2692.93094673044
8220,2656.5848623513,2667.42570044037,2675.63119097391,2677.28918802192,2685.46177701577,2692.834464769
8221,2656.66222936012,2667.42583911113,2675.68127315859,2677.342464635,2685.46548932653,2692.85714035494
8222,2656.73826577422,2667.44426125989,2675.7442434663,2677.4099913203,2685.47964263071,2692.92641583021
8223,2656.81192496304,2667.43593838786,2675.74126915943,2677.41564736367,2685.42283809549,2693.65706894475
8224,2656.88130393344,2667.42172981261,2675.66835008709,2677.3501765826,2684.7526554746,2692.19663083345
8225,2656.9409475997,2666.98182331508,2675.48335583471,2677.19859392835,2684.49448339635,2691.93235375599
8226,2656.95673975582,2666.56510687666,2674.42831383288,2676.24249758974,2682.73571189558,2689.43059799442
8227,2656.56738376049,2665.73033172854,2673.12745975876,2674.21905970918,2679.87596259376,2686.38696634065
8228,2656.46592829243,2666.44706785892,2675.46640595056,2676.48392023586,2684.83275795971,2693.32283320314
8229,2656.32920221219,2666.43874987405,2674.32518389477,2675.29543476775,2683.52307973912,2690.68097418695
8230,2656.19720103857,2666.75473168963,2675.69136559657,2676.66869160491,2684.46494509025,2694.75036784779
8231,2656.07174419372,2666.60474044224,2673.34296559457,2674.22179637527,2682.14603540503,2690.22829228818
8232,2655.95266593362,2666.41054482125,2672.55566264358,2673.39915768238,2681.16512182401,2688.002543604
8233,2655.84090438746,2665.41368866668,2671.18871526754,2672.01677795274,2677.01532664973,2685.3618187697
8234,2656.24164189027,2665.48175580027,2674.13574170274,2674.95627119145,2682.69412114198,2692.82285470882
8235,2656.05569230871,2665.16917179964,2677.19388165463,2678.09675748871,2685.80733794746,2697.03545415636
8236,2655.97698920653,2664.73859816335,2676.50411278518,2677.40400181987,2685.1488488369,2695.9673353105
8237,2655.91705535091,2664.4023951651,2686.60133094858,2687.72173809381,2694.19720777002,2703.08170539866
8238,2655.88300423419,2667.94049621769,2690.84278313045,2691.92593934619,2698.46724998148,2707.83258196058
8239,2655.83954087828,2667.86987209197,2691.53015663588,2692.59399747733,2701.1263661972,2711.06622471379
8240,2655.84895446045,2667.92033697252,2690.90930260078,2691.94303860861,2700.42162900927,2710.25563516184
8241,2655.96981212228,2668.44320276655,2688.59238828865,2689.51732619367,2698.29071529554,2708.61221686151
8242,2656.11167597089,2668.00450461462,2686.78688597879,2687.69122462398,2697.30364199038,2708.77625726659
8243,2656.25103568097,2667.82599936807,2675.97770657616,2676.73642589246,2684.3199729468,2697.86932800643
8244,2656.38933216577,2665.86238411665,2672.44329372111,2673.21539118824,2679.53827219412,2690.79510692047
8245,2656.52737165887,2665.63451872645,2672.64925066713,2673.40079733014,2679.67337128438,2691.12715116408
8246,2656.59386266968,2666.71591790819,2673.11885326053,2673.83798720137,2680.99807082252,2692.90151180706
8247,2656.6542580331,2669.22106409621,2675.70979168066,2676.38308888985,2685.66443887131,2697.13765874077
8248,2656.7108514284,2669.2886769846,2676.09517986491,2676.76847306314,2685.59616384911,2696.94457048842
8249,2656.78381457734,2669.97178450271,2682.1635340121,2682.88581367836,2692.51597535777,2703.38558437376
8250,2656.87316914044,2673.49027245016,2686.06172519567,2686.81770566955,2696.82881442616,2710.0018626258
8251,2656.95986166426,2675.28701892198,2687.57310189943,2688.36777876762,2699.10423113528,2714.08238984387
8252,2657.04360988391,2675.26138359414,2687.19350543032,2688.01546750076,2699.63861249757,2715.25792020765
8253,2657.12426218791,2675.25723900372,2686.9232451009,2687.77139980505,2699.76203742304,2716.5769245834
8254,2657.20184823339,2675.16789090239,2686.69617264198,2687.57519844473,2699.99322815978,2717.31295360446
8255,2657.26655913666,2675.08297112454,2686.19662586895,2687.11072549805,2699.4331842759,2715.9162228524
8256,2657.29620794985,2674.29305864145,2684.82675540688,2685.70274081225,2697.44003507964,2712.49649402368
8257,2657.33201741834,2673.5864766347,2683.33669389967,2684.22486756095,2696.73820902968,2711.32627707852
8258,2657.363629139,2673.53296308796,2682.83652177555,2683.74837692986,2697.38831064604,2712.40387645672
8259,2657.40132684654,2673.56293390696,2682.29863044744,2683.20577975252,2697.12480450558,2711.84733581227
8260,2657.44667616489,2673.53981468481,2682.04489046204,2682.95788095606,2697.15503307893,2712.66246986395
8261,2657.51016894813,2673.36986007214,2681.77448379772,2682.67362518131,2697.04420017697,2712.73841230747
8262,2657.57201115791,2671.2128965273,2680.89857232121,2681.76401854568,2696.25138603939,2711.10003109504
8263,2657.62955536206,2670.97413092681,2680.68035221151,2681.52741241319,2696.18800755352,2711.45500537405
8264,2657.67675984704,2670.68530567738,2679.94307083962,2680.75959960565,2695.17817078206,2710.5901525454
8265,2657.6966740647,2670.24353845749,2679.61963241427,2680.39036553721,2695.09456996104,2710.74902737916
8266,2657.62419212221,2669.75755500921,2679.38448314509,2680.07321758309,2694.7321042773,2710.82654186475
8267,2657.26957931141,2669.29307761081,2679.3280340416,2680.17062196377,2695.0451536986,2710.40112467751
8268,2657.48823969933,2668.65876469842,2679.34751696666,2680.23910930511,2695.4204200137,2711.38427111683
8269,2657.68805524751,2668.80577097022,2679.45277103112,2680.12941151459,2694.9384460674,2711.24825845348
8270,2657.88111893461,2669.00536135198,2679.57083778074,2680.29099448825,2694.89628234582,2711.59534623706
8271,2658.04651390455,2669.214335496,2679.73493409613,2680.67762586152,2695.09434639949,2711.26854283396
8272,2658.18040336962,2669.61860397267,2679.86563164004,2681.1166114514,2695.4329786404,2712.19875878497
8273,2658.28816707691,2669.58371230202,2679.94333501679,2681.51700485957,2695.76435815614,2711.40168255883
8274,2658.37696946588,2669.73450742976,2679.99809301124,2681.87965827804,2696.15383767688,2711.48131520363
8275,2658.45263372178,2669.76421239741,2679.97873108668,2682.12971104841,2697.2570143733,2711.65527766957
8276,2658.51907938241,2669.76517915746,2679.93907400628,2682.32455039181,2697.41725849175,2711.69648849149
8277,2658.57869528666,2669.70702060647,2679.87430068776,2682.45313924169,2697.47800241655,2713.07463931076
8278,2658.63277655861,2669.58143813886,2679.77337082928,2682.51346572776,2697.44751578271,2711.61036558745
8279,2658.68187499476,2669.47732388916,2679.72334207853,2682.59253871548,2697.41230969916,2714.98393093955
8280,2658.72662379873,2669.30385617435,2679.6470059857,2682.56180260175,2697.21377732696,2711.52454938304
8281,2658.76700265548,2669.12156527877,2679.6466909505,2682.54734816791,2697.10065093054,2714.0744737675
8282,2658.80223258052,2669.0025126976,2679.69768647728,2682.5846518257,2697.04107511967,2714.63700932259
8283,2658.83168697611,2668.95087701422,2679.78107858629,2682.6513276508,2696.96858472346,2714.57380942867
8284,2658.85473058561,2668.97382994476,2679.88556516936,2682.73500550782,2696.41873216127,2713.86864675143
8285,2658.87040515273,2669.07345310766,2679.94525152309,2682.75893087521,2695.97756361816,2713.49257394027
8286,2658.87535973623,2669.11298971754,2679.81740260937,2682.53283520275,2694.3245665489,2713.73206891971
8287,2658.77535222776,2668.12301763899,2677.94345921657,2679.51574063026,2689.88078915399,2704.42616218081
8288,2658.7722263557,2667.76436118533,2677.11915997234,2678.69696199173,2687.86621204494,2702.99680901196
8289,2658.94825522056,2667.75003133882,2677.82235932756,2679.63078926159,2689.21625313878,2704.86771458145
8290,2659.04347639711,2667.85251711612,2680.13247806715,2681.65157164168,2691.90752912875,2707.92577494798
8291,2659.23723297324,2668.11330416545,2680.30849085301,2681.34492120309,2691.43348524518,2707.55703041602
8292,2659.1604801825,2668.61412505777,2682.84090319159,2683.75327106775,2694.13385900212,2709.33119194118
8293,2659.03381253524,2669.16912191644,2682.85786372131,2683.78692210666,2693.88936786201,2708.5648120753
8294,2658.95541795904,2669.25061724995,2682.93060381762,2683.87057057732,2693.79905248567,2708.28593795183
8295,2658.89527932454,2669.48127789029,2683.07504786979,2684.02351082251,2693.85444614162,2708.19714966542
8296,2658.84668910199,2669.81585889327,2691.47382694484,2692.37806664459,2702.34553717936,2715.8074057539
8297,2658.80850136863,2669.29384231964,2692.1547004042,2693.03423200986,2703.15028519115,2715.68152754208
8298,2658.73191157582,2669.46618436636,2691.96989235993,2692.8683578063,2703.21153826919,2714.14922212108
8299,2658.609938374,2668.72192823189,2689.93335105311,2690.87444185939,2701.47181653072,2713.42157453277
8300,2658.49189117706,2667.89634003317,2687.04949056991,2687.99110452179,2698.43998006281,2711.29634248761
8301,2657.9855165915,2666.02952461944,2687.36514699134,2688.35892971296,2698.40049899043,2711.59067764248
8302,2657.22437067599,2664.46178045717,2689.76754348539,2690.6605142016,2699.44040879002,2713.19794679534
8303,2656.8587191235,2664.34170919226,2690.14008943835,2690.95634946947,2699.41222010262,2713.16567642954
8304,2656.49388294323,2664.37493258081,2690.37856160096,2691.20734948355,2701.55924989088,2712.3555586812
8305,2656.166496971,2663.76858203781,2679.01129932726,2679.73544059526,2689.03518829433,2700.73170250434
8306,2656.12869373013,2664.62446354199,2680.40078372612,2681.07689340754,2690.5505311315,2701.80074298373
8307,2656.19203539697,2664.40625655153,2692.6180119255,2693.34990339059,2703.06443367174,2714.82028429806
8308,2656.289059603,2664.44412026486,2692.8511844993,2693.54010186522,2702.72406236566,2714.96029181428
8309,2656.34969841662,2664.73721612783,2693.62758724172,2694.2883528292,2702.72349989505,2714.9061960469
8310,2656.3189394176,2665.8668068162,2688.08505375862,2688.74869283511,2697.38926643359,2711.18205790245
8311,2656.16557816835,2669.11141055906,2696.93133433981,2697.72809908008,2704.32557739519,2716.83062468787
8312,2656.01345981447,2666.68778154893,2684.2704881501,2685.01844117985,2695.10994794144,2705.21881873421
8313,2657.40685308032,2671.35399843464,2683.0474207994,2684.14765851296,2697.95956130902,2711.32736850647
8314,2657.63375640507,2672.04302092244,2683.94131492157,2685.18952476346,2698.88658026531,2712.38283839417
8315,2657.78662668095,2671.30645664734,2685.24439553116,2686.57879207391,2700.53783837942,2712.6124563042
8316,2657.89606619756,2672.07695565497,2685.39662063416,2686.78023815042,2701.19066366949,2712.72930187946
8317,2657.9690454357,2672.65767550324,2686.00102731533,2687.42877940258,2702.00720853742,2713.78846717346
8318,2658.00128062116,2673.3588926894,2687.24384853823,2688.7160772667,2703.0850297172,2715.34154917597
8319,2657.98488600591,2674.18820794584,2688.03563418995,2689.56191351886,2703.71373916421,2716.35309084659
8320,2657.91293868806,2675.02428529945,2688.56359418216,2690.13461658321,2704.06347193563,2716.52828983861
8321,2657.78260048571,2675.90343322831,2688.55499407635,2690.22569588517,2704.21532013393,2716.97621124726
8322,2657.59742457644,2676.74984097912,2689.4566829479,2691.17591634015,2704.8449846876,2717.98017908931
8323,2657.3680040665,2677.59261867957,2690.38428350902,2692.14856311452,2705.54990762908,2720.31495016595
8324,2657.11104978504,2678.3529329118,2691.28768324701,2693.08319702272,2706.28699848798,2720.51621910296
8325,2656.84725481498,2679.04975007703,2692.15701348942,2693.96869556302,2707.10147874495,2720.06048231665
8326,2656.59853330344,2679.48924833497,2692.8382719365,2694.65111670756,2705.08523381407,2723.92630982857
8327,2656.38574867987,2679.59153474443,2693.09802561667,2694.91186630382,2705.12736304035,2723.43523453957
8328,2656.22782213996,2679.32105058476,2693.03132904251,2694.83774017878,2704.99370667158,2713.43657485634
8329,2656.14125113023,2678.68256960588,2692.56328755398,2694.37377954722,2704.54230058016,2712.02745271872
8330,2656.13990209286,2677.54979633028,2688.59447447003,2690.49074192071,2700.4748417976,2708.17536938291
8331,2656.23306556511,2676.34457247007,2687.41524471422,2689.37112917178,2699.31636603156,2706.07122852915
8332,2656.41704634604,2674.81588512737,2686.15964159782,2688.26716937377,2698.29147152455,2706.13515806535
8333,2656.65255285983,2673.21325241621,2682.9390077528,2685.45638791973,2694.73498400998,2701.70098318647
8334,2656.82338624065,2671.34545321534,2680.65324166836,2684.03622584361,2693.27237177338,2700.39659028369
8335,2656.71645217371,2669.51117622858,2678.1702416336,2682.78288822856,2691.65837805724,2698.23586850661
8336,2656.09041689706,2670.36396591118,2677.44357547375,2682.66016986576,2689.15277498002,2697.59184207618
8337,2655.72951573501,2673.13936992597,2680.65114486674,2685.88536840711,2691.90646527628,2699.54404445008
8338,2655.22302554272,2673.09143832593,2681.71102508468,2687.16514930664,2693.29579324001,2701.1283780498
8339,2654.46969388259,2671.53701020948,2681.13200189309,2686.1649243308,2692.82143261483,2701.50668809965
8340,2653.30925871928,2667.26941192762,2674.36514012756,2678.71289992994,2685.15200625065,2694.03345349014
8341,2652.65117738948,2664.13196113616,2671.47636068796,2674.93294773685,2681.4720550865,2690.40020527177
8342,2652.64860176645,2662.92704980711,2670.32057259591,2673.94187537898,2680.46395186112,2689.81666698934
8343,2652.64103953618,2661.48043241691,2669.73975358527,2673.55445896847,2680.08089366099,2689.50880243857
8344,2652.6300208628,2660.54172555018,2669.25135261526,2673.26071303628,2679.81163075161,2689.07998161518
8345,2652.61686567623,2659.83462948015,2669.09295861576,2673.28308258382,2679.8021179225,2689.03733386896
8346,2652.59894718118,2659.45247922391,2669.05193671799,2673.37599503388,2679.89396083566,2689.18688376173
8347,2652.57684763008,2659.29915963697,2668.61267376288,2673.03922807761,2679.53167905442,2688.87118688036
8348,2652.55366131653,2659.12536348193,2668.54219804061,2673.06531059995,2679.46317337483,2687.90171849911
8349,2652.52964420765,2658.95565536119,2668.3429865686,2672.94239046022,2679.32077863023,2687.71955672034
8350,2652.50498629043,2658.81087565305,2668.02690788154,2672.69343815671,2679.07700646718,2687.37811829774
8351,2652.47982034387,2658.67107107928,2667.97840879186,2672.70867850569,2679.04164334227,2687.23856374063
8352,2652.45430071945,2658.54468570307,2667.7853395213,2672.57067217209,2678.9137215033,2686.84671487372
8353,2652.42857784459,2658.41932409438,2667.72188075681,2672.55342956928,2678.91708976527,2686.88762872815
8354,2652.40287781758,2658.3232404426,2667.52144449877,2672.39417991861,2678.80628300977,2686.78521792335
8355,2652.37752929307,2658.22971930301,2667.32147629487,2672.23144490944,2678.6575640694,2686.65578986932
8356,2652.35316093445,2658.16624382219,2667.13005416185,2672.07562685392,2678.57033553197,2686.54175240267
8357,2652.33116882791,2658.10124942952,2666.18847523872,2671.15065402873,2677.78792446446,2685.46459002048
8358,2652.31575766178,2658.14750164914,2666.06239369643,2671.06579881923,2677.82931452812,2685.52264623586
8359,2652.30629972051,2658.2243485835,2665.94550959342,2670.99632723173,2677.80980518654,2685.69509874155
8360,2652.26510120381,2658.23968931433,2665.8011515625,2670.86489746939,2677.50573546692,2685.82985146501
8361,2652.22394578069,2658.30017886091,2665.08039917602,2669.98154376329,2676.34883635704,2685.03264349139
8362,2652.18306638007,2658.52106127375,2665.17368676004,2670.10310744695,2675.68980319117,2685.16512887346
8363,2652.14273407464,2658.6115379987,2665.05369568271,2670.00308630474,2675.34320419788,2685.6659076336
8364,2652.10323979487,2658.51600921317,2664.33846090206,2669.29370931221,2674.55622448603,2684.06944919956
8365,2652.07727387646,2657.3719666593,2663.6670156273,2668.57479546267,2674.36349670275,2683.44396872434
8366,2652.07652288561,2657.12672596994,2663.81511667317,2668.7184830252,2673.9853865072,2683.20448719456
8367,2652.06773201871,2656.53243603976,2663.08644569743,2667.9746383164,2673.3685672387,2682.18461296995
8368,2652.04771737146,2655.96413386006,2662.27298465451,2667.11726447504,2672.59541149815,2681.00401548985
8369,2652.01113500855,2656.27213481119,2662.33239418448,2667.12230562021,2672.69826296029,2680.95437870521
8370,2651.93968140408,2656.8563886724,2662.81370593714,2667.48626663046,2673.15813023499,2681.42464111718
8371,2651.72576199298,2657.38303572756,2663.34437219271,2667.58038512132,2674.6209868093,2682.09258504468
8372,2651.69230077617,2656.44980687002,2664.09681933896,2667.90474421512,2673.95452709309,2683.63540956956
8373,2651.76002783186,2656.23251628432,2668.22374836445,2671.73268292229,2679.50105410357,2691.14394851948
8374,2651.84085994781,2656.30001686009,2670.74087058634,2674.02279304735,2682.14276542451,2695.02041925092
8375,2651.93520638854,2656.39122599349,2672.14898527782,2675.21992490986,2683.0348755838,2694.99287535083
8376,2652.04977631874,2656.55716070898,2672.89879725881,2675.80025307862,2683.1503578108,2696.9431254894
8377,2652.18382984443,2656.78404978577,2673.45691492324,2676.25968033078,2683.3003609099,2696.2489329622
8378,2652.31844740239,2657.04620083957,2674.09853154933,2676.85062899422,2683.7619781707,2696.90187816147
8379,2652.41443435639,2657.27297042503,2674.80065961567,2677.57106412096,2684.47410099287,2698.21808661774
8380,2652.43193390436,2657.4251311974,2675.25353888362,2678.06565221328,2685.05069317465,2699.71215561562
8381,2652.36270087425,2657.54075686762,2675.32702878625,2678.22806766694,2685.40055651613,2699.46626553653
8382,2652.26078682655,2657.63363835318,2676.17147264301,2679.17672508855,2686.51021814016,2700.45543925111
8383,2652.23742857986,2657.55269315219,2676.17899178288,2679.07636114395,2686.54459063964,2701.92209486868
8384,2652.21139546505,2657.48414525351,2676.58198229868,2679.52611072267,2686.97875190083,2700.15275369434
8385,2652.18373893556,2657.41442393034,2676.77898021879,2679.69874454764,2687.20422089173,2701.87756577171
8386,2652.15528979577,2657.551478953,2677.31409463777,2680.17263052822,2687.91401715677,2702.15295230831
8387,2652.12662721097,2657.52112674993,2677.9256381818,2680.77113712582,2688.23274399846,2704.64863758016
8388,2652.0981704749,2657.4887028334,2679.52005209651,2682.28699044925,2689.57251332568,2704.84243096393
8389,2652.07020933634,2657.46074836981,2679.75076638251,2682.55559366077,2690.06556957654,2705.76455511719
8390,2652.04295412628,2657.4111981831,2678.74427227941,2681.48784347739,2689.35864179797,2705.58420659824
8391,2652.01654097383,2657.39043444083,2678.40954440092,2681.14474950188,2688.94207508857,2707.84936866159
8392,2651.99101347846,2657.36596114377,2678.77536526986,2681.4554938884,2689.3510751973,2707.59068104865
8393,2651.96636422527,2657.33590632761,2678.85341982793,2681.49608825484,2689.42356875262,2705.29504721945
8394,2651.94251501104,2657.3108492383,2679.04192813705,2681.62436758805,2689.70140718559,2705.45501263665
8395,2651.91936611086,2657.29943501291,2679.9613278164,2682.66059292997,2690.65626359317,2706.88663363168
8396,2651.8966867326,2657.27222247452,2679.76266324242,2682.225434751,2690.418929257,2706.15721937884
8397,2651.87423517487,2657.24708959458,2679.54024780937,2681.92804225574,2690.24319943088,2706.34740939607
8398,2651.85170078,2657.22143756462,2679.6019682842,2681.92874801946,2690.3084092803,2706.79643145471
8399,2651.82881058279,2657.20214966684,2679.87824805298,2682.12841183387,2690.59179771899,2706.90309470654
8400,2651.80532220076,2657.18437693404,2679.53646285128,2681.57853648969,2690.21744197991,2707.54293037158
8401,2651.79867563503,2657.19223439997,2680.76639479517,2682.76386493933,2691.29636172111,2707.65407125836
8402,2651.84468848394,2657.26932395431,2680.70812058392,2682.58784237887,2691.43372938072,2706.95405472203
8403,2651.88617532889,2657.33397936504,2679.7494120879,2681.65572486157,2690.57871018914,2705.93984676535
8404,2651.92124008073,2657.39740312993,2680.20640911999,2682.20591009998,2691.12330629306,2705.79566449687
8405,2651.94823943624,2657.47545338587,2679.96935842084,2681.87121012818,2690.90179982515,2706.41099287453
8406,2651.96608833174,2657.57768821223,2680.15340866689,2681.948524403,2691.10034853092,2706.70856438732
8407,2651.97461349991,2657.65057716284,2679.51784323009,2681.23252211142,2690.03030371359,2705.7613894344
8408,2651.97479520099,2657.74372552056,2678.60229798926,2680.22725256343,2688.63204670475,2704.85745789968
8409,2651.96871807045,2657.46199764203,2677.4258550145,2678.99704902502,2686.48780819071,2702.91973224386
8410,2651.96052789174,2657.03193153336,2677.08612754407,2678.67299636096,2685.56763864755,2700.7616266594
8411,2651.99074370198,2657.19299129676,2676.70928512031,2678.33844253231,2685.26161022194,2700.07740936298
8412,2652.01592216752,2657.34983646433,2682.23697439059,2684.03561087403,2690.39368522079,2707.06793515747
8413,2652.03504572592,2657.58114376526,2676.55535855492,2678.18135877471,2685.35517963886,2699.85017137243
8414,2652.0469992762,2657.79361771856,2677.43015440913,2679.07260055481,2686.48067590597,2700.84468776889
8415,2652.05075747565,2657.94036826733,2677.53991625091,2679.21835512137,2686.41713041562,2702.04358334293
8416,2652.04563607172,2658.11060105768,2676.75167117928,2678.41267880644,2685.69161405139,2699.77024833993
8417,2652.03146490558,2658.25924080062,2676.92146498946,2678.61899263885,2685.87850823417,2699.82325787793
8418,2652.00877794062,2658.31529807361,2676.97616806203,2678.73737507476,2686.13278547162,2699.91923723376
8419,2651.97888018044,2657.92983238828,2675.87027287588,2677.61877148667,2684.97326689765,2699.02202133206
8420,2651.94365002119,2658.11744746267,2674.40947482178,2676.19577500674,2683.58344158115,2697.52978262182
8421,2651.90531052122,2658.43886479114,2670.78433610085,2672.61927516481,2680.06618897858,2694.25545482449
8422,2651.83442862986,2658.81743877565,2668.31650439703,2670.16713080852,2678.0133434833,2689.90439369977
8423,2651.95652647576,2659.2066610363,2670.59442034917,2672.44439837509,2680.58253093231,2692.42861879291
8424,2651.9732538327,2659.40960633765,2670.83799327873,2672.70387343021,2680.8881161568,2693.99204642807
8425,2651.94089142799,2659.48064062914,2670.37186930842,2672.26275791053,2680.49816930635,2692.88325180531
8426,2651.88531520164,2659.48397495298,2670.24167632401,2672.18052867365,2680.54282096859,2692.51809967893
8427,2651.82486421944,2659.34500136444,2670.14292914678,2672.11045517339,2680.48097178045,2691.98105166884
8428,2651.80698237404,2659.46377506834,2671.34830762854,2673.2928349927,2681.62287943855,2694.39683756885
8429,2651.89275789299,2660.59195974747,2672.48786575739,2674.40054737864,2683.12073393887,2698.23000140054
8430,2652.03076493394,2661.74969082003,2673.75145493423,2675.6520592898,2684.1335212892,2699.68927709357
8431,2652.20213762817,2662.37143460542,2674.05107548481,2675.88703318739,2683.68541462014,2699.83882923344
8432,2652.32014468677,2662.46792316889,2673.70534746731,2675.43878565869,2682.5808381646,2699.96542029502
8433,2652.29915920386,2662.62973053961,2673.01795831889,2674.65912437333,2681.12452039421,2698.50646127501
8434,2652.30771748243,2662.54394221409,2673.48388492759,2675.06138229699,2680.43849265373,2695.44031240491
8435,2652.31503483436,2661.26998744167,2671.83710759935,2673.35420295676,2679.13623381707,2692.95888707773
8436,2652.20304742389,2657.30810313184,2668.58823773458,2670.06420407356,2674.08947978369,2687.17337988673
8437,2652.15227629768,2656.69798243476,2668.69109706277,2670.26114318368,2674.34045497548,2685.50629646248
8438,2651.76792565708,2656.38684752941,2661.28272086939,2662.87331846719,2667.41577632714,2677.69485305195
8439,2651.55835003641,2661.42877030625,2666.97074825925,2668.45891733214,2681.94334567226,2694.20822239279
8440,2651.89916553589,2662.630090072,2669.47004955941,2670.90522498598,2684.13897353573,2698.01713324424
8441,2652.32881219867,2662.76465522605,2669.39844831854,2671.03563139762,2684.0555803408,2697.01811179389
8442,2652.75555662987,2662.74821800249,2669.08537306406,2670.77222465835,2683.83437855194,2695.90468286383
8443,2653.21285957498,2662.84072516666,2669.98425159948,2671.67402808762,2684.57293848671,2696.11457559949
8444,2653.68694187006,2663.08491128139,2670.41028252814,2672.05855773259,2684.8247442192,2696.02674177104
8445,2654.16332904698,2663.48551822218,2671.37720670899,2672.86373942272,2685.54364839658,2696.06831239979
8446,2654.62826249949,2664.02297785283,2672.67038822998,2674.15505726122,2686.5615090735,2697.62008332976
8447,2655.06984997489,2664.68348682708,2673.35976439406,2674.83964119928,2686.8220653197,2697.04782131255
8448,2655.17677151,2666.08544543756,2672.83944949071,2674.18350518826,2686.47796015855,2694.71495381425
8449,2655.16633907304,2666.49180165367,2671.79123527869,2673.08888046532,2685.40382167582,2692.26042514756
8450,2655.69885769496,2666.79130053802,2672.70481768123,2675.25017535368,2686.87844486676,2697.41333755427
8451,2656.0253835337,2666.15843230222,2673.15301039861,2676.31149180877,2687.3858264699,2697.78035561644
8452,2656.20033204469,2665.67478454728,2673.24515338163,2676.50542926375,2687.53033544923,2697.94967953346
8453,2656.34882238779,2665.37362276352,2673.43903871794,2676.71890986101,2687.77646483802,2698.22396743263
8454,2656.47375426607,2665.17226091113,2673.47434783041,2676.750504491,2687.94875186375,2698.68520648223
8455,2656.56286329517,2665.02896868306,2673.05946581604,2676.31250750334,2687.52460399374,2698.50391062258
8456,2656.59826800469,2664.91085514166,2672.29529523793,2675.40074894459,2686.66948362322,2697.90453248905
8457,2656.6089562933,2667.56900935733,2675.60371707802,2678.660290697,2690.02858111911,2702.86711569502
8458,2656.62461482238,2667.97570980042,2676.36884806189,2679.4724593961,2691.34037902319,2705.40634842988
8459,2656.64308278868,2668.03052896292,2676.40632246934,2679.5288351213,2691.67204126577,2705.68163167105
8460,2656.66475231684,2668.01162104344,2676.37588992757,2679.51168065518,2692.00850975284,2706.17010087103
8461,2656.68976019039,2667.71468436352,2676.45398339982,2679.60906115626,2692.82689255973,2706.87644967483
8462,2656.71248222791,2667.36263261359,2676.78622824994,2680.00971435075,2693.58642668446,2706.68669738764
8463,2656.71288326222,2667.81274906262,2677.76242641573,2681.13677399906,2694.85926605236,2707.31377380359
8464,2656.71542520217,2667.76937279538,2678.27912946318,2681.711122036,2695.57842093751,2707.91539416358
8465,2656.72020870592,2667.67092126889,2678.76909896114,2682.23614392863,2697.17513553191,2708.97109395201
8466,2656.72713823194,2667.67339397983,2679.32364137239,2682.82465137438,2698.03373444746,2709.71536195627
8467,2656.73586659994,2667.61939845618,2679.8705794353,2683.40067620694,2698.9072247684,2710.49545749263
8468,2656.74579719727,2667.58707750801,2680.33269036055,2683.88794154054,2699.70787799342,2711.27523317622
8469,2656.75607783733,2667.57518228076,2680.66581514638,2684.24314749788,2700.31891449989,2711.90827872643
8470,2656.7656857295,2667.57662162981,2680.86494455688,2684.46228645503,2700.76958274781,2712.37995053273
8471,2656.77355760025,2667.57627009206,2680.94192015817,2684.55644375007,2701.12022076385,2712.76949899935
8472,2656.77870481503,2667.58059551893,2680.91710264968,2684.54843429987,2701.33187544536,2713.45273169049
8473,2656.78036508616,2667.57769017534,2680.81772093406,2684.46581883433,2701.44622462921,2713.53858435122
8474,2656.77808706465,2667.56609925747,2680.66008085816,2684.32412429203,2701.44622173326,2713.50785279967
8475,2656.77177446234,2667.54865574511,2680.45963544806,2684.14124838871,2701.41579536265,2713.36610990112
8476,2656.76165617862,2667.51974560792,2680.23943098736,2683.93794108486,2701.33944787518,2713.1708654178
8477,2656.7482310299,2667.49159042395,2680.00285200632,2683.71871717907,2701.23371132171,2712.89462392655
8478,2656.73533174037,2667.4729659545,2679.77562770071,2683.50592047174,2701.11687411876,2712.56433109052
8479,2656.75447699788,2667.55197769039,2679.69462674365,2683.42220577008,2700.78717795688,2711.39207273408
8480,2656.77491661664,2667.64801226012,2679.73409766167,2683.45825089967,2700.78351385367,2711.27714890044
8481,2656.77344387289,2667.64886860759,2678.50686614197,2682.24893785186,2699.27824429455,2709.45024919932
8482,2656.60206823775,2666.29158760975,2676.26746582291,2680.03956730274,2694.95667347228,2703.98051845668
8483,2656.52858103858,2665.63473634852,2675.61105310676,2679.43534313425,2694.13038515066,2703.26326928985
8484,2656.48454281192,2664.95518509924,2674.81180190033,2678.67920918201,2693.32790296028,2702.69445280648
8485,2656.4956987152,2664.20512423249,2673.82426415943,2677.69519056765,2692.41997545001,2702.25910091658
8486,2656.61516333635,2663.51164350067,2673.0458238662,2676.89167047456,2691.89494387975,2702.44455435508
8487,2656.65549363864,2663.31151068012,2672.82723783718,2676.58312302607,2691.82757323119,2702.76295880367
8488,2656.66910232014,2663.41935750348,2672.87049229358,2676.54688071724,2692.3496689028,2703.47620172559
8489,2656.68378588216,2663.58682080748,2673.07116221825,2676.70790290262,2692.46415588426,2703.82451084422
8490,2656.70031864885,2663.71866227029,2673.35364299108,2676.96235395523,2692.73555485837,2704.04223901404
8491,2656.71956817518,2663.88637731684,2673.84780109765,2677.41539475353,2693.29378586428,2704.65120900191
8492,2656.75348139571,2664.27651375368,2674.34194277588,2677.85434119005,2693.93895919908,2704.85253034003
8493,2656.77840494706,2664.63675205359,2674.47645609339,2677.91402270419,2694.39922699349,2705.41317581531
8494,2656.7549042593,2663.94266838418,2674.24439440787,2677.66606344799,2693.99587269173,2705.30645499399
8495,2656.72908131067,2663.68482987993,2674.42489699016,2677.83096376894,2694.01731059039,2705.52629485155
8496,2656.70085554858,2663.67780919211,2674.83138728702,2678.20387038651,2694.19740083151,2705.82453278739
8497,2656.6700700412,2663.67705557743,2675.26376121248,2678.5958198189,2694.44322563671,2706.08195521726
8498,2656.63640106879,2663.67709613459,2675.67789508825,2678.96373110353,2694.70642802277,2706.27377098332
8499,2656.59914442382,2663.65289927641,2676.00819123598,2679.24448335399,2694.88754160435,2706.32038216688
8500,2656.55682912315,2663.62766666899,2676.26079831871,2679.44776988645,2694.97094721731,2706.23151856692
8501,2656.50645542434,2663.61981333068,2676.42409190048,2679.56006796644,2694.94701330667,2705.96282971183
8502,2656.4423427248,2663.63485435844,2676.50299881308,2679.58869623229,2694.79583096807,2705.52863655437
8503,2656.3547901197,2663.70097563987,2676.51019537391,2679.54579397381,2694.52690889017,2704.93175952694
8504,2656.23018213433,2663.8287924895,2676.47920947042,2679.46501458193,2694.20547000587,2704.26503929594
8505,2656.01711601934,2664.42520142091,2676.54641765854,2679.53339979639,2693.99638939674,2703.72027312621
8506,2655.64363777387,2664.45412606932,2676.83753587644,2679.76197160358,2694.0510790648,2703.4025020005
8507,2655.30385930542,2664.70898222273,2677.3539301899,2680.24142260406,2694.26043822106,2702.51938297692
8508,2655.06787805608,2663.77641719914,2675.28834762767,2678.2184874804,2692.17849788383,2699.87385693798
8509,2654.99051910112,2661.6686434916,2674.24424910048,2677.19676332182,2690.57240616917,2697.94766264776
8510,2655.06115741951,2662.46440856858,2673.6448757175,2676.76768922266,2689.57443170667,2696.49222838491
8511,2655.17787792569,2663.41744535446,2676.13330215799,2679.37738130649,2691.63483379434,2697.93708902396
8512,2655.3236426097,2664.57333536336,2675.9542833047,2679.4426413585,2691.27537875493,2698.84324406055
8513,2655.47011853617,2665.68470753691,2676.77843531858,2680.34862415372,2691.69415534631,2699.32897181922
8514,2655.57721328686,2666.80955164066,2681.97859809513,2685.63795437038,2696.80827479676,2704.40635662398
8515,2655.62021874126,2666.27588556556,2681.98226827236,2685.63248426855,2696.56579166101,2703.93867280136
8516,2655.54999739708,2672.70438490449,2680.9831384427,2684.29462622713,2699.53211407247,2709.82313281712
8517,2655.67479339923,2668.48202990281,2681.07112492478,2684.25454327278,2696.79675186362,2707.8091978047
8518,2655.77863354389,2670.71210931432,2679.24541091096,2682.28473387467,2694.24249032244,2703.70280652025
8519,2655.8384880556,2671.66921530613,2680.09049267174,2683.03134775826,2695.80822141749,2710.27687701314
8520,2655.84332513426,2672.31787152955,2681.54568489585,2684.39662927266,2697.91315649983,2709.90866995078
8521,2655.75382046435,2672.97417576709,2682.79420379005,2685.59856315252,2699.61582361415,2712.85896244847
8522,2655.59624397646,2674.036735074,2685.1035087074,2687.8609109467,2702.36653362727,2718.11653309844
8523,2655.43329348429,2675.13140591827,2686.33976578919,2689.07128767122,2704.25921585251,2720.55936663282
8524,2655.28404428845,2675.83037029274,2687.26507304898,2689.98264374025,2705.92512857193,2722.55369270213
8525,2655.15956491061,2676.08669872107,2687.88644939476,2690.59629178386,2707.30584258196,2723.90764688065
8526,2655.06569772281,2676.0515513313,2688.27928341984,2690.98032520528,2708.37109376116,2724.69030269097
8527,2654.99429032929,2675.86357182799,2688.58885886612,2691.28014164831,2709.2406175383,2725.11640883408
8528,2654.93364251361,2675.59843743883,2688.8779022254,2691.560780092,2710.01512358687,2725.43024960815
8529,2654.88461742012,2675.3101545692,2689.14201862258,2691.81719959583,2710.73016051542,2725.72015507424
8530,2654.84710203798,2674.98561268139,2689.50921436701,2692.17716318503,2711.45793900002,2725.7092271666
8531,2654.82044886143,2674.69145531068,2689.854556913,2692.51756450724,2712.05447793225,2725.70271311333
8532,2654.8040340275,2674.4107514492,2687.73246285147,2690.44071090563,2710.26378305845,2723.82901607338
8533,2654.79759133275,2674.1555527966,2685.62459907857,2688.31006125106,2708.80059716946,2721.28610556329
8534,2654.80151236678,2672.92479071734,2683.98751606427,2686.68873020237,2704.57461938283,2718.95892018237
8535,2654.81579197895,2672.36364966729,2683.52952413655,2686.20471488869,2703.91790765137,2717.9398818856
8536,2654.83613047488,2672.18782981676,2683.14006430236,2685.76102539414,2703.37929483101,2716.89069692632
8537,2654.73534633274,2672.22647950861,2684.15052013219,2686.62316820348,2705.08001314244,2721.01170542363
8538,2654.65673463366,2672.21700060752,2685.60571211718,2687.9898779292,2706.07783954641,2721.64763093092
8539,2654.71118687812,2672.58262630725,2686.14951376791,2688.59958268193,2705.71784120994,2718.59910945983
8540,2654.75504542959,2671.97137607498,2690.19806078947,2692.79261200446,2710.17948045768,2722.39718021048
8541,2654.75791018524,2671.69091486363,2692.25483751023,2694.97084800174,2714.77252440571,2735.24518239106
8542,2654.8012747627,2670.60578422418,2692.96006744915,2695.11634291368,2718.44474702874,2738.71896550721
8543,2654.89827552888,2670.77433794456,2694.08048475388,2695.87406682248,2719.54646280225,2741.99525071055
8544,2655.00269297394,2670.5504409572,2698.26996423168,2699.76009454775,2723.34518409355,2747.99089289822
8545,2655.11481933819,2670.06175793751,2700.79482463106,2702.09075445704,2725.46360459964,2752.66338780921
8546,2655.23403379884,2669.46828250193,2702.8141570875,2703.95253029159,2726.95410989438,2755.08913086929
8547,2655.35986441444,2668.83244559665,2704.6422086979,2705.65460830293,2728.15161356254,2757.21979344296
8548,2655.49193183432,2668.1741379819,2706.24556318137,2707.16278229988,2729.03535099981,2759.06523800221
8549,2655.62997560616,2667.56966850249,2707.75023842348,2708.60546343193,2729.75195403332,2760.60333244442
8550,2655.77399644855,2667.05033413649,2709.06813081685,2709.89181996773,2730.32204595199,2761.75018860183
8551,2655.92428137689,2666.70053753193,2710.13904327201,2710.96167314539,2730.70141671185,2762.30275861714
8552,2656.08147210705,2666.63514660111,2711.00342459238,2711.8499863646,2731.03340729968,2762.29622352823
8553,2656.24667809107,2666.88984497398,2711.48438452778,2712.37654591526,2731.18948017775,2761.66500175401
8554,2656.42136763916,2667.51026916765,2703.51220897959,2704.42495797527,2723.29259600471,2753.49783370494
8555,2656.6074409856,2668.45297832487,2704.06946689741,2705.05508220596,2723.70216158421,2752.27715205363
8556,2656.80705147114,2669.63946707422,2704.47338381503,2705.54679791855,2724.12802537437,2751.45354089101
8557,2657.0222287769,2670.98202797433,2704.79160989993,2705.96446893349,2724.45158083393,2751.07457388926
8558,2657.25438290886,2672.39449138427,2705.11499324058,2706.39771657147,2724.78889125253,2751.28242917276
8559,2657.50330812566,2673.80659408445,2705.52008308276,2706.92527073049,2725.13297787281,2751.94573429984
8560,2657.76482997464,2674.92010428147,2706.17878046256,2707.71804318021,2725.37485267776,2753.02083469327
8561,2658.03094871939,2675.78172169882,2706.49524922691,2708.1599412356,2724.66407108711,2753.14485798339
8562,2658.28875682743,2676.24399773578,2706.64114579155,2708.46719413753,2721.96262094622,2745.99446058875
8563,2658.5799957018,2675.14114513935,2703.98984587105,2706.43117901387,2717.53802058079,2727.32782232331
8564,2659.00762754589,2675.98081407417,2701.72767510688,2704.55229769749,2715.52686283341,2723.9585555547
8565,2659.41907877918,2676.1575664735,2705.02095802321,2708.07312552449,2718.2257058379,2725.10162809195
8566,2659.75010324349,2676.04144236219,2698.92657613183,2702.28785017947,2711.75384274315,2725.16257879753
8567,2660.00185014996,2676.22939469972,2698.68378580193,2702.19942904779,2711.03844126039,2726.4363582616
8568,2660.25993498394,2676.44184286328,2704.17796928192,2707.54298041958,2716.05924744358,2734.78674389349
8569,2660.51427567907,2676.75605033328,2703.96043262472,2707.47823822258,2715.5072621424,2738.87767843662
8570,2660.75186517959,2677.25403636682,2706.63618996576,2710.04040404562,2717.8386481363,2744.99605804037
8571,2660.95780471695,2678.15322949284,2706.64360719953,2709.75903763486,2717.40949577864,2743.99395587724
8572,2661.51062399108,2679.19274898701,2708.33811207452,2711.3106815168,2718.84747780953,2745.02429562309
8573,2662.38034020836,2680.63822470615,2711.21142716687,2714.24460971751,2721.71905161037,2747.2159708209
8574,2663.68576944882,2682.81141686847,2714.56448134662,2717.37455478806,2726.1227887235,2740.80539991087
8575,2665.73209762334,2685.83500338298,2715.32095015942,2718.22914562429,2727.14539537172,2743.3799457229
8576,2668.96958988271,2689.68501608995,2717.43291937813,2720.32739309427,2729.55522483127,2745.74808541596
8577,2671.68701785174,2696.7067319508,2718.55449675643,2721.46479548146,2731.80451217511,2743.6419253059
8578,2664.42882691046,2691.30672905388,2719.16672014769,2721.61105637874,2730.05236124962,2742.64706674432
8579,2658.84430678458,2669.05326373315,2711.55815328241,2713.5348358263,2724.01235112067,2740.37803021682
8580,2658.7626611709,2668.8992333185,2713.99025827266,2715.98092502834,2730.44691400318,2753.57579198049
8581,2658.67314463592,2668.74779585163,2712.33693786269,2714.34336387536,2729.37539139487,2752.26381581443
8582,2658.57299301489,2668.56951318483,2709.08131755979,2711.16419483658,2726.89830561293,2750.81715156577
8583,2658.45718596183,2668.35681526418,2703.63420465893,2705.8973021747,2721.15669308075,2741.72727157124
8584,2658.31454160863,2668.00804826591,2697.77708023883,2700.16465921911,2715.91226531333,2737.67822907889
8585,2658.12150965991,2667.44353993439,2692.323256502,2694.71138085627,2710.84539853612,2728.79152512438
8586,2657.92013368056,2667.05936097318,2689.37867793282,2691.73825693595,2708.11998326535,2723.06898627863
8587,2657.83948621052,2667.02618158893,2688.8663805287,2691.25126734641,2707.89762271493,2721.93665541799
8588,2657.77819004269,2666.89347084821,2688.72880539401,2691.12725180768,2707.89997318462,2722.70763887193
8589,2657.70080835193,2666.73878302795,2688.65583511924,2691.06534002748,2707.91999343741,2721.58211720963
8590,2657.59550506457,2666.54691382124,2688.28567399134,2690.71205704911,2707.62221338206,2721.15168603543
8591,2657.44637416092,2666.3896518516,2687.80730539419,2690.24031721498,2707.13945647367,2720.61951781735
8592,2657.45298461251,2666.62075230338,2689.14846233616,2691.71455265865,2706.92244210798,2722.94969206083
8593,2657.44942285576,2667.41795024494,2689.60400408172,2692.22851676997,2706.06270881572,2722.23947493394
8594,2657.42851895317,2668.02603435339,2689.81690003366,2692.47702209016,2706.17506122252,2722.40605418504
8595,2657.39817195876,2668.09022128392,2689.959915998,2692.64773747963,2706.5167472442,2722.88678592024
8596,2657.36445911774,2668.05472881106,2690.02245374648,2692.72223394129,2706.7690354462,2722.73312726132
8597,2657.33125864201,2667.9308419583,2689.70387754745,2692.41971353903,2706.37314471897,2722.31463997131
8598,2657.29885641857,2667.96769719566,2689.45813831804,2692.21452223015,2705.91641641014,2722.039918985
8599,2657.26531606822,2668.0248359698,2689.3357411496,2692.09207997819,2705.42735410171,2721.89769277269
8600,2657.23101927959,2668.05500084299,2689.51830361303,2692.26187490452,2704.63973284436,2723.87167727988
8601,2657.19943181714,2668.10007901481,2689.54086309893,2692.25570556859,2703.94872515486,2722.61859943789
8602,2657.18297228136,2668.13140074081,2688.82497807433,2691.5779890658,2702.56136135135,2721.38102241132
8603,2657.06746084008,2667.97936402433,2688.85718212411,2691.65911959414,2702.25215935668,2721.68304578979
8604,2657.05468652308,2667.46484740052,2688.2971799848,2691.29986727038,2704.38731788688,2722.29309423625
8605,2657.28901887836,2667.57555208844,2687.18143514791,2690.30813370233,2702.63172257299,2716.14227934205
8606,2657.23638845329,2669.41510595546,2689.01814366029,2692.21143458794,2707.12724386287,2726.0064596808
8607,2657.13086355195,2669.74652009925,2688.82682568981,2692.10900169785,2707.17848383817,2723.33622848823
8608,2657.04945688742,2670.12665891454,2688.8100589996,2692.45640156077,2707.24230239183,2722.07082148984
8609,2657.01068090451,2670.88519008617,2692.6140236452,2696.9748852214,2711.20660846868,2725.87795143907
8610,2656.93928242179,2674.9601061374,2696.12483465657,2701.23038075468,2715.36185595749,2732.04041105949
8611,2656.85053377545,2674.84483964706,2695.41213059578,2701.03010918348,2714.94407131668,2731.88093485107
8612,2656.71256845797,2675.57728210683,2695.09988992532,2700.7683960237,2715.54541035257,2733.98325190246
8613,2656.54254732518,2675.23746363874,2694.71611720094,2700.63506870357,2715.10489538967,2733.6623909644
8614,2656.37564190549,2674.97600118898,2694.5212849259,2700.61200749799,2714.61085460687,2732.83545804799
8615,2656.21393923175,2674.89317970376,2694.44356370351,2700.66585958727,2714.33839438221,2732.3059828739
8616,2656.0756494095,2674.76306443249,2694.39586406035,2700.62700952199,2713.9896958117,2731.72236633478
8617,2655.95168148659,2675.36007690926,2695.03623524221,2701.0827615111,2714.26215891455,2731.94342532669
8618,2655.83222091135,2675.23084075814,2695.57850541855,2701.88173590647,2715.10722575635,2732.36564589305
8619,2655.71821400458,2675.18216496956,2695.62432680319,2701.92998934313,2715.20332009613,2732.65980824871
8620,2655.61016174529,2675.2040106664,2695.7322840829,2702.03953984253,2715.31787832872,2732.97849065634
8621,2655.50827734447,2675.23797970057,2695.85608654885,2702.15125059873,2715.36543789195,2733.27506977693
8622,2655.41256572682,2675.28846459758,2696.02826302928,2702.29814499861,2715.36817672711,2733.48353077325
8623,2655.32291692754,2675.33782173822,2696.18353968336,2702.40864808092,2715.22429704289,2733.7866175816
8624,2655.23915865029,2675.45593830601,2696.40498286128,2702.58102174499,2715.09251712465,2733.70307844249
8625,2655.1610905422,2675.6897832267,2696.74325094342,2702.88512285479,2715.05910682034,2734.12820669189
8626,2655.08847127398,2675.94844372647,2697.1235806621,2703.25535279345,2715.07872883318,2734.31743406975
8627,2655.02109121242,2676.1972915885,2697.48670379893,2703.62953839466,2715.05973674915,2734.26351206634
8628,2654.9587079054,2676.42391668627,2697.81441515391,2703.98005527184,2714.93186401168,2734.43640779078
8629,2654.90108101812,2676.76101829739,2698.29992765327,2704.49411962655,2714.93833734315,2735.06056985234
8630,2654.84794210945,2677.02838970035,2698.71030845917,2704.93820242325,2714.80630592693,2732.61574417405
8631,2654.7989998626,2677.30009511237,2699.1125828367,2705.37019439141,2714.63054470692,2732.60693120804
8632,2654.75392424879,2677.51064209901,2699.38365979341,2705.66147912665,2714.24617398919,2732.18800773109
8633,2654.71234085659,2677.73804100437,2699.48900279377,2705.77966561717,2713.67260657095,2731.73828101
8634,2654.64819091186,2677.13847024445,2698.64065096588,2704.91050690672,2711.56811367643,2729.16085638718
8635,2654.52119663506,2675.51426852551,2697.08721754887,2703.2653595729,2708.58157286197,2726.3732133283
8636,2654.45512358927,2674.93771283195,2695.36368658998,2701.6503494301,2707.54342172788,2725.19364605711
8637,2654.40983670698,2674.93939101505,2694.37309826333,2700.7334792544,2706.67787866022,2721.4002019833
8638,2654.32748801678,2668.76181102892,2687.37880945768,2691.44456179753,2699.1118634031,2711.64945234574
8639,2654.18641531666,2668.32940270594,2686.3248240934,2690.29855239736,2698.57290658407,2711.19666110722
8640,2654.09141855988,2668.91915318402,2686.03106505794,2690.03212919824,2699.08438689065,2712.70126218515
8641,2654.01406525439,2669.95304081373,2685.60943151603,2689.62081443375,2699.93845249608,2712.69872204354
8642,2653.92605817178,2670.81070884048,2686.59478255148,2690.51324394747,2701.85440921918,2715.33594627286
8643,2653.86203775797,2670.70848707957,2686.63880756048,2690.51280074012,2702.3088972168,2715.02112395933
8644,2653.79660639392,2670.70274068116,2686.78524329273,2690.60672578569,2702.72558240727,2718.85462698721
8645,2653.7243590696,2670.76653818192,2686.99103198802,2690.74047086489,2703.20281388359,2716.69740707603
8646,2653.64580606619,2670.81113782288,2687.13864507651,2690.79528222171,2703.60779053735,2716.12142611736
8647,2653.5635683398,2671.07535101441,2687.37225034075,2690.91993074493,2704.05862393145,2717.10960469263
8648,2653.48075634587,2671.11259428528,2687.75224085995,2691.18220354516,2704.55238796741,2718.59581872501
8649,2653.40185651965,2671.27186941803,2688.04331188096,2691.37253707267,2705.64105171202,2719.41763095099
8650,2653.3354486857,2671.56903724713,2688.14155146227,2691.4202792586,2705.59399920037,2722.38032512994
8651,2653.29893858847,2671.89437870033,2687.90040441443,2691.308139873,2705.15086839484,2717.12058542567
8652,2653.31223131233,2672.11451415865,2687.21085113389,2691.18794163324,2703.01980130008,2717.61267704891
8653,2653.33200339508,2671.52013613901,2684.29208690275,2689.27762053374,2699.03165339477,2708.31683595423
8654,2653.02988553154,2670.0377097627,2681.3207376788,2686.22445104463,2695.12412602584,2701.67081973126
8655,2653.0311929751,2670.23985970719,2681.31393567354,2685.97568928918,2694.88177279976,2701.46115200884
8656,2653.02325730982,2671.16682258055,2682.30503709209,2686.78464336998,2696.29183034396,2703.10791557105
8657,2653.01430219876,2671.85440867704,2682.88499295892,2687.24781869271,2696.45845279172,2703.87190071806
8658,2653.00234152982,2672.02714113225,2682.80481519195,2687.1030056607,2696.33981341638,2702.82112397904
8659,2652.98412357517,2672.21056206972,2682.63075629317,2686.88997205625,2696.18005765449,2702.90977804177
8660,2652.95937020288,2672.464525163,2682.64802490231,2686.8638745871,2696.16204366249,2702.92959450173
8661,2652.97914069498,2673.52775701673,2684.08757221557,2688.06503286008,2697.56116640215,2704.29500908763
8662,2652.99579207241,2673.20819296763,2685.12873269864,2689.1038909034,2703.53930497434,2713.91851167135
8663,2652.99828779668,2681.52067108755,2692.7877780377,2696.86194729931,2710.45132766986,2726.90570257718
8664,2653.00064263982,2682.72017193944,2696.38964793542,2700.24668445328,2714.02184823171,2728.36441223442
8665,2653.00135554574,2683.88944692015,2698.30757106959,2702.37214764197,2717.09057378163,2733.84678047105
8666,2653.0008888583,2684.40473101514,2699.26461487876,2703.35165606231,2718.34387539188,2736.72180685442
8667,2652.99973105701,2684.69377385693,2699.82378566315,2703.92784099362,2719.25911195193,2734.36754399861
8668,2652.99815381584,2685.5424424839,2700.13944794692,2704.30282449011,2720.11558539029,2739.11766745663
8669,2652.99632313068,2685.56648275962,2700.45272837084,2704.61437749596,2721.81901863357,2738.32365708657
8670,2652.99433591336,2685.47076266345,2700.49743799184,2704.67108327625,2722.05163885585,2738.2540510924
8671,2652.99225762005,2685.55059670399,2700.65914662542,2704.835454994,2722.3115411081,2742.48209662011
8672,2652.9901211137,2685.52865501384,2700.72533140097,2704.90539407168,2722.51915759775,2739.15042571603
8673,2652.98795095909,2685.38815359765,2700.65755280103,2704.85537195012,2725.01635547177,2749.40166670283
8674,2652.98576647077,2685.30712993215,2700.61962408652,2704.83051950149,2725.05404754365,2749.31738489122
8675,2652.9835848728,2685.2323343783,2700.56342022555,2704.78780396475,2723.60287492519,2746.68492041847
8676,2652.9814038392,2685.15526140178,2700.46902544714,2704.71326148048,2723.20985219009,2745.86801107023
8677,2652.99175660574,2685.15968165987,2700.57821205624,2704.81424769039,2722.88125456294,2743.29655414626
8678,2653.01550393012,2685.1555795267,2700.77526441293,2705.00096602559,2725.00237984904,2741.12515336205
8679,2653.05221601507,2685.00871296488,2701.22888004535,2705.4089082241,2726.12682266795,2736.63573335394
8680,2653.06798204544,2684.6854584092,2701.67441008446,2705.81320446372,2721.41096789221,2734.99914241819
8681,2653.04961487431,2684.64278059259,2701.4530598681,2705.643373738,2721.64682152996,2732.35418182011
8682,2653.03183967767,2684.77243064718,2701.41402017516,2705.84728584754,2722.27079646067,2732.31888211437
8683,2653.01491194967,2684.86947479843,2702.036092414,2706.62584365651,2723.2914201713,2732.96225956113
8684,2652.99915528505,2685.15480384327,2702.74978570129,2707.50520762751,2724.33786069822,2733.73836778327
8685,2652.97965301239,2685.11108415288,2703.45286036679,2708.23472355224,2728.44123564726,2735.81806693473
8686,2652.96218706851,2685.76705482423,2704.07616847432,2708.87255230316,2728.68441151122,2736.09452219441
8687,2652.95013412703,2686.25443678592,2704.23308580833,2709.04642419441,2728.21968801253,2736.07455183402
8688,2652.94106225946,2686.51006168299,2704.2786277808,2709.09929972835,2727.89118851246,2735.62292896669
8689,2652.9340595733,2686.66709507337,2704.30558576801,2709.13209161381,2727.67110415904,2735.38261917875
8690,2652.92884652104,2686.76219964568,2704.29648492945,2709.12767014951,2727.48774953638,2735.18615953374
8691,2652.92553616857,2686.82436600299,2702.41482027949,2706.97092054732,2725.96277424491,2733.72202223045
8692,2652.92469370977,2686.88682469135,2702.43954379777,2706.99367376559,2725.86036214015,2733.60977783932
8693,2652.92759056518,2686.91288215064,2702.43648595695,2706.98598521224,2725.74258319691,2734.24907384555
8694,2652.93711601617,2686.92391649079,2702.42375793505,2706.96527018145,2725.62316331861,2734.21004439034
8695,2652.96039258456,2686.97423296613,2702.45244708996,2706.98050238771,2725.53772423869,2733.70250710008
8696,2653.01903235947,2686.97144923511,2702.42281882619,2706.67321893124,2725.11444532453,2732.94479188377
8697,2652.84453832294,2686.62248288208,2702.02426459115,2706.2985257853,2724.61008076163,2732.64472155758
8698,2652.7714935909,2686.59725507022,2702.29841474843,2706.60114509236,2724.92820179114,2732.96021928256
8699,2652.71882059998,2686.36979627939,2702.03184809865,2706.32759258923,2724.47299959965,2732.51902554319
8700,2652.68778685841,2686.21798464583,2701.88348165562,2706.19460171256,2724.2289588251,2732.27807428131
8701,2652.57934799817,2686.08098714185,2702.02158319859,2706.50326243259,2724.34793968961,2732.3042582602
8702,2652.4990929595,2685.93618375839,2702.08466432407,2706.74514175642,2724.42818090068,2732.27886176568
8703,2652.44446877098,2685.78140500593,2702.03993402263,2706.88402813789,2724.42199187965,2732.19596801833
8704,2652.415109539,2685.61853147606,2701.91824716756,2706.94580032466,2724.34835168762,2732.08568026983
8705,2652.4103464151,2685.45675842104,2701.74808438583,2706.9538833794,2724.22333096126,2731.95625049617
8706,2652.38520939568,2685.46368845328,2701.60825595826,2706.9084627422,2724.12404977352,2731.8154952441
8707,2659.87993570359,2689.69517137385,2712.95341255788,2719.75956258076,2736.21378044906,2750.17465538925
8708,2659.84063066594,2689.58795216719,2713.32560787763,2720.13230257684,2736.98201027227,2751.1178494964
8709,2659.79977033107,2689.50594108539,2713.19147224193,2720.01454491374,2736.8392192619,2752.81479562194
8710,2659.75897197255,2689.41549821345,2713.11017319673,2719.95293331597,2736.72306794405,2752.77778586332
8711,2659.71843369929,2689.32571410059,2713.01065673153,2719.8707784741,2736.59249508398,2752.78087105352
8712,2659.67847157542,2689.25164136719,2712.94031498551,2719.81987149963,2736.49851161388,2753.02306046246
8713,2659.63904471601,2689.1891315074,2712.94660780494,2719.84500391771,2736.50849590006,2753.74566680099
8714,2659.6002753869,2689.12879721272,2713.05405721067,2719.95342348473,2736.60555948624,2754.1401354109
8715,2659.5621922086,2689.07081173601,2713.12901366673,2719.97854956365,2736.4291475447,2753.21590385886
8716,2659.52477516348,2689.0221400096,2712.84692799881,2719.68787164548,2735.88068141427,2752.86434258436
8717,2659.43971699735,2689.1010109301,2713.00220313608,2719.85625852008,2735.96069762024,2753.33211025308
8718,2659.35213301721,2689.63023239686,2713.10007841859,2719.99118475286,2736.06786568474,2753.76501244424
8719,2659.26163699302,2689.74026350635,2719.40855148275,2726.87902410249,2742.20668460645,2760.16457154586
8720,2659.17322017013,2689.84067700291,2719.62308448839,2727.12607512972,2742.49505835673,2760.60760384076
8721,2659.08810195449,2689.93844196307,2719.79003629215,2727.3241398797,2743.1908121789,2761.01507169458
8722,2659.00608455506,2690.0239555614,2719.94027102626,2727.50097890336,2743.44911203395,2761.26633681603
8723,2658.92694331569,2690.18432840036,2720.11949533483,2727.70258002339,2743.78781343756,2763.50138209659
8724,2658.85054317759,2690.23791991474,2720.20009673024,2727.80819903973,2743.91585754898,2763.55382166815
8725,2658.77676285707,2690.32437339237,2720.31439502316,2727.947705278,2744.12628840438,2763.66394802601
8726,2658.70547591647,2690.42397435993,2720.43223845736,2728.08827020056,2744.30837941141,2763.7493809754
8727,2658.63663780711,2690.51245103688,2720.53894573716,2728.21740891164,2744.47513056148,2763.86437025818
8728,2658.56842640498,2690.56847886714,2720.58676111602,2728.27568043905,2744.60210643716,2763.91866840951
8729,2658.50237155051,2690.66894539155,2720.6620541958,2728.35760342998,2744.79082600164,2764.04516345653
8730,2658.43852127561,2690.75419625846,2720.70136429904,2728.40814538869,2744.86428773902,2762.76900264769
8731,2658.37683185463,2690.83172640464,2720.74579966939,2728.4615732605,2744.96472566833,2762.87371014002
8732,2658.31925844219,2690.90877540132,2720.76832888643,2728.48667473822,2745.05896857299,2763.01465772654
8733,2658.26493913138,2690.98670565555,2720.76243142245,2728.48048008663,2745.09336084472,2763.1104102522
8734,2658.21222378886,2691.06030487031,2720.7218608836,2728.43906734174,2745.09776280087,2763.1526941132
8735,2658.16113713438,2691.13395455272,2720.64465343181,2728.36243825723,2745.05666549903,2763.12433006935
8736,2658.11166595822,2691.19310120742,2717.57233005444,2725.08674901222,2741.82620351476,2759.12312776311
8737,2658.06376693307,2691.26379646161,2717.85261621777,2725.37686009285,2742.10487182875,2759.49081915221
8738,2658.01744428069,2691.30861261101,2718.05607798972,2725.58893075812,2742.28113654432,2759.76184188846
8739,2657.97270186306,2691.36120936732,2718.25897270921,2725.7964548672,2742.44888825393,2760.03282954648
8740,2657.92949787174,2691.41363368222,2718.4463069091,2725.98424086808,2742.61194648684,2760.30740859709
8741,2657.887826495,2691.46132555104,2718.9984360929,2726.61629062573,2743.24381383493,2761.050504565
8742,2657.84768525056,2691.47963642373,2718.83889524791,2726.43191063624,2742.98977092637,2760.90726728177
8743,2657.80905394139,2691.50175769929,2719.00258350775,2726.58215918251,2743.06942034257,2761.19427179338
8744,2657.77190271029,2691.54249578463,2718.91467190548,2726.49086397088,2742.90643942433,2761.6250576804
8745,2657.73625093482,2691.54726879894,2718.71365014492,2726.29450607088,2742.63368708122,2761.65954402197
8746,2657.70204416297,2691.55706400958,2718.48245894828,2726.08019115857,2742.36091067804,2761.64610176517
8747,2657.66927809012,2691.5619073709,2718.14601910607,2725.7862647308,2742.01372239542,2761.49076129287
8748,2657.63823657949,2691.55566865712,2717.7645631328,2725.50452629679,2741.68948544316,2761.38397029293
8749,2657.61005241195,2691.53270480836,2717.76989453621,2725.52634006134,2741.63124841429,2761.34053943264
8750,2657.59674162139,2691.56880679235,2717.67034854607,2725.43254234839,2741.4773809102,2761.5361704977
8751,2657.58601874011,2691.60394823843,2717.52073552026,2725.29347151158,2741.28642980137,2761.73746036597
8752,2657.57606722593,2691.6324338197,2717.35587683057,2725.14248719648,2741.07432110438,2761.91298811645
8753,2657.56956297089,2691.66284516559,2717.18908698293,2724.99021073003,2740.88243553571,2761.96971431492
8754,2657.57677960416,2691.70701290477,2717.10669984057,2724.90669962115,2740.80866493105,2761.9603306513
8755,2657.58626504022,2691.70890233574,2717.01960043673,2724.81421816681,2740.72208265588,2762.00720142538
8756,2657.59698941449,2691.71649455995,2716.93390054347,2724.72345279912,2740.62336989658,2762.06893106148
8757,2657.60893809303,2691.72229414399,2716.85817465263,2724.64247576434,2740.54930549288,2762.09412043118
8758,2657.62213916926,2691.7425351627,2716.7860630023,2724.56289994004,2740.47025344028,2762.14876330199
8759,2657.63660773701,2691.74641115595,2716.72073201108,2724.48773306373,2740.39196112002,2762.11213102767
8760,2657.65235722487,2691.74913082931,2716.67174503309,2724.43150808101,2740.3348925571,2760.76145559056
8761,2657.66938262946,2691.7568783832,2716.62060011079,2724.37178773324,2740.28403039772,2760.78733944628
8762,2657.68769298303,2691.77151084367,2716.61642379722,2724.35727120003,2740.27780690848,2760.91009973938
8763,2657.70731085401,2691.76433219698,2716.584262481,2724.31333685806,2740.23032334359,2760.9121731439
8764,2657.72825927438,2691.74375127274,2716.53033842395,2724.23902448137,2740.13587474128,2760.88272779337
8765,2657.75051936541,2691.74974812195,2716.51413626939,2724.20306843045,2740.07628935295,2758.71961644149
8766,2657.77412829835,2691.72322368355,2716.45761385918,2724.13225191158,2739.99062018292,2758.73961093063
8767,2657.79910207551,2691.68726173115,2716.33845019754,2724.00107310722,2739.82620594072,2758.76585128204
8768,2657.82543623064,2691.67659445234,2716.3864340829,2724.03063136743,2739.86697334916,2758.8536650252
8769,2657.85314859124,2691.65403380839,2715.8739393252,2723.58949098994,2739.4293324708,2758.63962010993
8770,2657.88225799057,2691.63318010957,2715.93631920542,2723.64031156609,2739.45974624804,2758.84184234533
8771,2657.91276428554,2691.59790780329,2715.97398426985,2723.67020494229,2739.46523584495,2759.0624793843
8772,2657.94466393956,2691.57704992312,2716.28094938073,2723.96322640139,2739.78707172746,2759.41352901228
8773,2657.97793098518,2691.52862398084,2716.75371651059,2724.44396368361,2739.99256558576,2759.57082200998
8774,2658.01247382367,2691.46524881705,2716.97650573067,2724.69758756103,2740.35960338855,2759.469166381
8775,2658.04798420071,2691.37205249455,2712.39851243367,2720.11112422776,2735.88779375383,2755.97156776098
8776,2658.08335508355,2691.24556963174,2711.91759840962,2719.67879627114,2735.54802017429,2754.6041024331
8777,2658.10934393694,2689.84907419331,2710.10475722441,2717.89772587792,2732.10952816915,2749.99088209524
8778,2658.32184542474,2689.41737162842,2702.22842986753,2709.47093278048,2723.86843532742,2732.64715006196
8779,2659.04412285462,2690.04086634328,2702.96933328005,2710.10937888306,2723.95081207164,2733.87719636335
8780,2659.81445706694,2690.69380501447,2703.90982354461,2710.9663443847,2724.664871717,2735.19926624122
8781,2660.58513232302,2691.30421413984,2704.37444198622,2711.38335199864,2725.13346326736,2735.33226395555
8782,2661.2320234668,2691.73870402023,2705.02298440723,2712.03631115598,2725.79195794134,2735.44359463171
8783,2661.67133497696,2691.92092553325,2705.65057867926,2712.68996260991,2726.49265964431,2735.97411582206
8784,2661.6559539327,2691.77836926444,2706.15597547378,2713.25003012364,2727.16163093873,2736.94279267278
8785,2660.87609364438,2691.3169002522,2706.27848846335,2713.48871091194,2727.57116193033,2736.43435126267
8786,2659.25044267147,2690.64317232717,2706.01790339158,2713.41057509464,2727.77458286601,2736.71445980026
8787,2658.37859711236,2690.26227081927,2705.40068121652,2712.88773622242,2726.91123714207,2737.40553121216
8788,2657.70895875571,2689.82131581894,2705.3116443162,2712.75968761547,2726.09320602179,2738.65790309729
8789,2656.96434627318,2689.20847104622,2704.45657867597,2711.88852239158,2724.9239758888,2737.82100135532
8790,2656.1817754571,2688.43641334001,2703.13766244344,2710.61179686106,2723.89017416109,2736.4152680502
8791,2655.40777565423,2687.60526011567,2701.92029301758,2709.45966234358,2723.19574181897,2735.18580713844
8792,2654.69049325272,2686.83289744055,2700.69609131482,2708.3532504812,2722.69106561003,2734.31536150917
8793,2654.07090733521,2686.21135748979,2700.27446581881,2707.94300978797,2722.66685882506,2733.72575127306
8794,2653.58526166586,2685.75040099092,2699.98990910378,2707.66415900221,2722.41343874735,2731.72709021866
8795,2653.75909470656,2684.42587555144,2697.99171935961,2704.47487906024,2715.9828510935,2723.4390876091
8796,2652.40619712579,2683.22929232478,2696.6791521083,2703.2142949199,2714.93544776658,2722.59505686018
8797,2653.06083154832,2684.82692135354,2701.14766071578,2707.46257873193,2719.37130715193,2726.75558573026
8798,2653.12958901799,2684.3738131971,2700.51921617588,2706.88307545424,2719.13084765751,2729.30771134576
8799,2653.151947458,2684.09128782356,2700.25427950427,2706.6535836667,2719.12451916334,2733.69306900068
8800,2653.16417233316,2683.89995926672,2701.07261922695,2707.61938447726,2720.29896092225,2734.84488954303
8801,2653.17256228481,2683.71227333327,2700.88416793192,2707.44246299381,2720.19969313663,2734.59176713574
8802,2653.17908938643,2683.54004705428,2700.78250557983,2707.3441653964,2720.12513334443,2736.80111825052
8803,2653.18327485747,2683.43103726003,2700.50001056199,2707.07755184348,2719.88100344782,2736.51165328635
8804,2653.20600386728,2683.67795356353,2700.92432890724,2707.46063860002,2720.34211275455,2736.92620632346
8805,2653.22488100849,2683.73711295034,2705.6416821598,2711.96700267937,2725.15887067802,2744.25504636509
8806,2653.24423315645,2683.79479258349,2705.69970924086,2712.00974979779,2725.22291308594,2743.18686071627
8807,2653.2630043586,2683.83906714042,2705.67442861671,2712.02932660915,2725.24227181731,2742.97602793817
8808,2653.2807418187,2683.88101346688,2705.66606494309,2712.00505322571,2725.23763477008,2742.74238676011
8809,2653.29726388427,2683.9217310844,2705.66035633851,2711.98748067746,2725.21790603631,2742.60646807796
8810,2653.31632857883,2683.87104024254,2704.85116600807,2711.14224628066,2724.59180277742,2741.13475689151
8811,2653.33567114368,2683.82110861849,2704.11299336735,2710.35773689292,2724.0478470933,2739.98022494875
8812,2653.35373217639,2683.80548990465,2703.6849876625,2709.90173644394,2723.7569847957,2739.23374625265
8813,2653.37057755947,2683.91509153561,2704.23411567773,2710.39303150524,2724.47799942165,2739.75208288808
8814,2653.38625254204,2683.92469507927,2704.23083299405,2710.38838287086,2724.55674586792,2739.97663281884
8815,2653.40086539164,2683.94660657722,2704.24138939988,2710.4037910766,2724.62593322208,2740.35896624761
8816,2653.41379291939,2684.06276244595,2702.69428509504,2708.94305290907,2723.34989280356,2738.57130653896
8817,2653.42575467331,2684.18349960056,2701.36429942383,2707.69467514349,2722.06231155711,2737.03639957089
8818,2653.43701867128,2684.30195160978,2700.6540387062,2707.04003586748,2721.30192926309,2736.1573801316
8819,2653.44762839589,2684.45586865666,2700.25592275902,2706.67573809456,2720.81402831687,2735.45248595515
8820,2653.4576425441,2684.59630603656,2700.06446121803,2706.51320179192,2720.56343665387,2735.12132275113
8821,2653.46710090129,2684.75336456826,2699.95608151148,2706.42541948674,2720.40114955915,2734.85247923845
8822,2653.47603644374,2684.9110337524,2699.91728916076,2706.40200621841,2720.31482939392,2734.68092673393
8823,2653.48450269651,2685.0737428884,2699.91744333582,2706.41363943874,2720.27299136562,2734.54643173621
8824,2653.49252337478,2685.21529684432,2699.95039056755,2706.45770120237,2720.2804714877,2734.55198300415
8825,2653.46733913539,2686.24754696399,2701.04538094248,2707.52887592746,2721.0688655306,2735.16846947996
8826,2653.43997885112,2686.73428712688,2701.53603011944,2708.04481326786,2721.56548364979,2735.67674576062
8827,2653.41250198376,2686.79783572386,2701.60268027502,2708.1702720695,2721.73409248183,2736.13489019539
8828,2653.40568827003,2686.86089339215,2701.52966138416,2708.1286319354,2721.68974830582,2736.24651975155
8829,2653.4086539983,2686.94247880394,2701.48847421078,2708.10836205097,2721.64578106106,2736.30591247319
8830,2653.41598046934,2687.03239676819,2701.94002529123,2708.62145821797,2722.12864311516,2736.92284789964
8831,2653.42639146769,2687.09327119475,2701.76313274735,2708.45960414169,2721.93113102394,2736.86071321268
8832,2653.43905663046,2687.1593862023,2701.63332477655,2708.34295497003,2721.76561518324,2736.69587340718
8833,2653.4534526554,2687.22108120895,2701.51340533494,2708.2360704968,2721.61025775454,2736.47375052397
8834,2653.46920822525,2687.29235778775,2701.42191746756,2708.16117291508,2721.47043471918,2736.23944152324
8835,2653.48604216661,2687.45205605592,2701.39589937279,2708.16142037411,2721.3924799144,2736.06962916974
8836,2653.45896754462,2687.06157356049,2700.88388043946,2707.65414946184,2720.94379095269,2735.69612355225
8837,2653.42514250991,2686.55585622878,2700.30844181632,2707.07230558467,2720.46074467514,2735.05791883954
8838,2653.39446633888,2686.09454993793,2699.81152455179,2706.56229390291,2720.05087259068,2734.50372750562
8839,2653.36619327126,2685.63297610083,2699.32096678208,2706.05166880627,2719.6511012139,2734.03018509178
8840,2653.34007662524,2685.27341435706,2698.95406802634,2705.6608678916,2719.3866432044,2733.68986714388
8841,2653.31607273893,2684.79565701719,2698.47733253465,2705.15284001032,2720.11922823026,2735.39163104111
8842,2653.29423523145,2684.33047666728,2698.02828204206,2704.66822091247,2719.73664027832,2734.99153721733
8843,2653.27466858908,2683.85566730018,2697.58208562167,2704.18242811331,2719.29736057867,2734.51094510986
8844,2653.25750973496,2683.34768457318,2697.08330469859,2703.64519226188,2718.85473338806,2732.94265149183
8845,2653.23558008555,2675.86277989843,2696.30174384871,2702.92169017358,2717.14100534563,2732.86831471783
8846,2653.21181084094,2667.25848612283,2696.68498866697,2703.17594879435,2716.35201650515,2735.84698795656
8847,2653.19577039815,2665.82712086968,2696.51067393623,2702.87232802898,2715.61143464669,2737.33330085908
8848,2653.18460544494,2665.53192596958,2696.18897307517,2702.45126033141,2715.06472712301,2738.28926573623
8849,2653.17685239915,2665.46569412366,2695.71716102051,2701.90172246988,2714.50820846363,2738.19668140721
8850,2653.1717604058,2665.44582436872,2695.12303851819,2701.24153552666,2713.94664384458,2737.98195424256
8851,2653.16889284718,2665.4319780216,2694.37249249163,2700.43374851957,2713.22654350612,2737.42339430162
8852,2653.16805172724,2665.98736945564,2693.72944325407,2699.76628452079,2712.78010314272,2736.57303698066
8853,2653.16910453131,2665.91577893349,2692.81452946438,2698.79630958885,2711.92344680517,2736.08756161734
8854,2653.17198799629,2665.88236218213,2691.78938180887,2697.71094290264,2713.41833369707,2734.84239804636
8855,2653.17668394959,2665.8230915575,2690.79790591845,2696.65544084786,2712.33357603448,2733.90175376972
8856,2653.18318223358,2665.76153027809,2689.89959077275,2695.69327026197,2711.32723279804,2733.24609079035
8857,2653.19149934598,2665.67704510877,2688.99151531894,2694.73108998237,2710.40245142715,2732.29646115889
8858,2653.2016202086,2665.59110945839,2688.10008658562,2693.78579572667,2709.43599494736,2731.43588068188
8859,2653.21356193637,2665.49158023609,2687.27068706068,2692.90263631989,2708.58923015911,2730.73819821459
8860,2653.22730832935,2665.39873444978,2686.51736102191,2692.09292983594,2707.76803179691,2729.94118586346
8861,2653.24285603144,2665.31484281534,2685.92788679094,2691.44972152653,2707.08174047886,2729.22778557916
8862,2653.26020429222,2665.20895674086,2685.21755057369,2690.68945079359,2706.31537160724,2728.53814201062
8863,2653.27932186699,2665.10423538535,2684.51944058802,2689.948529213,2705.55235127468,2727.81144326278
8864,2653.30017025101,2665.0058766554,2684.01503691953,2689.39509511359,2704.9814256053,2727.29205187607
8865,2653.32272055074,2664.90412568262,2683.54990400077,2688.88129812252,2704.39449934412,2726.78785053476
8866,2653.34692564881,2664.80203989386,2683.02897137329,2688.31779824632,2703.82100579874,2726.69304859552
8867,2653.37273242864,2664.70356020739,2682.60770112869,2687.84807559522,2703.28733890953,2725.83523445699
8868,2653.40007238016,2664.60858955004,2682.25844876901,2687.46240259785,2702.82639106977,2725.49027239074
8869,2653.42888888481,2664.51954960916,2681.88173260971,2687.04274717762,2702.34617603916,2725.09207172108
8870,2653.45909239543,2664.43788797098,2681.76457092804,2686.89793879052,2702.10803851544,2724.99847312292
8871,2653.49061473945,2664.35621374667,2681.61410346067,2686.70265112619,2701.80201672224,2724.8568124725
8872,2653.51637676896,2664.29591839748,2681.32559751888,2686.38754769102,2701.41852010357,2724.64248180443
8873,2653.5151832039,2664.30458730471,2681.07430812112,2686.12280982395,2701.19350465919,2724.35137826948
8874,2653.51392530934,2664.31328901155,2681.03003434114,2686.0802016943,2701.16449786515,2724.34521043806
8875,2653.51261180694,2664.3226918368,2681.17186308181,2686.22243433723,2701.29833934252,2724.4496920837
8876,2653.5112678853,2664.3313420688,2681.09064989701,2686.13113673041,2701.23003644649,2724.36857844384
8877,2653.5098828577,2664.34100772857,2681.08607485698,2686.11801038334,2701.21727533001,2724.34594669688
8878,2653.50846370394,2664.34609342474,2681.08019968936,2686.11067530803,2701.19635902626,2724.34344685523
8879,2653.50701283153,2664.352097064,2681.01227013725,2686.0453174655,2701.1740023626,2724.24227609434
8880,2653.50553012735,2664.36201224721,2681.09612784002,2686.11666232795,2701.22646938923,2724.33297466579
8881,2653.50402970751,2664.36608848595,2681.03023379494,2686.04857286564,2701.18439901602,2724.23408856207
8882,2653.50250194469,2664.37232438264,2681.07095045255,2686.08719784755,2701.22109003697,2724.27499915898
8883,2653.50096242273,2664.377874328,2681.02231257528,2686.03309453193,2701.17325999492,2724.23830595073
8884,2653.49940818473,2664.38472391433,2680.97843185892,2685.9880897107,2701.1516885216,2724.13543499249
8885,2653.49782223797,2664.38972940877,2681.09807627756,2686.10223693609,2701.25378093252,2724.27513403566
8886,2653.49621495758,2664.39198673182,2681.02559547842,2686.02929001988,2701.19909267178,2724.19065852779
8887,2653.49450714353,2664.40483169772,2681.15230611635,2686.15298101755,2701.27685361324,2724.34913814772
8888,2653.4928722893,2664.41012032303,2681.05648005048,2686.05550300829,2701.21942701771,2724.21467102725
8889,2653.49121273418,2664.41441047272,2681.07871370078,2686.07830473285,2701.23963176475,2724.22322018465
8890,2653.48954427232,2664.42050069197,2681.11132433227,2686.10952062379,2701.25661336817,2724.26669865994
8891,2653.48786931386,2664.42785964862,2681.15542218063,2686.1547659841,2701.29936354793,2724.29866656918
8892,2653.48620619737,2664.43037015324,2681.10199266277,2686.09948237113,2701.2544646548,2724.23123932205
8893,2653.48453847201,2664.4376113752,2681.09907296365,2686.09688951391,2701.26685710306,2724.21218914113
8894,2653.43335079577,2664.48131336787,2681.24204770174,2686.26287206787,2701.89012392598,2724.59686037621
8895,2653.2841119982,2664.51558004777,2681.2711418664,2686.333167909,2702.68412431583,2724.70730669216
8896,2653.1025144159,2664.50915548646,2681.18710277161,2686.27850688655,2702.98870934664,2724.45483483517
8897,2652.91991960283,2664.48220052943,2681.02182266162,2686.13513250338,2702.97037737402,2724.11273893139
8898,2652.75494750201,2664.45580326037,2680.78116267166,2685.90260336847,2702.78310136777,2723.59952376358
8899,2652.61465606456,2664.43332297771,2680.54299520862,2685.67652161,2702.54096820479,2723.18052915972
8900,2652.49920508011,2664.41570715324,2680.26829090108,2685.41209221785,2702.25359914137,2722.66740624408
8901,2652.4056605826,2664.41190319042,2680.05959718915,2685.20711610188,2702.0078941296,2722.31480324881
8902,2652.33028721312,2664.40683309137,2679.81025738942,2684.96338203496,2701.71762346564,2722.64464462281
8903,2652.26950322622,2664.41053411506,2679.61364903988,2684.76917291846,2701.48950593311,2721.59274230466
8904,2652.22029447664,2664.40453223208,2679.37867898843,2684.54017677302,2701.21781924313,2721.26561063754
8905,2652.18019311737,2664.41976376884,2679.23574911657,2684.4000692422,2701.04662975405,2721.00903290435
8906,2652.14731508943,2664.41060888159,2679.01557678943,2684.18437572787,2700.79513903301,2720.70899815595
8907,2652.12012519672,2664.42694596312,2678.90099463622,2684.07279545909,2700.64752414129,2720.49015226041
8908,2652.09750291191,2664.42449447601,2678.74184515243,2683.91766838107,2700.4522095095,2720.27344871365
8909,2652.07851794174,2664.4414196324,2678.63632601965,2683.81527976685,2700.33045663803,2720.08138383884
8910,2652.06249317769,2664.45576942191,2679.17703490693,2684.37564894946,2700.88633004428,2720.93261450354
8911,2652.04887153402,2664.46009919298,2679.0591157009,2684.25862381389,2700.7503573936,2720.84143385207
8912,2652.03721925137,2664.47580389093,2678.96560720393,2684.16533481807,2700.63410362058,2720.6612625394
8913,2652.02720010251,2664.47842131676,2678.86642753252,2684.06797029907,2700.52033126764,2720.50776204767
8914,2652.01853474679,2664.47626393257,2678.76063109835,2683.96592525535,2700.38133623389,2720.34596178071
8915,2652.01202299099,2664.48825992666,2678.73852023761,2683.94166999059,2700.35017934436,2720.30046133487
8916,2652.00733406386,2664.48138231805,2678.69967641468,2683.89754336034,2700.27789482608,2720.24264341971
8917,2652.00310227647,2664.4819573281,2678.69740415227,2683.89422452958,2700.23704506399,2720.23537442178
8918,2651.99927583534,2664.47527260147,2678.67826257241,2683.87120235163,2700.17983248187,2720.1162495159
8919,2651.99579732657,2664.48833661515,2678.70175854093,2683.89146785386,2700.1952487283,2720.16464528263
8920,2651.99264182115,2664.48992081533,2678.70559822061,2683.89144004355,2700.15872273596,2720.10966366751
8921,2651.98977213606,2664.4992541958,2678.7215089106,2683.90623612305,2700.16762645374,2720.08853993793
8922,2651.98715944646,2664.49179410305,2678.70781533038,2683.88961513223,2700.12746658103,2720.02772287675
8923,2651.98477079269,2664.50009929361,2678.7119821743,2683.89090938721,2700.10610762866,2719.98249984597
8924,2651.98258582817,2664.50384164977,2678.71385454454,2683.89031392091,2700.08715795577,2719.95080582492
8925,2651.98058452111,2664.50804397348,2678.73028056902,2683.90260414285,2700.09850522883,2719.95247851214
8926,2651.97874601497,2664.52921713583,2678.75179499013,2683.9229079256,2700.10811490965,2719.97696697291
8927,2651.97706190773,2664.53327386116,2678.75940256495,2683.92741174902,2700.10784373581,2719.94446151136
8928,2651.97551108757,2664.54814693346,2678.76942949194,2683.9375840647,2700.07240065821,2719.84405952657
8929,2651.97408902765,2664.54537156486,2678.7732604972,2683.94187341335,2700.07042025518,2719.83829845621
8930,2651.97277400404,2664.55705087745,2678.79692998931,2683.96192505531,2700.08463866138,2719.81175739002
8931,2651.97156008257,2664.57051398964,2678.81414300534,2683.97767008613,2700.10234991804,2719.83208028354
8932,2651.97044979609,2664.55474247846,2678.76722616017,2683.92628870072,2700.04938140034,2719.73330293427
8933,2651.96941789729,2664.55736738617,2678.77283728522,2683.93141741991,2700.03467337699,2719.7047734452
8934,2651.96846497997,2664.56837256313,2678.7904321563,2683.94651659191,2700.03222457087,2719.67155047654
8935,2651.96759198832,2664.54810596366,2678.75339049455,2683.90826522234,2699.95820986915,2719.53061091877
8936,2651.96677229872,2664.56698860293,2678.78353151538,2683.9375619331,2700.01154806283,2719.60028966022
8937,2651.96602169807,2664.56467273822,2678.77268439014,2683.92547976254,2699.97856635568,2719.54121926017
8938,2651.96532263382,2664.56978105133,2678.79464589502,2683.94631925211,2699.99645419661,2719.53936454353
8939,2651.96467896571,2664.56897691483,2678.78588971751,2683.93533442106,2699.9702392406,2719.4760305641
8940,2651.96418674258,2664.59786939489,2678.85278816079,2684.00190321547,2700.03421391402,2719.5500376564
8941,2651.96381564037,2664.57794378153,2678.84901804583,2683.99841881557,2699.99475298808,2719.46000221699
8942,2651.96348323592,2664.56006961612,2678.84635910457,2683.99393689607,2699.96373669754,2719.42688709832
8943,2651.9631689619,2664.56399014212,2678.88207796478,2684.02899751628,2699.99664669198,2719.46673889243
8944,2651.96289482721,2664.55980313066,2678.89899649091,2684.04437159475,2699.98118403322,2719.42318283847
8945,2651.96264923539,2664.53395159085,2678.88902748082,2684.03384168491,2699.9467662328,2719.37858214918
8946,2651.96241813605,2664.56988995568,2678.96579985962,2684.10853386356,2700.01289743161,2719.47251421258
8947,2651.96221958342,2664.56691255564,2679.00278930071,2684.14550500137,2700.02955705703,2719.4424235534
8948,2651.962055853,2664.53895149415,2678.98888803256,2684.12979399232,2699.97221813045,2719.32921602787
8949,2651.96190096839,2664.55119913056,2679.02351700988,2684.16307670651,2699.99671785864,2719.3623633991
8950,2651.96177365697,2664.54026207808,2679.05164876062,2684.18958823079,2700.01053946557,2719.39146995428
8951,2651.9616667624,2664.55919170145,2679.1113117745,2684.24922333468,2700.05148352206,2719.39603650055
8952,2651.96160126935,2664.5276623766,2679.12156223577,2684.25506084324,2700.05518532342,2719.38326338193
8953,2651.96154934267,2664.54665955965,2679.19142790528,2684.32325604569,2700.10304620619,2719.39192145135
8954,2651.96152163167,2664.55482096716,2679.24831018284,2684.37785678522,2700.14527263966,2719.41762143677
8955,2651.96152525194,2664.54943803915,2679.27410794266,2684.39895689832,2700.16702244496,2719.44230161024
8956,2651.96154303728,2664.56826315752,2679.35532558544,2684.47939907318,2700.23229180332,2719.49663739034
8957,2651.96159676157,2664.53975423423,2679.3408685112,2684.45660513536,2700.22203634079,2719.47854613774
8958,2651.96165342223,2664.57647166762,2679.43570970919,2684.55403312572,2700.28744721993,2719.51669388559
8959,2651.9617486913,2664.54203295313,2679.44490746511,2684.55719088788,2700.30668507447,2719.55035732575
8960,2651.96184933787,2664.55578713834,2679.49303990457,2684.60391439011,2700.32794834557,2719.52934821234
8961,2651.96197279142,2664.54278207007,2679.52281213029,2684.63104958554,2700.34742736096,2719.5185667133
8962,2651.96210663645,2664.56728032502,2679.59020264738,2684.69450275066,2700.38439580879,2719.52125235773
8963,2651.96226072624,2664.55647991903,2679.63196011596,2684.73316533639,2700.43292606839,2719.58042372044
8964,2651.96243100014,2664.55070114483,2679.65537864198,2684.75445042811,2700.43289137808,2719.5904033512
8965,2651.9626153086,2664.54836212333,2679.7058710368,2684.80114040696,2699.85830722537,2719.12743771617
8966,2651.96281231575,2664.55733879103,2679.74687828797,2684.83885597079,2699.88886636669,2719.12327008085
8967,2651.9630217568,2664.55704288196,2679.79467894919,2684.8861915971,2699.92854343518,2719.16138358427
8968,2651.96323895815,2664.57847101572,2679.87446681777,2684.96111629451,2699.99488386303,2719.19942809092
8969,2651.96386391539,2664.52783297496,2679.83470482157,2684.9187988929,2699.95588947813,2719.18581596505
8970,2651.96453613796,2664.53225517751,2679.87772194121,2684.96470805889,2700.00075494249,2719.27678272512
8971,2651.96522672979,2664.49469885418,2679.86339176605,2684.95120925488,2699.98888782885,2719.29521328519
8972,2651.96591383679,2664.480205629,2679.89983222017,2684.98863428033,2700.03196422103,2719.45481105799
8973,2651.96660779855,2664.4473189684,2679.88721190842,2684.97549294105,2700.02078318952,2719.47086352461
8974,2651.96729671843,2664.45718394118,2679.94838188709,2685.03837355006,2700.0884455479,2719.54923688501
8975,2651.96799683038,2664.44497692028,2679.97883436223,2685.07279659287,2700.11811305838,2719.60336113893
8976,2651.96870553683,2664.41617771023,2679.97121551447,2685.06337516465,2700.9647132559,2720.15393540605
8977,2651.96941496777,2664.39720436951,2680.00808642186,2685.10143638407,2701.02072066672,2720.20283326378
8978,2651.97013917651,2664.34591345997,2679.95094334537,2685.04369381417,2700.96153330705,2720.142084911
8979,2651.97084715874,2664.35861360241,2679.985932743,2685.07908749096,2701.02628591871,2720.18938092404
8980,2651.97156678729,2664.36041653122,2680.03398938863,2685.12945353461,2701.09856531701,2720.25988853934
8981,2651.9717400259,2664.32167856111,2679.99640504634,2685.09114714521,2701.01769585521,2720.19794286926
8982,2651.97157234952,2664.32659586629,2680.01226645257,2685.10543421742,2701.07644038242,2720.24984096149
8983,2651.97141071313,2664.27867338863,2679.9461991918,2685.03686680243,2700.95207968286,2720.13086384476
8984,2651.97123314225,2664.31626636553,2680.0174820264,2685.10914716104,2701.03509627816,2720.22716907075
8985,2651.97106305788,2664.3053528165,2680.01699400363,2685.1083231491,2701.02649657805,2720.22655004221
8986,2651.97089957717,2664.2922236453,2679.98985054097,2685.08099992786,2701.01271147132,2720.22530004236
8987,2651.97073203944,2664.28140485654,2679.97610896734,2685.06583842311,2700.98111014813,2720.19680136661
8988,2651.97056283533,2664.28293085058,2680.00479883996,2685.09543073672,2701.01454408771,2720.2431427921
8989,2651.97040439554,2664.27821570618,2680.00399510435,2685.09237350162,2701.00299888608,2720.22684238913
8990,2651.97023379232,2664.31232685369,2680.06589281098,2685.15525162001,2701.06643784412,2720.30539317276
8991,2651.97007289015,2664.3100591586,2680.06763983756,2685.15548620401,2701.06383758973,2720.31915136444
8992,2651.96991299731,2664.29600968113,2680.05239257724,2685.13996152698,2701.05813015734,2720.33079239391
8993,2654.30874411026,2663.04159191659,2674.88021947597,2681.07388669657,2692.24863036045,2707.77117402402
8994,2654.30422767276,2663.03854478688,2674.91011305304,2681.10711476501,2692.26449186182,2707.82768707666
8995,2654.2990638352,2663.0318201083,2674.89718590687,2681.10010504383,2692.24760165183,2707.84958510406
8996,2654.29315283115,2663.02349513636,2674.87733270767,2681.08710436937,2692.22204315062,2707.81906226766
8997,2654.28636577903,2663.01367675124,2675.00167719432,2681.22089859503,2692.32871166057,2707.868086902
8998,2654.27767902576,2662.98611317906,2674.86651862465,2681.07131148413,2692.17945597965,2706.94777569904
8999,2654.26679528378,2662.95127807045,2674.98069321136,2681.18630155446,2692.26758749956,2707.00788731551
9000,2654.2540894157,2662.90241333323,2674.87408172678,2681.09296544203,2691.96118629235,2706.69826161239
9001,2654.23893206837,2662.84657298906,2674.80567884243,2681.04154004001,2691.86471456912,2706.65819319592
9002,2654.22075550252,2662.78230376929,2674.68876341254,2680.95393617244,2691.74183347736,2706.58775999804
9003,2654.19870530813,2662.71284424736,2674.87298556665,2681.15004284638,2691.889380385,2706.79675057012
9004,2654.17157480027,2662.64096850689,2675.04273809684,2681.31423017381,2692.0072142887,2706.99250761709
9005,2654.13763986902,2662.56857958081,2675.02146630489,2681.25481232483,2691.90869487224,2706.93499535234
9006,2654.09265274089,2662.49579629086,2673.56749190249,2679.99615545078,2690.78386383247,2705.91745988195
9007,2654.03349626743,2662.44113102374,2673.64320756455,2680.0790683353,2690.80835480056,2706.03723414466
9008,2653.95384313178,2662.37704300027,2673.73972099668,2680.17188321288,2690.8341904795,2706.18140918837
9009,2653.84403059708,2662.29829528546,2673.79146872735,2680.21051881318,2690.80005470466,2706.32765819323
9010,2653.69021312303,2662.19905531676,2673.82106831191,2680.19659995948,2690.70313294896,2706.40939566689
9011,2653.47332576915,2662.07090761885,2673.11031785294,2679.47186030829,2689.89679777291,2705.94626473231
9012,2653.164366431,2661.89294485576,2673.18731668207,2679.29803626478,2689.64111287391,2705.17949073228
9013,2652.91064610301,2661.73516006399,2673.57516461121,2679.36225032409,2689.66542088622,2704.70442347103
9014,2653.04946893555,2662.25448114992,2674.38920900834,2680.1421253988,2690.68685386551,2706.50473325012
9015,2653.19474506016,2662.78377679296,2675.40132906067,2681.00604719768,2691.62047360273,2707.58889450081
9016,2653.34286271242,2663.25291402614,2676.46437493556,2681.90782536459,2692.56255265402,2708.15843037438
9017,2653.4903437625,2663.63259388791,2676.62794665477,2682.05342319966,2692.72703874321,2708.29309277125
9018,2653.63410163998,2663.91638500924,2677.73535141929,2683.12655731234,2693.77852504584,2709.12581960076
9019,2653.77161448483,2664.11915673433,2678.07695629342,2683.43857601996,2694.17097458631,2709.44885226648
9020,2653.90102424557,2664.26080747878,2676.99800520873,2682.40894725947,2693.17235517631,2708.52863299236
9021,2654.02108771242,2664.35212451138,2677.45997703139,2682.85710616268,2693.63072672891,2708.89325552399
9022,2654.13119344868,2664.41526035351,2677.11837385121,2682.49344882678,2693.313460317,2708.61348499307
9023,2654.23120621147,2664.45420527277,2677.25209621344,2682.6297311921,2693.48079551768,2708.75219896624
9024,2654.32137784419,2664.48237621429,2676.98896905956,2682.37230127449,2693.27879209417,2708.500525849
9025,2654.40221335193,2664.50242644137,2677.00209239979,2682.36855967205,2693.30463800156,2708.53632231504
9026,2654.47440191433,2664.51649494115,2677.04262183719,2682.40100058372,2693.37274378799,2708.60553545632
9027,2654.53870433832,2664.53096165131,2676.77233885257,2682.13125832142,2693.16777895475,2708.46274257183
9028,2654.59594023473,2664.54918098528,2676.61819259213,2681.96734581757,2693.05085635528,2708.35604766797
9029,2654.64689104376,2664.56500151849,2676.35453716939,2681.70468822684,2692.87196988222,2708.11748274382
9030,2654.69231219014,2664.58036316362,2676.2040759822,2681.54879731661,2692.79214393378,2707.98449760615
9031,2654.71537048002,2664.6241204291,2676.07197775382,2681.40123494202,2692.73759471268,2707.84415316965
9032,2654.7293422192,2664.66430409931,2676.03659788195,2681.34519279139,2692.76658835756,2707.82646373633
9033,2654.73823366405,2664.70459258134,2676.07699944588,2681.36120879807,2692.87037081106,2707.68911281554
9034,2654.74278751505,2664.73172221919,2676.21554249625,2681.47437602924,2693.07089400876,2707.63730598939
9035,2654.7436939748,2664.76531926323,2676.34131900699,2681.57041127472,2693.23783106398,2707.64731888283
9036,2654.74152208252,2664.78535306031,2676.61117210615,2681.81207848132,2693.55444656028,2708.5297589026
9037,2654.73678879471,2664.81111751786,2676.67073504419,2681.84135966751,2693.63389228051,2708.63086282281
9038,2654.72993856831,2664.82793556842,2676.87407186072,2682.01392369114,2693.85734854822,2708.59681732803
9039,2654.72133747581,2664.83833195645,2676.98144392046,2682.09175310038,2693.97582221307,2708.6249589435
9040,2654.71131767166,2664.84691147762,2677.00658337787,2682.08786082468,2693.99904097939,2708.48169638258
9041,2654.70014589922,2664.84626646979,2677.10449369558,2682.15395911639,2694.09231076559,2708.43203193533
9042,2654.68806599031,2664.84272745722,2677.05260032789,2682.08149454571,2694.02341511492,2708.29086039004
9043,2654.67528605343,2664.83250271845,2677.02426104962,2682.01234853911,2693.96991342923,2708.29202208085
9044,2654.66196732547,2664.81450035869,2677.12752382734,2682.08435815536,2693.40929847216,2708.30884314727
9045,2654.64826148346,2664.79220647167,2677.07632787607,2682.0105260771,2693.36196194684,2707.92279365919
9046,2654.65470850575,2664.78702452439,2677.27171765611,2682.19201027722,2693.55682124077,2708.12602360484
9047,2654.67939642464,2664.80535059618,2677.43212929011,2682.35408544681,2693.71451148072,2708.15365582097
9048,2654.70178965094,2664.82106701433,2677.53369765997,2682.45421041683,2693.81436119389,2708.09609045136
9049,2654.72206426159,2664.83212781449,2677.71648902356,2682.63819712137,2693.99412927898,2708.2531659128
9050,2654.74042091895,2664.8424395104,2677.99173973924,2682.90637776295,2694.27178807046,2708.54147949941
9051,2654.75702504308,2664.848692389,2678.381578162,2683.28866167185,2694.66411819916,2708.93877602856
9052,2654.77203483974,2664.85389588845,2676.03948858464,2681.02918172705,2692.18167948589,2707.33519269777
9053,2654.78561255268,2664.85686330739,2676.03925624638,2681.0332192914,2692.18754461548,2707.34182495621
9054,2654.78483110299,2664.86653147257,2676.03426834033,2680.98220745562,2692.12445447053,2707.33098170039
9055,2654.77127063964,2664.88624046964,2676.02484530542,2680.88127720477,2691.99974865157,2707.28765709281
9056,2654.75412286001,2664.90938747771,2676.03037148389,2680.78356464061,2691.86810764077,2707.23417284162
9057,2654.73334229499,2664.93601920786,2676.0304409955,2680.6688087153,2691.71712223087,2707.14709185401
9058,2654.7091604141,2664.96942939049,2676.03033117012,2680.54158622615,2691.54481174201,2707.02392180975
9059,2654.66772138873,2664.51660813904,2676.51628158261,2680.98914643366,2692.00966883997,2707.03622042251
9060,2654.60257304419,2664.54363927452,2676.97690126006,2681.48546875608,2692.43703232451,2707.39349223294
9061,2654.51956983375,2664.42851684613,2677.06762021087,2681.64504778326,2692.03844891064,2706.85412845638
9062,2654.41990723465,2663.9314654839,2676.97031344214,2681.64428548978,2692.18700384012,2706.45718746496
9063,2654.305520722,2663.70929090418,2676.79497602724,2681.58507180503,2692.45473278081,2707.04964771125
9064,2654.17908386133,2663.63828517268,2676.72149673758,2681.61520051815,2692.59420379026,2706.4420670726
9065,2654.04376459337,2663.56974045827,2676.45154099674,2681.48392742778,2692.5124102314,2706.07824459381
9066,2653.90307185965,2663.47900045608,2676.21983563422,2681.38943123077,2692.44220408775,2705.84936558596
9067,2653.76056255518,2663.36174908719,2675.97534603893,2681.26880228217,2692.33957486834,2705.61127252883
9068,2653.61957231159,2663.21970459734,2675.70811464402,2681.10853726769,2692.19777013325,2705.54188844692
9069,2653.4829279261,2663.0527575245,2675.4354592558,2680.91466669755,2692.02753445779,2705.17249700453
9070,2653.35270812357,2662.86604706751,2675.08118596279,2680.61337889203,2691.74456452998,2705.00688204214
9071,2653.22992088574,2662.65709365637,2674.74915280065,2680.28919439927,2691.43735722395,2705.44808536716
9072,2653.114260858,2662.4212307602,2674.33688982135,2679.82790954644,2690.98826482892,2705.3508661077
9073,2653.00387135385,2662.14675369716,2673.8056006063,2679.17310344165,2690.37091719303,2704.57301061922
9074,2652.89634672633,2661.82090485367,2673.18436813543,2678.33591867564,2689.5739436317,2704.65215984499
9075,2652.79201973101,2661.49784975158,2672.63342408881,2677.4897798977,2688.32529399476,2703.15028768504
9076,2652.72188215649,2661.34268159715,2674.16421623187,2678.84228702684,2689.78643900926,2707.04474906129
9077,2652.72947566037,2661.36014888948,2674.15611457849,2678.8361037886,2689.76150256526,2706.81824599146
9078,2652.74153259088,2661.38506900507,2674.14657968863,2678.82783428179,2689.7256520185,2706.79483431348
9079,2652.7580600016,2661.41763648074,2674.13982677367,2678.82289625377,2689.69332286699,2706.94802244036
9080,2652.77901599708,2661.45859934179,2674.11404560934,2678.7977369443,2689.63500383967,2706.96639496464
9081,2652.80429850084,2661.50272123705,2674.08589597875,2678.77139099683,2689.58157147004,2706.58091804387
9082,2652.83376602657,2661.55948450191,2674.04515487512,2678.73068851426,2689.503175944,2706.66500386796
9083,2652.86721956929,2661.61811822476,2673.9897327165,2678.67565355037,2689.40931847772,2706.56946360701
9084,2652.90440947479,2661.6793029993,2673.93897299719,2678.62673987187,2689.32051386051,2706.36550218424
9085,2652.94505261936,2661.72593728674,2673.92613060241,2678.6437989822,2689.41993968437,2706.36661726163
9086,2652.98883977268,2661.78570090344,2673.84885562702,2678.57363980736,2689.34365872647,2706.05918339533
9087,2653.03537839123,2661.83049056655,2673.74991052857,2678.48219334779,2689.24619592834,2705.76504590275
9088,2653.08410507609,2661.90138204715,2673.75112995927,2678.4899970086,2689.23021389383,2704.67161447229
9089,2653.13500124364,2661.96115443465,2672.76106769309,2677.55434540741,2688.37146345807,2704.12749452556
9090,2653.18837292355,2662.04341217666,2672.8651508472,2677.66287242115,2688.44696285639,2704.29888095957
9091,2653.24293054873,2662.0869641427,2672.81887687795,2677.6146698534,2688.36398459534,2704.25728211661
9092,2653.29827536586,2662.16306550358,2672.86659394497,2677.66405967988,2688.39056464645,2704.07266741691
9093,2653.35402452846,2662.22999897119,2672.92606264089,2677.72168963987,2688.43735705067,2704.05416892365
9094,2653.40981424317,2660.8541527437,2672.87889169892,2677.67505408853,2686.52163243711,2703.40921457476
9095,2653.35571451466,2660.74244291477,2672.97701338323,2677.77656699636,2686.90468692798,2703.69273708227
9096,2653.26858016028,2660.65145715493,2673.38674848642,2678.11574249152,2687.5213324825,2704.34197750266
9097,2653.15554614095,2660.61065920016,2673.37473026381,2678.07303954644,2687.77213865789,2703.26015109446
9098,2653.09102114664,2660.61065756644,2672.96995266347,2677.63423595575,2688.17762330612,2704.54877526298
9099,2653.00159065007,2660.71766846745,2672.73412116715,2677.3588934988,2688.40957736527,2704.08911429921
9100,2652.88219996034,2660.78607534663,2672.60948069743,2677.20748117441,2688.34434668102,2703.45683104544
9101,2652.76601529747,2660.84896616777,2672.72291247718,2677.27425510977,2688.45604133117,2704.42478038258
9102,2652.66118025047,2660.89811079863,2673.86594588295,2678.44292631613,2689.71788085466,2705.45598878333
9103,2652.53465505532,2660.9330056309,2674.00997197773,2678.69914186861,2689.81545680174,2705.74798371342
9104,2652.56530983319,2660.94982278442,2673.19447804095,2677.88411780709,2688.88727453757,2704.35498192312
9105,2652.62115694533,2660.95019944326,2673.381074958,2678.11172618263,2688.97707579734,2704.78862815153
9106,2652.68836702147,2660.308148775,2673.20109369997,2678.00783770767,2688.67992062992,2705.02862533025
9107,2652.76664012423,2660.27546571403,2673.40853022987,2678.24796602295,2688.65382375308,2705.53983191622
9108,2652.85746927144,2660.21208294264,2673.29389500812,2678.2578663561,2688.31674258734,2705.61596354743
9109,2652.96213683829,2660.121314404,2673.47222149935,2678.45544072286,2688.07349275116,2706.0260307645
9110,2653.08069918987,2659.99729596166,2673.55027789892,2678.53232854761,2687.62490194676,2706.27007502202
9111,2653.21106592585,2659.86919735018,2673.34821661354,2678.28866113961,2686.78014752413,2706.00904382373
9112,2653.34820292601,2659.70044028787,2670.8982508359,2675.7203314965,2683.4836707532,2701.74054535779
9113,2653.48393852316,2659.72238379268,2671.668056465,2676.39806826653,2684.17474218417,2702.03747192539
9114,2653.53628203187,2660.09857924359,2672.1340689837,2677.11821962244,2685.19960649998,2701.7181980809
9115,2653.5172657272,2660.31788563534,2671.43995658504,2676.65783423133,2685.49216090294,2700.15096121054
9116,2653.43596999705,2659.98805494241,2669.18397298792,2674.26974735401,2681.01028965949,2699.06882345155
9117,2653.4166434969,2660.48967662974,2671.54272090144,2676.61364634898,2684.42970684987,2704.55451280422
9118,2653.39663635733,2660.38387430554,2670.99522417517,2676.1327284847,2686.18972116111,2706.05966019991
9119,2653.36223097274,2660.41126879491,2672.41425971544,2677.49121581898,2687.36052266703,2705.3224750974
9120,2653.32738541321,2660.43144526919,2672.56224176873,2677.66041521957,2687.41517243957,2705.40497937928
9121,2653.29807340178,2660.43698064957,2672.63821620385,2677.76507281794,2687.49009690722,2705.57109698352
9122,2653.26690539913,2660.44095199139,2672.68552979299,2677.84092778978,2687.5498160908,2707.99942524036
9123,2653.23390346,2660.44212229816,2672.71357421139,2677.89677351657,2687.59298808196,2707.98850724768
9124,2653.1991413558,2660.44311596148,2672.73372069348,2677.94364450646,2687.6433571463,2707.9075070775
9125,2653.16278803786,2660.4431822604,2672.75284794666,2677.98782315339,2687.6979912052,2707.88186283939
9126,2653.12439167048,2660.44269135429,2672.75638042693,2678.01428759565,2687.74135566633,2707.81143528489
9127,2653.08384639426,2660.44259076912,2672.76801550194,2678.0475715731,2687.79868658401,2707.77790427919
9128,2653.04262644605,2660.44259607317,2672.76683655166,2678.06588130613,2687.84248089179,2707.73705194842
9129,2653.00101996811,2660.44362805356,2672.77086294688,2678.0872129623,2687.89257434836,2707.70963588198
9130,2652.95930474531,2660.44614054923,2672.75997228647,2678.09127036867,2687.91891402494,2707.66188041373
9131,2652.91755464695,2660.45220839111,2672.76427752863,2678.10808177523,2687.94607523538,2707.65693235631
9132,2652.8976999423,2660.5431154822,2674.72694523278,2680.29728999371,2688.10973037827,2705.12179295124
9133,2652.93640706988,2661.01699833474,2675.91735120082,2681.51380530474,2690.09194306016,2709.03199655423
9134,2652.9380271069,2661.606370476,2674.90370695182,2680.49070761284,2687.89269917564,2707.27459859705
9135,2652.93623297824,2661.60462212199,2674.79012834781,2680.17269625051,2687.90903412308,2706.54439240582
9136,2652.93232059033,2661.60252385522,2674.76210372371,2679.95250626902,2688.00568640094,2706.42534010077
9137,2652.92644493515,2661.59772041088,2674.88007411226,2679.83682940688,2688.22420965984,2707.98340511026
9138,2652.91922633601,2661.6019364137,2674.55947119087,2679.43854986062,2687.97145729878,2706.46078366723
9139,2652.91204025847,2661.60664868064,2674.91482496033,2679.71108853196,2688.33966937657,2707.08179316468
9140,2652.9048224344,2660.44885195704,2674.24614244879,2679.17580342485,2687.76359453528,2706.68917839438
9141,2652.89602037328,2660.41016537839,2675.27037376172,2680.13133915443,2688.56503699859,2707.49020481542
9142,2652.88372878233,2660.35902437566,2675.21498099796,2680.07394784762,2688.19128846376,2707.56875738844
9143,2652.87136912886,2660.25554019598,2676.23661654062,2681.11681807535,2688.10849912811,2707.57804329516
9144,2652.87284193575,2659.40909853952,2676.93826015034,2681.7213197755,2687.83021881528,2708.20761662318
9145,2652.92219835836,2659.65171657817,2677.15771987236,2681.9253112219,2688.05385636366,2709.88844802013
9146,2652.97044228056,2659.91758667449,2676.586489293,2681.4237547412,2687.79307880108,2712.50588270869
9147,2653.0035208909,2660.08469308891,2676.44828424411,2681.3305567011,2687.89204151256,2712.56900689258
9148,2653.02914700515,2660.2020470301,2676.45885228107,2681.35403648398,2688.06249145697,2712.64183696653
9149,2653.05426528613,2660.31971468958,2676.37224765829,2681.29536825803,2688.15144968221,2712.49377450521
9150,2653.0789681362,2660.43509972051,2676.28501917136,2681.23483985829,2688.23040862054,2712.29641575854
9151,2653.10335336442,2660.54679048072,2676.22447417798,2681.19788596695,2688.68192516864,2712.80477609867
9152,2653.12751562492,2660.65470973931,2676.18054821111,2681.17336990373,2688.79119496107,2712.62247174688
9153,2653.15151816656,2660.75802288266,2676.13398449302,2681.15124391411,2688.89974731562,2712.51452706276
9154,2653.17545304439,2660.85663353425,2676.10371256986,2681.14084290594,2688.99930139177,2712.23569829155
9155,2653.19938502518,2660.95070004706,2676.09052546818,2681.14574476371,2689.12136192384,2712.12393769299
9156,2653.22338598941,2661.04087045266,2676.08877192972,2681.16160098832,2689.22513456857,2711.87675587702
9157,2653.2475199148,2661.1261533304,2676.10203284052,2681.19160397529,2689.34509133213,2711.75012617854
9158,2653.27184389622,2661.20823284482,2676.1239647883,2681.22896364861,2689.46541870897,2711.61083113653
9159,2653.29640822184,2661.28783422755,2676.15962100027,2681.27966986053,2689.59269341911,2711.43831895307
9160,2653.32127530893,2661.36288940851,2676.1981161965,2681.32785772486,2689.69826152324,2711.24217829374
9161,2653.34648783679,2661.43457212243,2676.23947938069,2681.37719735644,2689.80746985268,2711.10294792421
9162,2653.37208236557,2661.50623762619,2676.30105852518,2681.44864804972,2689.92869783038,2710.92068411915
9163,2653.3981139049,2661.57329092605,2676.3513228969,2681.50388592931,2690.02572019497,2710.78999900827
9164,2653.42460213937,2661.63583381177,2676.43024313922,2681.59050502761,2690.16086657247,2710.67422933858
9165,2653.45159070103,2661.69951308992,2676.50895747974,2681.67264386699,2690.29452393408,2710.55927944344
9166,2653.47911128779,2661.75983800405,2677.59123455997,2682.66172464583,2691.2161026092,2711.27831124681
9167,2653.50719433753,2661.81948175678,2677.65680960735,2682.73009266382,2691.32249145703,2711.16390822111
9168,2653.53586028616,2661.87318575927,2677.74242006687,2682.81904488356,2691.45461043409,2711.0531860392
9169,2653.565140975,2661.9300357971,2677.83659140254,2682.91550390316,2691.58000668116,2710.98059663054
9170,2653.59504912879,2661.98267029522,2677.91848247195,2682.99919336897,2691.70983903464,2710.89538809493
9171,2653.62560742858,2662.03509033504,2678.04115759962,2683.12173807962,2691.85727697546,2710.88630536419
9172,2653.65683006419,2662.08068014764,2678.13935940042,2683.22170338221,2691.9891011306,2710.85064125858
9173,2653.68873129785,2662.13055650882,2678.28410008061,2683.36189441484,2692.15644433217,2710.83229491921
9174,2653.72132211073,2662.18020890783,2678.44518792811,2683.51912080534,2692.32812678628,2710.92238649478
9175,2653.75461343194,2662.23132295026,2678.64877615548,2683.71000760412,2692.51719930321,2711.08057513051
9176,2653.78860283576,2662.27791189162,2678.79748583775,2683.83658146633,2692.61547205841,2710.97772312281
9177,2653.82330206823,2662.32956130628,2678.02191203896,2683.10390122604,2692.00057472973,2710.57559970214
9178,2653.85870101316,2662.38139480997,2678.16061220472,2683.25919159486,2692.22829238501,2710.19434333288
9179,2653.89480966239,2662.43076857609,2678.37841605258,2683.47254767757,2692.44384283158,2710.24416361742
9180,2653.93161876542,2662.48652780646,2678.52604528272,2683.61515687563,2692.58704051018,2710.2892836232
9181,2653.96912084916,2662.54045143573,2678.6188712045,2683.70503959061,2692.68168255468,2710.30856448407
9182,2654.0073041069,2662.59753850268,2678.66313698385,2683.74851273412,2692.72409583168,2710.30533379481
9183,2654.04615648165,2662.65278949249,2678.19755063257,2683.31932470542,2692.39296856066,2709.90162367158
9184,2654.08566519773,2662.70461925592,2678.12600918779,2683.25152514919,2692.33500961474,2709.80857574193
9185,2654.12581046441,2662.75657443415,2677.97852719832,2683.1126357398,2692.21510858125,2709.63117066763
9186,2654.16656973598,2662.79526445427,2677.70718969922,2682.85927669126,2691.98953669595,2709.33561204784
9187,2654.20792466748,2662.81751744139,2677.30758117816,2682.48625974221,2691.66530283619,2708.93483809846
9188,2654.25253726219,2662.94809986278,2676.93730947528,2682.14369444267,2691.47230825661,2708.75626385241
9189,2654.30025995845,2663.09284327794,2677.21668654792,2682.40983119854,2691.72996044472,2709.17032639345
9190,2654.34862060313,2663.22021253421,2677.6505690245,2682.81644383604,2692.05588008638,2709.70997611943
9191,2654.39415114912,2663.32857208007,2678.00146696168,2683.14203809409,2692.29909166193,2710.24990428517
9192,2654.41698473628,2663.42782007906,2678.28406171925,2683.40084153897,2692.4708772416,2710.31039568024
9193,2654.43509405639,2663.51558710469,2678.51336833979,2683.6093198912,2692.54770090966,2711.12380626463
9194,2654.447790377,2663.59060397683,2677.70359313898,2682.85173462855,2691.66724716948,2710.78697333016
9195,2654.45338837571,2663.64700062517,2677.48212184456,2682.65015875145,2691.34305527036,2710.24639094175
9196,2654.43517891188,2663.58916108467,2677.4873638449,2682.66663687134,2691.14476636369,2710.5651916969
9197,2654.39214084589,2663.33910012121,2677.56705013687,2682.80409272204,2691.05945200115,2710.61851550381
9198,2654.41671318617,2663.57858702131,2678.09327878386,2683.31628586954,2691.30818984772,2711.34222727876
9199,2654.42542599497,2663.89078441496,2678.308991131,2683.52750909818,2691.28433997012,2711.64176960434
9200,2654.41556827418,2664.12086823462,2678.50254368602,2683.70721608508,2691.27130853012,2711.98770004801
9201,2654.38550101363,2664.22153952484,2678.63989387534,2683.82837713456,2691.23765008702,2712.30521008713
9202,2654.33508050937,2664.28214070575,2678.72832535652,2683.89196947281,2691.3268226034,2712.80386544196
9203,2654.33851009638,2664.63501749576,2678.31244975375,2683.45054914438,2691.00291841177,2714.01451552374
9204,2654.34847565874,2664.47672230595,2678.13851854185,2683.25313964706,2690.79732330126,2713.60882281711
9205,2654.36049410141,2664.27916044738,2677.89241602855,2682.98396060565,2690.52864301905,2712.87222413107
9206,2654.37244018417,2664.03869525782,2677.4222634317,2682.50105685489,2690.07637974323,2711.89609419196
9207,2654.3816184412,2663.76356324476,2677.0290943841,2682.11952599873,2689.70064186633,2710.47632057753
9208,2654.39188926373,2663.41800885446,2676.55543523863,2681.66739523364,2689.30501380795,2709.0857848211
9209,2654.40298063,2662.98777432268,2676.8185908206,2681.95660639582,2689.57400183351,2708.45398073015
9210,2654.41434534808,2662.50573422945,2676.25236165579,2681.37562284709,2689.1138348245,2707.48878644298
9211,2654.4250644156,2661.83070272119,2675.37245135515,2680.48287713703,2688.41159783411,2706.25046070258
9212,2654.43143680465,2661.43272184531,2676.01796869146,2681.04933927522,2688.96964037697,2706.88051025716
9213,2654.408800768,2661.41059840381,2674.23825254534,2679.39970325541,2687.53824402566,2705.68680666169
9214,2654.37386152055,2661.3414370827,2674.84665003502,2680.01768070429,2688.20707059661,2709.19620405912
9215,2654.34460738583,2661.06307457605,2673.68761734887,2678.8269853485,2687.14909305532,2704.0497771046
9216,2654.3013918226,2660.79445813223,2673.63130360921,2678.66666686457,2687.50033548128,2704.65984736898
9217,2654.30760041952,2660.37120871892,2672.29063005773,2677.43975116469,2686.74810046378,2703.51988506429
9218,2654.31888230812,2660.35101178383,2669.38086699037,2674.27550831769,2684.04148797057,2700.61711322225
9219,2654.33538752094,2660.22025880725,2668.75692890557,2673.14562582297,2683.4463096145,2699.89377988875
9220,2654.48777857083,2659.86509144791,2666.05086550576,2669.78391409559,2676.04552876659,2690.06874721653
9221,2654.04695379944,2658.79849494913,2665.73927419355,2669.65274636181,2674.87892990006,2688.35368077967
9222,2654.05203845248,2658.45820609583,2665.23509517527,2669.13173421792,2675.01158027704,2689.3164058498
9223,2654.05662382875,2659.92269680837,2665.72622315753,2669.7080415373,2675.62702145202,2689.60150351432
9224,2654.06053239156,2660.00568594011,2665.54655142073,2669.5277348777,2675.40870974212,2689.4133154353
9225,2654.06328288785,2660.01249129189,2665.54618242238,2669.55508124835,2675.41405273609,2689.41204542508
9226,2654.06286812827,2659.93788489265,2665.45600807773,2669.54592282641,2675.31509808097,2689.31735500825
9227,2653.9943619845,2659.7775076695,2665.24395080656,2668.91349503844,2675.07751403646,2689.05351039198
9228,2654.00380208602,2659.77284859121,2666.24885622674,2669.90521053519,2675.94027603266,2689.86176393364
9229,2654.03185799451,2659.98507800605,2666.69392673541,2670.3407751817,2676.6478572965,2690.61571010229
9230,2654.05861236957,2660.02535837972,2666.87149437494,2670.51095926161,2676.88703498125,2690.88246358
9231,2654.80201015464,2661.09716190783,2667.03982068796,2670.67599484133,2677.03460260712,2691.08565104823
9232,2654.85441991241,2661.1699090706,2667.40046950086,2671.15273852895,2678.71834875347,2692.45427772192
9233,2654.51063633088,2661.427020417,2667.0547105547,2671.91399914664,2676.11021258716,2690.02089617898
9234,2654.41204770731,2661.33835808343,2667.21663935896,2671.81795910723,2677.6350773574,2687.4356936526
9235,2654.40722468091,2659.97665724455,2667.11025130974,2671.77591608663,2676.17945861718,2689.76359513755
9236,2654.43343523788,2660.34566715454,2667.01301647776,2671.72622735239,2675.8989223324,2689.07825260526
9237,2654.46453966354,2660.50870495246,2666.37532368002,2671.07345475583,2673.85635296161,2686.65004839427
9238,2654.49406360495,2660.29888649655,2666.77949671144,2670.4197626741,2673.27354329849,2686.85081274843
9239,2654.52174615857,2658.59575591247,2667.16704433486,2670.79942086859,2673.92785885715,2687.53368884503
9240,2654.5477028496,2658.56290801911,2666.87331549192,2670.50406876578,2674.07145381102,2687.83931991887
9241,2654.5686821092,2658.59695141758,2666.8364999006,2670.47800857976,2673.82794776525,2687.09747554845
9242,2654.57567377337,2658.45191658022,2666.44046684448,2670.06998806977,2672.49064451616,2686.75466873917
9243,2654.58171678548,2658.32907312564,2666.03616867705,2669.66641317867,2671.92445297674,2686.35730019812
9244,2654.58743419785,2658.28653446467,2665.75175888115,2669.39017458263,2671.65815275638,2685.9621811496
9245,2654.59373575974,2658.33977511031,2665.39219792417,2669.04467438572,2671.36268650631,2685.86613882956
9246,2654.60191820748,2658.40911938558,2665.13672187206,2668.79285463314,2671.12315478163,2685.16075913787
9247,2654.59250410806,2658.7964061218,2665.24942956383,2668.89257818754,2671.266773087,2685.97289860784
9248,2654.57949037955,2659.17453492977,2665.84303798829,2669.46976680722,2672.37219356702,2687.58137503226
9249,2654.56645547338,2659.24680897687,2666.1078226306,2669.73425841132,2672.68528514822,2686.80253506802
9250,2654.55350485846,2659.27804478845,2666.22464292238,2669.84999637137,2672.79336191662,2687.30907247065
9251,2654.54077357867,2659.32588145938,2666.31485819944,2669.93796117743,2672.88123643549,2687.05246453821
9252,2654.52842973054,2659.38740458601,2666.37449157871,2669.99133011314,2672.93482771333,2687.40775432187
9253,2654.516695742,2659.45999182719,2666.4129416135,2670.02421761163,2673.01426605682,2686.59597173035
9254,2654.50584235538,2659.56033033636,2666.43587872055,2670.03719719798,2673.04784027369,2686.79022048388
9255,2654.49525003291,2659.69081777174,2667.96532787349,2671.67643339081,2674.8788003037,2688.35068057502
9256,2654.48536764815,2659.85916870305,2667.92936027197,2671.63324550462,2674.8620191057,2688.32407973868
9257,2654.4765635683,2660.06911972099,2667.92654924138,2671.62191671059,2674.89728497023,2688.42714126902
9258,2654.52146275577,2660.31264015692,2668.26669287219,2672.04720385604,2675.38927239074,2688.39040502989
9259,2654.52549855013,2660.65017386602,2668.20189290367,2671.96515380773,2675.41307175717,2688.58843340435
9260,2654.51989964867,2661.0471268325,2668.22660103823,2671.97772169178,2675.59027044045,2688.59456185416
9261,2654.51365447984,2661.49161450198,2668.12020326027,2671.84521572781,2675.75257627538,2688.8630317577
9262,2654.50833202376,2661.9180957113,2668.26663680666,2671.99548267194,2675.81600562459,2688.96141383663
9263,2654.50478108815,2660.75538261785,2667.81071647215,2671.53420609949,2675.87176919668,2689.17684551048
9264,2654.50344397533,2661.56408001443,2667.72649059432,2671.42883387934,2676.73629264117,2690.36205149103
9265,2654.49949974484,2660.69490787657,2667.28332333618,2670.94644635619,2677.15051348296,2691.47845472382
9266,2654.49453721206,2659.77635600415,2666.6085062394,2670.22404051045,2676.97354514381,2691.95854605555
9267,2654.48831984286,2662.7390577658,2668.78846541776,2672.36116277394,2676.13761911241,2689.18759539398
9268,2654.4806225211,2662.66790135724,2668.73058515291,2672.27007548859,2675.98459599451,2688.79757846756
9269,2654.47139361459,2663.08786941784,2668.78229560342,2672.35704909706,2676.02965831891,2688.82727767643
9270,2654.46108769094,2663.00634253412,2668.6864204618,2672.28186165333,2675.87879303895,2688.67669274068
9271,2654.45111730338,2662.97536208647,2668.54412193946,2672.19373799819,2675.70956255577,2688.55476309758
9272,2654.44410000128,2662.93316944077,2668.39218005657,2672.13601291468,2675.58835884825,2688.40578021959
9273,2654.4428723346,2662.89174133464,2668.16842760765,2672.02396548799,2675.49508955128,2686.7651549902
9274,2654.44834334369,2662.8293362031,2667.56643483132,2671.4753729857,2675.05516187081,2687.0456288025
9275,2654.45852363642,2662.94807292116,2667.84750724294,2671.86597330719,2674.42401438785,2686.12886246249
9276,2654.47121703254,2661.30721659834,2667.57411027775,2671.62059458537,2674.42709534193,2686.22094254478
9277,2654.89224576711,2662.27521876927,2667.77273252054,2671.7399152762,2677.29070642594,2691.19033182194
9278,2655.04584103032,2662.25976003244,2667.83728636409,2671.56266087673,2677.57824820387,2688.69983277311
9279,2654.86463129733,2662.45868196446,2667.73704852121,2671.43899237364,2677.67385352146,2688.49868899181
9280,2654.80337593934,2662.58117579229,2667.7333198664,2671.42921164848,2677.64219601106,2688.50893784282
9281,2654.77885682523,2662.5862631498,2667.70489909106,2671.39586077625,2677.63808133967,2688.22883971439
9282,2654.76962124015,2662.61420670963,2667.68427589546,2671.37123898729,2677.62776058156,2687.81441988114
9283,2654.76804163878,2662.60121802584,2667.63282347043,2671.3181710764,2677.61587964423,2687.51898347065
9284,2654.770766463,2662.59997409109,2667.59074978195,2671.27450579053,2677.41523205089,2687.30280566261
9285,2654.7761063859,2662.59629326835,2667.52284862793,2671.20607340756,2677.34454845224,2687.65922215334
9286,2654.78311503305,2662.56160460972,2667.43747932705,2671.12029577193,2677.26566049085,2687.21976520614
9287,2654.79122460323,2662.49463049916,2667.30567317837,2670.98901330171,2677.14946391524,2687.29931016672
9288,2654.80007742794,2662.42425957077,2667.00191865901,2670.70452944557,2676.89676977885,2686.89220332143
9289,2654.80942990595,2662.36093508319,2666.90134096241,2670.60028416648,2676.80581349848,2686.87072585463
9290,2654.81911857356,2662.23343526309,2666.74813941765,2670.44495412758,2676.68279369505,2686.80137013617
9291,2654.82902727929,2662.05250381212,2666.54515023361,2670.23882904852,2676.52353019774,2686.70419039614
9292,2654.83908000157,2661.81958733304,2666.29762670152,2669.98883718633,2676.32874221608,2686.56738790443
9293,2654.84924363276,2661.53793452944,2666.02773248321,2669.71927267947,2676.08776596264,2686.36719825387
9294,2654.85967999586,2661.30892996136,2665.90211559015,2669.57916231387,2675.90532589181,2686.19328747988
9295,2654.86939588133,2661.53140385487,2666.12608959302,2669.65947099969,2675.98135528711,2685.80366223928
9296,2654.87133660878,2661.09883380823,2665.59159325687,2669.07769593886,2677.35248317911,2688.67810134125
9297,2654.87113651549,2660.99928054947,2668.70444364712,2672.1156614248,2679.56693185504,2689.93623537691
9298,2654.86939497431,2661.01116502117,2669.45845078353,2672.92434536623,2680.55226695524,2691.08590404309
9299,2654.8652834256,2660.96350206871,2669.54622738215,2673.05121057018,2680.86405344846,2691.44122896814
9300,2654.85724875802,2660.86987459808,2669.90407020179,2673.46899929055,2681.33191519624,2692.00855257868
9301,2654.84226720686,2660.68812649408,2669.78651308179,2673.43780963628,2681.5074417371,2691.0032945285
9302,2654.81370220838,2660.35350580203,2669.59714724133,2673.39570755632,2681.74727756066,2691.13937815734
9303,2654.81179492227,2660.17360061674,2669.50936301815,2673.37570702128,2681.95501223464,2692.4316057004
9304,2654.84569224736,2660.22917106451,2669.55002579242,2673.37134321782,2682.02512628791,2692.48394451558
9305,2654.88422657314,2660.27076218142,2669.58169186587,2673.35480762952,2682.0893996599,2692.28637495958
9306,2654.92659391294,2660.28970673296,2669.61247017889,2673.33643863472,2682.18700930857,2691.41412737834
9307,2654.97019553225,2660.30985262602,2669.6214295531,2673.29586733598,2682.26778416742,2692.65111179018
9308,2655.02298229968,2660.32488767374,2669.63138315634,2673.25064951755,2682.3166012883,2692.70897145167
9309,2655.04210606694,2660.33958346895,2669.62314515745,2673.22345255386,2682.33608747107,2691.50825566919
9310,2655.05831397962,2660.36672220841,2669.62088580358,2673.2085477479,2682.31108050309,2692.6186654481
9311,2655.07734510463,2660.39529178506,2669.61567980117,2673.18977497367,2682.30758946489,2692.76149175939
9312,2655.09988024803,2660.4382227804,2669.59630020857,2673.15414647019,2682.31521617447,2692.84862853825
9313,2655.12680767148,2660.47667495568,2669.57054653111,2673.11097378821,2682.3420715477,2691.48604592452
9314,2655.15932690166,2660.50016535073,2669.5577532254,2673.07845692693,2682.34865877836,2691.48459507408
9315,2655.19904396466,2660.53551030402,2669.55558935833,2673.05241673505,2682.38555889021,2691.50929500402
9316,2655.24817540621,2660.5772212219,2669.53165654963,2673.00077331488,2682.34827489773,2691.46972955687
9317,2655.30980355067,2660.60535349195,2669.508812103,2672.94600278166,2682.37413313894,2692.29235626578
9318,2655.3881223162,2660.64217726342,2669.46460779685,2672.86276542613,2682.3907143425,2692.96442292358
9319,2655.48911837969,2660.69457456257,2669.44643818637,2672.79556652159,2682.40676365357,2693.16636245336
9320,2655.59272132703,2660.72062461241,2669.39017420665,2672.7090537602,2682.36891177166,2692.48374169607
9321,2655.66374088046,2660.79084541847,2669.29483239588,2672.61840962486,2681.24964437772,2697.23902794122
9322,2655.7170649551,2660.95953693996,2667.47666193373,2670.88844861499,2680.24838503852,2690.94050218847
9323,2655.66897943213,2659.99996947042,2665.69720056698,2669.14593525507,2672.21606184266,2685.12602874976
9324,2655.36088606798,2659.79474128569,2665.7285637568,2669.12073355342,2672.59752157874,2684.84065579424
9325,2655.37659213772,2659.77211889679,2665.73937834204,2669.07132557793,2672.53274752539,2685.06174694632
9326,2655.44357280133,2659.86765674281,2665.84127582471,2670.60975864985,2673.32763344959,2684.49741796257
9327,2655.44047746249,2659.85988565282,2666.19201572409,2670.93526448004,2673.64111573984,2684.60746986701
9328,2655.43857306903,2659.93026658713,2666.84188641411,2671.55462600838,2674.16228389859,2685.86105038646
9329,2655.43571610494,2659.49858998048,2665.20058905581,2670.02620753831,2672.32229081543,2683.55778769664
9330,2655.41847220872,2659.67910119087,2665.4914933166,2670.35896024976,2672.52378351207,2683.59474795388
9331,2655.36619117719,2659.62171749013,2665.58768166287,2670.50859489655,2672.56373504181,2683.6156139743
9332,2655.31226961643,2659.37932236175,2665.6362381361,2670.52970726346,2672.48111947491,2683.56078385554
9333,2655.25810034677,2659.05740606852,2665.46509520724,2670.3215583488,2672.24517834558,2683.30260682182
9334,2655.21839463935,2658.95289867836,2665.3476761364,2670.63735300094,2672.58001806599,2683.5973340174
9335,2655.19147377895,2658.90075158991,2665.22833739996,2670.40161602455,2672.55131942548,2683.56650603993
9336,2655.17143363305,2658.86238288299,2665.47390618981,2670.53977995843,2672.70864965134,2683.71312527286
9337,2655.15601609723,2658.82841529733,2665.74564503146,2670.72707952713,2672.92035450012,2683.96264469564
9338,2655.14377306726,2658.80318047373,2665.91495338502,2670.83206729008,2673.03603911323,2684.22333490034
9339,2655.13543689128,2658.79257134439,2666.01363833027,2670.88273672241,2673.10749518116,2684.30087630409
9340,2655.12964075559,2658.78835597197,2666.07975500868,2670.91339933263,2673.15645523323,2684.31948462226
9341,2655.12407147894,2658.78343591778,2666.10201125646,2670.90583796582,2673.16187897348,2684.29107444581
9342,2655.11880008513,2658.77667697285,2666.10702937858,2670.8848887113,2673.15867624987,2684.24438146663
9343,2655.11385370531,2658.76974312707,2666.0865439939,2670.83961924418,2673.07620833087,2684.14226421696
9344,2654.99624346099,2658.70222885551,2666.07950374426,2670.83784309136,2673.16380624064,2684.08515743582
9345,2654.83063045756,2659.48876983415,2666.33326062786,2671.10760367425,2673.11520938598,2684.4425682199
9346,2654.69419059127,2659.45516522982,2665.61823496822,2670.35051590338,2672.31324353427,2683.51013392131
9347,2654.59297571843,2659.33220630504,2665.66908194287,2670.38520695852,2672.69347020433,2683.80305087702
9348,2654.52053438799,2659.30126950588,2665.76862668696,2670.49479035958,2672.88645119766,2683.90962806832
9349,2654.46834788704,2658.93723526485,2666.30806342878,2671.07364135026,2673.57237873973,2684.52829729563
9350,2654.42959442581,2662.93556387763,2670.72835690133,2675.26583851011,2677.74783153551,2688.46588687415
9351,2654.39961868948,2662.91353959529,2671.02785031738,2675.41076627972,2677.79549944549,2688.35815782141
9352,2654.37318687965,2662.99437504443,2670.89850113611,2674.6255609001,2677.58890238713,2688.13638060831
9353,2654.35230069888,2663.29955507447,2670.52335210357,2674.22133567561,2677.20398489727,2688.33160209048
9354,2654.33221657454,2663.88723181952,2670.11915583381,2673.74644005081,2676.66462059168,2687.29723308465
9355,2654.33382875326,2664.14429252029,2669.95233629151,2673.46603078793,2676.57344488564,2687.25391289286
9356,2654.35411234588,2663.96654573992,2669.62569077028,2673.03664730306,2676.30794676721,2687.04732160225
9357,2654.37687380374,2664.06117370255,2670.01524074511,2673.31965240961,2676.71659979144,2687.56464488803
9358,2654.4062046603,2664.06084032406,2670.0352999028,2673.27822046722,2676.79042401657,2687.6739579829
9359,2654.44038633059,2664.04226244932,2670.82426079036,2674.02759924419,2677.83806107182,2688.7149844537
9360,2654.42839045236,2664.9408079969,2670.74535557415,2674.00924922392,2678.22156722553,2689.3953863363
9361,2654.32831829799,2676.42992582317,2683.00879089337,2686.57086314353,2691.58427273252,2702.51443611145
9362,2654.25850243588,2676.86509803158,2683.33430356333,2686.84078419525,2693.53534991499,2704.86358250438
9363,2654.217767458,2676.74991371436,2682.46534687217,2686.03660159008,2694.31666464671,2705.41032201683
9364,2654.20464185533,2676.55051822646,2682.15417318755,2685.78088318453,2694.19833108686,2705.34819387986
9365,2654.21683187636,2676.23530046436,2681.84089428444,2685.53419844157,2693.83863656164,2704.31525792062
9366,2654.24302667945,2676.10553255061,2681.85330084148,2685.57845316598,2693.96692974362,2704.26805029685
9367,2654.25955222416,2676.90554163737,2682.79581874407,2686.51011500392,2694.66869376785,2704.91738311993
9368,2654.26658394235,2677.3955523424,2683.22385812145,2686.90147105618,2694.28518186038,2704.14292497272
9369,2654.3301868015,2677.50749287091,2683.44639625266,2687.45294329578,2692.78622686072,2702.63889761042
9370,2654.39054647083,2675.0928665449,2680.26799294393,2684.12950779522,2689.34985547144,2698.81811699891
9371,2654.35801353653,2674.53521408987,2679.21515571713,2683.10953453462,2688.95149879807,2698.6912324152
9372,2654.22009577324,2659.98857839844,2669.25247280985,2673.74393991816,2684.28846186098,2696.43160079527
9373,2656.83566975266,2663.02274278796,2672.00223539051,2675.74332055365,2679.73166185661,2693.88675567471
9374,2656.9015521535,2663.08202632962,2672.15485868544,2675.93009187293,2680.6225879542,2694.15262246189
9375,2656.92911836724,2663.14323852537,2671.76546825189,2675.55449253719,2681.18113455736,2693.32546260463
9376,2657.2061722711,2663.48898912861,2672.41709640524,2676.25946164928,2681.57812120172,2693.79248673819
9377,2657.42379289569,2663.90141767025,2672.2294376998,2676.09741946792,2681.37020636868,2693.1096567026
9378,2657.46076969382,2665.08962617203,2672.57221453768,2676.49884066106,2681.7000246382,2692.42263071724
9379,2657.36335492103,2665.53715110025,2673.13888375324,2677.26549174122,2682.36311647564,2692.83678897289
9380,2657.14341626471,2666.29629194609,2674.83821159394,2679.223631033,2684.10970957307,2694.87933861663
9381,2657.108559242,2666.433864288,2674.23278738461,2678.78583081754,2683.47153006601,2694.06103790391
9382,2656.99054292235,2666.55804635003,2674.17095111541,2678.91033947012,2683.62317549482,2695.40553170418
9383,2656.82408755413,2666.23734953658,2673.9004616633,2678.83362231594,2683.42864668496,2695.13528703897
9384,2656.6321674656,2661.5908034152,2669.07284575722,2674.22588498928,2678.64629449942,2690.45856493668
9385,2656.3019755973,2661.48352234292,2668.94932342231,2674.14961810736,2678.57355025621,2690.46440100458
9386,2655.96024785326,2661.41033310811,2668.90733872777,2674.13703048643,2678.34315944292,2690.42006620267
9387,2655.62506915491,2661.37660844772,2668.25027926209,2673.4297015957,2677.64619846305,2689.96607286344
9388,2655.32204798915,2660.90263318656,2667.74692379519,2672.83325216853,2677.1329677528,2689.6043127324
9389,2655.08650859778,2660.65288166763,2667.58384517372,2672.61534651252,2677.15701597372,2689.67472212441
9390,2654.94022770958,2657.14660324053,2664.64349594972,2669.55765173448,2673.57985544128,2685.94311023379
9391,2654.84503519124,2657.7608265099,2666.13872936328,2670.84351181072,2682.79415685204,2697.25538668366
9392,2654.73654461539,2657.90223967826,2667.21650131051,2671.79586216113,2684.87937347599,2700.64376546642
9393,2654.68595973224,2658.005213466,2667.18133920198,2671.73537947877,2684.7133216684,2701.06169091728
9394,2654.68388525309,2658.08706060196,2667.12944099003,2671.67150239411,2684.55927246723,2700.93608005631
9395,2654.80315451817,2658.50357217092,2669.52570469475,2673.80209575391,2687.25840738454,2703.2747592534
9396,2655.8395646964,2665.14515156273,2677.4463081551,2682.99923939071,2696.74131951487,2716.52034452648
9397,2656.06564302871,2670.14706614685,2681.28162764289,2687.26142764171,2703.09640860336,2722.04638573664
9398,2656.07371438169,2669.9816040329,2681.1498575569,2687.07699099413,2703.11700508433,2721.56579648273
9399,2656.05212760562,2669.64799715704,2681.01232799916,2686.88978235721,2704.3480549872,2724.92082813895
9400,2656.05380670741,2669.56717731546,2681.08845338276,2687.00445104659,2703.08634986711,2722.94607171368
9401,2656.05504525247,2669.57819726667,2681.06885251271,2686.99915587535,2702.12720109806,2720.3351060134
9402,2656.05562846722,2669.62068746753,2681.17198543714,2687.13381319325,2701.50000291059,2719.56895468998
9403,2656.05526548351,2680.28270822439,2688.66323489978,2694.58329197918,2709.53365386125,2725.98300487971
9404,2656.05362797925,2680.2896845802,2688.58007148718,2694.57611658932,2709.28981968824,2726.11841846801
9405,2656.05028724892,2680.42266282805,2688.23954985698,2694.29298298562,2708.65115353233,2724.86985882017
9406,2656.04805195142,2679.53028613401,2687.54691957143,2693.50137599471,2707.64213157032,2723.93727151134
9407,2656.04378213291,2676.87307470977,2685.3923502748,2691.30091906332,2706.73961868478,2723.7888772537
9408,2656.0351738672,2675.92051269219,2685.0380387676,2691.09491973038,2705.92470989338,2723.53478717724
9409,2656.02345980907,2673.21909425824,2684.07708820364,2690.18581283386,2704.5177699388,2722.67767499798
9410,2656.00731059312,2671.20431357846,2682.51347544725,2688.58787328243,2702.64014702852,2721.45301577888
9411,2655.98472683765,2670.06354058979,2682.02166743356,2688.16060494625,2702.34403455637,2721.46919121418
9412,2655.95328139854,2669.82156065127,2682.97843913346,2689.04424401643,2702.91287492478,2722.65248635903
9413,2655.91446372082,2669.1314265316,2682.34595021579,2688.49507549925,2702.10160043424,2727.84775393786
9414,2655.89717679528,2672.31647194993,2683.65343681112,2689.80667629428,2703.35412519146,2730.54402499384
9415,2655.88473808994,2671.67058866475,2683.18493280717,2689.33415772291,2702.90276849794,2729.76395638202
9416,2655.87547269905,2671.12638113834,2682.81738860097,2688.94551964581,2702.53803927984,2729.5353707809
9417,2655.87254954316,2671.13067999183,2682.61573134739,2688.68569930403,2702.28719743155,2728.99618441199
9418,2655.87904562103,2670.83860682067,2682.10563354338,2688.12597278238,2701.94475228176,2728.58104542419
9419,2655.89697090739,2670.59768563733,2682.02087160902,2687.97956185125,2702.01340752504,2728.51967932718
9420,2655.92238967125,2670.48848748856,2682.05123942207,2687.96883963659,2702.41648362444,2727.98004132145
9421,2655.95438833694,2670.39318203251,2682.08098110381,2687.95300517728,2702.96216846824,2727.72140707934
9422,2655.9933019394,2670.27567697426,2682.05582928896,2687.87894917017,2703.50957009774,2727.11441768443
9423,2656.03710826502,2670.03579742144,2681.95358478154,2687.72672450683,2703.94778705629,2726.59409226286
9424,2656.02124608883,2670.11986959253,2682.086395685,2687.77158162948,2704.42072317339,2726.73359900263
9425,2655.96209903946,2668.96615718645,2681.96650458949,2687.56543259587,2704.68742281718,2726.86307570178
9426,2655.82101302623,2669.19466963396,2682.17754902878,2687.64227045822,2704.34611679188,2728.2945084745
9427,2655.52351710058,2669.70169743445,2680.19919800874,2685.63959589027,2703.52900311831,2728.58804600133
9428,2654.96554858324,2670.01156417304,2679.85606334912,2684.8146810075,2702.53261222491,2722.7471845743
9429,2654.20632375184,2673.72469146454,2681.98752376285,2686.89733701693,2704.10264120647,2725.30749283826
9430,2654.03181758112,2661.99372178852,2668.02323415333,2672.74710098201,2687.91817394742,2705.21568653738
9431,2654.09232963155,2661.98231104275,2667.79410518252,2672.52357860774,2687.64117647688,2705.21018050755
9432,2654.08639860686,2661.92445911251,2667.73124684735,2672.47319723752,2687.48839789464,2704.84916488926
9433,2654.15103789919,2662.22690094594,2668.18748046895,2672.9530116638,2688.20529848075,2707.73347931496
9434,2654.32160770269,2663.38724763624,2670.09405292464,2674.87627670271,2690.45172426843,2712.51712027527
9435,2654.36768858049,2664.09613586938,2671.47416410614,2676.06054921392,2694.12855603395,2714.10299113042
9436,2654.38624057372,2664.97772750728,2672.39393578477,2676.90938545258,2694.35497118839,2714.47580827333
9437,2654.39391530435,2665.43613346799,2673.03044517429,2677.50107139058,2695.52534822845,2716.14734179758
9438,2654.39571117211,2665.69354607878,2673.41946162332,2677.86842683668,2695.52489861686,2715.64530056563
9439,2654.39397296862,2665.85818304853,2673.59021736133,2678.02283837311,2695.52818379395,2715.40388762626
9440,2654.39390431667,2665.95590935052,2673.96013666222,2678.39529760696,2694.82562520691,2714.29449579746
9441,2654.42300925619,2667.38215434209,2676.90561820149,2681.28129934506,2696.73060146417,2715.40875255784
9442,2654.48546187425,2669.28263284139,2681.04601980544,2685.69495752962,2702.62555470576,2725.59977687342
9443,2654.52811916126,2671.91709727238,2680.78018778519,2685.3868778456,2702.97262089004,2726.97469926926
9444,2654.56901527382,2672.02751749864,2679.90999533407,2684.58968273683,2702.32079717159,2726.46983959656
9445,2654.05716365772,2671.99180525777,2679.78498017293,2684.360349691,2702.30150833697,2726.93877305435
9446,2653.60424412018,2671.81298535334,2680.40038646137,2684.85390736113,2702.76677018328,2727.9279366709
9447,2653.26353970321,2671.92196628989,2680.57205715917,2684.91218896892,2702.89974936423,2727.37915435484
9448,2653.0505676083,2671.96798870598,2679.50076540128,2683.72131767645,2702.12018445531,2726.79366419292
9449,2652.96117586625,2669.14287886697,2677.59807184662,2681.86968689588,2701.74670890739,2726.64620051157
9450,2652.97338018775,2669.30563292063,2677.52842742407,2681.72895869545,2701.74383716402,2726.61471717765
9451,2652.9939343757,2669.83170779554,2677.88017544168,2682.0453088923,2702.13168434677,2727.09609422763
9452,2653.01692569664,2672.41979138999,2681.218656181,2685.3308004624,2704.34795095323,2728.82297584756
9453,2653.04082515021,2673.26093330415,2681.53561644841,2685.6150126712,2704.7362913432,2729.28119390707
9454,2653.06339555213,2674.30751571189,2682.62144492632,2686.58178382123,2705.58029979127,2730.04313642346
9455,2653.08195775713,2674.91857123489,2683.39623885901,2687.28626382363,2706.08031972575,2730.68222277025
9456,2653.09387348653,2675.77863466146,2683.88366909913,2687.72193383844,2706.59878220034,2731.34567456308
9457,2653.09724609848,2676.26814150513,2684.78300385006,2688.61947458259,2707.5979557501,2732.57247388589
9458,2653.09133868584,2676.64406536313,2685.11735612119,2688.90562143981,2707.88510241917,2734.12525299269
9459,2653.07668606703,2677.05216009603,2685.61393152976,2689.34552616782,2708.26253198878,2734.86741132553
9460,2653.05479770159,2677.34048457027,2686.08917663116,2689.77236396258,2708.62497172504,2735.68224273253
9461,2653.02759685691,2677.10924706071,2685.67466357511,2689.35562623729,2708.16333803691,2735.79043045983
9462,2652.98412759452,2677.38542307463,2686.82505651631,2690.39425215775,2708.81408310023,2736.29863700633
9463,2652.9386834528,2677.26391829588,2687.91854158381,2691.3105523726,2709.30835790874,2733.58904322183
9464,2652.89362131968,2676.88487789227,2686.23956416766,2689.44498115277,2707.10234541086,2731.506070426
9465,2652.85351914071,2676.60145364696,2685.37988061091,2688.42476712171,2705.66614929161,2728.64328370315
9466,2652.82927476412,2676.55720271935,2685.04483731296,2688.0997877099,2705.47855756476,2728.64911400573
9467,2652.799424453,2676.23308035062,2684.37580865579,2687.45087839427,2704.91562884787,2727.66482409935
9468,2652.76736528425,2672.99073743112,2680.08436787727,2683.43947150795,2702.53080131366,2726.87546647655
9469,2652.73024355212,2672.02709964605,2678.99516718217,2682.40672090441,2701.89091772171,2726.61508035871
9470,2652.69077793637,2670.81483011482,2677.77415449639,2681.2501518636,2701.18105760376,2726.25121276135
9471,2652.6521473321,2669.69711847968,2676.72533806101,2680.25308797163,2700.57199367779,2725.87456067624
9472,2652.71860297238,2669.03177993446,2676.10036073091,2679.57125938683,2699.68020914474,2725.27600927601
9473,2652.71368718498,2669.37415467667,2676.238293066,2679.55643084423,2698.87449959642,2724.0857234818
9474,2652.70246816534,2677.91538084475,2684.07366314821,2686.85561153754,2705.04703831706,2728.45274316174
9475,2652.6916403933,2678.75363554487,2684.70977166777,2687.45938896757,2705.47085750181,2728.33290671406
9476,2652.6816251385,2679.36554601355,2685.11140137302,2687.84453702345,2705.79415476923,2728.92461322034
9477,2652.67248812037,2679.89274953435,2685.74260670066,2688.46120885981,2706.36555644857,2730.58626128389
9478,2652.66423747493,2680.16899650068,2685.89320807612,2688.59865972364,2711.50381842096,2739.37268358845
9479,2652.65683127822,2680.44340985802,2686.09026930477,2688.7849224186,2711.53012933368,2740.04297008369
9480,2652.65023105182,2680.667068281,2686.23531714833,2688.91894019562,2711.60008723005,2739.77105375382
9481,2652.64439490205,2681.41681538347,2687.03702031954,2689.72492105234,2712.19326423435,2735.73441228997
9482,2652.63927225468,2681.57623394639,2687.03745657782,2689.71359803405,2711.94583787063,2739.50889662392
9483,2652.63481473615,2681.73191713478,2687.05187728683,2689.71897862973,2711.80530945565,2735.06725547288
9484,2652.63097361451,2681.87566264382,2687.06145443807,2689.71910500808,2711.67614824161,2737.83920559237
9485,2652.6276879092,2682.01864635172,2687.0929887769,2689.74277837969,2711.48593983441,2736.94463993212
9486,2652.62491326132,2682.10788972967,2687.07279369109,2689.71578292838,2711.2881453818,2734.10574843613
9487,2652.62262066683,2682.17339304769,2687.03710645064,2689.67054726803,2711.05325958688,2736.258021916
9488,2652.6207335012,2682.25762591132,2693.72744429074,2695.95439626613,2716.7851382064,2739.14115458775
9489,2652.61922370316,2682.31326068438,2693.69085627958,2695.91111588634,2716.54470553049,2738.63010897397
9490,2652.61805427851,2682.35910354543,2693.64830185893,2695.862633861,2716.28505915507,2738.06415294702
9491,2652.61718129245,2682.38401794041,2693.60328033182,2695.81570723474,2716.01257214235,2737.46930903759
9492,2652.61657251695,2682.41213471993,2693.50422777348,2695.71380264106,2715.73868678648,2736.83193372781
9493,2652.61368796675,2681.28051006876,2691.25673695732,2693.50167398139,2712.28389250147,2732.12627450425
9494,2652.57592496355,2681.61918518053,2687.94444808844,2690.41990728528,2706.65799601769,2725.1764015576
9495,2652.53597610298,2681.28266738433,2686.92964549982,2689.52467877498,2705.87575551426,2724.57906546397
9496,2652.49400708607,2680.58483598999,2687.01032367497,2689.63256722682,2706.13279202341,2725.98188434001
9497,2652.45030714674,2679.59007710792,2686.77232123856,2689.37365743701,2706.04199257318,2726.63208222299
9498,2652.40530386605,2678.40442350171,2686.25803414604,2688.82749230772,2705.60778600822,2726.65586795813
9499,2652.35957355405,2677.1280222388,2685.73697407036,2688.27919709122,2705.11129524612,2726.40654062775
9500,2652.31394037114,2675.90951861667,2685.40650158781,2687.92877934771,2704.68754884829,2726.12377837312
9501,2652.26949414779,2674.83158992873,2685.4099229705,2687.91746102458,2704.6652614505,2726.0541096972
9502,2652.2276164462,2673.91241031316,2685.73754020595,2688.23237347468,2704.96070221931,2726.27138914685
9503,2652.17316866797,2673.65197031708,2686.73529156174,2689.20634914788,2705.83967694871,2727.07582930726
9504,2652.12653614656,2669.44712616828,2683.06075734435,2685.3427979949,2700.22154807629,2722.49546898609
9505,2652.10414745936,2669.9392676242,2682.96635316341,2685.17068538019,2701.25053693991,2723.76551376347
9506,2652.080494436,2670.75985132267,2683.14145162087,2685.25586221596,2701.38218824479,2722.30206026912
9507,2652.0578154674,2671.28085996527,2682.82498227186,2684.91246143876,2701.19685459861,2722.16958374525
9508,2652.04426890934,2670.55951518908,2680.65784990468,2682.60587852735,2698.6715209789,2719.47636258379
9509,2652.04487893276,2670.21112966212,2679.75281139428,2681.60678100776,2697.56826201559,2718.20562107242
9510,2652.06506808598,2669.55885754725,2678.44493905158,2680.23150516872,2696.06396431499,2716.29413324247
9511,2652.11699495581,2668.47088437812,2676.99389947591,2678.72572399644,2694.41060966019,2714.41958632018
9512,2652.21457066191,2667.14385252823,2674.90159787464,2676.66833580883,2692.13659272924,2710.91609871125
9513,2652.36898602417,2665.72393674245,2675.30316478407,2677.1547923955,2691.9919188988,2711.97255174474
9514,2652.58095835013,2664.34859158999,2674.27146245931,2676.25195159922,2690.47873167433,2709.26399557514
9515,2652.83322916091,2661.12980394391,2670.9256713463,2673.18139363657,2685.8052656328,2705.15719411493
9516,2653.09084809229,2661.17290838104,2669.87053041901,2672.26853430118,2682.95474858943,2699.05085483113
9517,2653.27756627995,2661.510722601,2670.05067263685,2672.51140292935,2683.47808577555,2699.06468032896
9518,2653.60999113565,2662.76225950161,2669.69699502773,2672.1080236874,2683.43883016646,2698.76629423549
9519,2653.95888257723,2662.84933505081,2668.66145796343,2671.00055887988,2681.73284812541,2695.61036962171
9520,2654.23922929763,2663.0883493465,2668.8170464219,2671.00798878245,2682.82841804057,2696.78214764547
9521,2654.30964840272,2662.65735483173,2669.52195532392,2671.67359502303,2683.72764150836,2700.74682647063
9522,2654.15689989897,2663.0740921633,2671.21571706764,2673.42307291925,2688.76606760437,2703.55054680868
9523,2653.96949621268,2663.18771107796,2669.88087600795,2672.14529303351,2687.13270085294,2704.30242306889
9524,2653.77564174728,2663.20355454305,2670.20083658918,2672.39051514655,2687.29632091138,2704.21259367261
9525,2653.5817838477,2663.41618817828,2671.13721292338,2673.23787784767,2688.48365704595,2705.06475248357
9526,2653.39033511158,2663.88739454095,2672.12333052241,2674.14649473278,2689.52684218017,2709.08363970632
9527,2653.20376628292,2664.24326314494,2673.22350338436,2675.1572536387,2691.06184538447,2710.42221503491
9528,2653.02442750239,2664.78836214144,2673.15934037967,2675.02406855623,2691.25744320873,2710.31175822639
9529,2652.84873371211,2665.18181443666,2673.23166502434,2675.04440953636,2691.45927148848,2710.35578484559
9530,2652.65027741258,2665.12127131615,2674.15860903101,2675.97740314063,2692.46574754235,2711.29780803244
9531,2652.4657816333,2664.75331184264,2675.13316427344,2676.91307598053,2693.07642616162,2711.94457414452
9532,2652.29812195178,2661.20925988278,2673.95715016859,2675.75895670133,2691.68842660559,2710.23920185777
9533,2652.14960602678,2661.29992457748,2672.34774937355,2674.13272274757,2689.70667315478,2708.44629547532
9534,2652.11411082863,2661.33893033959,2672.38901446454,2674.20664919953,2689.10556051598,2707.18657623486
9535,2652.1017711881,2661.93621657076,2675.67999129189,2677.39923800984,2694.48691830581,2711.52390426521
9536,2652.08207066577,2662.32348847131,2676.33793493269,2678.02632358951,2695.41183963238,2713.56637827512
9537,2652.05825346132,2662.88103622203,2676.71911988036,2678.42751590369,2695.15930111229,2713.61396848539
9538,2652.0338828626,2663.67510032635,2676.12691570547,2677.83570653053,2694.17772191404,2712.00658735585
9539,2652.02940993227,2664.32549461065,2676.98621457854,2678.67733527063,2694.72481779142,2712.83643122804
9540,2652.06201554706,2664.31095023117,2676.81198254873,2678.47391037116,2693.91195602412,2712.16664664681
9541,2652.09193378897,2664.24266264298,2677.15586330597,2678.77592911267,2694.01067923016,2711.24116103031
9542,2652.11978395268,2664.31291407273,2678.02873505617,2679.644047154,2695.14626747604,2713.40301312734
9543,2652.14612120047,2664.6795692955,2677.40819733772,2678.99112979272,2695.13270865123,2713.10406835078
9544,2652.16625948672,2665.02195353809,2676.82992433878,2678.4062560741,2694.38185590792,2711.80528132368
9545,2652.17054083973,2665.16918573917,2674.35695289336,2675.95216320759,2692.06163575571,2709.19304483371
9546,2652.17510459254,2665.09454094391,2674.12929451515,2675.73737725702,2689.16221081282,2705.72505406525
9547,2652.17962128626,2662.49824832708,2674.06613595169,2675.69029900753,2688.74724938921,2704.74576160092
9548,2652.18463462251,2661.86412124793,2673.01410110472,2674.6474655286,2687.27094426452,2701.88291592918
9549,2652.20345154141,2662.3396705754,2672.7055070652,2674.3256463276,2687.0213925006,2702.04594321887
9550,2652.22535558382,2662.71828430823,2673.31604626645,2674.98594787484,2691.68471477941,2707.11570465494
9551,2652.24846417719,2663.28539563461,2674.04290152698,2675.71999290698,2693.1025268666,2708.79191299332
9552,2652.27280342374,2663.26073481812,2674.33906910291,2676.0213311345,2693.87391742964,2710.42413267173
9553,2652.29842621772,2663.24753628028,2674.56283382387,2676.25406390314,2693.93572268303,2710.53887999452
9554,2652.32536655565,2663.18716637667,2674.71336000837,2676.41673400507,2693.89963984011,2710.71387115971
9555,2652.35367142907,2663.13379568379,2674.84048362889,2676.55874631731,2693.83902356035,2711.30135125639
9556,2652.38339512346,2663.04416977571,2674.92544355886,2676.66149544273,2693.68255375579,2710.90533006646
9557,2652.41457730952,2662.96806036825,2675.05762261031,2676.81308081256,2693.59764219595,2711.77717127161
9558,2652.4472964718,2662.88212517821,2675.1123197687,2676.8903007707,2693.44337493864,2712.23070175825
9559,2652.48160071454,2662.78058528861,2675.17645377828,2676.97867726593,2693.24618262802,2711.72870998529
9560,2652.51756665981,2662.68288498093,2675.17103960933,2676.99916922009,2693.0281998879,2711.90475669627
9561,2652.55525876751,2662.5751173008,2675.18193890901,2677.03821422723,2692.78991919019,2711.68362791833
9562,2652.59475569061,2662.46244620428,2675.22176121721,2677.10729716653,2692.56981863581,2711.42986990054
9563,2652.63612723102,2662.35942972452,2675.24085909783,2677.15830778975,2692.35085917455,2711.79655023456
9564,2652.67945812222,2662.2562913016,2675.06685957964,2677.01090563767,2691.92155503762,2710.20282518822
9565,2652.72479435784,2662.15814411344,2675.16647240599,2677.14652444976,2691.74651089383,2710.24752470413
9566,2652.77220436366,2662.06059213302,2675.09501094403,2677.10513827722,2691.42205284311,2710.75262334944
9567,2652.82170855426,2661.97631919026,2675.24402400791,2677.28666536703,2691.18890490051,2710.12526984849
9568,2652.87270005742,2661.87572980285,2674.63691812321,2676.70677357853,2690.24494365084,2709.75247727993
9569,2652.92514708938,2661.78514029814,2674.44871381178,2676.52997916808,2689.77084381824,2708.79513993127
9570,2652.97915727039,2661.70483759325,2674.33356080227,2676.42645421429,2689.37773393306,2708.00596661109
9571,2653.0348036646,2661.6296467252,2674.28143250842,2676.39489760029,2689.05703480175,2707.99843361152
9572,2653.09220338336,2661.61614644222,2674.38053514631,2676.51924880388,2688.87558277634,2707.58986273235
9573,2653.15135800002,2661.59855275779,2673.80104988053,2675.93950947303,2688.01278978143,2704.98890182399
9574,2653.21252120019,2661.58670514924,2673.81406901864,2675.98688745768,2687.74900011539,2705.46407276405
9575,2653.27614304554,2661.565775643,2673.86536301029,2676.06954421889,2687.5139141743,2705.37843004781
9576,2653.34290533708,2661.52784597735,2673.95871557461,2676.17672807457,2687.33191756014,2704.19120784861
9577,2653.41381706272,2661.47564907762,2673.94339479422,2676.20888483595,2687.02975199205,2703.36443267478
9578,2653.49075682494,2661.32685678424,2674.06131672065,2676.35426899182,2686.91660118893,2703.39755556154
9579,2653.5776605614,2661.09669052096,2674.09662130303,2676.42698623809,2686.75685191554,2702.98673144671
9580,2653.68078938366,2660.73792242392,2674.09032252539,2676.44702171058,2686.61649544251,2703.00134155122
9581,2653.80707042109,2660.20543264953,2673.91405201263,2676.26497001411,2686.45486226189,2701.79079306692
9582,2653.94294555308,2659.56604522165,2672.04369260718,2674.32972575305,2680.26456428404,2693.04403938878
9583,2654.00037356579,2658.40519451691,2667.94923825968,2670.04612771557,2675.32336817141,2682.11567357768
9584,2653.96978457001,2658.3937848657,2668.17748803734,2670.37146371512,2675.1894676528,2681.82368711316
9585,2653.93433173452,2659.62340601733,2670.3397084034,2672.67682098366,2676.98895247524,2684.28609571338
9586,2653.89483358585,2659.86692069481,2670.21466499779,2672.70102240728,2676.52353177932,2685.77578245319
9587,2653.85292181184,2660.24922207326,2669.48434991676,2672.09206725336,2675.77247583721,2685.17515235146
9588,2653.81138252786,2660.57799907681,2669.258834058,2672.07030193047,2675.79279620303,2684.81825551563
9589,2653.78625206426,2660.79867823255,2669.42350966638,2672.28338253655,2675.94026309109,2684.79916660324
9590,2653.7652363781,2660.8692517652,2669.58026028193,2672.43330689616,2676.00093169289,2684.87116239859
9591,2653.73995740217,2661.17373786521,2669.6071449173,2672.3797144991,2675.98217321763,2684.99589926068
9592,2653.71497098028,2659.62055396082,2669.83233259851,2672.52389966939,2676.28035691732,2685.39555510756
9593,2653.70013918405,2659.52955550665,2669.43117970432,2671.79744641817,2676.08883901275,2681.8176878289
9594,2653.72467435934,2660.5268081365,2670.01628147869,2672.07388761519,2678.1085209825,2684.46048035626
9595,2653.72334859118,2660.63100856632,2669.94003990928,2671.98304999103,2678.45731165778,2684.98022083762
9596,2653.72170287454,2660.75385185953,2669.91736237488,2671.9338172102,2678.88711274396,2685.20275415713
9597,2653.71435800987,2660.30355010183,2668.90800729852,2670.98775170059,2678.13927940035,2684.71358357192
9598,2653.73643523073,2659.89366750018,2669.95514466347,2672.15036782614,2679.21860075665,2687.02237000755
9599,2653.77943208104,2659.59142242241,2670.26260047367,2672.53395576811,2679.61805529651,2688.387163059
9600,2653.82983106378,2659.46181191414,2670.54467168314,2672.86379828277,2679.90380730455,2689.5223859244
9601,2653.8777950885,2659.38065639672,2670.76484842394,2673.10824361932,2680.21293052701,2690.72300049298
9602,2653.91904725333,2660.49459599282,2671.50819001594,2673.86507954067,2681.09350724002,2689.38692908687
9603,2653.95293709823,2660.46287745303,2671.47032670826,2673.84814857759,2681.06000637187,2691.32283511749
9604,2653.98034624951,2660.51118371693,2671.55398817794,2673.93711138332,2681.09445165415,2689.47930351631
9605,2654.00254266419,2660.53951782262,2671.62343172618,2674.00893766078,2681.09798803193,2689.21935553542
9606,2654.02107010226,2660.65602612766,2671.9007019212,2674.2845257083,2681.22551033004,2690.88442239962
9607,2654.03797535688,2661.12700720853,2673.21759206899,2675.5666712815,2683.69080672922,2695.12793873765
9608,2654.05295377916,2661.2167798872,2672.98757790181,2675.34111712982,2683.61812429389,2693.369085608
9609,2654.06615411484,2660.92814241811,2674.14622891628,2676.47611015462,2684.87801956081,2693.83698224873
9610,2654.07772043872,2661.08514233458,2674.34597608233,2676.67819825632,2685.32439560354,2695.32979544267
9611,2654.08364096209,2662.15117122443,2676.534348559,2679.03323994982,2687.94101287742,2702.05198884543
9612,2654.07995842161,2661.98636953562,2676.76713271968,2679.32054887993,2688.52622265777,2704.28531316332
9613,2654.0416107328,2662.69527704459,2678.20237089376,2680.78493261642,2692.29481751237,2715.71029863979
9614,2654.00416884539,2662.99537754839,2677.8377143546,2680.43091018602,2693.49190565079,2718.17299419404
9615,2654.01449221486,2663.61944472124,2678.08799616738,2680.65929640513,2694.99076118838,2720.1601538304
9616,2654.15495052127,2664.67273810788,2678.21687295606,2681.23138386554,2694.14481515385,2717.36177590441
9617,2654.21141100835,2666.9740736342,2677.80237517194,2681.19822431531,2697.76456376239,2719.27569992088
9618,2654.24952326778,2663.36451382651,2677.67041470745,2680.95846504988,2698.57418770398,2718.55292813024
9619,2654.32573563719,2663.31550143685,2677.53241849253,2680.70327388934,2698.50340108753,2717.79016720127
9620,2654.44470712288,2663.34887495529,2677.22503742425,2680.32346428658,2697.78951865355,2716.83743805783
9621,2654.56877890251,2663.33708649992,2676.80701006806,2679.80483614347,2696.82328206566,2715.71823333322
9622,2654.69688919873,2663.40837594076,2676.43148662126,2679.3535236343,2695.98391632221,2714.64196280016
9623,2654.82760030098,2663.47406685143,2675.99849061278,2678.84233460829,2694.99108008849,2713.51634827074
9624,2654.95908866913,2663.57102428272,2675.57938894005,2678.34414941314,2694.01976035146,2712.38932701457
9625,2655.0891116495,2663.64586003776,2675.1457710023,2677.8313255516,2692.99476779753,2711.26050336307
9626,2655.21510098798,2663.72279153626,2674.75590457519,2677.36833430456,2691.96919328492,2709.92301285412
9627,2655.33415400482,2663.74843607541,2674.41290585939,2676.95011708033,2690.9192195294,2708.86878727013
9628,2655.44323354244,2662.83378545085,2673.9828658231,2676.47088694888,2689.87087117526,2707.69192128978
9629,2655.5392699586,2662.93831500902,2673.00825449754,2675.4029393294,2687.67419633102,2706.20116630626
9630,2655.6193826679,2663.00154876271,2672.96566863872,2675.30280925541,2686.83619611543,2705.29079677285
9631,2655.6810564082,2663.0160440379,2672.80500580567,2675.08562957402,2685.80564005889,2703.7154755376
9632,2655.72235372552,2662.98570401949,2672.1193686852,2674.34762827498,2684.53240570837,2701.29843313529
9633,2655.74203849643,2662.8957885023,2670.55203205555,2672.70488469461,2682.60403528777,2699.1456321234
9634,2655.74927527461,2661.72864122469,2667.08381620892,2669.1255379362,2676.67571791342,2687.8100006873
9635,2656.00197452412,2661.84681806764,2664.92119161825,2667.02766527743,2675.42620922806,2684.73451479774
9636,2656.54428053686,2662.1058902796,2665.73345169484,2668.0814478929,2674.811491788,2684.37755634582
9637,2657.15409673454,2661.9167508387,2665.98990219829,2667.69675499627,2675.18080884892,2681.24068613014
9638,2656.44247020185,2661.55322414978,2667.27275742871,2668.97471809989,2676.21941034621,2682.18455079405
9639,2656.21700055375,2660.98846287691,2666.67550054754,2668.42965474161,2675.50336866374,2683.61898185908
9640,2656.22638461369,2662.15320461291,2668.07865192619,2669.88997584126,2677.74430881775,2687.04205876009
9641,2656.48111576967,2662.9024704057,2668.4427911935,2670.40549255433,2678.70090793823,2688.23818771319
9642,2656.78741461866,2663.13022614881,2668.63896518833,2670.75827887315,2679.34528720891,2688.82928822605
9643,2657.04323263153,2663.30126203767,2668.83920178029,2671.09223270552,2679.98170790121,2689.29964229961
9644,2657.2250110705,2663.45227214849,2669.1484522705,2671.52359471157,2680.81076835612,2689.98367332783
9645,2657.31501637755,2663.68065110698,2669.85753314111,2672.37952404364,2682.19205652858,2691.01106675305
9646,2657.41303927714,2664.550322125,2671.51740799911,2674.18318814035,2684.17828658734,2692.86630479996
9647,2657.5029933988,2665.25353076377,2672.00247724874,2674.86682296672,2685.10451339723,2693.95374532465
9648,2657.58568736774,2665.68548872228,2672.14627838825,2675.21519629547,2685.73450900374,2694.52734782861
9649,2657.66280727315,2665.98402626928,2672.17313586209,2675.43215828878,2686.19581936005,2695.17419023097
9650,2657.7355592476,2666.13514899504,2672.21630775473,2675.62336046053,2686.47138748693,2695.95611738069
9651,2657.8046848244,2666.16424859857,2672.33872383115,2675.85044686474,2686.67657994153,2696.9285166525
9652,2657.87060586526,2666.08495322191,2672.50638069935,2676.09515561439,2686.92589278442,2698.08658615128
9653,2657.93343921245,2665.91119608308,2672.65332584034,2676.30313621421,2687.22720162059,2699.35790261974
9654,2657.99312726868,2663.39591440342,2671.55736271645,2675.16454141155,2684.99627277265,2694.82451755076
9655,2658.1110454913,2665.63946162135,2674.14096438791,2677.76893347472,2687.49334120852,2697.16895836371
9656,2658.27295581463,2666.38916635739,2674.92194826942,2678.51337570213,2688.39598262609,2698.73766902275
9657,2658.44109871798,2666.56620252059,2675.27787398071,2678.76912288482,2689.48054969247,2699.45696116058
9658,2658.60602648806,2666.82726129169,2676.30418906548,2679.64956595214,2690.08116737027,2701.9539203403
9659,2658.74165966199,2667.03501483653,2677.17519648147,2680.36672793621,2690.16977878799,2702.95354920828
9660,2658.81914889104,2667.23400041036,2679.07561807991,2682.07491959439,2691.06167146633,2704.35653617467
9661,2658.81072826662,2667.25617803974,2681.26348525414,2683.96462770395,2692.6135259687,2706.00609280109
9662,2658.67691830584,2666.96885724419,2682.84485268554,2685.28755253169,2694.33636313001,2707.54648852039
9663,2658.44286333416,2666.28534793151,2681.72558500006,2684.07585327681,2694.1363414989,2705.93244935468
9664,2658.20919776176,2666.47685767119,2684.03443771174,2686.35983974756,2698.35098347401,2711.15095403128
9665,2657.92724633354,2666.37737826109,2683.98354093983,2686.31251488983,2698.24209321669,2710.69003243911
9666,2657.52832480277,2666.49023731791,2684.5902707269,2686.9673141607,2698.47357535028,2711.29107558084
9667,2657.21616280488,2666.62733956428,2685.1430552396,2687.59455676293,2698.6180209046,2710.09193405224
9668,2657.40700677716,2666.85709169502,2681.56793826209,2683.98761977803,2693.01053351819,2705.4704330002
9669,2657.22157092704,2666.95426153027,2681.26728157169,2683.72469885303,2692.7941147167,2706.55272667344
9670,2657.1272802971,2666.8997906181,2680.77285443725,2683.27505841768,2692.50611506395,2705.24021488726
9671,2657.16038264924,2666.75385984008,2680.129686047,2682.7267209956,2692.25039135881,2703.77059194122
9672,2657.3202374826,2666.79397971233,2679.13012854825,2681.84826857669,2691.00050212006,2701.83711319446
9673,2663.50861123185,2673.4666647018,2682.83173518783,2685.59811149423,2697.21375016156,2706.48247071824
9674,2664.81697364494,2673.33951498312,2683.43246010774,2686.14472797575,2697.61345948742,2707.4549701635
9675,2664.7499188036,2673.26897090313,2683.32350634144,2686.03657876022,2697.41730459464,2707.38841077447
9676,2664.61491462056,2673.24529341182,2685.35918047892,2688.14303753868,2699.40671275287,2709.55481162546
9677,2664.49968015952,2673.23726804631,2685.49693080421,2688.28013983784,2698.94710264556,2709.22451032608
9678,2664.42200914251,2672.80840546279,2685.35973759348,2688.18431788969,2698.7135622321,2712.4019657924
9679,2664.39363514623,2672.82409778247,2685.69449780979,2688.50317772833,2698.67873450785,2712.58087693615
9680,2664.42450101807,2672.64301302958,2685.9748755325,2688.75690011618,2696.21660110573,2710.72834018594
9681,2664.51978743232,2672.68091969585,2686.11646112895,2688.8478148823,2695.77947422645,2710.50931505485
9682,2664.66474439797,2671.08692029854,2684.11372422127,2686.79602081387,2692.86645264264,2704.80375869816
9683,2664.71501460025,2672.45555900078,2684.16702445629,2686.82656675446,2693.64767099405,2705.32483715227
9684,2664.71797302785,2672.5441902397,2685.04534779574,2687.69119735329,2694.43882223963,2705.53969791721
9685,2664.68976052607,2672.64754059174,2685.95537834836,2688.60756399107,2695.27292769924,2705.82022448962
9686,2664.64141092869,2672.68892470094,2684.04418835169,2686.69462015662,2693.24933232493,2702.74062843465
9687,2664.58040113106,2672.82478871954,2683.37301752839,2686.13351097963,2692.16993618665,2702.0831990595
9688,2664.50695359351,2671.92575655661,2683.74974660422,2686.58658700174,2692.54938148434,2701.78449641009
9689,2664.89482331478,2671.49364738054,2682.57236210941,2685.38725209125,2691.73903177095,2700.81450713083
9690,2665.69644302176,2671.79278237479,2683.54256506634,2686.37727247706,2693.58748716023,2702.61738111124
9691,2665.63461864524,2672.26922313075,2693.54328404242,2696.61346941162,2704.14702818013,2712.39359368072
9692,2665.30553225438,2672.30354284892,2693.98421757877,2697.1703014602,2704.8527825503,2714.45448333621
9693,2664.79011737882,2672.0706672565,2693.7209821341,2697.05014547427,2705.11180482527,2716.10653766033
9694,2664.17941712009,2671.90710505922,2693.28043930301,2696.78472280699,2704.84536764408,2716.09994704957
9695,2663.54513816357,2671.77182357502,2692.63443886192,2696.30180843495,2704.27466578938,2715.82421618077
9696,2660.92529875475,2671.10228058582,2691.93895384395,2696.09472133472,2703.71069197789,2714.16524747536
9697,2659.62130621008,2670.82069799978,2685.799740824,2690.29730415311,2696.99816168608,2707.33356650295
9698,2658.99422190702,2670.37382674084,2684.40585759621,2688.81258595936,2695.38792742943,2705.16275613868
9699,2658.69612157493,2670.32499412934,2684.37454585391,2688.80349044297,2695.17839619541,2704.80461858259
9700,2658.50216774459,2670.26386572068,2684.31661631674,2688.76422009951,2695.00779570688,2704.57291065199
9701,2658.38480909743,2670.29436302397,2684.36819016786,2688.87257343275,2695.07690828694,2704.72591374308
9702,2658.2888695375,2670.28921263918,2685.69525573723,2690.4485999333,2697.20529178696,2707.18894171283
9703,2658.20979550067,2670.34559455764,2685.69986980574,2690.53551417461,2697.23550278031,2707.54573260454
9704,2658.14409841625,2670.31585666963,2685.1960356757,2690.08624020257,2696.78553081738,2707.15389054664
9705,2658.08913485089,2670.21040896093,2684.01105432679,2688.95575059559,2695.5752751958,2706.08309343299
9706,2658.04283594881,2669.77397577153,2681.92792342281,2686.88946756498,2693.44516458552,2704.29231655355
9707,2658.38194084585,2669.85371741776,2683.19920082846,2688.16072353692,2695.43918195405,2703.35687058048
9708,2659.37182715536,2670.34407031824,2685.02447718744,2689.9276844327,2697.02076653588,2704.77740894894
9709,2659.44324392484,2670.36826458092,2685.58143661323,2690.56303783456,2697.46203743409,2705.35606658749
9710,2659.51642309897,2670.34032092656,2685.83838125671,2690.88935273002,2697.67301445739,2705.64725477018
9711,2659.6321692562,2670.30177278772,2686.64704769364,2691.76524595999,2698.42361119011,2706.36435417259
9712,2659.70674228474,2671.43390792333,2691.49955049999,2697.0626676806,2703.60116368699,2710.67862832555
9713,2659.62606836417,2671.16158545656,2692.22191356225,2697.9477538403,2703.85911310077,2710.84896728711
9714,2659.36310962405,2670.80077252388,2691.80702007398,2697.57464647163,2703.41721186045,2711.69510485962
9715,2658.9374928368,2670.29271885294,2691.33326587895,2697.09618891882,2704.85047997931,2712.20162163451
9716,2658.42508788131,2669.57642705239,2690.8096730635,2696.49658347026,2704.38476108354,2711.90493313359
9717,2657.97569895373,2668.70563110193,2690.35227894219,2695.86931150037,2703.83649330102,2711.46002090778
9718,2657.81580146574,2667.51224483146,2690.76964991325,2695.99540536775,2703.76836955427,2711.13539915779
9719,2658.12832681335,2667.92350598365,2693.34468203123,2698.26449568918,2705.92373084241,2713.02708687811
9720,2658.48159841523,2669.49511818094,2693.94982833021,2698.63892832189,2705.13814417625,2711.05770861984
9721,2658.84530606266,2670.66027961607,2694.19801453886,2698.57430267782,2704.59171904098,2710.03403881461
9722,2659.22752923933,2672.20834740351,2695.42536327182,2699.46405802766,2705.84022959357,2710.98223803341
9723,2659.32047370945,2673.81729831648,2696.22454200726,2699.80433595108,2706.37938235536,2711.40638337005
9724,2660.23043500779,2675.59474608895,2691.26051276396,2694.47895991979,2701.5514898157,2708.8065117441
9725,2661.32264409745,2675.60913633372,2687.78887469629,2690.96415724722,2698.71122083526,2705.89531158283
9726,2661.67403618596,2675.42664371345,2686.39552247118,2689.64888078638,2694.92801916693,2699.17875585458
9727,2661.28084852517,2671.97619674777,2683.49236432889,2686.502688382,2691.64078642822,2696.67024225431
9728,2660.64363139581,2671.52550662717,2682.22632087053,2685.23208903493,2690.00117903693,2695.16427594116
9729,2659.57521817291,2670.92385394106,2681.56572202672,2684.53923926369,2688.60444509398,2694.29766035686
9730,2658.05230722844,2670.69550334736,2682.39612358044,2685.33331513436,2688.77928967303,2694.91602901033
9731,2654.17791980706,2671.67292992165,2687.84479710604,2690.57578758459,2695.89916852879,2701.15248790975
9732,2654.14682823699,2674.31210167534,2693.04153776994,2694.40790397266,2700.99823069076,2708.60041211727
9733,2653.68027457774,2674.54986211673,2694.29483707275,2695.48606169803,2701.46627776004,2711.92015523107
9734,2653.3001253022,2674.65778342835,2697.08432883517,2698.57797074009,2703.74632221467,2714.11403351607
9735,2653.06425132592,2673.66884537955,2696.8623254243,2698.68631889586,2704.62751649347,2715.78709980767
9736,2652.99375726529,2673.37172191042,2695.65289865424,2697.70447852853,2703.25944291273,2712.73759147162
9737,2652.96291969234,2673.81643424294,2695.98659903294,2698.15515697711,2703.29892244111,2712.23232638402
9738,2652.925311014,2674.31793767815,2697.28310029035,2699.50975561651,2704.28294749295,2713.03382787573
9739,2652.88687834059,2674.82615033122,2698.08097092703,2700.40262623501,2704.86904600514,2714.38854525235
9740,2652.8481129653,2675.36748672195,2698.77896486087,2701.19629629583,2705.41693993439,2714.97322354924
9741,2652.8095211371,2675.938800072,2699.31654611297,2701.82887435756,2705.87008835906,2715.52109474033
9742,2652.7715554002,2676.57278825659,2699.71897550018,2702.32305769443,2706.34338876081,2715.99821146466
9743,2652.73466424003,2677.25902156537,2700.07906475726,2702.76856016409,2707.06387087246,2716.44778216178
9744,2652.69922740695,2676.78254140289,2698.38094481587,2701.30742943062,2706.42884032441,2715.0321190495
9745,2652.66481063914,2676.68781929256,2698.03447643947,2701.02984066289,2706.10693730042,2714.79583860259
9746,2652.63247282404,2676.7882656022,2700.73194575399,2703.63601201866,2707.18106972773,2716.6555870996
9747,2652.60310796279,2677.01927197557,2700.87557065644,2703.75330116886,2706.64262638962,2716.65508608569
9748,2652.57783658517,2677.27903550987,2699.73558254527,2702.66231252,2705.48487583342,2716.0271206537
9749,2652.55990686829,2677.97772095076,2695.91072749729,2698.97718493799,2701.78437942316,2712.4103301958
9750,2652.50167083944,2677.36277230056,2691.39445399625,2694.3729266286,2700.16574328324,2710.28479756385
9751,2652.93545380819,2676.87828662805,2691.73941589968,2694.073270732,2701.30910950401,2711.00485384922
9752,2653.10350755145,2676.95610097766,2693.57739292254,2695.70381684897,2703.02502936696,2712.72825887103
9753,2653.1476071169,2677.20651915355,2694.0419828026,2696.2086916825,2703.45275739381,2713.15189904672
9754,2653.14531740806,2677.53576039984,2694.14647005479,2696.40368723849,2703.59102413646,2709.55988171638
9755,2653.21301054405,2677.62823558103,2693.96163091771,2696.29227883735,2703.42220833728,2709.05308567018
9756,2653.31382527564,2677.57539663935,2693.53781478642,2695.93417087148,2703.00640262629,2708.39287380684
9757,2653.3948061341,2677.49980826399,2692.94903610872,2695.42095061927,2702.40055075018,2707.59106228555
9758,2653.44855629782,2677.40850108028,2692.19925007371,2694.758450961,2701.63439805887,2706.6850171486
9759,2653.47015994159,2677.46923198048,2691.48498271639,2694.15134428899,2701.12390599992,2705.94029333049
9760,2653.505210845,2676.94952284928,2690.38023156777,2693.18657319482,2699.40603251429,2704.93012429076
9761,2653.60300639222,2676.96202779999,2689.82630134236,2692.75622399428,2699.03614637432,2704.54304457898
9762,2653.69077521675,2671.75356210153,2690.63627701653,2693.62937584217,2699.95449279384,2703.74217366477
9763,2653.75860223543,2670.55672654003,2691.57208342823,2694.77827296019,2701.98490803984,2706.25753958764
9764,2653.83668864002,2669.24494379293,2684.44999730754,2688.00353175608,2694.87707529757,2697.94205324214
9765,2653.92552422147,2666.26751858352,2680.96979956535,2684.98877464614,2690.44551732313,2692.90009798709
9766,2655.23695862433,2667.29295011139,2690.0785119701,2694.85540160696,2703.08407786675,2712.55710728588
9767,2655.23831089447,2668.27896001704,2688.611117866,2693.45155910193,2702.34009226937,2710.41592234967
9768,2654.67085031555,2668.18502734477,2688.71782800231,2693.14719986975,2702.47978688408,2710.40328802448
9769,2654.36013574046,2667.79657467479,2689.78793647515,2693.83881509071,2702.90106223275,2714.50243698932
9770,2654.20090566371,2667.56811618007,2689.78686602558,2693.60107017433,2702.202534598,2715.47964011147
9771,2654.14043308968,2667.4143208072,2689.47423369618,2693.20327645427,2701.82470097878,2714.70213792326
9772,2654.11071927388,2667.33807098955,2689.0453456821,2692.70460751026,2701.3153130254,2713.79386073396
9773,2654.10120577049,2667.36915982211,2688.54858401715,2692.17117954887,2700.76666605176,2712.78647953885
9774,2654.105438279,2668.17618499106,2689.29397485519,2692.91609698877,2701.74142178369,2713.13243324935
9775,2654.06055581906,2667.95856254713,2689.21862864674,2692.75059052028,2701.83727825238,2712.91968131917
9776,2654.01477874571,2667.8754250168,2689.34244027622,2692.84857366422,2701.96299990476,2712.94596673094
9777,2653.973956954,2667.8017893178,2689.43482944087,2692.91051039819,2702.03519279449,2712.92197231669
9778,2653.93810142475,2667.72847254614,2689.50026928484,2692.93730266271,2702.09610591862,2712.88945704716
9779,2653.90703708282,2667.65745488234,2689.5466281305,2692.94211661957,2702.1221706225,2712.8030339413
9780,2653.88036122753,2667.60339023481,2689.57708134071,2692.92947430327,2702.1393535957,2712.72605420935
9781,2653.85765551522,2667.54108782929,2691.72767024084,2695.47027691755,2704.06614433909,2714.58461987108
9782,2653.83844020316,2667.48469163652,2691.77561121938,2695.47092031399,2704.04253627335,2714.43994824067
9783,2653.82225290074,2667.40774112582,2691.73625972084,2695.38287010396,2703.92162484375,2714.18317252154
9784,2653.80864055287,2667.33946868665,2691.74246980511,2695.34377428093,2703.85043638343,2713.97141405939
9785,2653.79723766939,2667.25205314977,2691.65451422808,2695.20758307805,2703.69527872368,2713.6758284512
9786,2653.78766553822,2667.1885576563,2691.65088465564,2695.15929636229,2703.60493879953,2713.42327706454
9787,2653.77963749905,2667.10382202913,2689.18040213401,2692.24291645317,2701.4879126284,2711.09819442167
9788,2653.77288687581,2667.01669473105,2689.04278578191,2692.07110330386,2701.31540105394,2710.75518831715
9789,2653.76721095041,2666.89278466758,2688.87121549828,2691.86712708042,2701.12428645862,2710.36926060424
9790,2653.76243434815,2666.77857425528,2688.69710421873,2691.66345077298,2700.92856652903,2709.98355161337
9791,2653.75843363783,2666.63759745669,2688.48378545063,2691.42543696435,2700.72883243608,2709.58666641138
9792,2653.75513257857,2666.49399930682,2688.26510669211,2691.18395798256,2700.25342216111,2709.21162747649
9793,2653.75250380679,2666.38273540442,2688.08319230922,2690.9812197107,2700.12148647134,2708.83650470602
9794,2653.75063414453,2665.21327442797,2686.66337967901,2689.57779426752,2698.60915557082,2707.63106354253
9795,2653.74979222061,2665.08340062638,2686.42839625454,2689.33758016672,2698.55244074277,2706.69212868631
9796,2653.75084016879,2664.41580427968,2685.89525866068,2688.68639613141,2698.48184250389,2706.18010590075
9797,2653.75724979757,2664.4526032798,2685.25515458692,2688.03977931753,2698.25841723127,2705.08948508415
9798,2653.81202251484,2664.27656618276,2684.81819964258,2687.59191296152,2697.72179015972,2704.28431546041
9799,2655.40766810462,2665.65339225398,2687.34563533413,2690.47583648197,2702.2404907865,2708.26620429105
9800,2655.35589807519,2665.5190479126,2686.9151557081,2690.09646939409,2701.91711451486,2709.44447529503
9801,2655.29288123527,2665.93564129978,2686.80371399573,2689.99875269597,2701.66790499448,2708.59125486619
9802,2655.10498138146,2665.42218856525,2687.03191230938,2690.19995707071,2701.84633821239,2708.66278474234
9803,2654.76612108297,2664.81638007209,2687.6154518399,2690.81202824149,2701.8308424325,2708.48309722084
9804,2654.2784327745,2664.03846187395,2688.17904274033,2691.54503385278,2701.26639649457,2710.6913529903
9805,2653.84237602014,2663.27741257861,2689.53867749909,2693.12716082463,2701.46035818256,2706.33879455512
9806,2654.0742900307,2663.92402648604,2691.72132288895,2695.58254283046,2702.94527377265,2707.11056400841
9807,2654.00169477603,2664.31165654748,2691.1538648726,2695.70157121032,2703.8893744027,2707.38158853609
9808,2653.96758018649,2665.92587848559,2693.40630912442,2698.30870535772,2706.87387979337,2710.75427737834
9809,2653.96435515758,2665.69858985313,2692.90921156179,2697.86131544524,2706.03474381597,2711.94333736364
9810,2653.97587185254,2665.63091530895,2691.39763445769,2696.09492340739,2703.98252996851,2710.72249538993
9811,2653.98575745459,2665.53322326229,2687.51803458003,2692.14449645765,2699.58713508031,2705.78650757507
9812,2653.98692883762,2665.356773263,2687.30492931295,2691.73925444446,2699.25556242858,2704.85533091906
9813,2653.98571373782,2665.11067460643,2687.01259946782,2691.19909348235,2698.76721416241,2704.56166810576
9814,2653.98097737063,2664.89963105752,2686.74171424442,2690.6456031509,2698.0898136717,2704.84593591419
9815,2653.971802803,2664.54556854454,2684.52552388275,2688.19456702465,2695.63256849692,2701.14315131052
9816,2653.95801995624,2664.09183898591,2684.08358253873,2687.53160838804,2694.50680874347,2702.83882104042
9817,2653.94320378527,2663.73116546164,2684.21113912585,2687.42807696239,2693.16307569927,2697.76407435578
9818,2653.99444378194,2661.93541934314,2680.74992021701,2683.4545179576,2686.21487896172,2690.25421509858
9819,2654.10264067498,2661.20215511365,2679.31494031073,2681.63025926266,2684.46761585187,2688.48772688319
9820,2654.08990806824,2662.76764466678,2680.16353788026,2682.57451471995,2685.36544022921,2690.78845947679
9821,2654.05348076023,2662.57501859112,2680.05161247207,2682.46194035136,2685.25985563641,2690.29226773217
9822,2653.99959607634,2662.06779004759,2680.01793522411,2682.43730310409,2685.31397995149,2690.20338522085
9823,2653.90976268531,2661.96124349229,2679.05869581911,2681.64986668396,2684.66590351071,2688.70608211194
9824,2653.78203040273,2661.76098868022,2678.1865827289,2680.58042509742,2683.50629401102,2685.76611099489
9825,2653.95494613828,2663.17367117146,2680.63169504173,2683.24193890397,2686.72724606808,2690.71017341445
9826,2653.79420105714,2662.26811460278,2680.40407043908,2683.02175235069,2686.02085602686,2690.10506591894
9827,2653.71954562568,2661.57356441392,2680.19139718773,2682.71824824465,2685.75636925892,2689.85105592108
9828,2653.72557237614,2661.53563343617,2681.00738682017,2683.30953582959,2686.34525585402,2690.33231511313
9829,2653.72201709903,2661.6150964581,2681.22840730716,2683.62173679966,2686.58570193459,2690.4122864833
9830,2653.76969885391,2661.60435362011,2681.25504254038,2683.74116231484,2686.68999452698,2690.29550644685
9831,2653.86334512907,2661.44190015184,2680.9124322827,2683.48698190734,2686.3871020405,2689.05913354312
9832,2653.96028166997,2661.57873661372,2679.48177062069,2682.14926635044,2685.14139154779,2687.53080622054
9833,2653.74572208462,2661.3550669931,2679.47039903235,2681.76125988592,2684.60812062677,2686.57270149679
9834,2653.69656524727,2661.35070680271,2678.47822071382,2680.69998109337,2683.53403632735,2685.47387546263
9835,2653.58333868846,2661.38616516317,2678.3738027998,2680.48512052908,2683.1027922792,2685.02876839125
9836,2653.39757802173,2660.7030423209,2677.48449788725,2679.58662196532,2682.7093763165,2685.01663688713
9837,2653.75943581784,2662.83895179233,2679.24307832437,2681.38844649351,2685.44161222521,2687.49733959606
9838,2653.34362295741,2662.19409018251,2681.24903755631,2683.39244924514,2687.44251825959,2689.89875776412
9839,2653.26686179557,2662.26566230061,2680.88814905575,2683.0361523847,2687.10148446437,2690.18753409407
9840,2653.23634539863,2662.27372414225,2680.80734815179,2682.95861126539,2687.04343865365,2690.16411377559
9841,2653.21590293912,2662.06357222807,2680.88103831893,2683.03366105784,2686.21350004504,2689.93626350725
9842,2653.20324609231,2662.27305160026,2680.73205510433,2682.87018253411,2686.16396911226,2689.59748430098
9843,2653.17109777817,2661.9952828972,2680.89670386273,2683.060749702,2686.39943505812,2690.05306215096
9844,2653.13550810263,2662.00485267881,2680.8005631565,2682.94635509635,2686.305858677,2689.92249413439
9845,2653.09454231901,2662.02013511067,2680.77872987204,2682.8934299215,2686.29254242425,2689.94743020092
9846,2653.04667538866,2662.02096650992,2680.64261019953,2682.70799523501,2686.16587758925,2689.8720243202
9847,2652.99226078254,2662.01240724086,2680.55011721222,2682.55153915793,2686.06291496744,2689.82671689729
9848,2652.94708169853,2661.96498777141,2680.38184424856,2682.31126719157,2685.84381254522,2689.6705315866
9849,2653.03016609558,2661.83140545461,2681.80267154908,2683.77336235292,2687.2199273123,2691.15337889144
9850,2653.09870990183,2662.15053924314,2682.00699712682,2684.61337916466,2689.56144324989,2694.34229585559
9851,2653.22917574746,2662.18701473796,2682.41719140162,2685.12340600831,2691.02525101286,2695.04595712772
9852,2653.22234302963,2662.14538383183,2682.21247045914,2684.862335223,2691.40853721077,2694.14987837145
9853,2653.20320361108,2662.41504251745,2682.75065690679,2685.36646340591,2692.31661935967,2694.54129480426
9854,2653.18086329346,2662.43938971363,2682.87274896045,2685.46353141561,2692.64729142439,2694.63140932606
9855,2653.15691321745,2662.417567563,2682.87197146644,2685.44425431633,2692.77115282944,2694.63639700724
9856,2653.13089554046,2662.41193039803,2682.82215977703,2685.38170364427,2692.83379964206,2694.57410888915
9857,2653.10061247224,2662.44287976702,2682.78665453903,2685.33279361332,2692.82831249121,2694.53236436499
9858,2653.060748894,2662.43186251146,2682.70604812099,2685.23502582665,2692.66937050757,2694.4775415724
9859,2652.99678457256,2662.40587095104,2682.58450831492,2685.08995391717,2692.37420547069,2694.49092619855
9860,2652.8533392314,2662.33988027062,2681.94519312825,2684.41387981901,2691.34958108842,2693.82290132038
9861,2652.79804021859,2662.24587685492,2681.4168721437,2683.86716529215,2690.29075038671,2694.13895578117
9862,2653.73834106337,2663.8067677158,2682.13013621122,2684.55306302986,2690.76233599403,2693.51133948635
9863,2653.89063230012,2663.12277523052,2681.1577520645,2683.37772626221,2690.0647760167,2692.38282162118
9864,2653.80580533109,2663.57529013477,2682.19425516111,2684.24922604177,2691.52714289122,2694.04772107121
9865,2653.56437317498,2663.31011966072,2682.61962848062,2684.61779995883,2691.39127857061,2694.88031437332
9866,2653.32823046005,2662.85316623401,2681.94700633051,2683.88195599507,2690.25702323881,2694.58425525339
9867,2653.10434696783,2662.71746341388,2680.86964467187,2682.75267566599,2689.64109498915,2694.57433804988
9868,2652.90023212602,2662.46060218001,2680.72076467558,2682.60398955925,2690.31545709289,2695.73225051303
9869,2652.72350402625,2662.24525151832,2680.5986611478,2682.49386114563,2689.85324797496,2695.57507393032
9870,2652.58122805418,2662.06030720539,2680.53346278703,2682.44463448373,2689.47881068356,2695.49926492044
9871,2652.47948245382,2661.8836142428,2680.42648262369,2682.35076195438,2689.0606587728,2695.3399100134
9872,2652.42289427753,2662.34722589998,2680.62116243073,2682.52918118757,2688.8729339132,2695.40976057291
9873,2652.41445070846,2662.13763705844,2680.40058208098,2682.31000879381,2688.45545945838,2695.1710486825
9874,2652.4552124758,2661.94834598697,2680.02317419032,2681.92495750745,2687.89060156632,2694.13868657886
9875,2652.54388262238,2661.80264049765,2679.57760240967,2681.45890200539,2687.22914946543,2693.45208748725
9876,2652.67580381655,2661.29753210476,2678.85035850218,2680.75114858754,2685.66516828944,2691.72300550223
9877,2652.68294706774,2661.46316274666,2678.36081642693,2680.42960549826,2685.23305765341,2691.66177517636
9878,2652.68135385755,2661.72848866678,2678.08773669946,2680.2094051894,2684.49334716724,2692.41749472298
9879,2652.67249453068,2661.8505603041,2677.35344507051,2679.49135843412,2683.13586640095,2692.4623296596
9880,2652.78453542846,2662.99994056271,2691.76358693606,2694.16565057223,2700.89511088356,2714.63322725937
9881,2652.95377299372,2667.75147123312,2694.53604928827,2697.05427655087,2703.09978665123,2716.79011593759
9882,2653.13549740499,2667.81325283375,2694.97209732709,2697.49641012469,2703.79020045434,2717.29795757238
9883,2653.32974571744,2667.75205419692,2695.17555376941,2697.71069519775,2704.62405061018,2717.10387703087
9884,2653.53645753174,2667.74565653752,2695.28551347614,2697.84070491677,2704.78021176625,2716.97816379183
9885,2653.75552595309,2667.81127040763,2695.26242589929,2697.85997151226,2704.8101535181,2716.78314126362
9886,2653.98674654973,2667.99673657048,2695.13997391997,2697.80147629942,2704.68656133239,2716.43598249167
9887,2654.22950905058,2668.20552601003,2694.66705387515,2697.51451185543,2704.18329677664,2715.83781194446
9888,2654.41789664249,2668.20038353962,2695.35780988633,2698.30486536946,2705.01575574885,2716.64714656894
9889,2654.60664788869,2668.37553461208,2696.13888953369,2699.21121425083,2705.77981177758,2717.51301144115
9890,2654.80159500068,2664.67884362594,2692.85202104493,2695.56973832893,2704.52987649532,2715.81458956828
9891,2654.99343098267,2664.90822626736,2693.23925699979,2696.0568945275,2704.66023862473,2715.79052423304
9892,2654.82407808938,2665.77600176517,2692.4249153208,2695.7284023625,2705.57656302701,2713.54854705586
9893,2655.00402319821,2666.35257597577,2694.65573789698,2697.96602422485,2706.5972575879,2715.33149089725
9894,2655.16306753417,2666.68399320608,2696.18427940397,2699.58153662449,2706.62279508433,2716.14619085203
9895,2655.62761136107,2667.06002639483,2696.76923959432,2700.1828161792,2705.55824071446,2715.4858655926
9896,2657.97143080834,2668.39508010277,2699.33548533899,2702.70803839097,2706.65295564374,2716.86335585013
9897,2664.35572422918,2674.53127931818,2701.82567688209,2706.26247239293,2713.72827503905,2719.62362840858
9898,2667.70032803522,2678.31798733997,2702.56816960646,2707.37206657268,2715.94616190587,2720.86144686139
9899,2669.38213389835,2680.32538657141,2702.39575805386,2707.01035452679,2716.03377976947,2720.36896466106
9900,2677.35947416137,2687.79410613621,2705.13470969516,2712.53686046412,2721.9448880555,2725.85064554434
9901,2679.38225746149,2691.50745332714,2704.77284209264,2717.69898230552,2730.48306787889,2734.63779911514
9902,2678.9998134507,2691.71688693608,2704.23170198314,2718.0419072049,2730.69209136639,2737.06497203151
9903,2678.49720438395,2691.23492454114,2704.08788133493,2717.85887639276,2730.15844545308,2737.02814052532
9904,2678.12555708539,2690.75002499018,2704.12363072684,2717.82450941552,2729.72633627114,2736.78969835141
9905,2677.85507160615,2690.39940228651,2704.23958377901,2717.90478273164,2729.49412956407,2736.58999294582
9906,2677.6528518738,2690.2018456232,2704.37815238006,2718.01469609343,2729.35462176739,2736.41223021759
9907,2677.49849713024,2690.0658231143,2704.4288628258,2718.01593038211,2729.25507485919,2736.27209065732
9908,2677.379904628,2689.695618827,2704.06257879177,2717.55617385403,2728.90649495898,2735.94936224595
9909,2677.2896939594,2688.73818845162,2702.92381659792,2716.40317392111,2727.57809772466,2735.27254673056
9910,2676.03067745318,2687.75657099813,2700.62758862965,2713.86206518398,2724.65657606945,2733.56871296711
9911,2675.10139480821,2687.05517270076,2701.34755178456,2715.97897939667,2727.14171871773,2736.12618021783
9912,2674.67604685706,2686.50376932614,2701.18307180657,2716.84549233831,2727.77018956929,2736.34495272554
9913,2674.78219411367,2686.0390543419,2700.95208884988,2716.88565963305,2727.65757809408,2736.01651097982
9914,2674.99031652295,2685.53170457882,2700.66206643122,2716.55994811623,2727.59272073702,2735.93985534043
9915,2675.2142068963,2686.82201547331,2702.34679302993,2717.97125604986,2729.0327931606,2737.03217390785
9916,2675.45317030712,2686.55947627108,2700.52954539675,2716.23420791003,2727.65017837408,2735.69544941469
9917,2675.70159878533,2686.27951671552,2700.40444016643,2715.87493715239,2727.46342795757,2735.29512707899
9918,2675.94889429664,2685.8769328801,2700.4179070823,2715.59441442243,2727.25443696355,2735.23707789406
9919,2676.18240335707,2686.02618497964,2702.86182242711,2717.64240392082,2729.19191895533,2736.59301809652
9920,2676.1919217227,2685.70477044176,2699.67639830441,2712.96098530723,2724.22700868287,2734.59440543413
9921,2676.04271056553,2683.8035315556,2694.88279460437,2702.85765621022,2712.72912813767,2718.9808228858
9922,2676.33971827516,2684.7906674771,2695.84909355951,2703.98965783719,2713.78863524627,2719.5039747539
9923,2676.10542505794,2686.28410115072,2700.08642435758,2708.43593783213,2715.15888828452,2723.77762496429
9924,2675.17649307673,2687.45356507534,2700.76080817956,2710.04718293291,2716.98965914337,2724.32525851359
9925,2673.83748906639,2690.93381284646,2703.98704363274,2713.82010753464,2719.89210262728,2727.8905196173
9926,2672.36484826406,2692.51110114238,2706.01828528265,2715.64845287257,2721.76915437119,2730.30894822113
9927,2670.75000089558,2693.21529852896,2707.13459427699,2716.49279069474,2722.57173937712,2731.2551080635
9928,2669.28299476589,2694.77838244215,2709.17103594823,2718.22096039196,2724.38616123287,2733.10207994286
9929,2667.87546368076,2696.01812943011,2709.97770587059,2719.03322905972,2725.29964685383,2734.02703666908
9930,2666.88596459224,2695.69280241756,2709.97366992892,2718.90172154006,2726.03697425943,2734.78301498754
9931,2666.36397260007,2695.27112093692,2710.11745867386,2718.96785189338,2725.85706225651,2735.70280825821
9932,2666.14884238219,2694.85162492797,2710.12526322537,2718.85909938249,2725.70073306204,2735.12667300156
9933,2666.06933305324,2694.54864687294,2709.98870039863,2718.66675418263,2725.50278579891,2734.6907943575
9934,2666.12492997468,2694.54996660917,2709.15492637841,2717.77680135625,2725.10739344746,2733.75798635286
9935,2666.1142642094,2694.08428805756,2711.04888994347,2719.65680834609,2726.87211204725,2734.96498829459
9936,2666.20410215826,2693.26050362272,2703.89292153011,2712.59724652854,2720.9791154114,2728.86165524349
9937,2665.39473393264,2693.06422052623,2704.40423864,2712.02222671124,2718.18073820042,2728.45315358159
9938,2663.17972479216,2691.01412373763,2709.04137796282,2713.46621300502,2722.51168117413,2732.18535578594
9939,2663.38613253716,2691.81524484676,2710.44626996902,2714.83844891525,2723.78625439931,2733.08885823685
9940,2663.5216570338,2691.87016548971,2710.62818931772,2714.95340979333,2723.66766438567,2732.66341960834
9941,2663.7550164941,2692.10303581432,2710.27165359689,2714.61367724527,2723.07074261152,2731.85754256968
9942,2664.03744751866,2692.48722394892,2709.4884254738,2713.8401810035,2722.04024773918,2730.92439508879
9943,2664.23900686916,2692.86926294995,2708.9676237515,2713.29243465869,2721.40393889112,2730.27317592766
9944,2664.31719309672,2692.80841824264,2709.61455116964,2714.33726892717,2723.52845494896,2731.93979022771
9945,2664.3587490521,2693.57578863022,2709.79520934282,2714.67101750923,2724.95585753048,2733.6093119633
9946,2663.56711673168,2693.86055725292,2706.86676104817,2711.72057057597,2720.7521688615,2730.14885792824
9947,2664.98841218593,2694.7450116784,2707.97160222044,2713.23927165571,2720.3114853047,2730.5970208934
9948,2674.50652757569,2690.33399423945,2701.23203729238,2706.31092513752,2712.42661597817,2723.30437393647
9949,2675.7161954116,2689.6033055227,2700.44287613176,2705.75378183931,2712.82255976529,2723.93225380086
9950,2676.00526509219,2688.57987773231,2699.88225798685,2705.48042188998,2712.83272816744,2723.59745993378
9951,2676.24601676012,2687.02972712489,2698.24975289931,2704.2548612359,2711.11610088969,2724.41526892187
9952,2676.57443860285,2686.40842366673,2697.7121044144,2703.70184700975,2710.67883239554,2725.14857020205
9953,2676.87187946406,2685.63735330405,2696.83157039145,2702.77575742023,2709.80805767148,2724.09340540949
9954,2677.13423346054,2684.82342464016,2695.75568808598,2701.67184822452,2708.49320463265,2722.10342412857
9955,2677.35772833575,2684.2147267541,2694.88205788092,2700.81815912005,2706.85410532447,2719.51961035892
9956,2677.53904982682,2683.96341131574,2694.60141592761,2700.58317267005,2705.10942737635,2717.88724505449
9957,2677.69158485808,2684.90087708899,2697.08990610477,2702.84255256051,2705.58458712747,2715.64306833634
9958,2677.87961011216,2689.78180388259,2701.98153422946,2707.63841721951,2711.1255750632,2720.19149858685
9959,2678.00747840839,2690.69919257766,2702.87878327338,2708.41454224105,2712.03636509515,2719.85020208664
9960,2678.09835183553,2684.95548419436,2703.6651624721,2709.14964203431,2712.32463150575,2720.61349638043
9961,2678.32846751773,2685.11726035114,2705.48413411054,2711.44839913367,2715.06395662712,2723.78729431303
9962,2678.63689763306,2684.60040677067,2706.23835259039,2712.55888216179,2718.03974978215,2725.35049886051
9963,2678.79642298503,2684.28357232785,2710.13946625055,2716.00316204519,2721.3715477276,2727.41485666411
9964,2678.75680503845,2684.38504974923,2709.81283765494,2715.75600303184,2720.96165169474,2727.07143042865
9965,2678.68230411382,2684.77658191133,2712.24835058774,2718.05229738982,2723.05044492176,2729.5213911049
9966,2678.57623561386,2685.52083646374,2715.9927194051,2721.63147827606,2726.46098301052,2734.11008248497
9967,2678.44435223485,2686.93189747938,2720.53476413745,2725.97326205893,2730.76649950031,2739.42789786877
9968,2678.29407149779,2688.86048218745,2723.10830026211,2728.31006807942,2733.21204287424,2741.59333955198
9969,2678.13340231576,2693.6577590269,2724.36593264243,2729.35570974733,2735.46806265607,2742.04640114535
9970,2677.98361052214,2685.58155749922,2725.41651268424,2730.51476516465,2739.29319373379,2746.85210122902
9971,2677.89397747074,2685.87084203824,2728.80413428831,2733.90428539548,2743.88797568046,2751.53036597275
9972,2677.84339109077,2686.6253118751,2729.22929175767,2734.22230035785,2743.4800258414,2750.93552948815
9973,2677.84159729547,2687.28221500739,2729.5545136851,2734.42204954765,2743.11983012752,2750.0483602473
9974,2677.89780362234,2687.91752075476,2729.9104007093,2734.634129399,2742.94907277397,2748.74906405188
9975,2678.02440541094,2688.49116230871,2712.43575824754,2717.7895307497,2726.08423631007,2733.93886553254
9976,2678.24341470495,2688.99076346445,2711.53497108353,2716.5377019174,2723.7014210763,2733.08693659169
9977,2678.49192719411,2689.36609904268,2711.85141966815,2716.49956832802,2722.94308239578,2743.18249089804
9978,2678.27829157995,2690.16301231031,2711.24846838687,2715.64355073617,2723.17075063309,2742.28068605193
9979,2678.03024778768,2689.85589872912,2709.78073916178,2713.82350075524,2721.24995669898,2740.63062499829
9980,2677.76408143336,2692.49369043097,2709.92894665906,2713.72577722897,2721.69482147454,2738.83860080004
9981,2677.20971648479,2694.45613190023,2708.01456931151,2712.15916379024,2721.60548157819,2728.74553929038
9982,2677.93785489836,2694.80585683612,2708.83227096142,2712.98072618216,2721.84220344467,2727.06390858471
9983,2677.79832605511,2694.71310630906,2707.70360472874,2711.55125110323,2720.69401305845,2726.91462054812
9984,2677.61586160978,2694.56766013827,2707.54280307432,2711.36616038853,2721.74694700401,2727.96611085715
9985,2677.46925023343,2694.39974954961,2707.46382825996,2711.31419714285,2721.78773279417,2728.27829728058
9986,2677.34850172244,2694.20949359605,2707.35370524389,2711.25798818323,2721.73327499615,2728.20901895053
9987,2677.24102150816,2694.01236240117,2707.20597304008,2711.17915488724,2721.64183229139,2728.09998256754
9988,2677.1370164629,2693.80523478045,2706.67524323244,2710.75114368391,2720.2170132688,2727.16508726599
9989,2677.02975836016,2693.50157912872,2705.96941034384,2710.12389728838,2718.59457979844,2725.91688217548
9990,2676.91439132231,2692.80245582841,2704.66813127023,2708.77558726545,2716.83683539584,2723.51089416888
9991,2676.86243497218,2692.28152400157,2703.35724587605,2707.47564033162,2715.49796936467,2722.32984820082
9992,2676.70239586149,2691.52946366979,2706.08898888134,2710.17368010614,2718.22498141386,2724.93836139681
9993,2676.90209566139,2690.27075484292,2706.68693747494,2710.9819216224,2719.03427604934,2727.17779925887
9994,2677.39214913444,2690.31059198614,2707.40119874204,2711.67082655799,2719.80089153157,2727.87055886028
9995,2678.0845008418,2691.06324927164,2707.99154916824,2712.29461212843,2720.54658744526,2728.21236375405
9996,2678.35435397171,2691.07174927302,2705.9079943354,2710.18673218107,2719.07761409527,2726.74177070617
9997,2678.14599044576,2690.28674702005,2703.51448363531,2707.78533405494,2716.88317754479,2724.86255568471
9998,2678.13470104702,2692.56594831811,2706.18594521518,2710.46281929769,2720.4064748959,2728.07438455021
9999,2678.18048844856,2694.44451963336,2706.97521036072,2711.26569124065,2721.32696997112,2729.04164701156
10000,2678.26642315,2694.94962125475,2707.09188044722,2711.39560058232,2721.38245332852,2729.22991696999
10001,2678.41047452558,2695.21481310756,2707.1461489353,2711.46780546801,2721.33230994163,2729.28234621973
10002,2678.64073884804,2693.2912445838,2703.67349791338,2708.01530800756,2716.95842206081,2725.96647865567
10003,2679.00122462448,2692.65018891653,2703.21767576076,2707.52628373579,2716.50147170211,2725.15069241032
10004,2679.55699615732,2691.79971349491,2702.86688467005,2706.97350591177,2715.80500495261,2724.10164873961
10005,2680.37590280902,2692.13793585796,2702.97640418011,2707.03692795256,2715.80263777338,2723.74559556572
10006,2681.37985551831,2692.4002283583,2703.04201647426,2707.10363077562,2715.87616647245,2723.49032778366
10007,2681.68354443946,2692.25837987797,2702.79400719029,2706.97694300529,2715.81245840961,2722.9353316996
10008,2676.14814461962,2690.32693972217,2700.41157513891,2704.60450313741,2713.29993283143,2719.60694556417
10009,2675.72561115071,2687.24531937531,2701.35698540232,2706.32227813103,2715.90352332064,2725.4156095644
10010,2675.68291091137,2689.02127778797,2701.63974137671,2706.77361892169,2716.83483101874,2725.03880911816
10011,2675.71387054307,2689.69289369476,2701.26513324399,2706.18386895104,2715.86560826092,2725.00775036085
10012,2675.72376297413,2689.97941814833,2701.22922329538,2705.99726045245,2715.71807429099,2725.69768415588
10013,2675.1315404206,2688.4844890731,2701.45951449507,2705.99783578554,2714.62455097721,2724.85955874905
10014,2674.93249790768,2686.08517658413,2699.65173800157,2704.12712916278,2711.6619723283,2719.58776671492
10015,2674.57398484201,2685.35116017286,2698.46286907033,2703.08983489131,2710.7816507848,2717.99907794039
10016,2674.07995444735,2684.64932871639,2696.48179425473,2701.3097371394,2709.17907614068,2716.46414978281
10017,2672.90856907728,2683.40880596485,2694.0287964394,2699.05015996785,2707.54275646264,2715.06428990484
10018,2665.78715770188,2678.34545019097,2690.69584277083,2695.13098509115,2705.59057098026,2712.79738002199
10019,2660.96979122874,2670.90778584312,2684.38246804778,2687.40989128108,2696.89718285874,2709.14276730787
10020,2660.67560017947,2670.97610153071,2686.57690317623,2689.5058021028,2697.66231238279,2707.46656397629
10021,2660.895692827,2670.50674797581,2685.10249307029,2688.43803434506,2695.12136775139,2704.07624328704
10022,2661.08490664908,2671.55614089701,2685.44344934473,2689.249601121,2696.6957210639,2704.91171626228
10023,2661.0645085931,2671.92244536071,2684.23395887677,2688.51981124584,2696.85430781348,2704.19364951905
10024,2661.10934707679,2671.27564613243,2683.81290662025,2688.43591750326,2697.08682108199,2704.22676426253
10025,2660.9374838818,2671.18022219077,2683.37231381485,2688.43677377459,2697.98084944333,2705.39927496543
10026,2660.64691895195,2670.9337976315,2682.67324942951,2687.83680403069,2697.16246188662,2705.27206341649
10027,2660.36005161691,2670.64350958254,2682.26377322551,2687.43985097484,2696.54823280362,2704.78833143207
10028,2660.0782459905,2670.29780439851,2682.06332353506,2687.23540233339,2696.10450732157,2704.35023274972
10029,2659.80040767932,2669.61560485508,2681.78480296228,2686.89351574947,2695.53335979834,2704.20918289524
10030,2659.71179942653,2669.37601595533,2681.5891724391,2686.8483421155,2695.37187437673,2704.87730162476
10031,2659.7296561467,2670.1120278754,2682.93965795016,2688.37305890075,2698.00026565494,2706.50777747444
10032,2659.66546783046,2670.23178927864,2683.13831568021,2688.59454680506,2700.46237170161,2708.67928764639
10033,2659.64748754816,2670.46256053945,2683.08063322343,2688.49787201036,2700.79777983435,2709.00397218766
10034,2659.68271900829,2670.72917763259,2683.65263538305,2689.08054805738,2701.24225026094,2712.67883201272
10035,2659.63790273376,2670.81351572591,2684.42600646209,2689.83986161714,2702.05711031551,2712.62913424637
10036,2659.55832973364,2670.88078063433,2684.65935992341,2690.10359358784,2702.26096657584,2713.26621493876
10037,2659.43813947476,2670.97051542021,2685.20943247192,2690.80014010992,2702.78376308213,2713.99641700034
10038,2659.27379760147,2671.09527311715,2686.01047706968,2691.78150058269,2703.63735436188,2714.60511029602
10039,2659.06339373695,2671.24085309764,2686.14588200197,2692.04975674283,2703.89043796118,2716.53205607135
10040,2658.8020144342,2671.43344585952,2686.44262827331,2692.29832059095,2704.35782510359,2716.04428698951
10041,2658.47675644177,2671.58442153365,2686.84500772454,2692.6094835421,2704.7383555016,2716.06920359218
10042,2658.09932583799,2672.98727755496,2686.9644696785,2692.36632529488,2704.81503025333,2717.2684992037
10043,2657.6655081139,2672.5568683014,2686.10997802595,2691.52923122504,2703.25782440353,2715.79412213073
10044,2657.13943315243,2671.72307071322,2684.62692339564,2690.28651186146,2699.97509690506,2711.90315619654
10045,2656.26990706424,2670.54905286354,2683.53583113104,2689.10630361251,2699.0075460114,2709.94285701546
10046,2655.18366519362,2669.04570919041,2683.48882055748,2688.37928935813,2701.04725872572,2710.03371961512
10047,2655.17772248002,2668.67477859496,2684.43504904534,2689.21113836129,2703.29055643332,2712.11276131718
10048,2655.46638813902,2669.88219958166,2684.66479549196,2689.38772309087,2704.18218935327,2713.10706143738
10049,2655.38791752883,2669.62869923769,2684.41001185187,2689.15911697725,2704.01416473309,2712.87347292848
10050,2655.2929479579,2669.29944493535,2683.98783264967,2688.77832362971,2703.55876404133,2712.38360416014
10051,2655.20442306389,2668.97069202041,2683.97387027767,2688.68998129939,2703.36495373735,2712.06912896182
10052,2655.12502097903,2668.34390368548,2683.65653574084,2688.32790180119,2702.87908452442,2711.6464693252
10053,2655.05791882098,2667.56863416733,2683.35723809731,2687.95125703295,2702.32845731001,2711.03799848991
10054,2655.00748736587,2666.65356114468,2683.0194944287,2687.51095041213,2701.72274360692,2710.89275040651
10055,2654.98069053221,2666.58605174792,2680.5817040427,2684.91677997809,2698.84571295131,2707.41469800771
10056,2654.86466676788,2664.4120554797,2680.67636792055,2684.91023756982,2698.65489686144,2707.30829052726
10057,2654.74047228149,2664.05557195501,2680.40881914272,2684.53842268568,2697.286045259,2706.15580194619
10058,2654.59726350468,2663.29961904822,2679.94146873964,2683.98249913464,2696.50243558608,2706.52967443198
10059,2654.2902400316,2661.32551489028,2675.05605280001,2679.56146492316,2691.15332127839,2702.30436767666
10060,2654.22167506367,2664.51472611424,2676.62095413208,2681.40127832302,2692.13677485509,2699.34257697458
10061,2654.17565694065,2663.75148772942,2675.20873455499,2680.31669795759,2691.39384827701,2698.4215951623
10062,2654.08530291839,2663.96523706695,2677.33904821356,2682.67527733373,2693.97627415699,2700.7779404873
10063,2653.99204551679,2664.37387756333,2677.3746178061,2682.80875623245,2694.17920399167,2700.86023972175
10064,2653.900872524,2665.00293469897,2677.31878265674,2682.81783888585,2694.27496668564,2700.85364628002
10065,2653.81781990563,2665.79443511554,2677.36517791254,2682.90940566634,2694.66467502097,2701.11934875512
10066,2653.7493067967,2666.63597510305,2676.94695183356,2682.53910466153,2694.79347725079,2701.15826641172
10067,2653.70025051351,2667.80713855124,2677.73309286088,2683.39600503744,2696.175501712,2702.50010526712
10068,2653.66854662669,2669.35181499492,2679.11808908958,2684.93301743964,2697.93383621604,2704.21758145044
10069,2653.63579877201,2670.95181421274,2680.83974680666,2686.79550520825,2699.65687570579,2705.8822514124
10070,2653.57291240035,2671.75879668942,2682.08086445224,2687.94219782176,2700.77699285121,2706.95786547313
10071,2653.44147877677,2673.41200241917,2685.37203978345,2690.96475238184,2703.76268697438,2709.86392248504
10072,2653.41937966417,2675.86044801051,2691.60075197715,2696.92346541078,2710.63854092691,2716.958552849
10073,2653.45049364343,2675.56986539073,2691.47798261155,2696.71749250197,2710.51846835349,2717.65199939505
10074,2653.48869757827,2675.19169767362,2691.08861911936,2696.21972085717,2710.09095708586,2717.29005739255
10075,2653.52144814802,2674.86009030884,2690.68285396214,2695.69132324817,2709.53911096963,2716.79932297234
10076,2653.52893109625,2674.52442384685,2690.25236190318,2695.11343694639,2708.53398165097,2715.87026562165
10077,2653.40190380887,2676.72447824924,2702.45856676535,2705.67613889172,2725.11202927342,2732.73087539996
10078,2653.53024511568,2678.28743960586,2704.62481221758,2707.63901157549,2726.80893244476,2735.50115265865
10079,2653.7214428306,2679.17429723163,2706.81936701343,2709.76946277634,2728.58456471813,2737.38730230749
10080,2653.91094835948,2678.30176247711,2706.46560586983,2709.33369581224,2729.64147645359,2738.6870566102
10081,2654.18794325922,2684.51111326697,2708.33878877998,2711.38585263712,2734.53253825114,2750.38161299554
10082,2653.3902272512,2696.1637913463,2711.00395725505,2713.93711644745,2744.00374314365,2761.18988374385
10083,2652.91566395067,2698.41916643658,2710.75474833033,2713.69912276695,2745.31598895504,2762.80328716521
10084,2652.63566293152,2682.83968658372,2702.14973156267,2703.76095609557,2736.38923021571,2752.39478782079
10085,2653.42560242373,2685.34603237075,2705.23190207287,2707.34939302111,2737.63413253979,2760.25888122618
10086,2654.59490407654,2685.05203728219,2702.09242154781,2704.57002157409,2733.68796606058,2754.49132621032
10087,2655.25336407588,2684.87399692455,2698.18179593045,2700.73462450301,2728.31952159517,2746.4931466407
10088,2655.39620317337,2684.16767890603,2694.34812573111,2696.81808974034,2723.96672868164,2739.63027974171
10089,2655.42231027031,2684.43336075925,2698.06567763389,2700.64194469683,2726.5784690437,2741.3570306732
10090,2655.43729604789,2686.91935836766,2702.39809563331,2705.07214693331,2731.65039709533,2746.21511045388
10091,2655.38347753598,2684.13939907385,2699.98616647928,2702.68858938373,2728.83693530506,2744.73503573765
10092,2654.51716019763,2680.02909023899,2694.90718306816,2697.2815084063,2725.69355198392,2738.99146982874
10093,2654.89121462991,2685.22598964622,2699.5390808572,2701.83064977683,2725.32046361189,2749.67026923308
10094,2655.13179992507,2688.68465085768,2702.50415645271,2704.30250160682,2727.23307282525,2749.83399940274
10095,2655.19479765038,2687.96440828535,2702.08822978178,2703.7137783953,2726.46639750589,2746.95063010544
10096,2655.18705492206,2685.28133864393,2701.38041949794,2702.91870549069,2725.13146972416,2743.40678387621
10097,2655.13841950418,2681.61087218483,2700.47440143727,2701.96414634775,2723.32209352376,2740.20511113318
10098,2655.06441445694,2678.6653578031,2699.47690422021,2700.94031947635,2721.21285508178,2736.98028998608
10099,2654.97305059216,2677.29684088681,2698.45680060926,2699.915226477,2719.25398052653,2733.95403980439
10100,2654.86939900379,2677.25169937585,2697.131584999,2698.58780546764,2717.29704989011,2731.27942816693
10101,2654.90017588418,2677.90420539617,2686.53569004187,2688.29220038348,2698.37297321155,2711.53838835138
10102,2655.01247104598,2678.99300737201,2686.88667558549,2688.81402418817,2699.32309026426,2712.89914084802
10103,2655.32305907449,2679.25271172918,2688.64566463142,2690.57738255418,2701.0189800669,2713.57385408127
10104,2656.10099697546,2679.10295538204,2688.19794448919,2690.2485290721,2701.01277476738,2713.81826544825
10105,2657.30263264074,2676.47289649784,2684.57198265323,2687.29953207409,2700.26253656541,2713.58638823128
10106,2656.25659817692,2676.58451571362,2688.03875617389,2690.82412820696,2704.42908640648,2714.88199174977
10107,2653.23397907387,2675.83321777402,2685.62704055064,2688.23725227039,2707.65832863501,2718.8498475073
10108,2653.88605495065,2676.53233310293,2685.07562405143,2687.74310286913,2707.78080288931,2722.12003922366
10109,2653.09266190089,2676.43846119459,2684.87697281592,2688.1579893473,2710.72392051625,2723.15832057052
10110,2652.68101504497,2676.91119947887,2685.24068928642,2688.93870660917,2711.6059189871,2722.67166550649
10111,2652.45897614173,2676.78079543873,2684.68204173364,2688.33369613734,2710.78622689155,2721.50199731351
10112,2652.47737317987,2677.94889022584,2686.07367382625,2689.33459487816,2712.22651225988,2722.32631247045
10113,2652.42927825488,2677.06197720932,2687.15346506947,2690.11948222528,2711.83583274246,2720.8517590968
10114,2652.44264775248,2674.86801704561,2686.68895613844,2689.46611216812,2707.38678844608,2716.56208054799
10115,2652.33255060346,2674.67386302455,2687.11434227274,2689.83807793555,2707.74392122306,2716.33984708939
10116,2652.13943299781,2675.01017705201,2687.20984960072,2689.86209592494,2707.92168458516,2719.09672719905
10117,2651.92919019983,2675.25914619826,2687.38515930304,2689.96546880692,2708.01634005652,2719.81924758931
10118,2651.76444590695,2675.31942118748,2687.49690324807,2690.02392420675,2707.92451045484,2720.47146862807
10119,2651.66831108203,2675.18557272599,2687.09634067518,2689.53687009424,2707.20635429295,2720.77143125076
10120,2651.67854564742,2676.8675985507,2688.31914661597,2690.81997599063,2708.71755351334,2721.27162774503
10121,2651.72205258064,2677.86578834755,2689.18473305085,2691.80112364252,2707.86396635357,2718.40403673568
10122,2651.74832382262,2679.06445208829,2689.42721367328,2692.13872146936,2706.8841403168,2716.67952874681
10123,2651.74898082446,2679.29706665477,2689.19117547488,2691.94401172686,2706.41505580052,2716.58980349679
10124,2651.75283500839,2679.22259769211,2689.5826184159,2692.39885781776,2706.80902526944,2716.39294725601
10125,2651.76009933104,2679.13168699334,2689.66944501953,2692.52734420954,2706.92926669101,2716.47966742065
10126,2651.77092441387,2679.07317473889,2689.98080842177,2692.87553666936,2707.2650301066,2717.07433437704
10127,2651.78542852182,2679.04486097537,2690.5044055592,2693.45902317891,2707.91895659188,2717.77124207615
10128,2651.80365859041,2679.03253176251,2690.95557753046,2693.96695750684,2708.50523496807,2718.37812640996
10129,2651.8256182402,2679.03258832043,2691.34788428785,2694.41377847987,2709.0256131346,2718.99026317517
10130,2651.85120746554,2679.04670925125,2691.69975145257,2694.81886805354,2709.49808277549,2719.59150770297
10131,2651.88031261617,2679.05860997739,2691.98501874112,2695.15643500753,2709.89031896785,2720.1494246716
10132,2651.91271849851,2679.07313225068,2692.22326402872,2695.44628990982,2710.22698115151,2720.6726333716
10133,2651.94817881213,2679.09019134619,2692.41793517836,2695.6916314357,2710.50843652788,2721.1589840563
10134,2651.98642196485,2679.10597812167,2692.57531862609,2695.89938291768,2710.74339962651,2721.61106075216
10135,2652.02710498701,2679.12714928688,2692.70629216388,2696.08040567712,2710.94462992982,2722.03324426565
10136,2652.06989503272,2679.14704937339,2692.81464934328,2696.23827619292,2711.11561890365,2722.42939948386
10137,2652.11442275668,2679.16461672256,2692.90654011559,2696.37903288457,2711.26261892795,2722.80282363191
10138,2652.16032270184,2679.1858325823,2692.98778587462,2696.50874315147,2711.39371852789,2723.15643057457
10139,2652.17423574405,2679.32562893605,2693.16987323626,2696.7737290562,2711.71948890421,2723.22119142888
10140,2652.1621356989,2679.66797085497,2693.43450960979,2697.14762464886,2712.09965339628,2723.43869753527
10141,2652.14907783375,2680.00345575274,2693.69098597751,2697.47645429658,2712.29098528878,2724.11457901263
10142,2652.13514362012,2680.13829505009,2693.76872179499,2697.5818576564,2712.21817760206,2724.7566841156
10143,2652.12120196234,2680.15957730248,2693.1443116075,2696.93666635235,2711.44165890277,2724.00091803462
10144,2652.14058846293,2680.63900123755,2692.79396978274,2696.52524333191,2710.65116733043,2721.69913829432
10145,2652.22018087673,2681.09987582699,2692.4863643595,2696.13724920447,2709.85452915603,2719.6332260054
10146,2652.36405576513,2681.54806000085,2692.41449147522,2695.99787909498,2709.35529657231,2718.18947697977
10147,2652.5715314961,2681.98795512082,2692.61388658891,2696.15026673065,2709.27526729661,2717.46866187404
10148,2652.83714666988,2682.40382748293,2693.06649263034,2696.57375515304,2709.68030580747,2717.58509420216
10149,2653.1514759943,2682.70420719535,2693.21973847207,2696.75267697297,2710.04263904445,2718.89101165316
10150,2653.50259634921,2682.58449733891,2693.63802453881,2697.17905173219,2711.29702078398,2720.54756804907
10151,2653.78085187859,2682.32489403901,2690.89023643082,2694.53288733296,2705.77123259537,2715.49909390869
10152,2653.85644602131,2682.23569339887,2691.95368769767,2695.74222601854,2707.09648310383,2716.09884039809
10153,2653.91722211987,2682.15999044636,2697.8591449923,2701.51080067013,2712.65395401737,2721.19444515321
10154,2653.92592812459,2681.82659653706,2694.75341089787,2698.15029920722,2709.12643224993,2717.67418558395
10155,2653.89418120375,2682.20619298975,2693.65104719484,2697.13247813666,2708.2898625361,2717.89494945949
10156,2653.87729373473,2682.14217163102,2693.01119727569,2696.53514045165,2707.83167109662,2717.52142043125
10157,2653.87618585655,2682.2239038858,2692.76842825263,2696.30728672765,2707.73528118836,2717.46303729935
10158,2653.89088632338,2682.44285852408,2692.73238550047,2696.27890253232,2707.82910359253,2717.64056862275
10159,2653.92039377027,2682.73892016972,2692.81690991632,2696.37685771938,2708.06194574527,2718.44226320329
10160,2653.96278426063,2683.06840161401,2692.94835260283,2696.52198836821,2708.35710255001,2719.07434320978
10161,2654.01546730725,2683.3731997143,2693.0853725948,2696.67972875606,2708.70110180323,2719.91192096778
10162,2654.07446630173,2683.62517077446,2692.98368330934,2696.66462404728,2709.03180075805,2719.93665745762
10163,2654.06775730994,2683.35699709412,2692.25070705694,2695.96766422164,2708.3075582933,2717.8382214399
10164,2654.06149032574,2682.8162319646,2692.68623382633,2696.40553107303,2708.83397279879,2717.69409377995
10165,2654.05901858218,2682.33974813621,2693.36329164612,2697.0061711082,2709.81768598185,2718.8604428718
10166,2654.0605739772,2682.54901626694,2694.21763313603,2697.77002211896,2711.39898625798,2720.70650609979
10167,2654.06311875491,2683.23937266949,2695.14773639279,2698.58777401992,2713.32332258074,2722.89799760743
10168,2654.06546104026,2684.33282736519,2695.89476836842,2699.21267206992,2715.23093744903,2725.43260633654
10169,2654.06754594046,2685.66657080861,2696.94051608821,2700.13780146674,2717.41195459953,2727.9073201429
10170,2654.06932664558,2687.02149938258,2698.00273838467,2701.09466321141,2719.40800093849,2730.15320774033
10171,2654.07074859442,2688.2280631696,2698.97831146335,2701.98659269413,2721.04997511157,2731.99104468655
10172,2654.07177750736,2689.19657734202,2699.72359612537,2702.66992890852,2722.21246683915,2733.25639151501
10173,2654.07236403348,2689.90417701394,2700.1734892865,2703.07897730602,2722.9012409061,2734.01936652582
10174,2654.07252211227,2690.30130556974,2700.22096942986,2703.1001545684,2723.07940890697,2734.35642834918
10175,2654.10771160958,2689.85449883934,2699.6594815839,2702.53864963592,2722.5540594321,2733.48196642948
10176,2654.2026607009,2690.45661948586,2700.68337446429,2703.6179969183,2723.96563769788,2734.32781298644
10177,2654.30200459423,2690.81563059113,2700.53107235629,2703.43892108634,2723.98103606186,2733.98601786909
10178,2654.40528883345,2691.09964077144,2700.27542233551,2703.16277936262,2723.81201361653,2733.35230869838
10179,2654.51238762621,2691.3261692282,2700.31112085076,2703.19485050112,2723.95209827285,2733.10051153509
10180,2654.62316826184,2691.50759006709,2700.43852719516,2703.32473151884,2724.23290086762,2732.83343381407
10181,2654.73748806798,2692.67074286677,2701.2522651734,2704.16045673729,2725.23438844506,2733.03924109145
10182,2654.93768477634,2692.80243299009,2701.81339470706,2704.67105965214,2725.74082421881,2734.80222677421
10183,2655.29789004409,2692.94671370727,2701.99201179705,2704.77558648653,2725.85377195252,2734.99495654146
10184,2655.67052436641,2693.0936672506,2702.23163947754,2704.94502104376,2725.99312769996,2735.26673461342
10185,2656.05468587986,2693.2589556638,2702.55363664052,2705.20119963828,2726.17193692993,2735.62048031471
10186,2656.44942435974,2693.37250074886,2702.90062259057,2705.48799456201,2726.26577159457,2735.96490716576
10187,2656.85368987277,2693.43080783873,2703.29744235572,2705.83163084644,2726.207413223,2736.30464797676
10188,2657.2663790947,2693.33612767966,2704.59523622648,2707.04807243423,2726.53629819898,2737.14291515254
10189,2657.68638298485,2693.13284217614,2707.77700530152,2710.06846985517,2727.66786386856,2739.45372184759
10190,2658.10403298592,2693.21287298405,2707.77664061315,2710.0019759682,2727.56370346689,2738.85729998595
10191,2658.52197750534,2693.4360632317,2707.26766894067,2709.50651503801,2727.47631726296,2738.14252117898
10192,2658.95024568201,2693.19713228285,2706.58393437273,2708.75659553282,2727.04984841272,2737.45955472198
10193,2659.3871949558,2693.08796278597,2707.10632371004,2709.27075147803,2728.06686534843,2738.11467909303
10194,2659.60374971008,2689.84490664203,2709.89920820314,2712.08945265581,2730.00240486848,2741.02502027383
10195,2659.55355434908,2686.66269255724,2702.5027157034,2704.95657741477,2721.62597010197,2735.06110069317
10196,2659.36753668797,2685.88100132521,2701.36027612421,2703.7929457591,2720.83297294654,2734.56722210034
10197,2659.1303395539,2684.90156779988,2700.59109906535,2702.98134301993,2720.20121249631,2733.92431811937
10198,2658.85484510335,2684.33451956341,2699.79081707073,2702.12987134082,2719.44515350422,2732.93421559418
10199,2658.74822350547,2684.27791812469,2699.64074620376,2701.9624883099,2719.58092543502,2733.33274211742
10200,2658.81132141506,2684.42725993368,2699.81055077697,2702.10455775869,2720.10191694046,2734.11132776428
10201,2658.86955653116,2684.52334326591,2699.83323969855,2702.09989088615,2720.530574728,2734.61651252511
10202,2658.92259815668,2684.49979453234,2699.83750194229,2702.08214956751,2721.03639710766,2735.09082552214
10203,2658.97022261197,2684.39102855587,2699.85211699169,2702.08020344623,2721.64120650817,2735.2839339652
10204,2659.01223693114,2684.0223102239,2699.09020285311,2701.33849459403,2721.25227404941,2734.50615394864
10205,2659.023865404,2683.75904376895,2694.71449233331,2697.30267654297,2717.67750313624,2725.57030034458
10206,2659.02140610757,2684.76864471062,2695.49461268179,2698.03955696992,2718.30220276533,2726.42084557816
10207,2659.01887684558,2685.89014011168,2696.54230205857,2699.01186372457,2719.00257811796,2727.32083199419
10208,2659.03584214037,2686.97345661404,2697.80195573677,2700.25147810136,2720.07065582829,2728.99015691749
10209,2659.05371359683,2688.16980912932,2699.62402711163,2702.12906071884,2721.75538699034,2731.57511782859
10210,2658.96666867988,2695.39737868199,2707.57557626575,2711.17290883414,2727.10602104822,2737.39122797551
10211,2658.84219803402,2693.98498376076,2707.31942464477,2711.12865684982,2727.13216095705,2737.78160571194
10212,2658.71827425265,2693.11952118099,2706.45815995778,2710.33606865911,2726.71814846621,2736.89343189764
10213,2658.59896626486,2692.59758501889,2705.86414663498,2709.74339633254,2726.4602361577,2736.1766683645
10214,2658.48468323785,2692.26113639038,2705.52411751296,2709.38278390633,2726.348985812,2735.83131773015
10215,2658.37574910057,2692.01855810557,2705.30636805598,2709.13804851032,2726.28418144655,2735.64718289225
10216,2658.27231379044,2691.83482563788,2705.15481759453,2708.95932419556,2726.2439955901,2735.53719919519
10217,2658.17442315429,2691.68725740552,2705.03607706699,2708.81417813622,2726.20986865405,2735.45602049705
10218,2658.08198716636,2691.55480935131,2705.01737006099,2708.76674621245,2726.22605555165,2735.4180734316
10219,2657.99482428237,2691.44169919064,2704.92219315,2708.64836762914,2726.19619864071,2735.36097999174
10220,2657.9126556285,2691.34409222027,2704.84096595379,2708.54526320861,2726.1829200952,2735.32623318336
10221,2657.83512615554,2691.25088393775,2704.77074660858,2708.45483026315,2726.17682931334,2735.30582350038
10222,2657.76183539922,2691.15942234942,2704.70772782083,2708.37308480395,2726.17547035541,2735.60408016429
10223,2657.69234281272,2691.07109322988,2704.65490243846,2708.30317299208,2726.18566753205,2735.61874343252
10224,2657.62012810275,2691.0584023809,2704.71914356668,2708.36591252671,2726.20913970243,2735.68414891703
10225,2657.54592093277,2691.05136710316,2704.79173819037,2708.4380437411,2726.23143535375,2735.75094990389
10226,2657.4701153468,2691.04642880519,2704.86669429072,2708.51254389354,2726.25330630137,2735.81950555343
10227,2657.39218985948,2691.03300139978,2704.92495415215,2708.57065775644,2726.25582009321,2735.87196168064
10228,2657.31076842306,2691.02003468949,2704.95114747222,2708.59852171402,2726.21955816418,2735.90029121869
10229,2657.22804394955,2691.01384073854,2704.98789063205,2708.63672971744,2726.18859918215,2735.93002043366
10230,2657.14414108564,2691.00661933741,2705.0300313825,2708.68032465191,2726.15615969313,2735.95742133743
10231,2657.05916835529,2691.00064764044,2705.07926004049,2708.73073029115,2726.12045903914,2735.98079661774
10232,2656.97324170993,2690.99150438496,2705.13541842282,2708.78832303583,2726.08084734623,2736.00097834628
10233,2656.88647865107,2690.97487772851,2705.197991663,2708.85244425303,2726.02993370344,2736.00749176673
10234,2656.79902615178,2690.94235933958,2705.26694830612,2708.92318038899,2725.96140743598,2735.99720470185
10235,2656.71098223998,2690.88787102706,2705.34050910884,2708.99921639609,2725.86821896239,2735.96596320795
10236,2656.62246261449,2690.7639517336,2705.3987584811,2709.06057583458,2725.71832231864,2735.88208098652
10237,2656.53017889437,2690.52911602826,2705.49676110474,2709.16704562884,2725.50311851912,2735.75264996199
10238,2656.43706826794,2689.89759518495,2705.60312376341,2709.28823974579,2725.1973478596,2735.54523542638
10239,2656.3438221815,2688.25202341073,2705.60822828222,2709.31588047119,2724.753210206,2735.08104472617
10240,2656.25059245177,2684.879932855,2704.15492857141,2707.87577558323,2723.26477829576,2732.24460680866
10241,2656.20792402216,2683.58862042856,2699.86684981727,2703.17923298313,2719.18563898489,2727.52804957601
10242,2656.20401197904,2682.75963166304,2699.0748512283,2702.40673918323,2717.71829493052,2726.17733969022
10243,2656.19810581104,2684.17514688045,2699.80607532278,2703.10924826141,2717.94615087134,2726.21864049113
10244,2656.19108433665,2683.1064182194,2701.88578561211,2705.09857609048,2719.91349268783,2726.85989112038
10245,2656.18337155879,2683.11961328532,2702.08873991776,2705.30094318128,2720.06576262955,2727.03460282224
10246,2656.09108321471,2681.16218951289,2702.56283436358,2705.70128152265,2720.58935880881,2727.39803107687
10247,2655.97628096789,2680.81611798008,2703.24475355267,2706.34112051652,2721.50115744112,2728.75771807087
10248,2655.86098757931,2680.5949896082,2703.08742311476,2706.16247418807,2721.5092465395,2728.96194922693
10249,2655.7455210279,2680.33892999891,2702.69790670285,2705.74590410167,2721.3109087936,2728.99363728826
10250,2655.63018127044,2680.05250737926,2702.32642608464,2705.34339180591,2721.13543729824,2729.10867377839
10251,2655.51524898299,2679.73543655007,2702.13748253028,2705.12730425422,2721.1423742082,2729.60930671734
10252,2655.40843752739,2679.42003990165,2701.88459953871,2704.86180677386,2721.0759071845,2730.20445295125
10253,2655.31254471794,2679.06864308772,2701.5648801677,2704.52603719236,2720.85894389438,2730.48685044586
10254,2655.21691754244,2678.63833021068,2701.23278966117,2704.18111928612,2720.68052170944,2729.03009275329
10255,2655.11940405249,2678.03403055998,2699.29366564028,2702.14072659569,2718.65116922627,2726.71717382056
10256,2655.01987748206,2677.04191695651,2698.33068065926,2701.1308087417,2717.92254102689,2725.62664199006
10257,2654.97681245758,2676.10921173933,2696.48734297351,2699.12709798157,2715.66282459024,2724.07291727827
10258,2654.75598187719,2676.96058470316,2697.17841204314,2699.8987974275,2717.78079129057,2725.31334607312
10259,2654.62293347544,2678.96346409617,2699.06434323971,2702.01072471666,2720.00651464101,2728.52118879221
10260,2654.56780127546,2681.06101389904,2701.33740921545,2704.39080927656,2722.3586952255,2731.66241262356
10261,2654.57706008307,2680.95966468618,2702.82090194413,2705.8860751089,2724.15351357031,2733.22494640342
10262,2654.5823399422,2681.04784506558,2704.70531435366,2707.82453031505,2725.97971036441,2735.29629075193
10263,2654.58750462616,2681.10845958604,2705.16963556468,2708.32484812139,2726.46288061582,2737.08018793422
10264,2654.57497964853,2681.13721565695,2705.52792440069,2708.63967569627,2726.96827582618,2738.66033534279
10265,2654.49580990464,2680.63621269165,2704.989082824,2708.1947025016,2725.88759576995,2737.70370261776
10266,2654.47074780719,2680.15696152737,2703.63836887071,2707.03362086857,2723.9329985137,2736.59418739958
10267,2654.49995657713,2679.67405990611,2703.16811357002,2706.69179442048,2722.74609311319,2735.06791864207
10268,2654.58479961617,2679.2779456771,2702.54325375145,2706.1557237812,2720.94246342175,2733.80678455763
10269,2654.71254291769,2678.95744821236,2701.72055240469,2705.42877609975,2719.77251471294,2733.11421493451
10270,2654.87144588459,2678.71239058188,2701.18569858095,2704.94471985442,2718.67575569389,2731.67126975892
10271,2655.07841176851,2678.62941736131,2701.44788751935,2705.20346396105,2718.45765106823,2731.24533870407
10272,2655.32807924948,2678.67345185836,2701.70317632854,2705.41136447724,2718.41138261675,2732.05297204686
10273,2655.61454719341,2678.83315618068,2703.31911161634,2706.91559956738,2719.80397391757,2735.76418762792
10274,2655.85116720105,2678.96994902448,2705.60015340541,2709.09518013684,2722.00763976138,2739.81051690481
10275,2656.04871278775,2678.86814035404,2705.6333677831,2709.08622937185,2722.11563510179,2739.73902489447
10276,2656.25069207662,2679.90794526183,2699.94326288002,2703.5558695905,2717.66380526788,2729.61426831728
10277,2656.22485858117,2676.21141289415,2694.54142622592,2698.41415188556,2712.51367231885,2723.12896647427
10278,2656.28584702075,2676.46730593157,2693.89506802397,2698.08475417716,2712.31138001038,2721.85100214319
10279,2656.31129111469,2676.47362365945,2694.01415853995,2698.28988376946,2712.80168785601,2722.53091082458
10280,2656.3369227189,2676.50212026351,2693.86631074066,2698.18554391744,2713.04730479687,2722.98367874372
10281,2656.36276854686,2676.53531456527,2693.44491940464,2697.78550067576,2712.9812428153,2723.16134310959
10282,2656.24961920341,2676.53252470064,2694.48940603481,2698.84110175438,2714.5045292432,2725.07686351237
10283,2655.66226585393,2675.97021346527,2691.62746221177,2695.84731657972,2711.92510030276,2722.95398258786
10284,2655.52028099294,2678.57659595667,2696.96119962457,2701.80568106255,2718.49476590375,2729.53015048342
10285,2655.55399602032,2678.78111903735,2697.28063855326,2702.17455249496,2718.66412394334,2730.64923289878
10286,2655.58814704011,2678.79952467061,2697.4707918606,2702.40687543782,2718.7048131057,2731.06182304746
10287,2655.62269049138,2678.77945283617,2697.64785036029,2702.62670930242,2718.73201763362,2731.50821147438
10288,2655.6575939377,2678.71289169977,2697.79651706817,2702.82019884619,2718.73927150164,2731.99764187219
10289,2655.6928367717,2678.57646321241,2697.89030770086,2702.96290483267,2718.70269222885,2732.52333947628
10290,2655.72833265071,2678.3561265478,2697.93769433392,2703.06661805471,2718.6236925691,2733.08447419165
10291,2655.76405692851,2677.96398612775,2697.82372319125,2703.01568422312,2718.35988843656,2733.59195861411
10292,2655.79996051602,2677.231216338,2697.3558673017,2702.63265519115,2717.6485202789,2734.07240773276
10293,2655.83663688844,2675.88955707962,2695.81485597467,2701.16165925972,2715.72286807354,2733.82418952736
10294,2655.88003433064,2676.0780813677,2694.06872445158,2699.4707555697,2713.19388268414,2733.81752146355
10295,2655.97941340749,2677.07220281069,2693.39794928691,2698.76865333493,2712.35131857476,2732.5032781985
10296,2656.03467870822,2678.05174857122,2693.68507889123,2698.70429365041,2714.74726749635,2730.59202073055
10297,2656.02604929693,2676.57744769248,2694.35761919562,2699.36711821827,2715.57179741703,2730.46302760346
10298,2656.00671139267,2676.28820381514,2694.56795104209,2699.54641598733,2716.11518917278,2730.66638230834
10299,2655.97718946141,2676.16428128714,2694.47064598032,2699.41180816119,2716.14618685983,2730.63962614427
10300,2655.93838780421,2676.06294952011,2694.41642066364,2699.31258068662,2715.87407949648,2730.50778505052
10301,2655.84556590542,2675.92010660821,2693.8841344233,2698.73353263187,2715.84847899037,2730.23575132121
10302,2655.78218986754,2673.23661092486,2693.61282627452,2698.39287601765,2716.92129863277,2730.19633306478
10303,2655.78935436311,2672.67590102956,2691.43772181074,2696.17628333089,2716.87677651718,2728.8777960859
10304,2655.79636647815,2672.68108920637,2689.58077029159,2694.29407116274,2716.69781976376,2728.16431320079
10305,2654.90597875047,2672.05801006843,2688.36998002133,2692.82563921077,2716.68795686665,2728.08943848049
10306,2654.08372135912,2671.90525479307,2688.87213188312,2693.01011842278,2715.58715522289,2727.77488753186
10307,2653.90422436426,2671.77206883372,2689.19373628552,2693.05906723441,2715.20400383213,2727.5740682008
10308,2653.72945381308,2671.68651470448,2689.64224046994,2693.26620853899,2714.68907040178,2727.19885139146
10309,2653.56051709959,2671.6631969793,2689.4577360869,2692.76374326029,2713.26128315351,2725.90992991209
10310,2653.3867614263,2671.80986138924,2690.14641786101,2693.24396946485,2712.34326743777,2724.99170748871
10311,2653.22250037388,2672.07167419271,2690.75626185492,2693.68362194048,2711.20312215175,2723.99839662651
10312,2653.07079801721,2672.42311129881,2691.41264486947,2694.18868794707,2710.28726436432,2723.24772262612
10313,2652.93224692811,2672.84952240665,2691.79281128957,2694.46774439581,2709.56924003589,2724.5114171991
10314,2652.80717284512,2673.36645067183,2691.90033023498,2694.51349050908,2709.48719731251,2724.05196547867
10315,2652.72866058326,2673.44907970438,2690.72891716606,2693.51121636285,2708.69123677897,2723.89624263737
10316,2652.71356787425,2673.55173798235,2690.56852687307,2693.31792070157,2709.39351290105,2724.27964113869
10317,2652.6998500654,2673.47304580331,2691.14667451943,2693.89684343061,2712.09113029461,2726.02865585213
10318,2652.75372813194,2672.70797878699,2690.27139903247,2693.20856340692,2712.36395964315,2729.16960498368
10319,2652.82212181905,2672.93019847879,2692.53176934083,2695.81013628361,2714.97834078742,2727.9086206985
10320,2652.89462068371,2672.27953966961,2691.25182258563,2694.78557421212,2708.01749389268,2720.28765821892
10321,2652.77098237009,2675.63783777387,2695.46418734618,2698.98127840441,2713.88674132729,2727.97006291767
10322,2652.67241847448,2676.04732257917,2696.10784495021,2699.33323503369,2714.55931009344,2728.19924710104
10323,2652.59445177137,2685.75798661759,2702.33242068485,2705.47011476937,2719.67992093185,2734.03992894552
10324,2652.56268124889,2690.2325247493,2706.02877733093,2708.83478463746,2721.92448675371,2736.42837480565
10325,2652.54422316369,2690.48485613665,2706.75506394021,2709.60342037729,2723.16318236013,2737.38723317653
10326,2652.52375195752,2690.56903719207,2706.96782499934,2709.84498173825,2724.08224218457,2737.77722113097
10327,2652.53436601614,2690.40991942856,2706.91942084374,2709.84382097107,2723.95476570059,2738.99182522883
10328,2652.5355748378,2689.51175173847,2706.65613283028,2709.57109771207,2724.64818984127,2740.97934781041
10329,2652.44293172387,2691.68082232362,2707.52412520874,2710.36870102538,2724.90434050289,2739.94769394789
10330,2652.36276851541,2692.42939900767,2708.35190752893,2711.15926488677,2724.92918156382,2739.9536915647
10331,2652.29580687827,2692.45320744594,2708.62470392707,2711.37369384312,2724.09116653175,2739.71547151982
10332,2652.24255524116,2692.05906354678,2708.50169484291,2711.12158277562,2723.56578033075,2739.67065531426
10333,2652.20330991665,2691.74398411448,2708.06628475176,2710.61482783145,2722.80229229992,2739.69769910633
10334,2651.93300920868,2692.4233430262,2709.08816775129,2711.86317804403,2724.54888963297,2739.37924439272
10335,2651.81222809871,2691.68316309597,2709.9117433029,2712.85928644846,2725.44942321811,2741.12438505339
10336,2651.73273103272,2690.75304806172,2710.26906167395,2713.37360460195,2725.96526189318,2741.55827187225
10337,2651.69910085323,2689.74461475646,2710.28875646019,2713.51352671861,2726.19123965806,2741.89817584628
10338,2651.71446891827,2688.82208968402,2710.1133301179,2713.48942709331,2726.45176868835,2742.49991421807
10339,2651.78012696747,2688.75077194111,2710.01763373502,2713.62000550916,2727.1525378869,2743.33080853589
10340,2651.86152775271,2688.90330769093,2710.63392730076,2714.39873975399,2728.03748751806,2744.28069112368
10341,2651.87533423343,2687.39224826033,2709.60390747067,2713.4428553498,2727.78379845988,2745.07770907688
10342,2651.90220338143,2685.74882911831,2708.22325769589,2712.14309507674,2727.29450568576,2745.6047689564
10343,2651.94260257054,2684.10693189876,2706.34151093068,2710.33306313902,2726.38716599006,2745.4568481195
10344,2651.99674408177,2682.56154526164,2704.20106754204,2708.25157932132,2725.26900783446,2745.01900259581
10345,2652.06461960349,2681.15305854444,2702.12392533766,2706.22169519714,2724.10277453297,2744.64362190555
10346,2652.14597831365,2680.15603548833,2700.38607166982,2704.52497377802,2722.80586289699,2742.98061682463
10347,2652.24509320941,2680.36124360784,2698.46002957241,2702.58712918382,2720.82907623014,2741.43430378201
10348,2652.47981749387,2679.36403613066,2696.83486307081,2700.90563377844,2719.33456576841,2739.10233826599
10349,2652.72942255348,2678.45751158309,2695.32495173758,2699.33733377589,2717.85930954806,2737.93531755695
10350,2652.9922961093,2677.64485411269,2694.05619176433,2697.98877907527,2716.47321697692,2737.02639562097
10351,2653.26667675839,2676.91988485133,2693.10043036557,2696.91261479262,2715.23262916025,2736.38372363334
10352,2653.55075151174,2676.28060201766,2692.50335378162,2696.14442759459,2714.21281595601,2736.00077589957
10353,2653.84263724545,2675.71574048955,2692.21983220109,2695.64460634333,2713.4290940231,2735.76535006059
10354,2654.14052846803,2675.2194076272,2692.16029100193,2695.34358838874,2712.84809830454,2735.52712118732
10355,2654.44258003171,2674.79048361364,2692.20723251824,2695.14582808959,2712.40109315515,2735.13430925431
10356,2654.74709498155,2674.463178174,2692.31476285032,2695.01984299612,2712.0356974776,2734.46307990246
10357,2655.05246228541,2674.32828987988,2692.60398821848,2695.08895145661,2711.95872252124,2733.54900228308
10358,2655.35715580063,2674.44359783996,2693.24033138901,2695.51383648725,2712.48821751956,2732.75064234505
10359,2655.65867477179,2674.71345555686,2693.94859535803,2696.03917596901,2713.18729809664,2732.34144069607
10360,2655.83275781878,2674.2185475438,2694.03433736284,2695.84994204321,2713.02300345473,2732.27775029969
10361,2655.9855164935,2673.53444140934,2693.4620977225,2695.08526479085,2710.53610049399,2729.90211336991
10362,2656.11647522322,2672.93570964908,2692.89679239736,2694.31598374865,2709.16076609818,2728.5053380687
10363,2655.70325621458,2670.97197553002,2691.20836179086,2692.38508448003,2706.63957522463,2725.84725053924
10364,2654.94567958462,2672.04822044718,2702.39007252755,2703.20638801318,2716.37248547658,2745.92534956163
10365,2654.30927146176,2672.41614436494,2702.93507487247,2703.6699631903,2716.34609920831,2745.78895869554
10366,2654.10333967511,2673.54501742294,2705.89388892939,2706.54613794466,2719.83331504731,2745.79052766728
10367,2653.87827058639,2675.40976960775,2706.41705486836,2707.00711020272,2721.47566061487,2744.46409249088
10368,2653.6428316553,2677.47247974108,2706.05280977938,2706.60327681348,2722.81707917784,2743.40560517871
10369,2653.4254822266,2679.38727127212,2705.58835360229,2706.14686797199,2724.45004506832,2742.86499949943
10370,2653.28392324769,2681.07779023424,2705.60026010461,2706.2841156207,2726.33703907129,2742.27789316355
10371,2653.27790395457,2681.42580848106,2705.9234031662,2707.03053829076,2728.14973700844,2739.29347892088
10372,2652.85118725388,2682.82447255638,2703.69235631849,2705.4465397976,2724.85512845067,2734.75663872526
10373,2653.90230324181,2669.05634774288,2682.91974658279,2683.82018958188,2702.8904737273,2712.54179152457
10374,2654.08750185306,2670.08807845621,2689.55332661234,2690.60330026819,2709.85438266294,2721.68478495037
10375,2654.26831005241,2671.50338271795,2688.35094199087,2689.4958890517,2708.53250764601,2721.51630826774
10376,2654.43910290881,2673.12283978161,2690.33368197221,2691.60072381759,2711.00951158249,2724.02966139473
10377,2654.62745076459,2675.75359063029,2694.94588647376,2696.5179727431,2715.53964145138,2730.37602067182
10378,2654.80541151473,2676.17582106549,2696.08476365864,2697.9417119369,2716.568401161,2731.00073689688
10379,2654.96063601835,2676.6121380974,2695.58668197787,2697.67898223671,2715.97347070054,2729.94988965582
10380,2655.04834797684,2677.07629666441,2694.41991870166,2696.74923571762,2714.82314249165,2728.30576205469
10381,2655.0788708441,2677.49681491524,2694.6274743493,2697.27611136362,2714.89644104534,2727.39020957099
10382,2655.07119602784,2677.70818285421,2693.91577476749,2696.86912618392,2713.61632146817,2725.02719047248
10383,2655.02372923251,2678.57558811473,2697.09674938565,2700.46643385653,2716.33366272396,2722.71210839936
10384,2655.81811200713,2679.51906081552,2692.94713194411,2695.82470146389,2712.07826418324,2718.00568428309
10385,2655.63297458516,2676.85086807252,2692.22661129989,2695.41151164605,2712.62149791367,2719.5939599541
10386,2655.22881355998,2678.11550853353,2691.25400356278,2694.47406819068,2711.18136000827,2720.36389357563
10387,2654.81206246643,2678.27827271156,2690.47309770395,2693.67058453632,2710.25227496997,2719.76169798934
10388,2654.39946304768,2678.40672584095,2691.92354243531,2695.22529575615,2711.14046129107,2720.23242731596
10389,2654.006168921,2678.13328317524,2690.62630258956,2693.87745393861,2710.15987741938,2718.88234214443
10390,2653.64378958297,2677.65399525709,2689.18609477301,2692.39908074199,2708.000396669,2717.03049895215
10391,2654.32596588609,2677.41816264367,2690.04846289949,2693.03552986742,2708.07423021527,2719.08980590717
10392,2656.0210848766,2677.51766824327,2694.67654839811,2697.91170314665,2714.92044505882,2729.42523606769
10393,2654.83945527477,2678.21472186927,2696.35443614471,2699.68049530511,2718.08171272189,2729.86210925029
10394,2653.32355715609,2671.23841824463,2688.71014108781,2691.69836510218,2709.37946804509,2724.1796173009
10395,2653.26782952758,2669.9830745973,2680.05065841745,2682.87849511427,2700.58228428846,2710.29647372216
10396,2653.38293179842,2668.8899332873,2682.29462110841,2685.4886205157,2705.58805653144,2716.76601710096
10397,2653.51535211068,2668.43339985648,2682.57600834413,2685.65989832612,2705.97285253882,2718.97628004768
10398,2653.63641939404,2668.30924568961,2683.18743298418,2686.05659787211,2705.62346415866,2719.57906557824
10399,2653.73538023255,2668.36950164963,2682.90142838545,2685.67685641765,2706.83380751508,2720.45389989628
10400,2653.79557813319,2667.02983778337,2681.3343140521,2684.0357706088,2703.6830685257,2718.95540707902
10401,2653.8724699425,2666.70550580026,2679.53436676894,2682.17473547367,2702.17328449895,2718.22633680144
10402,2653.96069246154,2666.41208421954,2678.77621113218,2681.49182947762,2701.28973893565,2717.20832047809
10403,2654.04201772285,2669.37790820865,2678.90546706495,2681.80540752096,2699.41771849511,2718.13432149932
10404,2654.2592779387,2675.58709028274,2687.8896370582,2691.05407585345,2713.71337189241,2733.62311139722
10405,2654.80291254641,2675.57184680228,2687.21950094331,2690.60134520349,2714.58465293,2734.20354576526
10406,2655.46484491005,2675.6609944114,2686.50618929993,2689.9962294315,2714.59181606949,2732.47481295191
10407,2656.24359516983,2675.70612427219,2685.1320350953,2688.64025012491,2713.41047972749,2730.59179771072
10408,2657.08932363574,2675.5001230952,2683.75168955041,2687.02610437069,2712.25974373032,2728.82405705147
10409,2657.87496627531,2674.25311134829,2680.51090364273,2683.22352677471,2707.62508225889,2722.11848559835
10410,2658.34911768633,2673.21433850153,2679.78171240703,2682.01907373111,2701.48102790481,2712.21400725188
10411,2658.13039689087,2678.089160743,2688.59751152896,2690.55019436677,2710.79952466964,2722.09097401218
10412,2657.80742526609,2678.67598869047,2690.82077761467,2692.74286614623,2713.30387003982,2725.989813568
10413,2657.3862013612,2678.55543117955,2691.42049937729,2693.33354647138,2717.12486437653,2728.39571370338
10414,2656.88829491069,2678.71791620366,2692.47539102523,2694.41427892558,2718.33499545686,2729.932395988
10415,2656.75487834588,2678.00943678643,2692.10008700721,2694.12226791557,2719.10939059324,2731.90406379788
10416,2656.67905767438,2678.15579523216,2691.46391150419,2693.5657768686,2718.8706289647,2731.68574809808
10417,2656.59112421484,2678.27672685356,2690.85562017368,2693.04345534581,2718.59631571224,2731.49428174666
10418,2656.49019936884,2678.35493459118,2690.3122394922,2692.59475097216,2718.34627989718,2731.29008865336
10419,2656.37549015999,2678.39289411584,2689.86721269474,2692.25452427454,2715.97898087917,2730.58880824239
10420,2656.24642529527,2678.39800511382,2689.58796260934,2692.08638394686,2715.8928238015,2729.79866828438
10421,2656.103012599,2678.36521950705,2689.53088958824,2692.14084143241,2715.85463466923,2729.83348492128
10422,2655.9462405667,2678.27993693062,2689.49085364941,2692.19352034855,2715.64771992015,2729.76756109814
10423,2655.77856613712,2678.16495140908,2689.21479926903,2691.96884729836,2714.05177462161,2726.83013289792
10424,2655.6040355108,2678.08317067982,2687.80947092016,2690.52429534004,2712.68621654171,2725.39427472651
10425,2655.42356280015,2677.71447842201,2686.46888890333,2689.21561835659,2711.32060323247,2724.31243551384
10426,2655.22342532145,2675.97783751726,2686.55538593018,2689.31331847482,2711.28821926101,2725.20515238272
10427,2654.98786437592,2675.29917161723,2686.53291875269,2689.32694199376,2711.55752889375,2725.01368191555
10428,2654.65031171642,2675.03012261466,2686.31981873413,2689.18169596673,2711.66715569211,2724.49314825238
10429,2654.17068733153,2675.19625086651,2686.22113277732,2689.15523311555,2711.69994979878,2723.71331924349
10430,2653.53679755235,2675.53540633385,2686.06324187925,2689.04064945852,2710.66884766377,2721.85174423133
10431,2652.92475497842,2675.54234105973,2685.18256477235,2688.11178836786,2708.7139318576,2720.36364509395
10432,2652.92789729589,2671.9338950528,2682.94545632389,2685.73576169249,2703.14230210706,2715.11503457268
10433,2653.17263372189,2670.98118349111,2682.79149717316,2685.61708733422,2703.06953719355,2713.00406660414
10434,2653.5169094573,2671.82574753421,2680.81377047342,2683.75259032657,2700.1345943909,2709.37141899656
10435,2653.35990414801,2670.50851660167,2680.73443384773,2683.81070676933,2698.55476463891,2708.3284270266
10436,2653.41464537025,2670.01108864605,2677.55660488368,2680.73005801411,2694.0026308456,2704.30080066359
10437,2653.42956981059,2670.35454085681,2678.14786256025,2680.87166183332,2694.23257834862,2704.26247845422
10438,2653.2779325258,2670.40865768017,2678.84033069484,2681.3566605656,2694.92720760215,2705.21369217397
10439,2652.77783540918,2669.23422134183,2676.88335676356,2679.40118508113,2691.71385844342,2702.68528059694
10440,2652.61764266085,2667.4164050568,2678.78945330257,2681.12208171537,2695.04017420786,2710.41328710453
10441,2652.50861014022,2666.85167132814,2676.33441799501,2678.23914809925,2693.21279781939,2707.91663142947
10442,2652.38847503912,2667.35080873618,2677.39178709712,2679.08467195655,2694.60512440806,2707.3278664798
10443,2652.25228017939,2666.81877100619,2678.586239751,2680.04531175123,2696.18995960377,2708.64722129946
10444,2652.1077656351,2666.26941529234,2679.79355542639,2681.06957587257,2697.74029038247,2709.97166822254
10445,2651.96613811183,2665.66112595503,2680.64503497198,2681.79011853481,2699.19903663933,2711.46665046281
10446,2651.84250732409,2664.92930717007,2680.9836668687,2682.11641085321,2699.98470172013,2711.56324159862
10447,2652.08540088489,2665.50194585233,2681.64525634298,2683.47916987646,2699.80767738247,2711.02701190476
10448,2652.45488376503,2665.35245656027,2680.23117386399,2681.05083419289,2699.44560762471,2712.74458377344
10449,2652.26897922231,2664.9718158712,2680.8339636164,2681.51986201163,2700.81738865307,2712.10633943062
10450,2652.13631462487,2664.64238981094,2680.55668370257,2681.13661825187,2701.1362827352,2712.10128033112
10451,2652.05251834376,2664.47145166666,2680.37515975884,2680.89324450824,2701.61489521152,2712.1616709264
10452,2651.85375126439,2668.70843840345,2687.5589479101,2688.21039195492,2708.53145911805,2717.08107514444
10453,2651.65406261703,2668.00231237837,2687.44386055511,2688.22610694507,2707.81254727045,2719.34120511918
10454,2651.59033440612,2668.17285654217,2690.59957656747,2691.59600032196,2710.18631305548,2723.65708661651
10455,2651.69033911249,2668.72366093868,2689.58739979861,2690.78045431108,2710.92341179587,2722.19699666358
10456,2651.94894294721,2669.46084950452,2687.72477018148,2689.12767644012,2707.26232084397,2719.02973617403
10457,2651.888915955,2674.7817013145,2691.68372276738,2693.93658593448,2709.47985024907,2722.87547908515
10458,2652.0958987579,2674.3288006603,2684.7715547421,2686.12580740379,2700.91282087341,2713.59448627929
10459,2652.27860047785,2674.349943639,2684.22983403417,2685.52969468947,2700.55090645135,2713.13608545694
10460,2652.35192525568,2675.38748264466,2684.76929969513,2686.04482416141,2701.74181927633,2713.20785419586
10461,2652.35643873033,2675.8972389761,2685.48273999202,2686.7789394533,2700.35237212775,2713.53327558185
10462,2652.57153297166,2671.98717018194,2681.71735830813,2683.6894991633,2698.27639154681,2707.45923641732
10463,2652.85983859929,2672.08807557362,2681.60543059661,2683.5970855237,2697.22920013842,2707.09622903066
10464,2653.0983879506,2672.34392681412,2681.65728733423,2683.64754371354,2696.78428547703,2706.570345035
10465,2653.26783698646,2672.62253107732,2682.39208302075,2684.38738743766,2697.25761143784,2707.12651801401
10466,2653.36855801154,2672.87688027914,2682.19766758922,2684.23888920737,2696.95967638168,2706.8197495579
10467,2653.412585541,2673.09459625717,2682.05653740562,2684.1428414919,2696.73949567436,2707.50687403947
10468,2653.4147479016,2673.27423099713,2681.95791049022,2684.08628689125,2696.57478195307,2707.13137905521
10469,2653.39044263307,2673.43111575574,2681.93287334687,2684.09395656,2696.48264522105,2706.85796153752
10470,2653.90432841609,2675.00884901965,2684.63179663693,2687.00146786605,2699.67253204875,2712.91366791243
10471,2654.3669526242,2676.64891220389,2687.84207379488,2690.34755627641,2703.0284856114,2717.87714609877
10472,2654.72992186232,2677.71759089032,2690.71821140818,2693.38366866589,2706.32959915461,2720.29763636997
10473,2655.041618,2678.24977253771,2692.37370833817,2695.21881656518,2708.38219463088,2721.50283444365
10474,2654.59228246875,2687.33107352188,2698.14084387453,2699.97980264589,2719.96630749552,2730.37058023895
10475,2654.42041664259,2687.30085499025,2698.25241556147,2700.11079947865,2719.71528410392,2729.3421160399
10476,2654.27878259074,2687.05968110534,2697.42009926107,2699.33022062549,2718.66519271851,2728.109085957
10477,2654.17733069733,2686.7176193469,2696.74264266427,2698.74890665539,2717.75461200364,2727.18649165204
10478,2654.2003335781,2686.24822269315,2695.81198238375,2697.98018939997,2715.92169640503,2725.9246544226
10479,2654.78472317104,2683.85834750989,2693.70248151927,2696.13111323528,2711.67244991227,2722.53762276159
10480,2654.30932225579,2672.85610058313,2683.46468147251,2684.54390975469,2694.46992577083,2703.25706702615
10481,2653.08340461441,2673.58758729957,2682.08048595718,2682.95528656908,2693.28712083499,2701.06650158933
10482,2652.47868157719,2672.76196005983,2681.3479534198,2682.11443888213,2692.6710867471,2699.88170202495
10483,2652.20175405136,2666.59289012876,2680.38418682717,2681.4414411727,2694.62703751616,2701.94452403906
10484,2652.2002945442,2666.80270074718,2680.59736368032,2681.75084605516,2694.96712306832,2702.44466478704
10485,2652.20201002729,2667.0355206596,2680.86986292567,2682.05244050619,2695.25862502918,2702.95611069947
10486,2652.20212224925,2667.29233242679,2681.17335439982,2682.37437727424,2695.20386637274,2703.28371442627
10487,2652.20019894549,2666.30555657772,2681.5064477525,2682.72125871493,2695.5760425481,2703.83651242032
10488,2652.19624155776,2666.58590209146,2682.05592879279,2683.28641707673,2696.12743409305,2700.27457985596
10489,2652.19038663975,2666.93601697055,2682.95533813197,2684.13467340611,2696.95148450959,2700.8304845817
10490,2652.18371619391,2666.95044773917,2682.01082589465,2683.12202599336,2696.15705324453,2699.85331248535
10491,2652.17721555635,2667.09657930314,2682.18668030641,2683.31432900147,2696.45280652917,2700.06198459605
10492,2652.169010069,2667.19624103535,2678.98502307365,2679.93949064029,2693.55345660542,2696.49551374613
10493,2652.15450708538,2667.12151942835,2679.08961135223,2680.05236619552,2694.01303795355,2697.03064387903
10494,2652.13659126274,2666.99172984435,2679.06781746965,2680.05795113073,2694.27252444185,2697.89377955049
10495,2652.11573517284,2666.81835373986,2678.8851884016,2679.90197446715,2694.45321572013,2698.00724616212
10496,2652.09354786885,2666.61307502741,2681.67250810332,2682.75357660341,2697.34236008438,2700.43944194925
10497,2652.11389910024,2666.43408258841,2679.83588079384,2681.01086288855,2695.93991770714,2699.02214221761
10498,2652.11372699465,2666.86294112859,2678.04063666713,2679.06396778285,2694.34004833757,2703.29375666432
10499,2652.10412658062,2667.43100836614,2679.25052878247,2680.15899557039,2695.26190447712,2703.97704743924
10500,2652.08969322608,2667.71756270948,2680.99845756356,2681.84122325299,2696.99548626299,2705.1849489449
10501,2652.07053517355,2668.03085066147,2682.19315355774,2683.02388851576,2698.375384789,2706.8833894467
10502,2652.0470439028,2668.56962497161,2682.8744930189,2683.74822183527,2699.28378341331,2707.06238526291
10503,2652.01978235969,2668.99352934812,2683.07523448589,2684.02633005155,2699.45920100309,2706.72460763473
10504,2652.01919334091,2668.98789052243,2683.09023011341,2684.09027263117,2699.07668532489,2706.48364456813
10505,2652.03556870026,2669.59001168256,2686.86909941986,2687.88486943724,2702.5258952847,2711.47909494482
10506,2652.08065262001,2669.78320514526,2698.63575798184,2699.81652627077,2714.09779445051,2721.37530927067
10507,2652.24150506136,2670.91490752975,2700.40658126923,2701.51806145504,2715.98212493811,2721.37097121685
10508,2652.40507873333,2672.34870937171,2700.53941294688,2701.66807678117,2715.96699379044,2721.54611962626
10509,2652.56294468298,2673.43651834995,2700.95646853809,2702.1055944863,2716.15453720961,2723.60301895906
10510,2652.7084274169,2674.42964564188,2701.20913612271,2702.37246827484,2716.109236508,2723.90608459377
10511,2652.83766730591,2675.31139641317,2701.47445228327,2702.65022289355,2716.03128737808,2724.09181750961
10512,2652.94969679371,2676.24161318308,2702.4077762512,2703.60477346013,2716.85386391025,2725.34890916932
10513,2653.04779972972,2676.76812191435,2702.67275209155,2703.87882144648,2716.9467577709,2726.12296623787
10514,2653.13884948793,2677.16648255603,2702.95763321582,2704.17048817132,2716.9475312587,2726.41330289539
10515,2653.21727429507,2677.48988571797,2703.16208113162,2704.38135080686,2716.84731711271,2726.64166525235
10516,2653.28557715941,2677.74337057464,2703.33704090362,2704.56081392763,2716.72151216014,2726.88176480801
10517,2653.34600396898,2677.92673536509,2703.43034786522,2704.65868040452,2716.47763224415,2726.91914146208
10518,2653.40047842866,2678.04826674257,2703.55815937608,2704.79148032376,2716.32846888089,2727.21213410799
10519,2653.45052197099,2678.10587577746,2703.65079723271,2704.88755591919,2716.12615224755,2727.35553986842
10520,2653.49730514443,2678.10485717694,2703.69882857765,2704.93835106128,2715.88680612912,2727.52394280291
10521,2653.54173970185,2678.03218975172,2703.73684096021,2704.97871612498,2715.64332842475,2727.58149569848
10522,2653.58446975927,2677.88525505115,2703.77499034899,2705.01866835218,2715.116319057,2726.51860922478
10523,2653.6259653811,2677.63881890536,2703.7593539127,2705.00162802406,2714.77998397753,2724.10912500305
10524,2653.66655980369,2677.16326839473,2703.31622041311,2704.55105016484,2714.03277708712,2723.58061301081
10525,2653.6604412816,2676.10531013605,2702.27543917024,2703.4994881902,2712.68039576281,2721.8648749577
10526,2653.61551279788,2676.13768322464,2702.33725137975,2703.52341901134,2712.04327814762,2718.60476267424
10527,2653.6111346142,2675.36731206322,2699.91920921998,2701.0821684066,2709.89070790489,2715.6636857318
10528,2653.64656847178,2674.60223385737,2698.23433854562,2699.41401602804,2708.32428637394,2714.54467646176
10529,2653.65191338655,2673.67870471394,2695.33995445949,2696.55831019112,2705.90367995993,2711.98666315859
10530,2653.52754947524,2672.6767814876,2691.72695464339,2693.01755441274,2702.84093254836,2709.34391416216
10531,2652.94670978412,2671.08900751002,2690.54301395011,2691.8347684745,2701.59342036494,2706.86224336418
10532,2652.72620606789,2668.4505082724,2690.3176802246,2691.92467782442,2701.87092391726,2709.83728552897
10533,2652.84845914712,2671.10206107831,2693.77526578791,2695.08741205444,2707.89755246335,2717.11151832186
10534,2652.98603948805,2671.64437357813,2693.05427220098,2694.38333222428,2707.51026431751,2717.61397715822
10535,2653.1413532378,2672.14820817114,2692.45286132655,2693.78722953793,2707.18982239991,2717.95249858848
10536,2653.31142281429,2672.57566343069,2692.15687136331,2693.48249850873,2707.07137396798,2718.07582417192
10537,2653.49266963278,2672.92751599083,2692.06341737391,2693.37171706436,2707.06655549532,2718.2563179291
10538,2653.68128535039,2673.21498338396,2692.00941902905,2693.29452449849,2707.06256310836,2718.48202412191
10539,2653.87361506845,2673.43398539252,2691.99935217165,2693.26021583507,2707.08116243013,2718.69893375634
10540,2654.0663966516,2673.57692466414,2692.03558815367,2693.27184004815,2707.14087039631,2718.90415244446
10541,2654.24630833409,2673.70195960256,2692.05581052523,2693.26287167873,2707.13602922162,2718.78718627296
10542,2654.38604757615,2673.96145284058,2692.22072817121,2693.40693068146,2707.23714557217,2719.08136939181
10543,2654.5265830572,2674.21238384169,2692.35859465191,2693.52350863627,2707.28234270306,2719.3130956281
10544,2654.66744135005,2674.4541409814,2692.49286894972,2693.63773288394,2707.31899758639,2719.5738823961
10545,2654.80818106499,2674.68522676763,2692.61363662647,2693.73990900584,2707.33634319546,2719.89351900142
10546,2654.94839337341,2674.89695628512,2692.73975928186,2693.84943729063,2707.35428579378,2720.21301403057
10547,2655.08763512967,2675.09835913525,2692.84363552612,2693.93835475708,2707.34433173553,2720.47578114615
10548,2655.22549237437,2675.28778605642,2692.92988810341,2694.01119799108,2707.31576398748,2720.79628803062
10549,2655.36163300064,2675.46102975683,2693.0016298762,2694.0714691716,2707.26804480993,2721.07639023675
10550,2655.49233660146,2675.61164644471,2693.06960226184,2694.12937859366,2707.21632166657,2721.24261452995
10551,2655.62086466165,2675.74215465648,2693.11945944248,2694.17125544937,2707.1448916624,2721.4529603987
10552,2655.74690761979,2675.86064702411,2693.15225013724,2694.19740700301,2707.05407085804,2721.61900299227
10553,2655.87024341599,2675.9641365615,2693.16983927025,2694.20980553726,2706.94659957767,2721.75210309887
10554,2655.9906299889,2676.05119687114,2693.17168736086,2694.20823734228,2706.8206171537,2721.84109177671
10555,2656.10805457118,2676.12264393415,2693.17418066505,2694.20708492134,2706.6993857864,2721.92830413589
10556,2656.22237928317,2676.17795096459,2693.17855623211,2694.2075848031,2706.57666131809,2721.80713501941
10557,2656.33336005822,2676.20944460408,2693.16990031086,2694.19682768122,2706.44350737142,2721.759538643
10558,2656.44085940364,2676.23235974076,2693.15829814741,2694.18384320728,2706.30553121085,2721.60002346297
10559,2656.54481747398,2676.24178115128,2693.14172195012,2694.16709344418,2706.16536102621,2721.48071480316
10560,2656.64516736963,2676.24536016045,2693.12443671952,2694.15054435953,2706.01931147211,2721.21553961474
10561,2656.74186399475,2676.24368557232,2693.10437157198,2694.13245111154,2705.87051906961,2720.99664003331
10562,2656.83493676199,2676.24173431856,2693.07902786967,2694.11062876865,2705.7156078692,2720.80127647548
10563,2656.9243989112,2676.25889252411,2693.07725842452,2694.11261582438,2705.5747315327,2720.47994997204
10564,2657.01038397362,2676.27304029814,2693.07621676959,2694.11792317674,2705.44057694776,2720.21576005919
10565,2657.09314804958,2676.2868136353,2693.09948954136,2694.15001187486,2705.3366374912,2718.64287010716
10566,2657.173297349,2675.9040109399,2693.01392025478,2694.114905239,2705.17622234191,2718.21364281651
10567,2657.25263362435,2675.95485420382,2693.42296045416,2694.51492761268,2705.55058549067,2718.1973152512
10568,2657.33779542124,2675.90251052406,2691.54448368472,2692.82683688982,2703.76766865856,2716.38233715647
10569,2657.44970498085,2675.53782554421,2691.36461731027,2692.71685803482,2703.76493612847,2715.96730933284
10570,2657.55354489659,2673.34593021625,2687.72342902753,2688.92326296924,2700.03663902333,2710.07914606833
10571,2657.61920373347,2673.50990136064,2688.5984379332,2689.78908596469,2702.78061221785,2713.66893153554
10572,2657.67520864704,2673.10508640625,2689.76307444978,2690.89666499892,2704.20594563255,2715.63463019373
10573,2657.66945359684,2672.50049967063,2689.08233460716,2690.27397875921,2703.95088149474,2716.66575071964
10574,2658.10785732915,2673.08636831716,2688.97059397162,2690.19762600988,2703.0135640732,2716.53537817397
10575,2658.2007179029,2673.35697077716,2688.89108578745,2690.17022910189,2702.90002932022,2716.26237999274
10576,2658.1148989779,2673.40891967609,2688.78337246434,2690.1663622319,2703.05746270693,2717.00267779861
10577,2657.97262931606,2673.47433413713,2689.32049935131,2690.85741169711,2703.96227710455,2717.79264813678
10578,2657.82488305199,2673.44801726017,2689.09811091679,2690.72101267127,2703.9326655517,2717.90380429295
10579,2657.68688066069,2673.55804989122,2687.8494214823,2689.57426760214,2702.62596538959,2716.83626799267
10580,2657.56102798861,2673.65101456114,2687.93823894823,2689.73979666087,2702.31182169723,2716.53862808092
10581,2657.44569111793,2673.68529193733,2688.02634235937,2689.90221635457,2702.59457679955,2716.80124908632
10582,2657.33802252157,2673.6291043137,2687.9870966576,2689.93603775858,2702.71834490304,2715.05493802243
10583,2657.2342127747,2673.51686335893,2687.78289779261,2689.80575358612,2702.64612008456,2714.85050110392
10584,2657.12748489425,2673.46058242786,2687.31946202369,2689.41724641817,2702.2014601393,2715.65969927511
10585,2656.99712267529,2673.41734668113,2682.9224620993,2685.06111933542,2697.4618790331,2710.0857530317
10586,2656.9000271949,2672.99987482141,2681.58025820992,2683.82664121157,2694.82708163764,2706.28727171584
10587,2657.86806005415,2675.69676820336,2684.55294922995,2687.60788931021,2698.80063027794,2710.95314101413
10588,2658.84095293475,2676.83622232793,2687.99013061744,2691.3553457222,2707.05492889701,2721.83077454946
10589,2659.30654984766,2676.9467610016,2688.75474605251,2692.19260698872,2708.0338560812,2725.80812426786
10590,2659.51068582091,2677.02364257521,2691.56876919609,2695.21925070286,2710.67960291187,2728.48758085909
10591,2659.59770900019,2677.06844850571,2691.78336036472,2695.47456627143,2710.66895270459,2730.12886234158
10592,2659.62861861599,2677.10961412597,2691.80028948816,2695.52468480305,2710.41304268544,2730.65620013996
10593,2659.63016016009,2677.14251967958,2691.69538848068,2695.44828580605,2710.05167037199,2728.96103932999
10594,2659.61491496744,2677.12022150422,2691.43231353673,2695.20668893951,2709.51832763658,2728.52405275089
10595,2659.58934613338,2677.08125849149,2691.11995894669,2694.91561244801,2708.98548432198,2730.76070575657
10596,2659.54031897724,2676.94893572669,2690.69070041714,2694.49854920791,2708.33308907311,2727.49909224917
10597,2659.05015465182,2675.88074176022,2689.00405739258,2692.63726274757,2705.71062840686,2725.59219100467
10598,2658.47656971293,2675.75539364421,2688.29814221598,2691.67167023439,2703.80863475046,2723.43030287014
10599,2659.62468760613,2673.97709738035,2682.40787597713,2685.11719446326,2694.84420738347,2708.04584837281
10600,2659.67180351275,2677.09255152123,2690.94238263037,2693.68856265918,2704.05752108623,2722.7766793179
10601,2659.68663311936,2676.82313629928,2691.90472937419,2694.84414787156,2705.10101785443,2725.21225596336
10602,2659.7029409813,2676.54183800995,2691.85574262583,2694.84635305834,2705.06572195145,2725.12609811041
10603,2659.72034837818,2676.27613628463,2692.01807337019,2695.09014130596,2705.17558689891,2725.09596513618
10604,2659.73888694291,2675.96434324887,2692.01539766545,2695.14369647573,2705.20286773744,2724.86084035156
10605,2659.75859542467,2675.62613124058,2691.98011977119,2695.16118522573,2705.34873071048,2724.93415962786
10606,2659.77948279221,2675.26672344705,2691.92519265944,2695.15391829764,2705.30140921643,2724.80545771296
10607,2659.82010182588,2674.94019701548,2692.09987880128,2695.37277233374,2705.49120490261,2725.01065574406
10608,2659.87973143823,2674.72696245801,2692.80563918355,2696.1127400743,2706.16799558098,2726.06919128965
10609,2659.89498521702,2674.49313046768,2693.43597640466,2696.76715792401,2706.756933538,2727.1094189013
10610,2659.86557704295,2674.31779017,2694.11550593559,2697.47303304457,2707.36223750322,2728.13841502733
10611,2659.79021037368,2674.38523325127,2694.80474825974,2698.19891519041,2707.96714541668,2729.10641088186
10612,2659.66730849065,2675.45331916049,2695.52038142477,2698.965658459,2708.56952552871,2730.22405654228
10613,2659.49564050482,2675.5271894321,2695.9717128747,2699.47204446113,2708.88286177275,2730.77414593562
10614,2659.27500069739,2675.74098186075,2696.29127489543,2699.84951937845,2708.981025618,2731.20149247024
10615,2659.00661265399,2676.00761863559,2696.46705835466,2700.08277021786,2708.83071438977,2731.39381019433
10616,2658.78525669768,2675.6300744438,2696.43405125609,2700.07846850046,2708.69289143209,2731.48993879417
10617,2658.56216760976,2675.01128550021,2696.33019535695,2699.99324139816,2707.4796682593,2730.6784174682
10618,2658.32065993187,2673.75319529741,2695.55766337675,2699.08569933241,2706.95548331712,2729.5803245846
10619,2658.06405819372,2672.86229647272,2695.20049516841,2698.67144618132,2706.59737470827,2728.79160111791
10620,2657.79633471723,2672.64907798714,2695.23980797857,2698.58496968701,2707.35416751196,2727.41051822385
10621,2657.55052723979,2673.12873863295,2687.22581553967,2691.04176205999,2701.79253958441,2717.82448577635
10622,2656.72917114222,2677.60114097177,2698.91780127145,2702.49967722432,2712.66074137439,2733.140130857
10623,2656.49299198885,2673.34599063221,2688.57849367992,2690.36857715771,2696.58208462452,2714.34909572347
10624,2660.29709523153,2671.38838737208,2688.45385867554,2690.64619680193,2698.00446470421,2717.6721904652
10625,2661.01696937093,2671.66694014073,2689.33521858289,2691.44623453265,2698.86132912681,2718.74463223695
10626,2661.3914612799,2671.66882213127,2688.63653516552,2690.80870755093,2698.13233169381,2718.21705478733
10627,2661.48455137246,2671.42664589732,2688.34128574982,2690.56541950058,2697.89636767943,2718.64552337068
10628,2661.51021329111,2671.24305098991,2688.40848866312,2690.65870950482,2698.05575196347,2719.13695907017
10629,2661.4964611152,2671.17464346489,2688.22985069855,2690.53641206532,2698.09404272726,2719.31119568858
10630,2661.43254928966,2670.60458971639,2687.72391838141,2690.12036139481,2697.90216699978,2719.36299247588
10631,2661.31028594961,2670.39326517865,2687.5687388247,2690.05897621446,2698.09444532167,2719.53102257602
10632,2661.16667294385,2670.30715466226,2687.18692543479,2689.81712186584,2697.9322967046,2718.2694451885
10633,2660.95249491595,2670.02560879727,2685.84358395623,2688.63866610418,2696.99568394949,2713.97286099547
10634,2660.08395421462,2671.3237137313,2683.69227932486,2686.38207057935,2693.36835022487,2707.76043246995
10635,2659.18325693676,2671.03771610123,2682.88927336397,2685.73816253324,2693.6126795231,2710.64210042012
10636,2658.88092111423,2671.36169088983,2684.53587810916,2687.48370265326,2694.36673966726,2710.74597217267
10637,2658.63207566537,2671.79743278239,2683.59118301837,2686.47161700195,2693.22806641906,2708.78144606533
10638,2658.35963417582,2672.12655534955,2682.53275667714,2685.3441529707,2692.12060657493,2706.19790899373
10639,2658.23667237371,2672.13548771814,2682.06264713861,2684.84799387115,2691.45829549327,2705.53349218688
10640,2658.54095171347,2671.20513307692,2680.74169592226,2683.44711167754,2689.77733521188,2703.15097847777
10641,2658.76411958549,2672.39235637949,2683.03832406732,2685.73633616396,2691.66662177644,2704.47301793719
10642,2659.06871283092,2675.22028247911,2686.07519412798,2688.90212061779,2695.26919370829,2706.53773921562
10643,2659.55741465272,2676.26200608947,2686.86069316325,2689.87938735939,2696.39793580644,2707.36645274214
10644,2660.50186693208,2677.06563957583,2687.7090939129,2691.11935301625,2697.29883446608,2708.68044709779
10645,2660.93748255885,2676.96496614337,2687.8444258976,2691.35018514037,2697.02219778485,2708.11036700123
10646,2659.84797763903,2675.98016880961,2687.40552964131,2690.29271517467,2695.98763667302,2708.05753230411
10647,2660.35000678189,2677.15048323393,2687.81766096904,2690.70701009338,2696.52208512295,2708.79096597403
10648,2661.17201944766,2678.98987366771,2692.18946958531,2695.32684068111,2702.39728201435,2719.00914059014
10649,2657.57218558268,2676.39690947061,2697.16379607398,2700.62201504608,2708.77543145379,2721.69291410324
10650,2657.59567696679,2676.16530237494,2698.7738713804,2702.59497595852,2710.36030507449,2724.56831081087
10651,2657.64290639326,2676.22989581384,2701.26747937787,2705.54322664927,2713.4039737274,2728.44347649862
10652,2657.70871293877,2676.4967749638,2703.65847098845,2708.40747065785,2716.55176846795,2731.84209322038
10653,2657.7873279793,2676.85885145946,2706.04712337318,2711.26927785163,2719.77570566291,2735.61531697438
10654,2657.87367838238,2677.25458763533,2704.52214540908,2710.15231878852,2719.03052639624,2735.89332677281
10655,2657.9642908171,2677.68827696103,2707.18983998415,2713.16993934892,2722.20381935607,2739.32165413422
10656,2658.05743845147,2678.16586854165,2709.68183744649,2715.92606955022,2724.95717735114,2742.30482499107
10657,2658.15256290488,2678.75294384643,2711.83979372436,2718.25528049776,2727.22602731899,2744.67814323037
10658,2658.24914224268,2679.4852363887,2714.41905414775,2720.93282424933,2729.77759758099,2747.28622210744
10659,2658.34355824052,2680.29030019623,2716.50424700942,2723.05282743025,2731.72462576596,2749.04928320303
10660,2658.41691731646,2681.27567609954,2718.74433869655,2725.29516616927,2734.43239003769,2751.17604645349
10661,2658.35653135333,2673.58104119818,2714.57514146701,2721.1319740419,2730.07304080774,2745.00133877385
10662,2657.24186143873,2680.46894915502,2721.77445415694,2728.58791887065,2737.7169529743,2755.11712578329
10663,2656.70229632547,2682.48342959159,2723.01168895729,2729.85564587088,2738.50961728184,2757.05660509403
10664,2656.77999278431,2683.02742100044,2723.02804929935,2729.88589066648,2738.62245970674,2757.09433691571
10665,2656.88596636198,2683.51777144296,2723.31956815991,2730.14408149137,2738.9397795065,2757.39511401809
10666,2657.00502776827,2684.07506280546,2723.56610191912,2730.32301693509,2739.14879286435,2757.66899248231
10667,2657.14535794517,2684.63935936021,2723.70924201473,2730.35828157181,2739.13510537903,2756.99040419798
10668,2657.32933639098,2685.27868042627,2723.65863936206,2730.15244926003,2738.52082429787,2756.72288584904
10669,2657.60910185225,2685.42436003658,2723.06940023984,2729.22669346325,2737.23598174854,2752.67868277385
10670,2657.94873353848,2682.71442950322,2719.54534140802,2725.52589495219,2731.60243374131,2748.09113511956
10671,2657.16655391213,2681.96005873984,2721.49417803021,2727.19938742348,2735.51679397453,2759.11373060918
10672,2656.35871280212,2678.62928861905,2721.24206321514,2726.92172717276,2738.62228629222,2762.11966600002
10673,2655.47561174142,2675.12193762038,2718.75465746804,2723.83623541127,2734.28999633385,2753.27073814096
10674,2655.44517091759,2670.02680040816,2708.0306683385,2713.09242404247,2726.19562451771,2745.19898018698
10675,2654.83816220284,2669.08661158942,2696.25622490151,2701.62547789128,2713.28310594475,2726.0412654541
10676,2654.72495470189,2670.81040461037,2695.9906265171,2701.1928869783,2706.94352127991,2723.50179373961
10677,2654.74761815349,2670.65333773011,2702.2570353458,2707.09598820072,2712.8608829122,2732.79985810356
10678,2654.65364882489,2670.44516137242,2702.41111037561,2707.08083944174,2713.44909855459,2734.27760218334
10679,2654.55708861006,2670.38201758544,2702.44007556036,2706.92336652793,2714.9716897954,2735.4672001712
10680,2654.59823380129,2670.36293099691,2702.58410590875,2707.06994260205,2716.12808811395,2738.51842112153
10681,2654.63174341292,2670.26519556102,2702.5375565469,2707.02881570117,2716.27614600785,2740.07467632407
10682,2654.66190830722,2670.16890058064,2702.53306381295,2707.04538780824,2716.30105703564,2741.1751941829
10683,2654.69014939193,2670.07743388871,2702.56070951939,2707.10793341166,2716.32645773155,2742.17182588104
10684,2654.71671489412,2669.98530527573,2702.61117602839,2707.20593363795,2716.38814247708,2743.12371378881
10685,2654.7414247995,2669.89180313568,2702.66596029938,2707.32045354755,2716.48050754107,2744.05421101317
10686,2654.76389186904,2669.79275622585,2702.68172836739,2707.4082349008,2716.57235531746,2744.91671209134
10687,2654.78370121076,2669.68939787293,2702.47637054435,2707.28375198975,2716.47952190293,2745.42523338655
10688,2654.80045591702,2669.58249283467,2701.71786371246,2706.60536462708,2715.85931341589,2743.42437754774
10689,2654.81918312815,2669.59427026912,2702.09462914638,2707.07861228445,2716.39842157625,2743.97139603893
10690,2654.83405134524,2669.64978426496,2702.50303554511,2707.5958335806,2716.98388210886,2744.7431372521
10691,2654.84384392738,2669.72162265632,2702.98297475605,2708.19026275633,2717.6044313223,2745.6454791009
10692,2654.84957305874,2669.81242715284,2703.58774858671,2708.9148013223,2718.33313527786,2746.61328061483
10693,2654.8514006165,2669.9266164255,2704.32580487625,2709.77416697512,2719.18279734126,2747.62272950387
10694,2654.84970560238,2670.07306107233,2705.19306589403,2710.759399586,2720.16138567478,2748.65304924096
10695,2654.84492748627,2670.26670767891,2706.1766244484,2711.8504473652,2721.29415725273,2749.70672489516
10696,2654.83012955302,2670.53535366189,2707.1866327399,2712.93056379978,2722.44685183892,2750.67729903886
10697,2654.79739127336,2670.79076548249,2708.03034455756,2713.77347292888,2723.50315414673,2751.36536034876
10698,2654.76164173649,2671.79856518757,2708.91585816517,2714.5449239659,2725.09166109954,2752.38353669951
10699,2654.7065524612,2673.45503842448,2708.15865904101,2714.06377525537,2724.79815822644,2754.10597162592
10700,2654.74968132484,2674.72688240549,2709.79531421423,2716.18834487007,2725.17356135934,2761.54400886225
10701,2654.82778792366,2676.21458998668,2710.56111690703,2717.04014540454,2726.68293780126,2766.54851452217
10702,2654.90106236673,2678.82636869518,2711.78840480169,2718.3163683262,2729.61808394007,2766.90346102145
10703,2654.98590584801,2681.95369722346,2717.13506822454,2723.17001517273,2738.60002907282,2770.24255955867
10704,2655.29968210136,2682.11557161155,2717.79864943105,2724.90248105553,2749.23602941672,2770.64782138433
10705,2655.39592929355,2681.79340348319,2718.96417425599,2726.41675137557,2748.5426624507,2770.19664672809
10706,2655.32455912009,2681.55650363233,2721.80406291265,2729.39863696392,2750.32261736581,2773.55998940471
10707,2655.26381732909,2681.58748926617,2721.18904892841,2728.91662759816,2747.90169329447,2771.99659125114
10708,2655.25959577127,2681.91806546582,2720.29593057703,2725.90322401715,2739.91601460096,2765.19347953209
10709,2654.90766617245,2681.08280975605,2719.86152954071,2725.25271327396,2734.57576010003,2766.73154576733
10710,2654.49864296853,2677.34844644712,2715.38550503953,2721.74229744264,2732.37924860335,2761.47467406101
10711,2654.10326865402,2674.36891695558,2709.14498378462,2716.1497988831,2727.78132566942,2754.64786320855
10712,2653.73204807591,2672.46550665715,2705.22927464146,2712.68510651831,2725.39635038939,2750.30319869522
10713,2653.38594763628,2671.10090210107,2703.51538089745,2711.34483245369,2724.78892808919,2747.81315820216
10714,2653.07305979727,2670.00651721284,2703.57121883011,2711.74970258231,2725.29051994177,2745.45479111031
10715,2652.80107386517,2669.17645042539,2704.04613565162,2712.59132028717,2725.70652229106,2743.38985683144
10716,2652.57241954292,2668.63635790951,2704.24217749817,2713.21821656466,2725.65708614303,2742.27685767313
10717,2652.3594520214,2669.14162085072,2700.91106011179,2709.78294885602,2721.78803477286,2743.03044094757
10718,2652.2905547124,2670.06166094268,2701.15981600034,2710.20145087288,2721.81767360903,2743.02295897478
10719,2652.27635354135,2670.70594716182,2706.42588776222,2715.34134645699,2724.5333931274,2749.75029352477
10720,2652.25541997541,2670.86105778014,2707.23590750429,2716.31130034335,2725.40023929482,2751.30363603026
10721,2652.32785261799,2673.83238610687,2704.60260729194,2714.00375205352,2725.5477419971,2747.4328029651
10722,2652.44385660289,2676.7462401729,2697.54709836967,2707.76807623067,2719.46839953394,2730.75433744596
10723,2652.29844622963,2674.93777774241,2711.98123537978,2723.27024759424,2734.7332057418,2750.42514628638
10724,2652.40140785374,2678.66117579722,2714.06515747691,2724.63520053289,2739.33164192953,2753.64430407911
10725,2652.56649978529,2686.78143451436,2720.28674501674,2730.26107481868,2745.41648127166,2764.22694968964
10726,2652.67153721791,2688.66947529866,2722.04711467547,2731.73632930304,2747.30605511554,2767.23901107165
10727,2652.76647264614,2690.14705143491,2722.94535015253,2732.48195582316,2748.89170598004,2768.82173030517
10728,2652.84733260733,2691.37879950258,2723.58834158289,2733.06029342656,2750.2469587331,2769.54640957433
10729,2652.91537917625,2692.32650800102,2723.83628138266,2733.33135127969,2751.08634781416,2770.22962033041
10730,2652.97752171356,2692.77093989011,2724.05443294749,2733.51476122194,2751.89586528445,2770.38309261403
10731,2653.19096886303,2694.43439508238,2722.91265237617,2732.70914096256,2753.10472751183,2770.06710802601
10732,2653.44593890499,2695.23257365036,2722.6203595515,2732.74551649313,2755.18922575535,2771.08712413327
10733,2653.72745902464,2694.49732279231,2721.20269880732,2731.50952365186,2755.35297920197,2771.00062224401
10734,2654.02934980417,2692.60636365281,2719.11880816982,2729.14755199533,2753.46143189468,2769.97774077535
10735,2654.10454382443,2691.03409392805,2717.5950073185,2727.05689900969,2751.33124226509,2768.68509795754
10736,2654.03875991485,2690.11339797895,2716.87603368382,2726.19717213458,2750.64204962669,2768.39109822903
10737,2653.99654532315,2689.04178191116,2716.1385801586,2725.31978883271,2749.89661179433,2768.18979517102
10738,2653.98767815908,2687.73467973952,2715.17709452762,2724.24978794902,2748.7597715423,2767.4679895984
10739,2653.9058854437,2686.54139148822,2714.16831882329,2723.11788595778,2747.66928481477,2766.48229235803
10740,2653.82365111526,2684.96029534217,2712.85970297743,2721.66661835229,2746.14641401043,2765.09763187617
10741,2653.72962169219,2682.95160508982,2711.05910112462,2719.69886590989,2743.98881712279,2763.12802704958
10742,2653.52651214801,2680.39558751597,2708.27996763879,2716.73250987748,2740.72074651136,2760.28177511558
10743,2652.98773386147,2675.66691481955,2701.72331368131,2710.14790007951,2733.17828437686,2754.22104424317
10744,2652.61370125967,2669.29619483089,2690.20406382865,2697.14806234502,2720.33839049291,2737.98132143106
10745,2652.44444461618,2668.64701094826,2689.3667991656,2696.09662126668,2718.95759024779,2736.58299795318
10746,2652.32116860574,2668.1099681303,2688.41136123067,2695.1331306109,2717.91333653821,2735.68147670761
10747,2652.21002080125,2667.57325051374,2687.20783268052,2693.86962783272,2716.56390618696,2734.83780375517
10748,2652.09447310033,2666.94347875245,2684.81096609411,2691.43235125411,2713.351708489,2731.45652860987
10749,2651.82138109002,2667.613073036,2685.93918598282,2692.26942451804,2711.91609827838,2725.12027802677
10750,2652.3213921694,2667.00753160506,2684.8718355737,2692.18996449874,2700.53828572262,2718.46613106475
10751,2652.84984274241,2666.93965529583,2685.12634337819,2692.52270898942,2701.99687482803,2718.17393862758
10752,2652.9988420219,2667.42512358695,2686.65307435422,2694.12700815161,2704.53001609935,2719.83039772103
10753,2652.98368887248,2667.0703599667,2686.95589708384,2694.44280344182,2705.48033756707,2719.88040796077
10754,2652.89549066589,2666.78856848483,2687.26058018817,2694.73347066505,2706.47572316396,2720.17059174894
10755,2652.76117292144,2666.57306434262,2687.60228557601,2695.04376402233,2707.6024465665,2720.71041125508
10756,2652.55084618618,2666.41504156877,2688.15229367287,2695.5497077558,2709.01014372998,2721.75029267467
10757,2653.39470964129,2667.86686334295,2688.25617838319,2695.60613176003,2710.40611189917,2722.20017137498
10758,2653.34493284902,2668.36349232731,2690.71846982827,2697.96626319442,2713.75797465556,2727.04541519452
10759,2653.21191405399,2668.61551554288,2691.28411643428,2698.45574611574,2714.67487994645,2728.3841989962
10760,2652.98696145021,2668.68849555615,2690.89517589252,2697.97602080712,2714.32973260619,2727.69633535257
10761,2652.68387799141,2668.57652566429,2690.28059194305,2697.26127834758,2713.54404730103,2726.84096458785
10762,2652.33628859803,2668.39226452864,2689.56039159022,2696.42352346488,2712.56819923815,2725.71584203352
10763,2651.99283644089,2668.18237949577,2688.71138467834,2695.44592172908,2711.25711489195,2724.35032059038
10764,2651.69518003741,2667.72488143649,2687.46731064341,2694.06613060807,2709.33241667791,2722.07675541235
10765,2651.49467413004,2666.18353918682,2684.83454898767,2691.18997602582,2706.07372624548,2718.63258812032
10766,2651.47285686317,2665.86467295023,2684.51866436217,2690.7810135885,2705.05854420971,2717.59829065821
10767,2651.42245727506,2657.65713708815,2672.94631853928,2678.69832386911,2685.86838188091,2692.41682402326
10768,2652.24820722569,2662.88125873935,2677.81268115169,2683.45131642719,2690.5106319598,2700.28441663782
10769,2653.78218096509,2663.08654563769,2677.93313258674,2687.22385454666,2695.40420137589,2702.79949463218
10770,2654.00118540421,2664.74413592424,2680.17918319499,2689.26297640746,2697.36909979773,2704.2073288553
10771,2654.35817271036,2665.59092289574,2683.42094688705,2692.16285068608,2701.63699974383,2706.9346808021
10772,2654.81452907534,2666.90372929913,2684.01913280577,2692.27356358227,2704.31757639557,2712.64201546089
10773,2655.1118804603,2666.57071820264,2683.37606940531,2691.10904258148,2705.05016752812,2712.41916736375
10774,2655.28181219085,2665.73101263892,2683.5979572066,2690.98933364694,2705.28329208221,2712.8941462206
10775,2655.22180283846,2665.00547561118,2683.52664993369,2690.95238178494,2704.95270330192,2711.26355086536
10776,2655.18731736675,2664.65343517578,2683.09645998923,2690.53007467508,2704.20577427162,2710.69961648858
10777,2655.15946203915,2664.40613165211,2682.49591973632,2689.836704547,2703.48666753949,2710.55776581195
10778,2655.12040795109,2664.30653969781,2682.04371759926,2689.23946859716,2703.0889602428,2710.62533629011
10779,2655.04859858117,2664.39061204938,2681.87425591833,2688.89564273862,2703.06226065256,2710.85112446116
10780,2654.90832391466,2664.71406357089,2681.87047179578,2688.65653206975,2703.21201044258,2711.01955166712
10781,2654.62902418209,2665.32360749474,2682.07337913762,2688.50811760606,2703.53548835837,2711.14910364092
10782,2654.07902124175,2666.27192683852,2682.64093732852,2688.43728947897,2704.15125106083,2711.53549943666
10783,2653.18536260355,2667.42821324099,2683.71749458801,2688.31005984538,2705.65339788646,2713.60982123179
10784,2652.674584761,2667.20399269854,2683.72606256858,2687.08567926947,2706.33063058709,2715.8131589665
10785,2657.77251712957,2679.44084773742,2700.33497738983,2704.89686431872,2718.08253459175,2731.20001643004
10786,2659.9364453846,2680.95479499864,2700.36399302101,2705.63800384609,2717.26601142714,2729.99457562008
10787,2660.71433339015,2680.83671992703,2701.86823404206,2707.25486012987,2719.40138431111,2732.08171624834
10788,2662.09840059308,2680.51154604792,2705.70824578595,2710.25210973017,2724.1327122621,2734.66103729741
10789,2661.64074428834,2678.24369891695,2702.56518506485,2706.54802296096,2721.57933974957,2731.96082259051
10790,2660.79528476078,2676.18792972911,2700.71140967473,2704.6248652615,2720.02522908551,2730.4038081236
10791,2660.23874596891,2674.53164030229,2699.67806231878,2703.76429996775,2719.19263618957,2729.58763422691
10792,2659.94404644408,2673.32230815672,2699.30338505401,2703.6833727422,2718.95670097417,2729.37387941412
10793,2659.82867503375,2672.65150828556,2699.41602191107,2704.15029732687,2719.18506632135,2729.64627317267
10794,2659.83568931997,2672.59101257066,2699.86308430457,2704.97548189024,2719.7165943441,2730.31812748631
10795,2659.77122261723,2673.58711090203,2701.07280913082,2706.55135766283,2721.23032443743,2732.21761610228
10796,2659.45216288937,2673.23328893175,2700.16786784284,2705.75275496567,2720.40786499406,2731.34365785898
10797,2659.18200719837,2672.77095303034,2699.48348631886,2705.07597955876,2719.72432109573,2730.74557570555
10798,2658.98526440892,2672.46569006665,2698.79849755824,2704.35878185315,2719.04963594318,2730.19797054842
10799,2658.84303285637,2672.16608391383,2697.31537179958,2702.82727586759,2717.83361222313,2729.02796029726
10800,2658.75995443022,2671.92459296611,2696.85712866176,2702.12326389397,2717.74507129371,2728.29797109867
10801,2659.1219612975,2671.82213004685,2695.09682232295,2698.20077038483,2715.53637156187,2724.08341528205
10802,2660.11652874961,2677.35129295672,2708.35354958351,2710.22813470621,2726.32187718019,2734.90470981756
10803,2659.94829580457,2679.30193411868,2706.42114999953,2708.71956922801,2724.43316448034,2734.33238170605
10804,2659.79111132259,2680.2750766127,2706.65615434035,2709.13913018438,2724.4048371021,2732.81134733208
10805,2660.03933068623,2680.84236998912,2706.77536922994,2709.11863266322,2723.82186200595,2732.10609825724
10806,2659.17464015325,2678.84598232714,2706.45578469193,2708.65434114056,2722.06298772659,2734.37748899822
10807,2658.63936489472,2677.93144656211,2704.55179807,2706.6204923022,2722.12315302867,2741.32611501629
10808,2658.5348726074,2676.93903139354,2700.63367005195,2702.74450762817,2718.26328539297,2724.02865719557
10809,2658.28331504798,2676.16293535295,2699.84494265778,2702.07732991977,2716.19825909554,2724.74824162976
10810,2657.90805008979,2675.8426010333,2696.48813961756,2698.81323063745,2711.48975529807,2724.51377077214
10811,2655.55090213841,2674.73925946186,2691.48642609362,2694.32738293835,2709.52079354681,2718.76776592042
10812,2655.56054732468,2673.46646424088,2696.39360627355,2701.35288737004,2716.63009919478,2728.37473719838
10813,2653.5446660651,2672.86924365541,2693.22962081428,2697.04183171835,2711.1728048937,2724.91102424049
10814,2653.69699156546,2672.35631237185,2692.68683090943,2696.26895121326,2710.06481375047,2718.91213741411
10815,2653.79652596922,2670.01013160352,2689.43791070746,2692.99834476344,2708.35733010831,2716.80272823117
10816,2653.86353769173,2671.50850629122,2689.91131693431,2693.5593648984,2708.90337142284,2718.18633057442
10817,2653.95304881747,2671.52519495695,2690.18553114765,2694.02653950145,2709.34770347947,2718.31845117448
10818,2654.05503957831,2671.50944317191,2690.5764788697,2694.7401693099,2710.0783079134,2719.13661728145
10819,2654.12794048573,2671.35810705123,2690.56996788413,2694.63684838735,2710.25852339995,2720.1539871607
10820,2654.19630863482,2672.10076889587,2690.82031792198,2694.67166585253,2710.762302795,2721.02765052845
10821,2654.24877100237,2671.97812041315,2688.84289443229,2692.40285397863,2709.22527154618,2719.55371154675
10822,2654.26589184747,2671.44644441163,2689.08900440578,2692.55828311404,2709.74707922713,2719.9304670907
10823,2656.06948117108,2678.48126200829,2693.90949444256,2697.38021744968,2715.6869810419,2729.34165486224
10824,2659.51991503391,2679.62612531242,2701.20790514564,2705.38731942831,2722.98611756342,2738.89648603988
10825,2659.6339320391,2680.1258634699,2705.22977339658,2709.05020888011,2727.14861242579,2742.63306312414
10826,2659.66820017715,2680.51303286917,2707.04044492473,2710.75203528842,2728.81129763482,2743.84852406217
10827,2657.13788419641,2679.14331640606,2706.01647455586,2709.49268010906,2727.70966606068,2744.62783168612
10828,2655.50437799901,2680.52695787014,2704.76804065007,2708.08225616022,2727.29096139349,2744.15628773739
10829,2655.81268196099,2680.52412433479,2702.85215173833,2706.23776794442,2725.07417520955,2740.7316535748
10830,2656.22533795887,2680.11660252393,2702.62049853673,2705.99610757175,2724.86601140469,2740.67941952006
10831,2656.66371463142,2679.32829681051,2701.26830909242,2704.59757898493,2723.41710590062,2739.00930740293
10832,2657.09858504694,2678.19451974932,2698.76101038225,2701.91761205441,2720.67745192964,2733.71023337621
10833,2656.87897022909,2678.19717415867,2697.87278877896,2701.27064200512,2720.01397705442,2731.93273059827
10834,2655.76283505815,2677.70599609675,2697.9392350115,2701.39471110544,2718.16183538608,2731.74757969724
10835,2654.99585876232,2677.45930987242,2698.35778601203,2701.76356730356,2717.93799504719,2732.71004241405
10836,2654.57499066187,2676.18964096509,2694.10448944956,2696.97221505202,2714.29216724293,2727.78463461347
10837,2657.22413393995,2674.0473383178,2701.07662628018,2705.06708427996,2721.32420013668,2732.64079373788
10838,2655.32595232894,2669.9486315581,2705.14522323285,2711.35442850557,2726.44247749663,2737.64600171959
10839,2655.11281730954,2669.73214053724,2704.33027875865,2710.24662488368,2726.27243538467,2738.79037450122
10840,2654.91992055146,2668.74071348074,2703.01795073138,2708.9348215315,2725.49077196237,2738.66856857289
10841,2654.63706919637,2667.23886895468,2697.48360143889,2703.58680072148,2719.27692868123,2732.09878379401
10842,2653.37045590067,2665.92864495414,2687.23807855371,2692.0054526517,2707.9537861787,2719.73970438746
10843,2652.91277607532,2664.86486252016,2685.81095316197,2689.59797419131,2706.50434421059,2718.54060603864
10844,2652.65114164561,2664.0904754464,2684.88177548272,2688.61572406877,2705.88798123895,2718.43850213061
10845,2652.39563723224,2663.45837099615,2684.54793334939,2688.6556115717,2705.75349014986,2718.54556152607
10846,2652.00407366986,2664.83621736309,2686.43421063552,2690.79136997586,2709.48786072767,2720.3970345316
10847,2652.15945623971,2664.80198374303,2689.85103390998,2695.51620997145,2715.38981884516,2727.42287024331
10848,2652.21369726405,2664.44632615332,2694.38262694334,2701.30103573256,2720.43885936027,2735.19590771511
10849,2652.24361151277,2665.73854207274,2696.64289185046,2704.06559299309,2723.14451709507,2739.26650681117
10850,2652.27749606021,2665.5010727409,2697.27737434559,2704.89753675738,2724.33022761055,2740.78341639158
10851,2652.30754623587,2665.35491350069,2697.66644688678,2705.42485664824,2725.95674438186,2741.96784194062
10852,2652.3358733125,2665.31640850864,2697.86975225838,2705.74595664738,2726.85759958553,2742.71503172091
10853,2652.36333491217,2665.47166707891,2698.02456559392,2706.01080121457,2727.66672826689,2743.30679791363
10854,2652.36631355546,2666.60192287156,2697.04154063743,2705.06058773719,2726.82561352873,2742.69647312965
10855,2652.33481682087,2667.76568705779,2695.03403661806,2703.01797720067,2723.40581037432,2740.76534329036
10856,2652.25761007354,2668.49526706238,2692.04590885309,2699.91783611694,2720.04308642352,2737.70651926249
10857,2652.13717570641,2668.31848315838,2688.46347422325,2696.18638779763,2715.86835809709,2733.97108338748
10858,2651.99897518591,2667.39573485976,2685.21459506903,2692.76603398145,2711.54611443667,2729.61975181037
10859,2651.92461542054,2666.81707328234,2684.32529150847,2691.88654554024,2710.38410410888,2728.68533909199
10860,2651.90768412101,2663.57056401807,2683.92703221359,2691.66102786536,2710.83322027942,2726.51378132764
10861,2651.85440425566,2665.91485584106,2687.30994184354,2694.9385233768,2714.81571801949,2730.05510177819
10862,2651.78970899149,2664.9811439296,2687.62788669391,2695.04510648264,2714.9678623055,2730.6718341077
10863,2651.73922297407,2664.14077294973,2687.34641352636,2694.59523151664,2714.61752300759,2730.49418805194
10864,2651.70408722338,2663.38394057239,2687.51872756108,2694.59316182953,2714.6372289313,2729.47544864392
10865,2651.68504408736,2661.66826753523,2686.00471520738,2693.16303153408,2712.92256549011,2729.17691759023
10866,2651.68189644698,2662.62293236181,2682.68891186639,2689.64878497979,2708.03825049819,2727.03887664918
10867,2651.68365572015,2662.53279948965,2683.3162537724,2690.23432376981,2708.25289180435,2727.52209383456
10868,2651.55302374866,2666.79707229227,2693.15086463109,2700.3343279837,2716.35931955409,2739.06810612226
10869,2651.30080704538,2671.72787035184,2698.28636558649,2705.05096940603,2721.79367966366,2743.04076254635
10870,2652.94627509224,2684.36715097493,2699.94807224028,2704.59515748498,2723.14216977843,2749.2028222252
10871,2656.08039285464,2685.03258103876,2703.35535767509,2707.69493288164,2726.31515874303,2751.9285900588
10872,2659.48839414126,2685.96328235447,2704.10199884437,2708.37351790796,2726.56468700132,2750.25956731269
10873,2667.19156932872,2689.04374645376,2703.79155836539,2709.15041335054,2728.35955478447,2748.8191331259
10874,2669.79964370754,2686.11019557302,2702.53776356551,2707.57834500648,2726.68434417421,2748.04595680314
10875,2665.71990354432,2683.81877742143,2704.97553764837,2709.2585627218,2728.47437518509,2752.08936001522
10876,2663.88044622818,2684.24921031523,2704.92642630069,2709.0237505652,2728.80484107542,2753.21315743978
10877,2663.70860291927,2684.57273311266,2704.57112837987,2708.68936741642,2728.78204990086,2753.13490232374
10878,2663.60140926711,2684.79143245671,2704.34564707912,2708.47688369844,2729.04947269428,2753.12278946062
10879,2663.50136594863,2684.88349304355,2702.95061530171,2707.06494430855,2728.12082138845,2752.17848524524
10880,2663.40006151746,2684.84632062706,2701.70005687618,2705.75803606502,2727.41898674805,2750.44889864818
10881,2663.23818772281,2682.90714914913,2701.30373838339,2705.38445325278,2727.36963572227,2748.77414878798
10882,2663.01171145551,2682.69718161167,2701.89654585115,2706.06671743875,2728.34757163574,2747.65015862695
10883,2662.79467084524,2682.3103459471,2701.13383331645,2705.30377253654,2727.61023781829,2746.06624925694
10884,2662.58744379993,2681.74607828938,2702.15413296187,2706.12874117532,2727.9431278395,2745.37196628211
10885,2662.39027189709,2681.162842588,2703.79828673922,2707.60158180785,2728.92063423981,2745.4716222301
10886,2662.15022852765,2681.16144090611,2702.13419334932,2706.12581176552,2726.72383318669,2745.26811912334
10887,2661.87402206636,2681.46292277683,2702.21807414203,2706.27120430638,2726.45154693395,2747.53222955625
10888,2661.60037351188,2681.46491213113,2703.06115523599,2706.76017124833,2726.92592974508,2748.16435695737
10889,2660.14148905763,2681.07066692682,2701.86523450131,2705.15153010365,2725.93074121885,2744.77750526466
10890,2660.31332045049,2681.63485712489,2706.83828321898,2709.99613008345,2730.84300923093,2747.21256381823
10891,2660.5033752516,2681.45553754887,2709.53889411813,2712.60740806959,2733.08187173134,2748.76536383475
10892,2660.62268668947,2681.15562203898,2710.94647447452,2713.95552055352,2734.41140058552,2749.74892348027
10893,2660.63550350136,2680.74541382195,2711.79634147423,2714.74050153554,2735.19866294887,2750.57752660465
10894,2660.54305566333,2680.20085872988,2712.05791433324,2714.92296156173,2735.24033159755,2750.93544201998
10895,2660.35564794037,2679.45776949105,2711.71546932383,2714.45661513542,2734.48355309139,2750.57152913068
10896,2660.07674727382,2678.40893734622,2710.53286729943,2713.02628508622,2732.70630328166,2749.32858294894
10897,2659.74095095281,2679.84116720574,2709.06020685517,2710.93160818757,2730.59992068893,2746.97522910331
10898,2659.72308344667,2679.05230693398,2702.07797156607,2703.89485109798,2721.3137582653,2736.02149856572
10899,2659.01145742127,2677.58575164933,2701.74858668001,2703.39711580002,2720.25815480785,2733.97219711641
10900,2658.91190965823,2676.24126946918,2700.44930860233,2702.30088545374,2718.3507840296,2737.32440643476
10901,2659.11789209416,2676.56225925949,2700.69166169217,2702.69303019589,2722.13180064197,2743.87478745803
10902,2659.33275294292,2682.21651897632,2706.75294540381,2708.71756235599,2732.34047387955,2754.60809028259
10903,2659.2278076165,2684.96366308358,2707.93463121251,2709.84310794148,2732.18800227235,2757.65136875642
10904,2658.82334488986,2684.9396453168,2708.38617432627,2710.34300945135,2731.02287897965,2757.65391935984
10905,2658.23672423071,2684.2570944282,2708.73057784533,2710.73530093249,2730.27355090126,2756.4764642549
10906,2657.58687450003,2683.43152582386,2708.82438952576,2710.87317768854,2729.59755835806,2755.2882206642
10907,2656.95473546794,2682.57792815021,2708.57921244553,2710.6668667111,2728.78532318189,2753.88794708122
10908,2656.38093930099,2681.81430746142,2708.11250500305,2710.23746933134,2727.88675113371,2752.42951656077
10909,2655.87842964845,2681.13356341101,2707.46068884887,2709.62109261352,2726.88650591092,2750.93402538657
10910,2655.44526571628,2680.55548710169,2706.73331912956,2708.92762429008,2725.87472232149,2751.02427764952
10911,2655.07315866044,2680.03809928155,2705.90648078197,2708.1340530832,2724.82449169762,2749.76141987919
10912,2654.75217962985,2679.59626721812,2705.05398255164,2707.31419565134,2723.81472373843,2748.50329909235
10913,2654.47272515799,2679.17422902045,2704.10279761442,2706.39774184074,2722.78578668513,2747.24303225707
10914,2654.22638194682,2678.7900169203,2703.16115656706,2705.49563699492,2721.86805665551,2746.04955363004
10915,2654.00596309722,2678.39635869843,2702.07757360945,2704.45156002566,2720.90343466913,2744.81388372801
10916,2653.8052282067,2678.02554295636,2701.08029863517,2703.49926070828,2720.13312164188,2743.73476125969
10917,2653.61825915969,2677.63524614855,2699.94612648842,2702.41442508963,2719.29516125946,2742.61133276192
10918,2653.43902166332,2677.23926713726,2698.94152813341,2701.46259475973,2718.64808268061,2741.73345406827
10919,2653.26079537274,2676.82864288323,2698.02885426929,2700.60337860268,2718.09616274427,2741.07979117487
10920,2653.07656646905,2676.40480127099,2697.47343579039,2700.09076338457,2717.51815485474,2740.66330128605
10921,2652.93410325277,2675.91046249723,2697.23139633256,2699.90085499444,2717.43273736821,2740.58102078945
10922,2653.0027584268,2681.02197794577,2697.80657286736,2700.63934123085,2716.71109779932,2738.69572572197
10923,2653.10031333319,2683.07071583336,2699.73469486209,2702.61490987511,2720.10819137366,2744.03458007294
10924,2653.1988491367,2684.00595801262,2699.02656714155,2701.94838641494,2719.07350327341,2743.16839888582
10925,2653.28740501551,2684.87130872379,2699.1759280296,2702.12834960971,2718.33305436197,2742.77512565789
10926,2653.36552385718,2681.00022716004,2694.52419470781,2697.47424859569,2714.03341679371,2737.90008156932
10927,2653.45769015246,2678.52792345891,2695.22012335456,2698.09113224981,2713.80946719238,2735.87644149684
10928,2653.52480757154,2675.28952295828,2694.814687787,2697.2587056877,2712.56831242173,2734.94127748075
10929,2653.37897462716,2675.36161022415,2694.28806420348,2696.68470312955,2711.8974989901,2735.58144626108
10930,2653.23720434732,2676.18159237803,2694.95970126191,2697.29588049114,2712.53000264044,2737.53240763109
10931,2653.17856549796,2684.98591188461,2701.50595641373,2703.98643593096,2719.31137289622,2746.83221687638
10932,2653.27386559682,2686.60038440752,2701.81511712765,2704.06941838591,2719.75911448649,2748.15486443042
10933,2653.49438904532,2687.38029290362,2702.08729138995,2704.1473770848,2720.17312433582,2748.90844767385
10934,2653.71840173823,2687.93696532754,2702.73022283482,2704.69937234193,2720.58588639501,2749.6981928612
10935,2653.77814263597,2683.20344695548,2704.35745359711,2705.52453500374,2716.04750373812,2747.30686394233
10936,2653.38958264216,2674.79787106994,2690.6737656794,2691.74881088237,2710.28413435517,2735.44922375839
10937,2653.43607995205,2673.84866408286,2688.17228844424,2689.3579873594,2708.75265790733,2732.84910044799
10938,2653.46069981133,2673.75593518384,2687.55553525056,2688.86971912675,2706.86343207304,2732.98337133222
10939,2653.46303456717,2674.30454836175,2688.01560482286,2689.5118864574,2706.23262508282,2731.90905976545
10940,2653.51917308922,2675.41063421445,2690.06650573343,2691.75473404288,2706.63110367274,2734.72457964482
10941,2654.1623468663,2676.26150710764,2693.92160898962,2695.61394452065,2707.41799770522,2737.55167304352
10942,2654.47490633194,2672.78592595879,2696.44185819475,2698.14526505898,2710.22671108824,2729.28638268508
10943,2653.01561226789,2671.69603460733,2695.14812953501,2696.74516352853,2706.87761750823,2727.10242263176
10944,2655.8750494612,2665.22893552418,2681.87836573111,2683.34194803691,2690.79424210272,2704.47752376506
10945,2653.52582775191,2665.95443572597,2688.18074703149,2690.40105872887,2702.04021202179,2717.6877049159
10946,2653.4389741293,2665.54511094075,2688.89624275143,2691.14737114552,2702.66123893539,2718.92578783363
10947,2653.44574484059,2665.32096858821,2688.84295516403,2691.10639918316,2702.41465711716,2718.52818314881
10948,2653.47693345686,2665.17911903923,2688.85321866872,2691.1328449939,2702.24702578043,2719.76327849137
10949,2653.52919453859,2665.23949170774,2689.12743753166,2691.43360646708,2702.44515246073,2719.42947834341
10950,2653.57747594692,2665.32514394617,2689.35216053637,2691.68403717569,2702.68040661231,2719.48983124128
10951,2653.62619034436,2665.44691440827,2689.54323269535,2691.90926396214,2702.94568431175,2719.83663952249
10952,2653.70163140388,2665.6359302743,2689.6701037806,2692.1016769095,2703.14651977396,2719.18702756497
10953,2652.58564158609,2659.16828056382,2678.88481040368,2679.95067586567,2686.55946599835,2702.36917323706
10954,2653.09284913621,2664.73921409458,2685.0380416609,2686.18940854857,2694.03962207687,2710.05309421855
10955,2653.20035745324,2664.45356805228,2685.04974760245,2686.41612898443,2694.6370841826,2710.76781608339
10956,2652.93856861747,2663.45845069356,2685.42445367978,2686.89779885921,2695.49034637083,2711.8548016749
10957,2653.79244174268,2667.44846771684,2689.90334052261,2691.67792837652,2698.95619917114,2714.73534696174
10958,2653.89181191076,2668.03768447062,2691.63613340084,2693.12081151934,2700.61049332779,2717.11655991595
10959,2652.82947981365,2664.63825348637,2687.99456844804,2689.30595389567,2694.72184362312,2711.58933590442
10960,2652.35001376596,2664.4738577553,2686.55682345066,2687.78009213788,2696.78415756573,2713.8073320594
10961,2652.33200200869,2665.08652769114,2688.33097943482,2689.49367761022,2696.46350856316,2713.33260716757
10962,2652.76387571089,2665.18160959429,2687.75040623282,2688.98340191983,2696.5682667783,2714.90811830851
10963,2653.47383029451,2665.38190372799,2687.17564875637,2688.48894313043,2696.76618369687,2715.17255750654
10964,2654.14354832827,2664.09676077449,2689.08904306116,2691.40347173202,2699.47553802957,2717.02280162016
10965,2654.22871082839,2664.26841043219,2686.42265435542,2689.42460224982,2696.69356797202,2714.83236239392
10966,2654.39000649313,2664.66888283348,2687.63279387881,2690.19588271056,2696.73371994258,2712.08805708334
10967,2655.49516403046,2662.19156542091,2687.34763777543,2688.61281381106,2692.97383533596,2707.94865561578
10968,2655.51877050991,2662.12576554231,2686.01235301765,2687.44915005844,2691.87959467292,2707.5764586711
10969,2661.16235435477,2679.70915664918,2704.13580363484,2705.46519833138,2711.39978243528,2731.7577424724
10970,2668.3346296996,2684.89782452379,2708.36374680568,2709.56123801733,2714.70637608854,2734.4307963762
10971,2668.10283402639,2685.47239686435,2710.35771050398,2711.5408942877,2716.45049983146,2736.68690123647
10972,2665.73884358821,2683.42524003398,2705.05120836786,2706.52487864695,2712.11873778475,2732.22661212881
10973,2664.24973349987,2682.62219824971,2704.72861234486,2706.41391062446,2711.17498236608,2734.40731982407
10974,2662.37687999334,2681.14836398871,2702.16474703113,2703.88915563882,2708.24382710608,2730.9721852786
10975,2660.54450706068,2678.67816654808,2697.85854707189,2699.35246615105,2703.68351839425,2725.88161035691
10976,2659.07157574606,2674.31166378053,2691.34056871868,2692.40176517506,2697.05795186837,2717.95715503663
10977,2658.07447830291,2672.06453963395,2687.20310643601,2687.96101337321,2693.42828499229,2712.35298623667
10978,2657.47054484456,2670.95630792454,2685.54402878148,2686.17652426276,2692.69512017642,2710.56046766579
10979,2657.57222421382,2671.80887849698,2690.56193150031,2691.05144350121,2698.11643131897,2714.00994766373
10980,2658.65763546915,2674.87613955465,2692.87427477276,2693.55018490409,2702.83892138973,2719.24044802485
10981,2658.8542404765,2676.23329677354,2693.43481179603,2694.43577953293,2705.20061917892,2722.08846969936
10982,2658.92047420789,2676.22404085522,2693.55691657369,2694.75793578344,2707.13442655072,2723.32940077378
10983,2657.08477974224,2677.06995812608,2697.56061259742,2699.75734628172,2711.06320422436,2728.23248751572
10984,2657.76482140368,2677.44978799992,2700.78920983182,2702.69909824558,2714.72874188763,2737.05064571361
10985,2658.07060608526,2677.40880949323,2701.56229987582,2703.36473191034,2716.11719325371,2738.92332315251
10986,2658.25971587987,2677.29743662465,2702.30437687162,2704.06750040928,2717.67487479732,2740.1230032874
10987,2658.40049652208,2677.21015355362,2703.50924750888,2705.26835249456,2719.7560507553,2741.28882803368
10988,2658.51386652581,2676.50431702219,2703.97589339617,2705.75936456542,2722.31944094593,2742.68342137718
10989,2658.58140662167,2678.17686729893,2705.04090555119,2706.85431545873,2723.77398910984,2744.0355196413
10990,2658.63283710796,2678.74729633975,2705.17534783832,2706.98851170457,2723.60549605443,2745.28106401712
10991,2658.59599952235,2678.59287299616,2705.73934901862,2707.56583938203,2723.80926873751,2745.11910048499
10992,2658.39889991225,2676.75219047387,2705.43305413881,2707.29706977685,2725.93393345165,2744.87332988379
10993,2658.20942246586,2675.74427783447,2705.34028470717,2707.23537938724,2725.12451859464,2744.46710051028
10994,2658.04109509592,2675.19916560319,2705.61090110751,2707.52465559994,2724.70673731365,2744.95843297534
10995,2657.91037589425,2674.80392101712,2705.79864372273,2707.75346813485,2724.57134409342,2745.24945387758
10996,2657.83116386922,2674.35239943239,2705.72811342603,2707.75078833795,2723.9643215926,2744.22113937889
10997,2657.82292950565,2673.61097912764,2705.37270819574,2707.48690332269,2723.87652255072,2744.61691746691
10998,2657.82651725611,2673.31363565485,2704.2030959171,2706.383940288,2723.25608700236,2743.57720090591
10999,2657.73722795701,2673.73626837361,2704.62634720658,2706.81091115292,2723.32271267608,2742.15219580864
11000,2657.63641553318,2674.26969394844,2704.60987884816,2706.80484446823,2723.1141732284,2740.84909215248
11001,2657.52239487356,2675.12879033936,2705.84071824999,2708.06431056184,2724.15178379779,2741.03905134616
11002,2657.38459095999,2676.27862291024,2707.05053511718,2709.26543801201,2725.10597570176,2741.40762654563
11003,2657.19317381738,2677.26412635056,2705.04012706233,2707.13140387246,2723.04497368077,2739.047425445
11004,2657.39866094685,2677.74210965809,2700.70142724884,2702.42638179722,2717.03003123952,2734.26035713621
11005,2657.96114016364,2673.64517329387,2692.86374427939,2693.73726940475,2708.44589859755,2727.68309305969
11006,2656.18377047717,2669.03495105244,2694.3195283755,2695.18144745213,2711.2192342813,2730.93647500419
11007,2656.06618976434,2670.9814646194,2696.56453436368,2697.37727660685,2712.77266225822,2731.6197555474
11008,2656.10914382648,2675.9412404645,2697.97488135692,2698.83609254025,2714.74639418171,2732.72114155069
11009,2656.67892113928,2680.40257654358,2698.11414207694,2699.09364707582,2715.49381189757,2731.47805905524
11010,2657.28147002004,2682.2988874834,2698.04392842633,2699.09520654268,2714.01800795399,2729.46281065685
11011,2657.1548404423,2681.41279983518,2698.06440731177,2699.29387018554,2713.86007079921,2728.96212298649
11012,2657.19083750289,2680.59976221111,2698.16128066346,2699.74776990626,2713.54553600034,2728.67881399625
11013,2657.36458481556,2679.1072618716,2697.54095898865,2699.57484692716,2712.53118284708,2727.77963159395
11014,2657.50686847508,2678.061133961,2699.39275756956,2701.89837942454,2714.41524880861,2730.17424478336
11015,2657.44536111919,2684.53071983681,2701.37399188156,2704.11205656702,2719.21375312898,2732.36382537349
11016,2660.30422765148,2684.92320506036,2701.76628311616,2703.80389101003,2720.15564908223,2734.05246526337
11017,2664.64829340449,2685.04168249453,2701.89700647158,2704.34936349891,2721.19863336609,2735.24192163099
11018,2666.61167783352,2683.11711028198,2700.86804929269,2704.34683260731,2721.72849833999,2735.13990648315
11019,2666.85119956653,2680.2030519819,2699.28676375355,2703.49496624901,2720.72334093566,2734.01246359608
11020,2667.07645192896,2676.81462218759,2698.17559283503,2702.61554380484,2718.23858548103,2730.4858901352
11021,2666.54461682995,2678.45624876089,2702.97170543579,2709.69810405782,2727.93018963526,2740.66579562501
11022,2663.92217489043,2680.29372559051,2706.09720401837,2713.19775068835,2731.71960319847,2744.64800608785
11023,2661.74201384286,2681.42661669871,2707.03004468317,2713.75827404272,2733.095856543,2745.60946261097
11024,2660.22430120579,2682.12686832881,2706.77576284145,2713.15059419021,2732.9049734939,2744.71407723796
11025,2659.15483740688,2682.53189360628,2706.24655644342,2712.358615121,2732.05371329984,2743.23399047502
11026,2658.37500886402,2682.77330682802,2705.83974810495,2711.76818047087,2731.2606509062,2742.17377729084
11027,2657.85159481787,2682.55529328477,2705.26127094539,2711.01336146671,2729.4606851227,2740.20871921254
11028,2664.12301105609,2690.20936746784,2706.59894486774,2709.64224482382,2728.30742374631,2735.16500712384
11029,2661.45831827044,2692.38089326396,2709.55184300878,2712.03445804569,2731.40800081057,2738.75108254104
11030,2670.92340604296,2694.3028490711,2709.98069347418,2713.2666315673,2730.84639130916,2739.97653506535
11031,2675.23630423693,2694.88253165727,2714.12976255866,2717.71714043279,2734.95284724544,2744.80337781187
11032,2676.06256307736,2697.04459728721,2717.70447690744,2721.06644708116,2739.75131316244,2749.54269041005
11033,2662.35414357269,2686.0242708571,2713.60457892396,2715.4901857463,2736.1356001128,2745.22620596966
11034,2662.5964040292,2687.69373651529,2715.62071096618,2717.66347087244,2738.90546205834,2748.09438861325
11035,2662.82434683946,2688.85823965052,2717.22573746888,2719.40546614543,2740.57142006896,2750.34848356106
11036,2663.0360623334,2689.60983408853,2718.4443648719,2720.7588564404,2741.97656102731,2752.24565217466
11037,2663.2374607598,2690.08343760706,2719.42606281168,2721.86326490755,2742.84295087505,2753.68634595914
11038,2663.44477174932,2690.33232718731,2721.44106728657,2724.03818444729,2744.65087710429,2756.13537707054
11039,2663.6879593648,2690.37550675145,2722.37668585161,2725.06538091786,2744.94908566371,2757.08391928675
11040,2664.01621285979,2690.2347458014,2723.25968565877,2725.99330017873,2745.10377061357,2757.83467108731
11041,2664.51167691165,2689.94848489241,2724.18187187881,2726.94271767123,2745.41044760757,2758.59881912142
11042,2665.32084339778,2689.59530431225,2725.35361805288,2728.12609230958,2746.21123263635,2759.74493572762
11043,2666.72740462435,2688.54151703549,2725.38599210743,2728.10519347006,2745.82913548452,2759.69130301084
11044,2669.29994101659,2688.89918199793,2726.23059648309,2728.95835461259,2746.86733793953,2761.33046647681
11045,2673.89477572766,2690.92374697018,2725.69715746735,2728.45790212392,2746.56106671583,2762.82915471487
11046,2673.57266947395,2705.96287640717,2728.68305526617,2731.34128177048,2742.95280820875,2759.34791143844
11047,2673.24490462743,2704.51889752838,2725.96819482603,2727.96393499714,2739.74249695924,2755.31668481366
11048,2670.53312552592,2693.35989923304,2721.6344989068,2723.78762418852,2738.04363452894,2751.9572568671
11049,2665.45231748858,2687.36520716484,2713.09014514611,2715.42601668161,2730.87299939473,2744.53728564499
11050,2658.60970757722,2679.73346133282,2699.4301747906,2702.04918424058,2718.06718887811,2729.49252866888
11051,2656.56326663908,2675.77485574049,2694.26339764799,2697.06981750941,2713.23433880109,2722.64590987452
11052,2655.66525272367,2673.95793242511,2694.85704831312,2697.64497089356,2713.64773268054,2722.78722912623
11053,2654.81594133331,2672.60225271202,2696.59984897509,2699.42499616089,2714.88109616401,2723.42555837965
11054,2653.98138335718,2671.53599779037,2695.74430411268,2698.75098944329,2714.07276277492,2721.76261121229
11055,2653.3125942589,2670.86026545795,2694.28093576998,2697.43677158247,2713.04893620411,2719.99527196566
11056,2652.85678013544,2671.27083346812,2695.08064703787,2699.95885034466,2717.06688719165,2727.66490940177
11057,2652.87742638762,2671.94611706987,2695.3033313599,2701.65286379334,2718.6501391455,2729.4693625067
11058,2653.01326437853,2672.75904579631,2694.59240824352,2701.63929177122,2718.81566449183,2730.38483831994
11059,2653.1367164375,2673.16150124484,2690.68193171051,2698.10507108812,2715.05787593286,2728.34858686306
11060,2653.23031236309,2672.97689633841,2690.7924941642,2698.33249505295,2712.58492342625,2725.09437118172
11061,2653.41808154221,2671.04929500056,2688.00607246035,2696.0863471234,2708.03935627994,2721.66253793281
11062,2653.59268338562,2671.11740197755,2684.3264247389,2692.75617812291,2704.22399142308,2717.7173723424
11063,2653.94662289393,2671.06308525114,2682.60585786398,2691.87024132517,2704.03256275464,2716.78977462992
11064,2654.24343216115,2670.0800312263,2682.18688318698,2692.15875064741,2704.5613526673,2716.96502028047
11065,2654.32114109166,2667.77116376954,2680.79039070312,2691.21712241905,2703.76144491166,2716.46349635077
11066,2653.39523594046,2667.06155399625,2685.38170761243,2696.17910787919,2712.35617672918,2725.85983099398
11067,2653.19201660538,2667.19810603878,2687.31446707111,2698.87238528923,2715.75408354438,2728.56525962979
11068,2653.02508008813,2667.00506411225,2689.48320625905,2702.11782760823,2719.27515787266,2731.43300545149
11069,2652.89408485303,2666.03941918668,2691.02295701277,2704.27149084698,2721.38534687931,2732.37013784148
11070,2652.66037406978,2667.91611147874,2692.86367723784,2706.05024222808,2723.01438139936,2734.39189233928
11071,2652.41705464499,2669.27887681838,2691.008712972,2702.79456364129,2718.86440631951,2730.52081967467
11072,2652.1903603491,2669.8119009599,2688.5821091809,2699.90374101605,2716.13747067219,2728.80389268678
11073,2651.97197576477,2670.30071012905,2685.56818529863,2696.69111339679,2713.43446911477,2727.85726206838
11074,2651.81662180893,2670.3391394731,2687.90028141998,2698.97687259716,2715.94471739982,2730.68490475342
11075,2651.53425658014,2669.10846708432,2690.8136526113,2701.54044474242,2717.22594322393,2734.50862902008
11076,2651.09840982823,2669.82691140009,2691.87497622165,2700.0358851449,2717.98471224825,2736.78880347724
11077,2650.89369071141,2671.25632026108,2692.26762149118,2699.92537462973,2719.13551399097,2737.93634881633
11078,2650.68705208078,2672.55273235785,2692.8781609694,2700.38093027848,2719.94672617078,2738.77723979491
11079,2650.49286466024,2673.66737091052,2693.33793022382,2700.84000092681,2719.35486264352,2738.94016292243
11080,2650.31867556195,2674.85501423025,2693.15007266542,2700.73238623567,2716.06655015465,2738.22518246433
11081,2650.22363792721,2676.19458403785,2692.48429724003,2700.20159066528,2717.41334428346,2736.63511833381
11082,2650.28143603037,2675.1481814353,2697.42418702996,2704.82704927892,2723.01050590178,2742.75549021049
11083,2650.36683980357,2675.07439544151,2698.40472586333,2705.49487370331,2723.19674068006,2746.78349927185
11084,2650.59565895106,2675.29582371311,2697.2163924938,2703.82196299932,2722.34021648229,2748.33473804713
11085,2651.20730374804,2675.57079839406,2694.36282955904,2701.11413535608,2718.03717026285,2745.18355797342
11086,2650.41356846185,2675.93308984454,2692.92475200404,2699.55159147594,2717.65757472987,2738.31716835839
11087,2650.21442098357,2672.75287534746,2693.54276533783,2699.31302480348,2720.3963939362,2736.39115671199
11088,2650.19176607856,2673.31828666579,2693.67350865148,2699.60731020788,2720.06025313175,2735.4212163289
11089,2650.16534058901,2672.29135170013,2693.71529316849,2699.90001524884,2721.51470142256,2735.87750850499
11090,2650.12876345957,2671.72316544624,2694.15790472836,2700.64099448546,2721.70611604186,2735.30363405527
11091,2650.06993148876,2671.64039424858,2694.7583439008,2701.64503592277,2722.14737168164,2734.55327889464
11092,2649.96863806659,2672.40321984247,2695.02322849963,2702.63118388512,2722.3208472491,2732.88311916651
11093,2650.61936541374,2674.04930011981,2690.56013126313,2698.63746560905,2719.83847406077,2737.56834949671
11094,2651.309190803,2672.11004861737,2684.67087989491,2692.47268117287,2705.63927815117,2716.58258318035
11095,2650.58798025177,2668.15057941843,2684.62223401132,2691.09242003529,2707.47610921359,2727.88944508963
11096,2650.59986784189,2667.99375524643,2684.35404554068,2690.87854810892,2707.52163618979,2728.22166965671
11097,2650.6324709813,2667.92807778641,2684.78702334156,2691.34911116639,2708.23770926665,2728.8094303489
11098,2650.67501418497,2667.87424817577,2684.72941705639,2691.33581052723,2708.51335087526,2728.85138503864
11099,2650.72408810128,2667.773084195,2683.87048282158,2690.46437931275,2707.97124678119,2728.15112856805
11100,2650.77647069774,2667.50279842104,2683.54278923471,2690.168264725,2707.14092534724,2727.60628434052
11101,2650.82782851623,2666.62697045707,2682.57171513599,2689.21364427476,2706.43496053409,2726.59396521925
11102,2650.86997408563,2664.72945548985,2679.94457259667,2686.47744091931,2704.37874154973,2724.50900026782
11103,2651.03641358116,2662.44037839621,2674.55565062339,2680.64427619866,2695.49955643813,2715.7894254545
11104,2651.31955292264,2665.90926217163,2685.54325897932,2691.24660021117,2705.56480043719,2726.45117782841
11105,2651.07157749489,2667.36098442291,2687.32035131241,2693.09506200567,2707.75642758712,2727.58972291546
11106,2650.99438115812,2668.75442707233,2688.61834182847,2694.37111504871,2708.70795647229,2730.41347644288
11107,2650.96260204182,2669.73141238109,2689.44026861045,2695.16131996357,2709.40391967209,2732.28552143458
11108,2650.95533964437,2670.4934861089,2689.93943668687,2695.61914991098,2709.89168060751,2733.53717275436
11109,2650.88703180678,2670.80596529796,2689.80844227541,2695.54293032317,2709.67449522251,2734.23784681198
11110,2650.73080567859,2670.77363591788,2689.67459138829,2695.65560032836,2709.32880531011,2735.40298121986
11111,2650.58047719001,2670.82670209782,2689.67419314479,2695.91971348549,2709.16739688254,2735.97563407046
11112,2650.4395134165,2671.00881909283,2689.75661459352,2696.28018481962,2709.20070848286,2736.03351583835
11113,2650.31030764864,2671.36308843499,2689.98627508652,2696.79500197373,2709.54469527016,2734.43367287678
11114,2650.19406530598,2671.90771199416,2690.46166543977,2697.56103097169,2710.33529729479,2734.43395090821
11115,2650.09093346311,2672.58399767774,2691.25998637671,2698.65161286634,2711.68157636859,2734.79357531104
11116,2649.99951348577,2673.12817665539,2692.39510951775,2700.05841791655,2713.61923221625,2735.63282603426
11117,2649.91267153923,2672.91409793236,2693.73894863196,2701.54731341775,2715.8960239647,2736.94218022835
11118,2649.7930353053,2671.88891018687,2694.85576605218,2702.32314031797,2717.60172615276,2738.63147154417
11119,2649.61418146297,2672.46091180321,2698.57822253814,2706.44582038594,2722.78784302444,2748.49733465939
11120,2650.34980099621,2672.32133901974,2703.8513041321,2711.67404005901,2729.4094070557,2756.54814467788
11121,2650.59962964621,2671.48148906125,2705.44542459388,2713.12066030693,2730.72335632867,2756.98887080835
11122,2650.69359330865,2670.56975122579,2706.89894542531,2714.51567299804,2730.35283838919,2757.89812627402
11123,2650.74984832599,2669.88765671351,2707.52307138877,2715.10177423511,2730.18273391042,2758.65854470546
11124,2650.79985859447,2669.33842550374,2707.69919509661,2715.21877005082,2730.39087558136,2759.11131939738
11125,2650.85529983544,2668.96598988226,2707.58004483352,2714.98588316851,2730.87179581416,2758.91745074635
11126,2650.92198931111,2668.86775841518,2707.1332262584,2714.34895465501,2730.67192451724,2757.5857740399
11127,2651.00826814891,2669.13312895785,2706.256433839,2713.20505152898,2728.78157994827,2754.64621484594
11128,2651.15660890312,2669.82921746715,2704.71883142946,2711.36844265692,2725.29143896136,2751.02569931042
11129,2651.52947999314,2671.23324583101,2704.32792275674,2710.90314865606,2723.64445987149,2749.83220889839
11130,2652.81879545285,2669.7558552668,2693.98727141702,2702.34397476838,2712.47674576607,2725.04334510381
11131,2653.28614831352,2669.03419709185,2695.69547654592,2704.02411060226,2713.91391871166,2728.03597952845
11132,2652.75665077158,2668.10668429128,2679.85190765432,2688.05392226732,2698.0775470392,2716.97597679384
11133,2652.5976364497,2671.11987205757,2684.83135307904,2692.73221794241,2710.51172687429,2732.33902540951
11134,2653.22497612965,2675.0610528506,2690.35389094713,2697.23413618668,2715.57318828457,2736.38624735555
11135,2653.48266794114,2676.82402649026,2691.14912211359,2697.67192221428,2715.16775145513,2736.95650783496
11136,2653.67545959515,2677.00788041332,2691.68984577923,2698.15198363735,2715.28966674452,2737.29802681895
11137,2653.83344480245,2676.60639222752,2690.84223244476,2697.25451619524,2714.20794192982,2736.01135578134
11138,2653.93251749673,2676.12277908273,2689.84608175749,2696.17941816165,2713.01702338405,2734.5908182095
11139,2653.94904644952,2675.66894953951,2689.03304337258,2695.26203853919,2712.06475253983,2733.4735966322
11140,2653.86222154858,2675.31274462036,2688.46215089039,2694.5676666879,2711.35061679202,2732.64649632881
11141,2653.65811295921,2674.98415280205,2688.05995671004,2694.03061693713,2710.81533556095,2732.02868685343
11142,2653.3361509676,2674.64090977322,2687.77642304411,2693.60521215727,2710.36895428153,2731.50795679975
11143,2652.9167114389,2674.15388995667,2687.51560571843,2693.20058817393,2709.90774203301,2730.87130074138
11144,2652.4420173376,2673.4055029539,2687.19311087564,2692.73711250358,2709.37149698228,2730.09203145401
11145,2651.96490220156,2672.18390026996,2685.00683749474,2690.41817873228,2706.89297980663,2727.23519189431
11146,2651.53112503653,2670.21667005351,2683.80209056259,2689.041163884,2704.85701569769,2724.46769836456
11147,2651.15497512133,2668.70071848112,2683.05259700016,2688.35327839333,2703.95870926417,2723.71863252165
11148,2650.67232038034,2668.34315600464,2683.01312571805,2688.37195906149,2703.86139551052,2723.0955506086
11149,2650.43112032747,2667.98636773375,2682.95911999745,2688.25540693896,2703.72702865674,2722.6745035002
11150,2650.29013411924,2667.67242700908,2682.93254922815,2688.1536429484,2703.44974177048,2722.38550615843
11151,2650.20356958097,2667.29183697705,2682.8271785477,2687.97915283027,2703.05836764457,2722.30470628906
11152,2650.15778202064,2666.75642113419,2682.581165385,2687.67154080308,2702.52013761469,2722.42808865241
11153,2650.14636186881,2666.11321168601,2682.25627301052,2687.29346342573,2701.99160537463,2722.71747874339
11154,2650.16485409754,2665.47752835137,2681.99073091744,2686.99360178341,2701.76315651042,2723.12472176141
11155,2650.20937497333,2665.04795545103,2682.1451116962,2687.15111642916,2702.56645639811,2723.83178522646
11156,2650.27391849056,2665.11308878696,2682.04107519433,2687.04341473389,2704.06248396054,2720.58015682377
11157,2650.31822828505,2663.54057242658,2679.64286274489,2684.24616894192,2696.96543301176,2711.34250623437
11158,2650.40123621058,2663.31174684961,2679.68513429106,2684.30484151845,2696.89872523951,2711.18050064999
11159,2650.50566479919,2663.0395410299,2679.4755825131,2684.08604283214,2696.52041673193,2710.59827603921
11160,2651.08525502748,2663.74790192675,2679.7559452368,2684.42478728986,2696.70279732965,2710.39395944587
11161,2650.85272584182,2664.23476476224,2683.23111155637,2687.88321789028,2701.85710371393,2714.95111490992
11162,2651.02695319554,2664.62876328293,2686.53951526011,2691.28876032176,2705.73650998489,2721.43052636723
11163,2651.29169038266,2664.45262771118,2686.26755914978,2690.98689714647,2705.10214268043,2720.64389929943
11164,2651.58528469342,2664.28277512029,2685.7486775633,2690.44818823945,2704.37958241799,2718.50702372155
11165,2651.71239072438,2664.04323630617,2685.76453203094,2690.39485158616,2704.17943975199,2717.50646900701
11166,2651.93071401954,2664.41874091029,2686.60769603362,2691.42398049906,2705.01118101915,2719.41950981448
11167,2652.55788878023,2668.60826097552,2691.07406738185,2697.17156440503,2712.91150253549,2726.81113836001
11168,2653.04422742038,2669.19357465916,2690.91797805254,2697.42647458118,2713.06532411026,2727.81381292139
11169,2653.92904812639,2669.81686924285,2691.85930209693,2698.59431258422,2714.73919851808,2731.38624614196
11170,2654.05414711275,2675.37606806495,2699.57213500113,2706.61351069545,2724.66708991198,2741.95098162776
11171,2653.6575677986,2672.75936943656,2692.5287771856,2699.44357892029,2715.91464238008,2727.97300422338
11172,2653.44770361781,2672.33526856476,2692.32775947662,2699.69517675328,2712.40840210879,2726.15765468073
11173,2653.32489073537,2673.76937039402,2692.68303943145,2700.33071622553,2715.34997406729,2727.52766759428
11174,2652.98680921077,2674.35616147643,2693.77006592217,2701.30862510374,2716.77305226941,2729.08183801967
11175,2652.70604085037,2673.6665422999,2695.49048101606,2702.9011840737,2718.20851673756,2731.22395790568
11176,2652.49631495938,2671.07115149965,2692.81384847202,2699.99864680359,2715.22548898831,2726.43361232149
11177,2652.10392309458,2667.27024499707,2688.95119331117,2695.59169397061,2710.4390640414,2722.58811025942
11178,2651.72319759246,2665.53264019802,2689.53524245747,2696.35667074761,2710.51126475574,2725.62709431492
11179,2651.33235618551,2665.79172826383,2688.82360209237,2695.81792617541,2710.00961523474,2724.79879960887
11180,2651.45046981447,2671.29884813516,2697.5418350626,2704.75502104064,2718.54516729742,2731.54024067253
11181,2650.68755794484,2678.81515415912,2703.68732502346,2711.11349687739,2724.35126704008,2741.294361836
11182,2650.67848549758,2679.96119997671,2703.6041069865,2710.82982287129,2724.62152526148,2741.00650300708
11183,2651.69739804804,2680.61266612287,2703.80587952,2710.33771051716,2725.57625251008,2741.67386657988
11184,2652.58219669923,2681.27428554457,2704.04125578969,2710.05774321354,2726.28554032409,2742.19692079962
11185,2653.48102865319,2682.46813524264,2704.19682157388,2709.76858013291,2726.82311082879,2743.46502554888
11186,2653.69264018042,2686.33524022101,2707.83200473196,2713.00123591478,2731.56300267839,2747.14575784687
11187,2653.60914446684,2688.41844579616,2709.80808434588,2714.64949089002,2735.48192965442,2749.49102008856
11188,2653.59125824386,2688.62482192264,2711.1124738968,2715.82196466294,2734.57657752836,2751.15817577279
11189,2653.56634971013,2688.14563408038,2710.59337341014,2715.19832452458,2734.10626557759,2749.90629029529
11190,2653.56773458625,2686.16410227,2708.51831663923,2713.02884562914,2731.81797819675,2747.35769808452
11191,2653.60045591513,2683.50744239799,2706.57258961891,2711.01009272062,2730.01655691122,2745.05286199876
11192,2653.66755958767,2680.70641932052,2704.58693155924,2709.00241734959,2728.51479866778,2742.89835510306
11193,2653.76748166558,2678.44207428894,2702.34899330892,2706.80329810279,2727.03038312829,2740.7715125433
11194,2653.88780818122,2677.11852548867,2699.85699232796,2704.40703728226,2725.46592477349,2738.68556928213
11195,2653.9749097267,2676.58719909569,2697.75192990029,2702.4334435354,2724.43935376238,2736.74380881963
11196,2653.50171563849,2674.60198847243,2695.78708182606,2700.72400843815,2723.00618144338,2732.42502989592
11197,2653.16772287598,2668.28871520694,2687.8204460111,2693.62394801083,2714.66679581632,2724.43640321418
11198,2652.73042422293,2667.52759862169,2685.47884197462,2691.23500711728,2712.20006485673,2722.8471741845
11199,2652.42132165685,2673.32648997918,2690.26722355714,2696.08925915681,2717.05114734932,2728.97863040692
11200,2652.57348561183,2673.17096722057,2690.71354749271,2696.70588858478,2716.19747581221,2728.6203090185
11201,2652.65257229153,2672.39118103064,2689.93564702614,2695.9853892912,2713.96850269085,2726.77586813604
11202,2652.67955302308,2671.48523254631,2689.02508568975,2695.13580431404,2711.55647857848,2724.7720732268
11203,2652.69029401738,2670.52457550083,2688.00076042373,2694.16924959633,2709.16152614979,2722.696409426
11204,2652.69499815427,2669.51051277164,2686.84905281713,2693.06457877845,2706.83464517652,2720.54986326138
11205,2652.69773529159,2668.49182622385,2685.64812047787,2691.90125566616,2704.6408562011,2718.48303870616
11206,2652.69073909479,2667.38766316347,2684.33701290181,2690.62168751184,2702.43985442952,2716.45491088251
11207,2652.62403476199,2665.53107575611,2681.95764475174,2688.28034016626,2698.92984707509,2713.30233224161
11208,2652.57099210518,2663.63042676774,2679.63795488543,2686.05773822089,2695.72349922582,2710.96510360267
11209,2652.54531594015,2661.82065716976,2677.7064495739,2684.29616876924,2693.34779683077,2710.27202877158
11210,2652.55673083502,2660.30514679109,2676.65447816428,2683.47216353059,2692.45571981096,2711.46694130188
11211,2652.37292642389,2659.13152468042,2676.06348570672,2683.12436968035,2691.95093132554,2711.45244099905
11212,2652.13568668325,2658.78584497444,2676.63232385039,2683.81959778339,2692.64543398414,2711.24268877197
11213,2651.98303089165,2658.97720008681,2676.75882027575,2683.95419164862,2692.95160688822,2711.56631652558
11214,2651.67468292965,2659.12062327107,2676.42604207503,2683.36991649569,2692.53365306969,2710.70855196627
11215,2651.21077401428,2661.82632835843,2679.93874845691,2686.68639973043,2697.41050303075,2711.52331585021
11216,2651.19590471856,2665.0421080672,2683.15766232122,2689.91467689322,2701.03701425052,2715.06275742808
11217,2651.17007366256,2667.92709557092,2686.07898580395,2692.82226052631,2704.24228891332,2718.41812641817
11218,2651.1619687926,2670.2346117734,2688.03876335424,2694.81387688301,2706.33334735243,2720.25206269644
11219,2651.5024062487,2671.23597212797,2689.22876702138,2695.94173440928,2705.57683584186,2719.82785611477
11220,2651.55776907812,2670.16557532404,2687.12195218284,2693.88175463267,2704.2574288701,2719.28048385734
11221,2651.80152724457,2667.78442230097,2684.84224805225,2692.29444317148,2703.26841509203,2719.87303103895
11222,2652.03344100495,2664.18264165186,2680.79509161448,2688.81240340633,2700.67080601015,2716.91344474508
11223,2652.17560469,2662.39596765029,2679.01708471721,2687.19735535823,2700.10738836305,2716.00173323882
11224,2652.38550632352,2660.95516122813,2678.00703191842,2686.165852103,2699.93306794001,2715.5621629043
11225,2652.60079548155,2664.66256575944,2680.52085513044,2688.77385900638,2703.50293178329,2718.99450691627
11226,2652.56764874971,2663.89503504319,2684.43077566848,2693.02005575021,2713.55117634808,2732.74129060272
11227,2652.50474407033,2663.5576360702,2685.0807889361,2694.01976256821,2713.49626078672,2733.62852292238
11228,2652.40176635929,2663.19442702397,2685.05542296464,2694.12793808831,2712.89749724348,2733.39039626177
11229,2652.28166260414,2662.71620739895,2684.83896881837,2694.06306915349,2711.76226120853,2732.25062642016
11230,2652.14034541849,2661.78121625262,2684.20250459767,2693.55585100564,2709.08640064975,2728.92493111537
11231,2653.3364823517,2666.51564402771,2685.74880212918,2693.36479455059,2710.44615196782,2727.25940687667
11232,2654.34503572712,2665.99192211855,2684.27719929045,2690.58284137949,2709.17924158387,2724.54545640607
11233,2654.4078130958,2665.99096606545,2684.53103135865,2691.23144344751,2708.53354407371,2723.6533219298
11234,2653.90647939274,2664.82883366991,2683.15761113251,2692.51908448495,2703.89285497247,2715.40860956457
11235,2654.70227907074,2668.67485811752,2686.32941372786,2692.1689812113,2708.55449242271,2725.89378440671
11236,2653.79746637141,2668.29868284183,2685.83097331111,2690.99921651409,2707.72019266119,2725.82910257585
11237,2653.32167032246,2668.32969636016,2685.39351279854,2690.36052652527,2707.39788621943,2725.65795074627
11238,2653.13003203638,2668.75821672672,2685.77229512438,2690.69442203926,2707.63648069942,2725.09159449317
11239,2652.96828416721,2668.52200343659,2685.84802852341,2690.77218381775,2707.45169080141,2724.20574139997
11240,2652.84528618692,2668.14523728681,2685.9279247254,2690.86379475967,2708.55267843071,2724.4620115396
11241,2652.75496313668,2664.19452471149,2684.90048885957,2689.83931865251,2707.59833092672,2723.8759670718
11242,2651.18804470448,2665.367813385,2681.91112175414,2686.73827035568,2705.4536939427,2726.36298529398
11243,2651.30992738313,2664.46955814626,2681.85186515424,2686.7902911835,2706.4541722027,2730.037083529
11244,2651.39316273908,2663.1078040623,2682.18587788901,2687.50627912015,2707.77403880823,2731.89166846241
11245,2651.51853397443,2661.96090271727,2681.70731194986,2688.03520146537,2708.52242094935,2730.39717665843
11246,2651.44610172026,2661.03064679528,2681.32266228873,2689.72326535624,2709.25974247322,2730.98648895395
11247,2651.20581230575,2659.73965638539,2680.32382425248,2689.11960792194,2708.65432860679,2727.10552763331
11248,2651.09371046905,2659.63553857757,2680.4475550678,2689.85959092158,2709.26689363194,2725.95255600942
11249,2651.15854172262,2659.63103087815,2680.68622395173,2690.71995000854,2710.04824719564,2725.36806964209
11250,2651.39751032273,2659.90645610601,2680.06620041084,2690.53687072278,2710.03678971427,2722.7966757018
11251,2651.27880719871,2658.83903186711,2680.49265554026,2687.55773129768,2707.64126288444,2721.83136688669
11252,2651.08199879813,2659.29976533077,2679.17399827585,2685.99827948777,2703.75264373648,2721.7892797641
11253,2651.30686892339,2657.97072135109,2677.07756263032,2684.20921696831,2699.93158098825,2712.30482946098
11254,2651.42119781257,2659.02781876797,2677.90907694079,2684.49080804569,2700.79501976723,2712.39535652515
11255,2652.00154482405,2664.42596084729,2685.51730485877,2693.35051950786,2710.76492443045,2724.34512825026
11256,2651.81215846213,2664.46313359469,2685.7591938731,2693.83398378791,2711.00043030025,2724.51417027845
11257,2651.66618517661,2664.53857217719,2685.39684304483,2693.38087889629,2710.44225624369,2724.06405454642
11258,2651.55027707083,2664.67588874011,2684.91414174715,2692.69125216005,2709.68359475294,2723.54984134814
11259,2651.46082517472,2664.86656839402,2684.39833084693,2691.9037894002,2708.85957317191,2723.07456566354
11260,2651.39581586985,2665.08747940356,2683.81998979426,2691.00657383933,2707.9950811807,2722.60045632698
11261,2651.35357635659,2665.30377233948,2683.11692562299,2689.95131167952,2707.10170649915,2722.24906823969
11262,2651.3325775318,2665.46083403248,2682.10512917955,2688.56488087499,2706.17811707204,2721.86440941031
11263,2651.33106914243,2665.52986076531,2680.65880255996,2686.74699224016,2705.60843202059,2718.76312730162
11264,2651.13233478936,2666.3494059444,2686.93160509748,2692.82778615098,2713.70856321932,2725.44602266601
11265,2651.08299516536,2667.07825372087,2688.26540390964,2693.74250390505,2717.38467707855,2731.58420597898
11266,2651.04743769583,2669.71255662668,2685.09293630828,2689.18413702238,2710.84189275546,2729.49993497552
11267,2651.02593979742,2669.96580580938,2684.2693887201,2688.18893677368,2710.55665639395,2728.53789674934
11268,2650.99937711784,2670.0832009081,2684.72233887695,2688.79564723379,2710.92130232188,2729.19963311226
11269,2650.97152392437,2669.96924928501,2683.60453378826,2687.72885579515,2710.37080124165,2729.06742134166
11270,2650.91590720345,2667.15749220614,2696.05962162028,2699.95899754331,2721.24785545576,2740.06354884867
11271,2650.73944340478,2668.65776456756,2699.65226740524,2704.52410731739,2724.93538540428,2742.84580885524
11272,2651.30125927835,2668.56708207194,2700.82412942951,2706.48397726964,2725.74068223481,2742.96219797844
11273,2651.93144595195,2669.9054266918,2697.91783493298,2704.29606474828,2722.95924270109,2738.9752508167
11274,2652.4381790281,2671.36448635769,2700.34261948647,2706.95605096728,2722.90400098931,2745.25302268329
11275,2652.68278124294,2684.59134661151,2718.91467683141,2724.75851624836,2750.120874753,2763.55877491814
11276,2651.18651614566,2684.78557468853,2726.08522376957,2734.28425290947,2766.58455129185,2779.4942459029
11277,2651.20287023371,2688.68578638236,2728.73764457809,2735.921010501,2767.79951353725,2782.87962053495
11278,2651.25381651398,2689.58339494543,2728.52615958078,2735.15110302329,2767.7243523224,2783.33646908216
11279,2651.3024538797,2690.52803160985,2726.36389818317,2732.52429752775,2766.32966929362,2782.36460366639
11280,2651.4023638268,2691.77006703254,2723.66038174258,2729.25356231069,2764.49774538417,2780.13928815062
11281,2651.55630482661,2691.37356440931,2719.53232600869,2724.7865890919,2761.82154837663,2777.1577658865
11282,2651.75524878837,2690.97319639885,2717.1235500996,2722.18368091577,2760.3399391923,2774.70272184394
11283,2651.9728615249,2690.554336049,2714.93669342833,2719.82343109147,2758.42985260243,2771.43312962554
11284,2652.11316204631,2690.28494028509,2714.12720585503,2719.01596616358,2757.98741648512,2770.00044983371
11285,2651.96692320419,2689.98378741678,2713.90463247991,2718.93646927789,2757.87658418483,2769.16616449517
11286,2651.45980134816,2689.72219681816,2713.88953378653,2719.19335581642,2755.88857621959,2766.92548506896
11287,2651.18751623123,2689.78925432345,2712.90832165899,2718.30282356044,2754.2483941965,2764.69804766983
11288,2651.40171067275,2691.03782715773,2713.64723867889,2718.97453959068,2755.28865703633,2765.22360529616
11289,2651.67383799697,2690.82147998472,2714.30750138418,2719.56308021419,2756.15538972657,2766.34602404141
11290,2652.0381734096,2688.80455830014,2713.7375112159,2719.1054290205,2756.63147952718,2768.55280704465
11291,2652.34236690347,2688.06709504373,2713.79928108267,2718.88633490258,2757.49709554287,2772.11460335538
11292,2652.61816058724,2686.30147258759,2716.61235658077,2720.96623195015,2759.31173698244,2772.61436779339
11293,2652.88426719964,2683.31975714857,2710.18494836014,2713.62962635933,2751.92474220838,2765.38994679531
11294,2651.90574196498,2680.05605076175,2699.6406195672,2702.95140748639,2738.04106648033,2749.90404098469
11295,2651.77201869497,2679.89778216624,2702.0979516921,2705.27578269353,2740.16924155626,2751.80063463094
11296,2651.87006503756,2680.59316305656,2701.91149165625,2704.83960396381,2739.51019637195,2752.10450559679
11297,2653.34748403402,2684.04550185333,2716.2901177302,2720.30717774508,2757.57496804396,2771.38211721002
11298,2652.37907252639,2681.53718047397,2717.29785984677,2721.7375773606,2761.09735637618,2776.97399355419
11299,2651.70450962788,2680.60690899572,2713.88809370434,2718.77977344146,2758.19116382304,2775.93326922135
11300,2651.4141736335,2680.3129294759,2711.38693214577,2716.45890998265,2755.78107345184,2774.30323823923
11301,2651.30443438886,2680.33523042152,2710.52162382447,2715.33709655579,2754.54783907908,2773.53454652509
11302,2651.26737359602,2680.46647696763,2709.32915378592,2714.20359971009,2753.53298008147,2772.64209134623
11303,2651.26031393976,2680.57428745339,2708.67329652823,2713.50268804981,2752.32462695432,2771.63970944338
11304,2651.5736474319,2678.32274865578,2701.41815272671,2704.66627928975,2743.62070070225,2760.82962590802
11305,2652.48048901299,2679.95097817992,2699.98995794119,2703.2264063213,2738.01413461825,2757.34191570568
11306,2653.16435705466,2679.29982666194,2704.29010600258,2707.45557494622,2738.0150403351,2756.66020257924
11307,2653.33144810815,2674.68051897371,2700.86852309495,2703.79015744963,2733.33762220407,2752.74466410602
11308,2653.43059194444,2674.92852704746,2695.78889666071,2698.74960633621,2730.12280366491,2749.68252621342
11309,2653.89384893598,2676.13802252135,2696.33060784313,2699.29221804156,2732.44688910024,2751.53433861128
11310,2654.10465900857,2676.83105696063,2696.13112835439,2699.16306999508,2733.40593682115,2753.17570933073
11311,2654.08405049799,2677.20756974584,2695.53959953414,2698.71544201308,2733.02149976935,2753.28086968466
11312,2653.1579259224,2677.94889205148,2693.75975931278,2697.18087897217,2727.61912281894,2748.74409838534
11313,2653.62822455269,2678.16358785466,2695.9491042988,2699.10585380317,2729.20289418126,2752.77844174316
11314,2653.59725844559,2677.99209324578,2695.07868925713,2698.00199506128,2727.33105381113,2750.60352809648
11315,2653.50787109665,2677.72179916781,2694.6139212616,2697.24326546259,2726.11398612953,2750.59454413827
11316,2653.39890777136,2677.41675979462,2694.04525904534,2696.40830114399,2725.43354711317,2749.22388872406
11317,2653.28484747775,2677.24395428944,2694.13451573645,2696.21961088189,2725.78728111091,2750.19179215885
11318,2653.17515061571,2677.27670681235,2693.27993583207,2695.15025710782,2725.00525471354,2748.2079234426
11319,2653.07677161526,2677.22776764217,2692.67198026996,2694.38222889891,2723.54749015618,2747.57251113758
11320,2653.00021005236,2676.36232679221,2692.10043499868,2693.73930526862,2720.90553625457,2745.41792279075
11321,2653.05119970419,2672.90885532931,2689.43262354004,2691.15005529995,2711.51388428872,2737.16603412193
11322,2653.17887944102,2671.07431614912,2683.99783235277,2685.6819255842,2707.27496505901,2733.31591721323
11323,2653.35787984744,2672.12868070588,2684.25611986772,2685.63880375274,2708.06132616115,2735.03359075463
11324,2652.51007816464,2671.01604802295,2683.92149483837,2685.60258876481,2709.66457198154,2735.77767494149
11325,2651.78013319501,2671.21097110175,2684.94543913412,2687.7167903948,2709.89280225966,2734.46648931794
11326,2652.0280649049,2688.31450303997,2702.03388948132,2705.50889470447,2728.48980583011,2752.81168555804
11327,2652.18714873929,2688.52210328081,2700.45061950248,2704.0780808434,2727.74240979948,2753.15659682113
11328,2652.52334387876,2688.01561860454,2699.25300375356,2702.96468929302,2724.68710282159,2750.99004932935
11329,2652.54390495746,2669.62894270232,2686.68625845548,2689.7858140818,2706.70149739487,2729.13311807086
11330,2652.82615365947,2679.64074770979,2691.36104507202,2695.8626436936,2711.09205184757,2731.05832770139
11331,2652.96446935517,2676.87760565638,2690.48733221332,2695.61404996987,2710.99351287485,2728.64863666185
11332,2653.03877471115,2675.8205718051,2690.69123628944,2695.97192457185,2710.87103153275,2729.07679838781
11333,2652.92514531323,2675.53052433723,2690.13141119995,2695.46257823435,2710.20121011716,2729.17628482291
11334,2652.26557508534,2671.34343915469,2689.51481727909,2693.92991114079,2709.8439518644,2728.36706374181
11335,2652.67770923371,2672.86734712954,2690.28977240371,2694.12644614344,2710.73796145575,2728.5140893267
11336,2652.28464155341,2675.39005145739,2694.6890322905,2700.17731957704,2715.80406101178,2731.35922617312
11337,2652.14171392363,2679.62589439626,2700.1780481125,2706.38469400239,2724.74924705169,2741.68654943981
11338,2652.25264139869,2682.00843281776,2700.42582269612,2706.62040754679,2725.11257887856,2740.94685837294
11339,2652.27507671397,2682.4871416994,2699.15768556536,2705.02160908709,2723.75109357029,2739.57936851521
11340,2652.26229177185,2682.45250157517,2698.09338869315,2703.8255624754,2722.6825241603,2739.2464487893
11341,2652.231314748,2682.45178002084,2697.71910911509,2703.45918676377,2722.25330723309,2739.92545905067
11342,2652.18880515593,2682.5258579846,2698.38391059939,2704.1728078835,2723.44844480976,2742.74856071954
11343,2652.19687193111,2683.65132592015,2700.56508433958,2706.51213686021,2725.12642611849,2745.34440542494
11344,2652.2674205611,2684.1196011723,2701.89695109225,2708.21296790069,2726.34345471027,2747.49543927362
11345,2652.33753835035,2684.55523943822,2702.48276052658,2709.15397708225,2727.70271981069,2748.75338298731
11346,2652.42047829182,2684.63395878787,2702.84006694522,2709.84391390966,2727.96691004346,2749.15365697609
11347,2652.51557414241,2684.53232663342,2702.31278292697,2709.67851231117,2726.44753483759,2748.18637396202
11348,2652.52291646005,2684.44450651179,2701.26429334516,2708.26052156738,2724.94432746652,2746.87895004516
11349,2652.52662373785,2684.2215675417,2700.36284204438,2706.8629686678,2723.62535660632,2744.55439328235
11350,2652.57602300039,2683.9921806023,2699.25328646686,2705.56585697168,2722.67748825111,2743.04411557725
11351,2652.6717027508,2683.85230849715,2698.32609572278,2704.56236183153,2721.80019319526,2741.93869670164
11352,2652.79299499623,2683.64023934286,2697.65352919049,2703.77680267539,2721.17317775539,2740.84039958455
11353,2652.93639314223,2683.38297504937,2697.35366132878,2703.30620844642,2720.85475942437,2739.87791706878
11354,2653.09780987097,2683.09383891547,2697.24456621911,2702.98790432125,2720.59967678283,2738.89009522442
11355,2653.27517616189,2682.86551799698,2697.44370350305,2702.91017373834,2720.43747275185,2736.93085921565
11356,2653.4686048684,2682.64874966274,2697.49133470934,2702.55151166877,2719.88543769657,2735.3568683716
11357,2653.65397956001,2683.36950726874,2697.11008881578,2701.6518329539,2717.53670112561,2732.20264755022
11358,2653.8522154054,2680.2711204095,2690.37541877729,2694.88030596763,2709.84648869591,2725.67989772809
11359,2654.27404226365,2679.52277326257,2690.40751027211,2693.97612544051,2704.33753163648,2727.4072169833
11360,2654.57112422334,2680.13196108395,2691.26251307338,2694.23625402003,2704.26956806973,2729.31370078925
11361,2654.16332050237,2673.40126737495,2686.43879430123,2688.60530250513,2701.7293225266,2727.96091989815
11362,2653.93927260596,2670.72836552673,2682.28687074372,2684.03103141086,2696.46938246079,2724.31837191218
11363,2654.31986892424,2670.7674486004,2681.68391583642,2685.17595818219,2697.7196098784,2724.68819472992
11364,2654.16380912471,2670.9757308396,2681.3869140321,2682.91822661163,2693.10559393856,2719.9427646917
11365,2654.18942768715,2676.84959633605,2693.5701513597,2695.0714322414,2709.1856971062,2738.04886108864
11366,2654.23655276144,2677.88673212574,2695.5594448168,2697.12389048955,2712.27759066461,2740.82181010409
11367,2654.28080825581,2677.82129424319,2696.71399436042,2698.29784348198,2713.7928502974,2741.87654705396
11368,2654.31788722073,2676.64599979,2696.66695021991,2698.28892120781,2714.16343987933,2740.4079059531
11369,2654.34700888057,2674.66542328663,2695.94634960689,2697.57856763946,2714.18029992609,2739.89473834373
11370,2654.38092710862,2673.89388698187,2695.07333744451,2696.82852029225,2714.52511202758,2739.85748255977
11371,2654.42049972969,2673.44734511964,2695.05696954083,2696.96346900943,2715.59436400403,2740.19947292037
11372,2654.46951705648,2673.02005943611,2695.05970395362,2697.14940399284,2716.75069541742,2741.32536956512
11373,2654.68044625812,2671.39601750095,2683.17073291676,2685.92428382598,2704.49897125517,2731.33432164235
11374,2654.77347655587,2679.14436953547,2692.08506978829,2694.78922757409,2714.39461137183,2742.50332424885
11375,2654.8333611621,2679.68440122366,2692.12717131072,2694.82742798348,2713.78641703893,2741.14037616551
11376,2654.87718897177,2678.97533089506,2691.18257369443,2693.82863992088,2712.92546463929,2740.42801296313
11377,2654.88908213586,2675.4772076725,2686.92901983332,2689.51283144127,2708.29073254894,2735.45219490921
11378,2654.86433423742,2674.72156090386,2684.85773244772,2687.43808242653,2706.44018502131,2731.72789733333
11379,2654.82237038343,2674.06463483083,2682.07537946109,2684.80031018037,2706.80403606061,2730.43264053028
11380,2654.82589051682,2674.99805309641,2688.55289396432,2691.7683628361,2720.93198921783,2742.1278103789
11381,2654.83887359756,2685.91415724944,2702.26432716049,2705.52852439068,2731.33467362686,2751.70174502246
11382,2654.85625412495,2689.71497355362,2702.87069664736,2705.95493932596,2731.7944007832,2752.04590223253
11383,2654.87928139618,2691.46872978679,2706.0754394166,2709.22256086406,2732.21841984509,2753.67889690306
11384,2654.90853824433,2692.84871871033,2707.18282849956,2710.32086525748,2730.52200248458,2753.38607909311
11385,2654.94343726399,2693.94757013338,2708.52964534397,2711.76625990945,2729.46708800307,2753.01761808033
11386,2654.98205842609,2694.82857781133,2710.46938831562,2713.93803065524,2729.92595602887,2753.14880249614
11387,2655.02116292337,2695.11932594055,2712.5025380262,2716.27471661983,2729.59093402659,2752.57247977623
11388,2655.05671557301,2701.98759185781,2711.80069620127,2715.94023029066,2729.67602024278,2746.7641396026
11389,2654.89105204654,2699.7417555893,2710.53342807883,2714.72350515716,2729.89014808166,2747.14161722166
11390,2654.84962836512,2702.65235849406,2712.47602784077,2716.72702692499,2729.89323534058,2748.69657444574
11391,2654.92434246333,2703.01937741563,2712.08866752515,2716.29925234533,2730.37258851477,2748.0231609783
11392,2655.02605766415,2703.5203566623,2712.06051983771,2716.22502039527,2730.45577962208,2748.59283360765
11393,2655.15192793547,2704.65354305029,2712.35752026221,2716.47903198174,2731.43722279003,2749.417418333
11394,2655.29857437427,2705.31404230366,2712.75383093356,2716.80766295257,2732.31101043559,2752.51329039611
11395,2655.46203064263,2706.19578261002,2713.56781597841,2717.55924846435,2733.40493385819,2751.32840060945
11396,2655.63720816281,2705.46639089949,2712.6704577087,2716.39582111614,2734.37608287336,2751.79237699741
11397,2655.81498920988,2693.72145457362,2709.82258243491,2713.52537804741,2729.26729756506,2752.52088058848
11398,2655.99471071867,2685.76937956315,2703.74927780663,2707.43227277588,2725.52896226144,2742.11086605745
11399,2655.26947417371,2689.75407706964,2694.96923067135,2698.73045927404,2712.88212418087,2724.0893886615
11400,2655.45115263916,2687.75399106412,2695.34824898306,2698.71252230794,2713.59222892425,2724.82533209752
11401,2655.14491590034,2686.89515636785,2692.38034657746,2695.73762076947,2707.03816222247,2718.76590433329
11402,2655.08270795606,2685.70804259227,2691.36466765472,2694.25673240353,2704.39684712913,2716.97232927017
11403,2654.92236264008,2687.04437457839,2692.87581490889,2695.132398442,2706.01545160826,2723.97484367297
11404,2654.74882635134,2687.10088363378,2693.86076820637,2695.74889062285,2707.50868915979,2724.74413022771
11405,2654.50243091771,2686.267152189,2693.18741295873,2695.13018588571,2706.59276050514,2716.68383747927
11406,2654.29892943747,2686.33809408666,2692.43515431931,2694.54861400411,2706.32995583932,2717.81940077672
11407,2654.32130103048,2688.65782843212,2694.42757623574,2696.78494605411,2709.94463573611,2722.67643300889
11408,2654.34881839329,2688.37256582054,2694.90308249448,2697.44264961292,2710.50524295036,2724.04347691428
11409,2654.37639693918,2687.88976646264,2695.05099122558,2697.79550018807,2710.63305905882,2724.06298401093
11410,2654.40333095183,2687.2486572885,2694.68261012319,2697.64028828121,2709.84358185616,2722.94092575058
11411,2654.42485234749,2686.96699360889,2697.26611756155,2700.34603184291,2712.85034668801,2727.88314618441
11412,2654.44684873133,2689.21837031479,2697.9272563999,2701.20178713479,2724.29897570417,2748.61088667635
11413,2654.46998202679,2689.50783411993,2698.14565642072,2701.66361415188,2725.29700251544,2738.17238116936
11414,2654.49406957348,2689.70341770874,2698.23267544248,2702.01420811702,2725.87008739506,2739.31548044784
11415,2654.51898483737,2689.82078905891,2698.17146368345,2702.22362152264,2726.27554853138,2740.2385757191
11416,2654.54472716046,2689.87066745786,2698.1571548289,2702.48990601322,2726.70565817121,2740.88848279672
11417,2654.57148898323,2689.76272246024,2697.32125899106,2701.92392331029,2726.11056136705,2739.35887937817
11418,2654.59978098215,2689.84922075816,2697.42508484845,2702.31335100143,2725.57077294492,2738.15393972792
11419,2654.64524540844,2689.75941058586,2697.25136236168,2702.20420722196,2724.8850444507,2737.09389067098
11420,2654.70958186028,2690.21784039454,2698.35678422578,2703.28162528358,2726.14139414528,2737.89081254994
11421,2654.79964240697,2690.80557124878,2698.81701083319,2703.79730335738,2727.24414511916,2737.48053037231
11422,2654.92460346765,2691.56374123949,2699.51011499097,2704.43206106459,2728.46515133691,2736.70547802781
11423,2655.07440956027,2693.33867728588,2699.386565475,2704.25767888741,2728.80663266093,2735.44152790048
11424,2655.13679902657,2691.79848096395,2698.34675125912,2703.02893843705,2728.48912117763,2734.74526781454
11425,2655.54586332009,2690.61012631924,2697.56394878077,2702.02600707129,2728.14992142767,2747.41275924335
11426,2655.92719974003,2689.06968985191,2695.41078207685,2699.61663694638,2724.32248208753,2730.52019474259
11427,2656.32324508675,2679.95501758919,2688.19567305816,2693.10596277622,2704.23762742607,2715.47517230101
11428,2656.84128044057,2684.0130427474,2693.88149244617,2699.30662684872,2709.18811903261,2729.48915833819
11429,2657.1211823406,2683.66682638563,2697.2979159422,2702.68370902133,2712.68637352021,2734.4375264149
11430,2657.19789809335,2684.02038066034,2698.82700954405,2704.2480745752,2713.85679317251,2737.34133182961
11431,2657.12840069161,2684.46321087092,2700.07872424268,2705.48449427478,2714.76116187901,2739.21168063518
11432,2656.95747828143,2684.71032653655,2701.28885083328,2706.61359317464,2715.71215452645,2740.79276324253
11433,2656.71174393171,2684.78295251485,2702.39817297819,2707.58370910935,2716.71886582297,2742.13914687108
11434,2656.40916094101,2684.64441154018,2702.72413871354,2707.73509936192,2717.16374537217,2742.79374266296
11435,2656.06498067394,2683.6266024047,2701.2574236668,2706.05452345091,2716.16689329843,2741.67524807962
11436,2655.66583587142,2683.68234955336,2697.50070469089,2701.98489160611,2713.8441123249,2739.19794780565
11437,2654.99553214145,2680.99875731197,2696.87316216363,2701.14003831284,2719.89790062595,2753.16860205202
11438,2653.86812667868,2666.47028230272,2687.93447981452,2692.58454922585,2701.66920261549,2726.29636956113
11439,2653.54901430796,2662.53663869273,2683.91921778961,2688.73483259859,2697.18700067092,2720.04818312336
11440,2653.49071627711,2662.3779905847,2683.91120011137,2688.74751442872,2697.20935930324,2719.96891718335
11441,2653.41596298977,2662.27029476532,2684.15267222397,2689.00423412695,2697.6696847994,2720.85111970702
11442,2653.32759034869,2662.02265607562,2685.0050244085,2689.86166764016,2698.99305848042,2722.0982375415
11443,2653.23008135022,2661.9238376545,2684.77407985482,2689.6439115189,2699.14068616536,2721.22803989448
11444,2653.12885082363,2662.91258756196,2678.71004573729,2683.50509691068,2693.64785085881,2711.54201047358
11445,2653.02926818169,2661.32982746216,2676.3379151067,2681.10691645306,2691.03145247995,2707.86256873916
11446,2653.0477185299,2660.92850991564,2678.71035877175,2684.41534093251,2694.38167489188,2710.65321199952
11447,2653.17201744296,2661.33033255577,2679.54098225063,2684.56600527328,2694.60016857476,2711.2524287101
11448,2653.20736730216,2661.54780738035,2680.39224823565,2685.26533584684,2695.27035536098,2711.81430659277
11449,2653.13642052271,2661.21998985967,2680.70777802155,2685.57549868491,2695.72954472194,2710.20549542883
11450,2653.14812260813,2661.72699057952,2679.42227876362,2684.41794163392,2694.18674027163,2709.60071658084
11451,2652.99674308369,2661.72154518828,2676.856609812,2682.03537250803,2691.73051083602,2707.28890389186
11452,2652.62625919857,2662.15909939566,2675.7299229875,2680.85552494651,2690.40476335524,2705.45534543298
11453,2652.20341559417,2662.25603420136,2675.61111271308,2680.47658683548,2690.05587589099,2704.83520186914
11454,2651.85920661778,2662.36845509594,2676.50909891113,2680.99818124399,2693.73623641578,2708.47675382831
11455,2651.62204767886,2662.42015241085,2678.64478471834,2682.72010215394,2696.11598080665,2710.93858410138
11456,2650.55616498397,2662.03554125507,2684.23720041842,2686.52077405846,2696.81551830353,2711.30454095619
11457,2650.29197904205,2665.91777963521,2679.99686636045,2683.64884416573,2694.39158713306,2707.26590135815
11458,2650.07066324001,2662.39486673508,2673.26515726761,2677.01500636435,2688.5136842524,2695.85098691901
11459,2650.12809286326,2658.46690551356,2671.6135551575,2675.67374524213,2687.10217689378,2694.55479930678
11460,2650.22400890365,2656.58513718708,2666.52563084621,2671.2418355853,2682.24092300182,2689.68984603605
11461,2651.0529855468,2659.76897005564,2679.73618923942,2682.9241435933,2694.02212886171,2709.96643085299
11462,2651.22119711824,2660.64484256176,2679.96138769032,2683.12448272605,2694.30705231853,2710.14871723509
11463,2651.51801431303,2660.69590351914,2679.26703534721,2683.24930463596,2694.19896504094,2709.95058017431
11464,2651.65386888614,2661.2345397154,2682.95926223572,2687.24415523513,2697.75733949826,2713.50040583824
11465,2651.82124807441,2661.59217608427,2684.57642840083,2689.24850229808,2699.61794548596,2717.09166249034
11466,2652.0386955459,2661.96807179239,2689.37996287767,2694.5300544854,2704.23561362371,2723.65239925467
11467,2652.29888533239,2662.22923077419,2690.4544344064,2695.95692133883,2705.80210789024,2724.9519751816
11468,2652.5820248826,2662.30970830672,2690.86004291828,2696.63363914076,2707.33218122506,2725.26360281442
11469,2652.85667379816,2662.23334359523,2690.29040123735,2696.20485832079,2707.42649435772,2724.6707074263
11470,2653.09008302169,2662.03816086116,2688.91790722235,2694.88542253154,2706.5392334659,2723.33896588464
11471,2653.26551768298,2661.76582058349,2687.02935765533,2693.03400623756,2705.1055785845,2721.69436469835
11472,2652.34727127811,2662.95924846767,2679.01732078314,2684.10151502944,2696.91141729148,2710.60621905773
11473,2652.44980677213,2662.40457890217,2678.47464370386,2683.55295451054,2696.42124818012,2709.61387497142
11474,2652.57754988716,2662.09593321025,2678.23688542161,2683.30290854851,2695.8341291642,2708.79875546073
11475,2652.72569714545,2661.82781888571,2678.0944329297,2683.16731291956,2695.52120828854,2708.45367833557
11476,2652.88237581441,2661.72139773692,2678.39905291304,2683.44509548214,2695.54008036786,2707.23865453462
11477,2653.03708287322,2661.68835240041,2677.83502530404,2682.59357374849,2694.13772318324,2706.34040404775
11478,2653.18740559473,2662.04073588917,2675.48121345314,2680.36880356884,2693.50953202281,2705.78864979718
11479,2654.16517758575,2664.07279964406,2680.11596501351,2687.5088030323,2697.25606316303,2708.70951794124
11480,2654.64152700051,2664.62381335461,2683.2846722387,2690.80484728812,2700.37305621893,2717.32895844434
11481,2654.54158941788,2664.45677526804,2691.1028293975,2698.46570598186,2708.89498088388,2724.46703246438
11482,2654.47101517567,2666.82046897915,2699.68240530478,2707.10761578536,2718.43827991763,2734.13883071168
11483,2654.4333322278,2665.24745413248,2700.64299303053,2707.88063844171,2721.78665820919,2736.59100429128
11484,2654.42247137614,2679.13832688899,2696.34244401588,2703.55336151184,2718.08145367902,2731.27594595517
11485,2654.45307966112,2680.62942022116,2696.085358218,2702.80993485495,2719.05167389199,2732.03785183928
11486,2654.522751731,2681.08174997234,2696.20514957698,2702.29288647463,2718.84629604212,2733.27870786919
11487,2654.49167639857,2681.04906444289,2695.86040835659,2701.26270870978,2719.15929783742,2732.93788017486
11488,2654.54133226093,2681.05972821888,2695.87384940972,2700.63852071028,2719.28367030108,2732.67305229709
11489,2654.2766713389,2679.9905339362,2694.97518377063,2699.48925243074,2717.39045285374,2730.17142479383
11490,2653.89280209124,2676.34484809365,2691.96913156977,2696.01925351011,2714.23109574832,2726.08909089551
11491,2653.1757551555,2675.91088035747,2710.99890068961,2714.44615714272,2735.05752734538,2753.50425839898
11492,2652.85374660584,2673.56232833346,2708.5712764166,2712.68846184792,2729.92396528149,2748.49895555021
11493,2655.26186487526,2671.29700237804,2705.54058790104,2711.49308008237,2736.62717271339,2752.9195792179
11494,2656.18876240717,2684.55279883323,2709.67454702566,2716.14191344359,2737.6943542404,2747.29467262789
11495,2656.23702827467,2684.1321704356,2711.10637761402,2717.60955416006,2739.58011267064,2749.67533181305
11496,2656.01092509514,2678.88043746824,2699.65168562035,2705.71726171722,2730.07139443096,2740.2643511765
11497,2654.24953813633,2676.04100767744,2699.95093539622,2705.84184783519,2729.75438447362,2739.98508698452
11498,2652.84302185543,2674.98321280636,2701.75603298752,2707.69861502328,2731.86024621981,2742.9188718264
11499,2652.63948472946,2686.03187571603,2716.84338996336,2724.48864458915,2747.63301813565,2760.00024524393
11500,2652.41660595884,2687.94354224765,2714.57135753522,2722.33768095932,2746.14403091395,2758.2475620417
11501,2652.29668850016,2688.12974588308,2712.20059623565,2720.16015805338,2744.32885323005,2755.60900279022
11502,2652.31399459557,2688.52629476093,2708.93817940229,2716.93601205816,2741.53417992483,2752.7534832928
11503,2652.19937180294,2689.04062792138,2709.04802936036,2716.97076337787,2741.72614551272,2752.65358736132
11504,2652.23925684857,2689.59834515295,2709.29576263888,2717.07213027039,2742.12021013372,2753.04489626751
11505,2652.42607698183,2690.26748787841,2709.57726890282,2717.15275010974,2742.5820377405,2753.30078481511
11506,2652.73956718966,2691.22198000415,2709.94676327867,2717.26793543901,2743.23959910007,2753.7533693768
11507,2653.23781591884,2692.95833039818,2710.77815177913,2717.83879502995,2744.54547803794,2754.6015420477
11508,2654.10288773911,2696.4382914835,2712.60959337665,2719.3610837733,2745.2673771765,2757.81814425992
11509,2655.35796405151,2701.11108338097,2717.98237263632,2723.86635896781,2746.78429368169,2757.75572095139
11510,2656.78327998581,2703.29442721182,2712.89916974116,2715.69061390133,2734.48018262424,2744.41967285255
11511,2674.42123135402,2703.99100173787,2715.74402285533,2721.66498069126,2736.5096259524,2749.05155309367
11512,2674.98490042419,2704.77410161009,2716.17871935059,2723.36134034479,2737.89838394967,2752.05986012076
11513,2673.53126293414,2703.35018636413,2713.25560111117,2720.91834601334,2737.43532124057,2751.82663519146
11514,2671.96510240436,2698.20725322159,2708.91292883641,2716.60354640188,2733.14335145325,2745.7689725258
11515,2670.38696925117,2681.78810210732,2692.36121682251,2701.4739201093,2715.04339121287,2723.85337892908
11516,2671.15976424128,2682.03766704516,2692.25662023875,2702.97933619359,2716.42305705976,2732.58872263349
11517,2670.81245078505,2682.13160864953,2695.37907180277,2705.18427343815,2718.42347403718,2736.86016206684
11518,2670.58690403995,2683.07321170719,2694.69316744076,2704.16721746605,2717.73538165902,2737.42355496207
11519,2670.163650521,2683.64509678234,2694.68123199506,2703.49104977527,2717.84212342339,2737.33514850787
11520,2669.52683032224,2683.80512530715,2694.98783499105,2703.10328964793,2718.13867179623,2737.16056442041
11521,2668.52843484826,2683.94270823781,2695.47466560198,2703.26015643406,2718.45303713676,2737.31256716621
11522,2667.30021464263,2683.37567847216,2694.11799693936,2701.5816804194,2717.26421524397,2735.54369768461
11523,2666.2524843139,2683.51810134551,2693.67633898088,2700.68099315668,2716.36685485096,2733.81899565191
11524,2665.11564738566,2683.76504117873,2693.06163957363,2699.64270619868,2715.44594066709,2732.93434071821
11525,2663.91095985023,2684.01011036997,2692.9996583395,2699.16722853557,2715.05271672794,2732.6811123662
11526,2662.68854794039,2684.27305853103,2692.96899903081,2698.78250277032,2714.7979759189,2732.52777518437
11527,2661.50767046169,2684.53080463579,2692.92413356885,2698.45152831254,2714.61057800758,2732.44920020532
11528,2660.53757941426,2686.54648852414,2694.42251865573,2699.75239691325,2715.35784980269,2734.56061646083
11529,2659.46539799365,2686.2026521987,2694.07562324588,2699.17835655069,2715.1040729072,2734.38006611306
11530,2658.25035256801,2685.84050668457,2693.62040564944,2698.67695872265,2714.89081788066,2734.122731076
11531,2657.38787702815,2682.05889436933,2692.45505820508,2697.29914815597,2712.70713485272,2737.41814485997
11532,2656.99859602494,2670.24359523923,2680.0417906951,2684.71624086883,2693.82398588323,2697.05053656615
11533,2657.41940729212,2670.25543478,2679.46332461249,2684.45770203442,2693.2214805661,2696.5883577368
11534,2657.92416950797,2670.24644773145,2679.4116188051,2684.34691850527,2693.14759340127,2696.65171579529
11535,2658.29490481483,2670.14611190209,2679.33325163438,2684.19178141536,2693.00101732719,2696.43107189184
11536,2658.62879090328,2669.32616231367,2678.83218069941,2683.60272228857,2692.13373241088,2695.47084755156
11537,2658.94040752582,2669.40606337874,2678.90328369902,2683.60019226678,2691.5130318206,2694.20253152885
11538,2659.12405617785,2667.1228885216,2676.49125845333,2681.2020908302,2688.9363662919,2690.91806568517
11539,2659.0269058248,2666.99613407718,2676.59428320698,2681.3292645498,2689.07851634703,2691.17237036399
11540,2658.80505749938,2666.85251329797,2676.65944335601,2681.38847177185,2689.11897142855,2691.3706015151
11541,2658.46837541624,2666.73157700735,2676.72346202816,2681.48556069231,2689.09392851776,2691.5146449381
11542,2658.00285533021,2666.80083210223,2676.93021288138,2681.67870173656,2689.18650800967,2691.69097202539
11543,2657.19159644579,2666.73378086509,2677.91644240053,2682.3660059407,2690.14079554492,2693.14232655273
11544,2656.5076096502,2666.79386195079,2678.07434176586,2682.27975171671,2690.43459456253,2693.85571335289
11545,2655.92659767839,2666.90030075201,2678.37605015328,2682.31585044797,2691.84974025547,2694.66789080824
11546,2655.27274969789,2668.24588166114,2680.27017985457,2683.84687639104,2693.54363105357,2697.48263040128
11547,2654.84691948868,2679.96606748543,2689.92560358877,2692.92325297097,2701.01490537594,2703.83454941363
11548,2654.7150766842,2681.01786407231,2689.45700535757,2692.3950343043,2701.13846914262,2704.06422071145
11549,2654.6600864563,2681.2361194098,2688.35323908931,2691.33124876322,2700.61738608437,2704.38667527962
11550,2655.98823455336,2681.24404224744,2689.97297185131,2693.08400841387,2702.95569635802,2710.20554821056
11551,2655.3208853943,2678.02289895247,2690.84841817373,2693.85925317515,2704.87051514615,2712.47739179409
11552,2655.21225527648,2675.91943889655,2691.34076359863,2694.11759850523,2705.31420855875,2714.12813280864
11553,2655.20624704619,2674.40802913616,2691.40084621234,2693.95103353673,2704.78710428056,2715.64158893748
11554,2655.15579188831,2673.84734003172,2690.07161176338,2692.43779568756,2703.22547505578,2709.04943907848
11555,2655.14140864374,2674.02816607585,2689.89099732633,2692.11111020556,2703.52677582308,2709.43187736268
11556,2655.13309625558,2672.56821112491,2689.54399609484,2691.73133258556,2702.81680797103,2710.3985848704
11557,2655.12527512105,2672.04601883571,2689.22176538429,2691.40996915782,2702.1792079283,2709.7063922315
11558,2655.11141100168,2672.66295664323,2693.20971990112,2695.36873762031,2705.74605269353,2713.54230865265
11559,2655.0884360845,2672.67956351887,2692.73193919811,2694.88035574176,2705.05177875615,2713.25903582763
11560,2655.06474084759,2674.31802908202,2692.252840791,2694.37117676153,2704.99860738733,2714.09387682648
11561,2655.01260810065,2674.41603234578,2692.26134114047,2694.32624366241,2704.94436848786,2716.24773706141
11562,2654.93496794874,2673.9823608544,2692.55668528071,2694.56898282463,2704.61917234489,2715.82843507506
11563,2654.93636866637,2672.61824883946,2689.60984489804,2691.60802191343,2700.85065009757,2712.09963185768
11564,2655.25596858218,2672.14385593144,2689.48522749909,2691.41484758129,2699.71217719175,2711.18994671296
11565,2655.56272666439,2672.28510976172,2688.74785782912,2690.57199373947,2698.02417883947,2709.94424179456
11566,2655.82983790701,2672.11044791122,2687.33845116169,2689.02458381787,2695.54945937824,2704.56088259879
11567,2656.02973051799,2671.41320482165,2685.20246271371,2686.70864083209,2692.25689781145,2701.28110134888
11568,2656.14202567053,2669.93294582439,2682.59015693702,2683.9158980317,2688.69435051569,2697.22563186291
11569,2656.15931740271,2667.88619188405,2679.56136379447,2680.74643319698,2684.86727353272,2691.65796050771
11570,2656.08588885495,2666.40107170567,2685.22836060565,2686.27400367934,2691.47437191765,2696.19423151877
11571,2655.33228736165,2666.03792624328,2679.54726283832,2680.56583061106,2685.57879607279,2693.98639249072
11572,2654.59395463187,2666.40731419474,2680.10319235598,2681.15243410078,2686.43345160869,2696.39201160074
11573,2654.14041243626,2668.05394729488,2698.81889603075,2700.69061503221,2706.06442861863,2711.52928726606
11574,2653.9017620873,2671.59077949586,2699.29577742594,2701.16865547198,2706.78421694,2718.56031544961
11575,2653.76426686205,2676.58494842676,2699.65661814168,2701.52801653248,2707.81561981481,2718.48999612407
11576,2654.44000753035,2679.27830060158,2699.30894230091,2701.11757960345,2708.98257592988,2718.33313105426
11577,2655.66955492282,2677.30273302349,2695.34742165597,2698.0400266217,2705.92845650569,2714.15253990667
11578,2655.55227354971,2677.20085857169,2695.64303985349,2698.40333272517,2706.42366148056,2715.24888101178
11579,2653.7639160675,2669.35277393009,2677.48978314217,2678.56178180624,2681.84443544778,2689.24795575305
11580,2654.5017033743,2670.76457424332,2680.62015707432,2681.5611855918,2684.76566726746,2692.68520667771
11581,2654.32639571288,2676.70300584244,2696.4074578761,2699.22848206879,2709.0560779656,2727.29629623275
11582,2654.5293819175,2679.94831326918,2699.26092040932,2702.55012558405,2713.90619187772,2730.44997206615
11583,2655.10599212226,2685.5609110958,2701.7619379379,2705.69572250945,2718.01491885313,2735.35817075853
11584,2655.14907543298,2677.27077850433,2694.70937418776,2698.16253679879,2703.95434471365,2716.08341318659
11585,2654.4070026807,2674.13581706733,2692.16315151111,2696.02360161221,2702.67546115118,2714.56154086463
11586,2655.24029867273,2673.5462763904,2696.76469303495,2700.02169537125,2707.07629641441,2721.08489623772
11587,2656.25046632851,2678.89911900089,2699.49948079322,2701.76562087775,2713.40121321969,2731.09303013972
11588,2657.06035971471,2679.79158954369,2701.03758251502,2703.56082136532,2713.35802618654,2734.41468349986
11589,2657.64017141657,2681.22482609695,2701.44553889247,2704.07269648885,2712.41487830001,2732.49371067741
11590,2658.10583210434,2680.50068250286,2700.0804708947,2702.90671021227,2711.28679897967,2732.29080696055
11591,2658.51835358068,2680.33956735354,2699.35920386002,2702.47257952218,2711.22394971796,2733.38238259635
11592,2658.90592404293,2680.08454620046,2698.95403705236,2702.38434812497,2711.69287843349,2734.50465381629
11593,2659.28163767851,2679.85634160958,2698.71175856017,2702.48256854664,2712.50685585576,2735.59520468378
11594,2659.65114080909,2679.72422707128,2698.53311746508,2702.67482250699,2713.49607861876,2736.41240474771
11595,2659.92541511084,2679.83637605288,2698.56628478492,2703.11762054131,2714.6397613,2737.27256733799
11596,2660.05913249552,2680.14475263222,2698.84751103172,2703.81082420362,2715.88064615513,2738.2076263229
11597,2660.17693834992,2680.40021617797,2699.00002389375,2704.34482683514,2716.95083743179,2739.17702081892
11598,2660.28117935773,2680.5545387297,2699.02450597171,2704.72771819635,2717.85279503257,2739.96140787666
11599,2660.37531611128,2680.59642348542,2698.97987211066,2705.02884195313,2718.63679225402,2740.62771484567
11600,2660.46329859967,2680.51951926227,2698.978473691,2705.41505620054,2719.38988126489,2740.90126968138
11601,2660.54858577519,2680.31923325704,2698.09133116383,2704.86600583062,2719.04639029886,2738.54290167289
11602,2660.62129464408,2679.80799695446,2699.53887027458,2706.51006336289,2720.71713717014,2741.33249247617
11603,2660.68235830954,2679.11735786725,2699.75350119729,2706.83024220937,2721.03403937038,2741.615907297
11604,2660.73309633901,2678.20286761574,2700.15330429308,2707.3158437171,2721.37742389494,2741.55600215496
11605,2660.77850241491,2677.04358915508,2700.54601293599,2707.74391913061,2720.70932228536,2739.64108378272
11606,2660.83077560167,2670.76509461164,2700.2025617471,2707.30840069762,2720.13567525462,2739.42295429621
11607,2660.91971737832,2669.97730550183,2700.61507715331,2707.67138228295,2720.45061472177,2740.03421349677
11608,2661.17725186897,2669.57738256584,2700.69029962448,2707.63424115605,2720.43696189083,2741.07687990986
11609,2662.64026714163,2669.84802063051,2699.50717053163,2706.53242386811,2720.49137419003,2741.04716931613
11610,2663.49539798191,2669.25738403309,2697.32342520514,2705.06436740189,2719.15338706871,2737.03108704092
11611,2663.50424498025,2668.99141857856,2689.02937097863,2697.95589958888,2714.62793441539,2730.32086246003
11612,2663.92997050339,2673.0098903271,2700.60694240146,2710.30009184828,2722.06448423345,2750.20070850422
11613,2663.38623514946,2676.20521316856,2698.79055019453,2708.6096680451,2721.94018023898,2755.0559967121
11614,2662.43532725563,2678.81198284867,2698.66235554334,2708.54047665672,2727.97371885257,2750.41035841586
11615,2662.18241578163,2680.77317444479,2700.09993467973,2710.00309207011,2723.79442407658,2744.24853790775
11616,2662.0822481228,2675.96213353605,2696.37799650496,2705.29446938959,2717.21509575474,2737.99680941204
11617,2661.95222739163,2675.37426145157,2696.18828527395,2705.56466041512,2716.81661772618,2735.28627147836
11618,2662.33809992729,2675.59894245016,2697.23158277896,2705.95794056251,2716.405718948,2734.99910042541
11619,2662.7033371678,2675.80276089185,2697.67311572089,2706.18712871952,2716.48430461404,2733.84416255562
11620,2662.98377492894,2675.9587529671,2697.96748301837,2706.32618421464,2716.66180805153,2733.47573940047
11621,2663.15351264002,2676.06739636135,2698.10149874489,2706.3559379837,2716.841565482,2733.40371166788
11622,2663.24104604884,2676.13956420813,2698.1461050587,2706.33454423472,2717.02176989187,2732.77636417553
11623,2663.27677667464,2676.18176953547,2698.16869945723,2706.31081233521,2717.19723356859,2732.65745692814
11624,2663.28334420724,2676.19889092845,2698.23880159451,2706.34456007175,2717.41046167125,2732.64589309099
11625,2663.34881832338,2676.25352097063,2698.43676797116,2706.56286741,2717.75020077523,2732.942804168
11626,2663.6218594364,2676.4260277931,2698.88927456779,2707.1824615663,2718.37810093841,2733.88660118127
11627,2663.86681998599,2676.52626038281,2699.49997963246,2707.94533828541,2719.14839906597,2734.85998157632
11628,2664.08095183251,2676.53817381798,2700.34102977305,2708.92070714297,2720.13276567068,2735.91910799407
11629,2664.26318451384,2676.44827684037,2700.84802680914,2709.58582833653,2720.85705333626,2736.67831808714
11630,2664.41523586022,2676.25726721087,2698.78123788536,2707.80023161581,2719.4029646113,2735.48287620864
11631,2664.54383373134,2675.98597637452,2698.38627583227,2707.51953423461,2719.34225461146,2736.75050742901
11632,2664.66690818757,2675.7218343229,2698.42220423055,2707.59201472824,2719.75407980043,2741.75851941348
11633,2664.83447267854,2675.66099968086,2698.59797428755,2707.701289696,2720.04644484541,2737.3099535377
11634,2665.22842538365,2676.28677510074,2699.31890373903,2708.11385488548,2721.23828447464,2739.05437765952
11635,2666.93410042651,2678.55868718676,2701.06768385389,2709.29014034086,2722.88014730191,2744.81934198591
11636,2677.02987617154,2682.93956534208,2695.1208613812,2702.77335543392,2712.27570828715,2729.54349151562
11637,2664.08901879491,2698.81426311795,2712.84999583841,2719.40956058959,2730.14613477582,2747.14476692646
11638,2663.62217706778,2698.92046837691,2712.46335708586,2719.11559415446,2729.77904916465,2744.96848542569
11639,2663.78315989487,2697.03545035342,2711.27829664359,2718.36441910419,2728.72890226661,2746.01584230615
11640,2663.96820378816,2689.61278018062,2704.40413734563,2712.16471356547,2721.85093515133,2739.41455533532
11641,2664.14337214632,2685.30737132491,2701.47707665065,2709.6652445339,2718.77596164999,2735.92808538748
11642,2664.28013577797,2683.84293131127,2701.91908571442,2710.25474755543,2719.59580122197,2736.49660619029
11643,2663.67410976068,2683.28277791719,2702.32956712679,2710.51577718255,2720.29061333468,2737.59906306953
11644,2663.58858154662,2683.87999667057,2703.40946826673,2711.65171658877,2721.71058271213,2738.12966593963
11645,2661.92092597352,2682.80551496891,2700.60575878833,2708.36962140568,2718.89517702844,2734.46889056116
11646,2662.0468163863,2682.97631543701,2700.56873243413,2708.29394860399,2718.76558351674,2734.14082623864
11647,2662.00568536399,2683.04190707575,2702.26654850767,2709.90837240503,2720.69122517589,2735.78216951382
11648,2661.92332152544,2683.31668529456,2701.65731638118,2709.13757662388,2719.81768750042,2734.42564747098
11649,2661.16081196424,2682.04656827571,2691.22861587328,2698.41652468301,2707.68666085943,2720.94546232862
11650,2661.2010072897,2684.50130437398,2705.1095935033,2712.007454564,2722.38026724138,2737.06026177326
11651,2661.14343823438,2683.75790307123,2703.15283295943,2709.95630401045,2719.61506446754,2732.52530199186
11652,2660.97834068618,2680.85480121373,2703.64151217643,2709.84787388881,2718.97654737623,2736.49582167897
11653,2661.18633984198,2677.69772978505,2702.52594555179,2709.4579623161,2718.59105615321,2736.42416076938
11654,2661.32708904185,2677.8593466652,2699.20963551389,2707.35335051519,2715.31814749038,2730.04246520189
11655,2661.38237054979,2677.68579804117,2703.35267819806,2709.59525319321,2719.94499453215,2735.08161469729
11656,2661.34304254513,2677.41821725067,2703.03224986714,2709.20439128832,2719.64222797801,2734.37217159639
11657,2661.27281485536,2677.2290012048,2706.42601976529,2712.57256930759,2723.01169469646,2737.4371668842
11658,2661.19450484442,2677.05372976311,2703.82310693494,2709.88420455047,2720.43167237847,2734.56582683518
11659,2661.1563967301,2676.91031871794,2706.17335772477,2712.23407510302,2722.86133674022,2736.84682766023
11660,2661.10178776954,2676.81890999482,2702.64136520279,2708.66524090044,2719.20686638547,2733.03041789224
11661,2661.04513189274,2676.56812760157,2701.5117867905,2707.59862557014,2718.15456352404,2731.71128142024
11662,2661.01156123298,2676.45404725163,2699.75445779887,2706.06483330321,2716.49339536025,2729.49026252608
11663,2661.00065790416,2673.08042229194,2697.38563605498,2703.88664250935,2712.61564363547,2727.69380929003
11664,2661.08994275467,2672.73009957719,2689.69664631356,2696.51567456719,2704.52587745991,2720.13707019303
11665,2661.13091270349,2672.43297960672,2687.5489441392,2694.48378073733,2702.75620528111,2718.02426808662
11666,2661.08411143389,2673.54676072978,2689.34056909762,2696.37991948414,2704.55628809346,2719.91387475711
11667,2661.01194397967,2676.33144008885,2688.72697260971,2695.69051734799,2703.89070077185,2719.0719046477
11668,2660.96663609549,2676.39531554023,2688.31077063718,2695.41354844276,2701.88868278057,2716.95996853317
11669,2660.94465825106,2674.46391561713,2688.8301523842,2695.88145483255,2703.28527685327,2717.46396027768
11670,2660.91516416258,2673.89477715505,2688.69105044492,2695.6513968036,2702.7992275839,2717.80796589038
11671,2660.88036990453,2673.77011878318,2688.76950597169,2695.58587286356,2702.56086489774,2717.91192939122
11672,2660.84316695815,2673.84060953585,2689.3277809494,2695.97517717127,2702.88933198236,2718.40287987106
11673,2660.80623522912,2674.25036451953,2688.31343963765,2694.79611371418,2701.33807515127,2717.42277086807
11674,2660.76968830932,2675.09440914737,2689.22590244779,2695.57499227243,2702.23363743931,2716.50745600185
11675,2660.72573697354,2671.07218242296,2687.80686419075,2694.05098370157,2700.38159733982,2715.1075658262
11676,2660.65080529323,2670.60587887068,2687.22969764759,2693.64672162148,2700.02337965197,2716.19880150529
11677,2660.4980287503,2670.44516979386,2686.67708682228,2693.01532386541,2699.21945974699,2715.6789951765
11678,2660.32673391934,2670.30516647219,2686.94212844103,2693.11638948701,2699.2728004389,2716.21999149827
11679,2660.14871998498,2670.15133152107,2687.514503639,2693.53066237434,2699.69026579939,2716.7084212365
11680,2659.97875755197,2670.0419687136,2686.87553304627,2692.75497763955,2698.76386982171,2715.98768810782
11681,2659.8434972393,2669.96468401962,2687.45621737769,2693.17526036487,2699.22455961975,2716.43401537501
11682,2659.79483534415,2670.0471595343,2687.11919583112,2692.75009579716,2698.69936604182,2715.81666475489
11683,2659.48446294607,2669.65720496685,2683.94585604664,2689.5557457238,2695.83591029272,2712.84219515337
11684,2658.58433415016,2669.35297829018,2684.62685463104,2689.99354896469,2696.02609317518,2711.87622346988
11685,2657.62478605207,2675.2031796312,2682.13344032341,2685.50250245155,2693.9996778127,2698.93425676437
11686,2658.44180688505,2673.7620881848,2682.25264444515,2685.50508107417,2693.2103851737,2697.59835740366
11687,2658.82649067728,2673.65485579859,2682.83233257447,2686.02233720507,2693.60247874046,2697.75897482157
11688,2658.6002170988,2673.704405209,2683.15062411388,2686.29917147193,2693.55744710915,2698.02073291207
11689,2658.41154910152,2675.25144813216,2684.83675227758,2687.9063095216,2694.57377194058,2698.68191446628
11690,2658.26842549828,2674.93332199476,2684.18027507634,2687.31388886531,2693.93747295253,2698.04868207552
11691,2658.15945130665,2675.71777708909,2684.45438777862,2687.65624289884,2694.20070298453,2698.43256179534
11692,2658.07585309063,2675.51745114232,2684.29900988659,2687.5407061127,2693.95981247999,2698.29139497036
11693,2658.01254581983,2675.33194045478,2684.22255581023,2687.48826204024,2693.76762553497,2698.19178354527
11694,2657.9669439878,2675.20517956817,2684.19296662476,2687.46303509743,2693.5542594161,2698.09322315675
11695,2657.93682129225,2675.09933065785,2684.24422919831,2687.49798790006,2693.38926781518,2698.09057687579
11696,2657.860310567,2674.95219089641,2684.22732967413,2687.43082963582,2693.11152477563,2698.1189193447
11697,2657.66860081711,2674.59896676297,2683.55710962206,2687.20392594236,2693.27527660024,2699.8119547061
11698,2657.63153952971,2674.43884050542,2683.25127102163,2687.60480513195,2693.5006339249,2700.25325424211
11699,2657.36184787729,2674.46548045414,2683.12089306204,2687.78768984328,2693.39783979745,2700.0619647562
11700,2656.80071147208,2674.39317129503,2683.04564583065,2687.76679031302,2693.07363459191,2699.61370821355
11701,2656.22115177512,2674.14649215265,2682.98124829985,2687.77355157374,2692.83431722582,2699.13208207975
11702,2655.63411092958,2673.75724294771,2682.86453797434,2687.76853650422,2692.63407182229,2698.91352238317
11703,2655.05098822293,2673.27261166269,2682.76838611546,2687.87463983451,2692.53569303888,2698.02733788903
11704,2654.48010418048,2672.65466107719,2682.15226202271,2685.67083954713,2690.35942828977,2695.44678738783
11705,2653.59071747159,2671.96957662504,2680.88364748492,2684.54066599783,2688.87504325088,2693.19865530589
11706,2653.49687303242,2673.59571198931,2683.6273520286,2687.25689355832,2691.45280096242,2696.98311132741
11707,2653.44341331922,2673.1897349634,2683.496637954,2687.32178231519,2691.91182829073,2699.2338593103
11708,2653.42188785541,2673.19815047563,2683.61516640052,2687.55269596027,2692.50066319911,2700.15117902512
11709,2653.40315923637,2673.4037268438,2683.71226059929,2687.69020388917,2692.90262835832,2700.73849977819
11710,2653.38562047195,2673.1315310019,2684.04231710113,2688.0744443579,2693.53025700494,2700.71036616374
11711,2653.39938718437,2672.88263700731,2683.9712595454,2688.16635770028,2693.89135297244,2701.337956395
11712,2653.44143716634,2672.67178285783,2683.84925848156,2688.19157142659,2694.14443707948,2701.46773882799
11713,2653.47871536927,2672.46630357034,2683.77801226427,2688.26324833167,2694.391450308,2700.98985152238
11714,2653.50794386389,2672.25679418973,2683.88975746425,2688.45609198297,2694.71344537496,2701.98655975298
11715,2653.52581679411,2672.07892657068,2683.57368915465,2688.32986353274,2694.7734164513,2702.09430947099
11716,2653.52887426049,2671.91087606476,2683.50758857166,2688.37989267602,2694.49661546206,2701.74214942097
11717,2653.51280674755,2671.77680340146,2683.36589994759,2688.44141365906,2694.617822855,2701.88986500742
11718,2653.47146159947,2671.6413616435,2691.03211709851,2695.67882475314,2702.36310829454,2710.50440530408
11719,2653.39466140049,2671.5365246539,2692.49230441351,2697.1743030659,2703.84560099584,2712.0880884018
11720,2653.26362844514,2671.38153844248,2686.7448873737,2691.4142803852,2698.14363898949,2706.15990090295
11721,2653.04074372406,2671.22713824005,2686.8113941319,2691.52200384686,2698.30256622287,2706.75840925569
11722,2652.74153016866,2671.2446651559,2686.99393547571,2691.73935544539,2698.52358096386,2708.49890511228
11723,2651.78376795211,2671.77524671294,2687.63749722349,2692.46002499156,2699.2086054001,2709.8339213498
11724,2651.74131891658,2666.44124181523,2681.64230068898,2686.30505023977,2692.62700089676,2701.79827284894
11725,2651.52361782359,2665.69921258588,2679.85666495634,2684.55612444587,2692.33149144631,2701.42925666622
11726,2651.38476169116,2665.93916558501,2680.53814524543,2685.31386257593,2693.49414499174,2702.82303614447
11727,2651.32689938885,2666.00084874616,2681.04510218701,2685.88731316869,2694.21027701794,2703.27324595726
11728,2651.31585933704,2665.94572988936,2681.48793561882,2686.38405831825,2694.82415733377,2704.4456602891
11729,2651.33177846954,2665.94119430161,2681.98750156389,2686.97048971165,2695.42296812198,2704.19729017681
11730,2651.36674470665,2666.03852364498,2683.76635883819,2688.92020062196,2697.39865767595,2706.04174581562
11731,2651.41972522074,2665.18464318611,2684.22777383072,2689.50996193365,2697.74344408796,2706.35874505885
11732,2651.36707270831,2665.4923566915,2683.74323583755,2689.26125311503,2697.46503391371,2705.95976011809
11733,2651.33645052107,2665.71895913878,2683.36572908527,2689.13426771274,2697.48047068839,2706.21949095704
11734,2651.35856627464,2665.95173716132,2682.88108582949,2688.87299919599,2697.48955488568,2706.92942884403
11735,2651.38288270896,2666.12262887004,2682.56375028546,2688.69356739692,2697.44473245733,2706.74977058776
11736,2651.40577681493,2666.27952665401,2682.27602937713,2688.51311030412,2697.3868448292,2706.4563163942
11737,2651.43013894514,2666.44017407212,2682.06108433731,2688.38144354786,2697.33695816736,2706.20136328613
11738,2651.4548684432,2666.60597238627,2681.8773870338,2688.25411070619,2697.7189737481,2706.49416458125
11739,2651.47898897859,2666.77764441026,2681.70664560402,2688.11970220499,2697.71417018971,2706.37787902626
11740,2651.50197350449,2666.96791058323,2681.5603551528,2687.99277019819,2697.6329976765,2706.152336183
11741,2651.49235574745,2667.1316002304,2681.23683226563,2687.69896988854,2697.45845025211,2705.49613929909
11742,2651.52360468384,2667.43580152623,2681.11762474433,2687.56814237211,2697.51819574403,2705.23374700032
11743,2651.55022141956,2667.88467120395,2681.31159793173,2687.76345613629,2697.67962445519,2704.77774284875
11744,2651.57204684838,2668.68507142671,2681.70477081997,2688.16019690246,2698.16713721621,2705.22806853724
11745,2651.59054799036,2669.14073508138,2682.15069583294,2688.60341394845,2697.80912228084,2705.25548811545
11746,2651.58753137474,2666.48471289594,2679.19974088835,2685.38832427389,2694.17469046342,2701.18356980948
11747,2651.58453961359,2667.20162999532,2680.48460697994,2686.75966616315,2695.04668622468,2702.16454912407
11748,2651.58273783265,2667.46607911132,2680.63543615104,2686.98484627159,2694.60942904815,2701.91811672313
11749,2651.58297835817,2667.34766764941,2680.64939503144,2687.0314183203,2694.33323904218,2702.32493507581
11750,2651.58543448756,2667.19224561378,2680.75896602392,2687.15372020661,2694.33891873328,2702.6701449375
11751,2651.5757357345,2666.94148862978,2680.76672673262,2687.13410355143,2694.30773704199,2703.04603049507
11752,2651.56466322437,2666.70727164346,2680.84889516257,2687.18026813357,2694.36182116705,2703.47078325029
11753,2651.55641681035,2666.50242337656,2680.93626405721,2687.23126784567,2694.44929589817,2703.93674897626
11754,2651.55098639542,2666.28451674557,2681.5370495365,2687.74476758165,2694.96504598327,2705.49685866878
11755,2651.54833375693,2666.09645165843,2681.61088964048,2687.77290795677,2695.05836194221,2705.79725146198
11756,2651.54835439365,2665.99322039849,2681.67138452938,2687.79276743418,2695.17039285837,2706.24033179753
11757,2651.55081782191,2665.81441749584,2681.7775512112,2687.85425582292,2695.92266446421,2708.01360422557
11758,2651.55903410682,2665.07225814644,2679.43024469001,2685.38004364439,2692.83832528902,2706.03732086988
11759,2651.47716840522,2664.2991715877,2678.95219425903,2684.12766646261,2691.45466335144,2703.34481246173
11760,2651.43584977383,2664.35908522766,2679.64285719039,2684.35238103944,2691.60188164778,2703.94001779541
11761,2651.42809905315,2664.4546472449,2680.1222174712,2684.57464490967,2691.82649338003,2704.41780098456
11762,2651.43800409329,2664.5356880828,2680.63826307803,2684.95834038042,2692.18157697761,2705.21745817661
11763,2651.45601933185,2664.61364791996,2680.64074423605,2684.86593661335,2693.2502286747,2705.74193721769
11764,2651.47683280425,2664.67948446213,2680.95929239701,2684.91755438283,2693.63343601869,2706.09128441562
11765,2651.49376990992,2664.70589213975,2680.82350653773,2684.70224680621,2694.51837750996,2707.1116592503
11766,2651.50416141655,2664.67829384831,2680.60610618288,2684.47893591513,2695.31319984305,2708.11077833253
11767,2651.51340826148,2664.63397846713,2680.51069706483,2684.41307764678,2695.41640708469,2708.46006209724
11768,2651.52205715322,2664.59545693393,2680.46168461652,2684.40068026758,2695.56681028847,2709.77446452099
